-1.358528011926072882e-03
-1.669278209239302485e-03
5.750971950659296630e-04
-6.694262697798746388e-04
-1.827950453585440698e-04
-4.567759485686683808e-03
3.801049517628316433e-03
5.054292384254934888e-04
2.617301119210626876e-03
6.387577671690909458e-04
2.464497056134663279e-03
-1.041856935953580990e-03
-5.851214699245322649e-03
-4.384421741197672140e-03
-1.484581211768016759e-03
4.288597126048150979e-03
7.214095656294302120e-03
-3.246080202036197380e-03
1.619379304666982398e-03
-7.790919634975709482e-03
4.617206324282857946e-03
-9.247553279948124080e-03
-2.543671496436698994e-03
5.146361902219617063e-03
1.390058181610392962e-02
2.762433241369916144e-03
-2.939858847174980395e-03
-5.788631643573930070e-03
-2.839954830301204530e-03
6.200653220192533241e-04
6.559076028224037312e-03
5.132468701723858981e-03
4.004780969908161049e-03
-3.480790193130440125e-03
3.949852862739570980e-03
-1.431678040474114216e-04
-8.348269046820122391e-04
-1.107355228499807415e-02
-3.992034164452175501e-04
-7.502640224742029981e-04
7.924735735985805529e-04
1.181620157517974338e-03
-7.005118585856520697e-03
-1.996861537518874845e-03
6.267609778376442668e-04
5.568226412116876120e-03
-2.233526889688026377e-03
6.859929698667599322e-03
8.788715281631062984e-03
1.154404287562079898e-02
5.106611137370055918e-03
2.030392061099567033e-03
6.696628761487132507e-03
-9.033819877398686915e-03
-1.562084869540533803e-03
-4.856111847456733889e-03
5.944722048516861042e-03
-3.442864551847414026e-03
9.502834569562056306e-04
-4.849558576998890848e-03
-3.823753134526110785e-03
6.705928404199226116e-05
-1.074866252126591799e-03
3.766104382683307938e-04
-1.544880925156319387e-03
-2.377353475359510020e-03
-6.832849759405061618e-03
9.478193528820857484e-05
-8.469087282455616331e-03
-6.145054040664880588e-04
3.157232068278232294e-03
4.850584758006448206e-03
-6.556375455434649765e-03
-3.800381939284145933e-03
8.522793874982685994e-03
1.365371104695535217e-03
3.561337474261105137e-03
-2.739525977619004012e-03
2.587502346384220556e-03
2.072448172875712615e-03
4.472729552168805411e-03
3.786115429581203128e-03
6.633086078188202284e-03
3.744614746125841508e-03
-4.247313266853455956e-03
-7.787964043636571437e-03
2.447218214569485146e-03
1.666437928122568857e-02
-9.591237987715587124e-03
3.491429873393187087e-03
-8.663171528572235353e-03
-9.334742745449245774e-03
5.572173997525691098e-03
-1.281918006727736023e-02
-2.389711811725678085e-03
1.724676089096529110e-04
-7.381976014991513402e-03
-2.392535510001166186e-03
6.789154435424709678e-04
-5.432996695539777515e-03
4.089541431132117126e-04
-4.901130065803420074e-03
6.542963072975443127e-03
-1.777492155589648786e-04
-2.880853939642847097e-03
-1.676341375381892526e-02
-1.049636009489092730e-03
-6.797053167906064002e-04
-5.851670477236813224e-03
-8.263848426930137797e-03
-1.277802821391006531e-02
-6.687030526757696547e-03
-4.074528534376500736e-04
4.000019572007055060e-03
-3.353039360585025747e-03
-3.015476357689240647e-03
4.356787129452097465e-03
1.101488583515424294e-02
3.682526427378985702e-03
-2.131241823053156743e-03
-1.332029451017189940e-03
-1.076408879713640961e-03
-1.740651596478690402e-03
9.421499192011814280e-03
6.725232195654640317e-03
-7.149199241300985448e-03
1.448121010757672227e-03
1.394015155534386119e-03
1.076443572109124676e-02
-9.109446689548132345e-03
-1.034011297704125545e-02
-7.253041784239533558e-03
7.475748201052213014e-03
-1.569558423449148032e-02
-1.105556925492879629e-02
-1.778575642110405766e-02
-9.086819136726804677e-03
6.699314069593024536e-03
-1.826093277449287317e-02
-4.907475947558595508e-03
4.021282646733174981e-03
-4.404146051743318240e-03
1.100485597845829271e-02
-1.468855238556351916e-02
1.259178330020973777e-02
8.750240534886689903e-03
6.664815327622484846e-03
3.085953587734209178e-03
-8.481395908879078849e-03
-3.743181989538853574e-03
1.325731515677643080e-02
2.616252118206552845e-04
-7.521603186024281018e-03
5.464747448175622316e-03
1.287485403644117628e-02
8.261272360553741437e-03
-1.875709368115096925e-03
-4.478310995371450297e-03
9.594646185967777713e-03
2.840906920403796394e-03
1.525568915221691552e-02
1.124346175894917928e-02
1.145732299325111843e-04
9.368269086934956011e-03
1.304294511780422841e-02
3.040639753883283419e-03
1.466123175055353278e-02
2.396847203163003474e-03
2.242098810628282562e-02
-5.030422960988825513e-03
5.016212260316982308e-03
1.232282590608527358e-02
-6.949051160906649476e-03
1.333798725741083997e-02
6.130555517298001515e-03
3.578836757782335749e-03
-1.141591234542424158e-02
-3.604831030736996652e-05
2.650907230144786565e-03
5.846624731252537607e-03
2.414872424152068268e-03
-4.937893630166051775e-03
7.139635380896510591e-03
6.369386988481382135e-03
-2.326537824867922280e-03
1.400804648945389464e-03
-1.777196950468876852e-02
8.936758363017221693e-03
-6.612677673437406499e-03
2.204159566072648197e-03
9.490923509189006999e-03
2.756713568456200993e-03
9.020010941784322583e-03
-1.833790912805473858e-03
1.571170572699131813e-03
5.368624542279698368e-03
-4.520229581502480457e-03
5.579589751593949654e-03
1.415768750580846148e-02
6.407460694391035362e-03
-1.341588282444525215e-02
9.663618932844583384e-03
-2.075858827312055885e-02
-1.350766479403199723e-02
-6.495003280580432213e-03
-2.222889905108203432e-02
2.310444037462105332e-02
-3.985146037634038421e-03
1.673316730313907999e-02
8.712044905820712226e-03
3.310359142486099548e-04
-5.497585504495771692e-03
1.516839881103673911e-02
2.748453310573249070e-03
-8.492187094810650649e-03
2.189006020365643138e-02
7.017720627440501326e-03
6.219854462551225108e-03
-4.928660302371148591e-03
-1.582621696574191758e-02
7.285568543691979537e-03
-3.811965472789663814e-03
-4.667273835887972115e-03
-3.084933031850214946e-03
8.324445131070995832e-03
1.995149865039886391e-03
-1.258579956400447848e-02
4.170238041346052390e-04
2.355085779428985147e-03
7.466293254488304276e-03
5.429810805770740254e-03
-6.284506895132034067e-03
-9.342047651704184566e-03
-6.761177213116212337e-03
6.266981746366799772e-04
4.123364042377211137e-03
-6.061024832797144973e-04
-1.250570058021848591e-02
2.072748302655771577e-02
-7.404040971092623168e-04
-3.349849921807643467e-03
-2.005542766842251506e-03
-6.185154600425957216e-03
-5.076952779612945409e-03
-7.346232375753667179e-03
-9.506996314923552710e-03
-1.361905068319341390e-02
-2.897981843313640702e-03
5.851725508704172865e-03
-1.641461244116457913e-02
-8.349431014917219410e-03
5.101643067158629676e-03
-3.369430822373001809e-03
7.112787333015188965e-03
1.095015906119008696e-02
-3.416847511818394724e-03
-9.291337366724135641e-03
-1.089496366712677973e-02
1.198399805146160846e-02
3.271440478746327762e-03
6.275015702223348153e-03
-5.841322084852555892e-03
-2.984358881125387386e-03
3.021179327524701076e-03
2.571011883905758265e-03
9.707553139168628937e-04
-1.798146000947436693e-02
1.985749983528027011e-03
7.051730132205823523e-03
2.999794286569089710e-03
-2.164896424677202180e-03
-2.125930506714432053e-02
-1.738641509796583825e-03
3.363329715549407024e-03
1.326390659231586845e-03
1.253686205602870876e-02
-3.700215162607122400e-03
-3.600778269829759022e-03
-3.504382084599320501e-03
-5.785430910178539568e-03
5.806668459217874520e-04
-1.998080115377156782e-03
7.520666697509539346e-03
-2.209925647767772318e-03
3.837744575595699714e-03
-6.076597138530863418e-03
-3.161340692401929092e-03
-3.591405853139575249e-03
-9.868325059557809479e-04
-5.484055648513150999e-03
-2.148291982163222369e-03
1.443347683739557366e-02
-1.379883494549479298e-02
-2.861506063012480747e-04
-9.094425105076950344e-03
-9.433161128891846868e-04
-1.669191475199140661e-03
-9.109783610077484828e-03
-7.913422585048155572e-03
-6.973454472713180689e-03
