-8.793758817042011122e-01
-2.018463305076521053e+00
-2.858775724040139909e+00
-3.591478478551020093e+00
-3.376146738173199324e+00
-5.876509285706469576e+00
-5.542083169603904125e+00
-4.910314816901469648e+00
-4.044814571649724577e+00
-4.597414352181658614e+00
-3.808223503534790666e+00
-3.914726914617816522e+00
-3.265778470508404752e+00
-2.985038368339864689e+00
-2.999250874379567389e+00
-1.579409783853885640e+00
-9.939280709284988857e-01
4.988698491541825319e-01
2.394014126726100145e+00
4.301480419860836513e+00
4.910053590756939812e+00
3.579110347330097142e+00
3.486321202565541899e+00
3.453316466135011531e+00
3.650874974207851231e+00
3.096983171547833091e+00
-2.309786461637974853e-02
5.213414318460841690e-01
-2.405486315782638940e-01
1.809749267816190832e+00
3.072706407154957020e+00
3.712557677959409830e+00
3.187824078798987770e+00
4.081145882187191987e+00
4.036196924468065994e+00
1.880791020672398783e+00
1.793249915505640946e+00
2.749897048509361230e+00
3.564158030578573388e+00
3.466878972839825490e+00
2.909345273974238921e+00
2.612070181194366736e+00
1.124803479143680063e+00
1.508008811789865788e+00
9.041085273575468761e-01
3.459266526881582315e+00
4.551989103725675889e+00
5.813029770421607623e+00
6.310680870815992272e+00
6.196445301949501605e+00
6.867119832990860928e+00
7.195846214809209940e+00
6.599206608759402570e+00
8.446255616076006945e+00
8.929395398498717995e+00
7.644948938737908151e+00
6.901157502474732475e+00
6.845392143168322008e+00
6.493793499283411208e+00
6.927408483680098428e+00
6.493500549177370296e+00
6.385099472456328584e+00
6.696757722509246058e+00
9.133996547107159358e+00
1.022080692996692441e+01
1.080222695585854886e+01
1.009494543112417553e+01
9.510281093590606361e+00
9.212802588699041451e+00
9.676216966642405382e+00
1.021922306908828126e+01
1.007700309173019981e+01
9.374828374038203904e+00
1.142822403743501347e+01
1.004705094819090050e+01
1.130779883722274981e+01
1.247676986632129825e+01
1.244467903893175809e+01
1.388154596011433917e+01
1.255999370858861752e+01
1.401324008965418422e+01
1.250208048156009255e+01
1.173741375976256229e+01
1.122239744545632689e+01
8.544909505015821694e+00
8.537657217284081668e+00
8.593825574224231545e+00
5.940772352423419278e+00
6.738762385704719193e+00
6.397578911120059608e+00
6.527435805230571653e+00
5.614921117747680768e+00
5.411514322086165230e+00
7.570392502679147206e+00
7.553076345586044127e+00
7.145271404593607656e+00
7.835944750333094788e+00
8.525109601786212465e+00
9.570936376946731272e+00
8.301217251048889523e+00
1.019281324702905955e+01
1.101031066980568163e+01
1.251870494227867425e+01
1.510657446394688996e+01
1.552991841434955234e+01
1.510003915812792918e+01
1.570621879659979925e+01
1.529019573849555513e+01
1.648512895789880872e+01
1.789926520836309365e+01
1.899457524983970202e+01
1.693271585810766666e+01
1.611153472284764021e+01
1.550088344911941185e+01
1.574849202997905095e+01
1.598820686123290891e+01
1.591781821130109797e+01
1.507935219054708753e+01
1.454767635978595663e+01
1.500889288375980257e+01
1.569169032002723085e+01
1.486049576018393736e+01
1.641219143456684293e+01
1.682742213360936034e+01
1.682554851111980909e+01
1.659950277472864499e+01
1.697891091292350296e+01
1.776530848168810905e+01
1.826600365770998735e+01
1.807379258893899632e+01
1.772670071407083370e+01
1.812875639337704570e+01
1.733505300548022987e+01
1.878093250914545820e+01
1.868488776053175826e+01
1.921825086031900653e+01
2.000014719980174860e+01
2.037640248956894951e+01
1.855415694111546188e+01
1.890125318888291872e+01
2.010393377882791910e+01
2.185454870125414928e+01
2.185409249036853296e+01
2.377848961654000703e+01
2.446832215509197894e+01
2.677918349306735735e+01
2.703203699889393974e+01
2.511143732893334857e+01
2.554702047477232441e+01
2.657657813760806320e+01
2.856434878401082855e+01
2.707924695785445479e+01
2.758269004666106028e+01
2.769257419965645539e+01
2.816964103275732256e+01
2.835404453935114333e+01
2.743584188448966543e+01
2.824500486149988276e+01
2.668685599150072818e+01
2.523670117202736307e+01
2.653984792952511285e+01
2.708558210520747878e+01
2.590480012557024736e+01
2.701556566492445199e+01
2.697882303638278856e+01
2.680302583493526214e+01
2.693133052907659675e+01
2.660714915362652988e+01
2.721850373646812571e+01
2.771422825616146923e+01
2.764853988235044113e+01
2.814172912112763925e+01
3.005662817039426926e+01
2.973750969780843434e+01
3.009185975715986316e+01
3.039502013970878735e+01
3.179492944197656001e+01
3.261919308328423028e+01
3.459423983958182447e+01
3.588384312905892415e+01
3.682818556254350995e+01
3.672073083917846503e+01
3.760265700497600250e+01
3.679861539248587121e+01
3.694495743524855413e+01
3.836035143931033531e+01
3.905020022835739724e+01
4.103035866406027310e+01
4.066597868204936361e+01
4.142682120463980766e+01
4.210442200975392524e+01
4.306104655152086735e+01
4.227133793595075417e+01
4.353500738732500963e+01
4.364938740375593795e+01
4.344118912759350337e+01
4.501665043397031951e+01
4.466904109088519448e+01
4.473955052924424791e+01
4.580718204428286811e+01
4.534627924909668906e+01
4.486246894016386477e+01
4.358221352139507587e+01
4.462481293650715486e+01
4.726229409574605711e+01
4.689267690956437207e+01
4.877167240440765994e+01
4.923274636851559904e+01
4.914711366460901587e+01
4.967377754260903799e+01
5.208098384134446235e+01
5.317225269277172828e+01
5.151828651905889700e+01
5.167599805005566083e+01
5.222012805605948671e+01
5.201384718903196358e+01
5.190639182513680794e+01
5.214516368746600250e+01
5.417634152923412216e+01
5.454342038960233907e+01
5.459537909767161068e+01
5.543928489009864791e+01
5.626572604873330619e+01
5.578091024826981936e+01
5.591902877045145459e+01
5.804188355942081756e+01
5.827797055410621141e+01
5.853148770943028012e+01
5.902118497764843852e+01
5.810803602714084093e+01
5.884332707055035172e+01
6.070823418692334172e+01
5.987693866701843604e+01
6.019392504029866586e+01
6.152408884605058859e+01
6.229442811068052777e+01
6.150297776703666841e+01
6.205374883557475130e+01
6.360671937056257264e+01
6.326517383464615563e+01
6.334267734862119426e+01
6.364902922962108534e+01
6.350670577818462448e+01
6.324479399193648277e+01
6.192437288498418013e+01
6.338679661059640580e+01
6.375668437267902533e+01
6.472441275190432464e+01
6.508229982252608181e+01
6.470703232493710289e+01
6.311042035702426034e+01
6.247863147961561481e+01
6.360873626334664266e+01
6.371053665479816885e+01
6.493690488877658140e+01
6.345715866012447748e+01
6.478399699666690026e+01
6.429857075376608577e+01
6.422027989817348725e+01
6.472777231047959390e+01
6.523594119941061820e+01
6.601266791725070959e+01
6.648904392700906385e+01
6.684671933318480797e+01
6.749278674483272766e+01
6.587841913824641438e+01
6.665397074668673838e+01
6.442639878042972157e+01
6.479478686099034235e+01
6.479575803773127518e+01
6.465001779632892465e+01
6.527557287246881401e+01
6.329378450409835466e+01
6.296545111883484935e+01
6.313661106996178063e+01
6.260923840410342933e+01
6.176928571907096455e+01
5.976284447795703869e+01
6.038232982142414329e+01
6.085832745592188076e+01
6.286493522476783369e+01
6.465230715184991084e+01
6.487822684776359949e+01
6.495021736726005201e+01
6.511383398687210899e+01
6.512974339329277029e+01
6.317016288341400809e+01
6.149325690396313604e+01
6.166736154238985534e+01
6.203173794394029272e+01
6.324904784188930762e+01
6.402665784145237637e+01
6.288431721896238003e+01
6.326773023397289819e+01
6.239924507953858068e+01
6.396976354599427594e+01
6.470416750518811000e+01
6.446104939452615668e+01
6.408475997616844211e+01
6.325361792769155045e+01
