4.302474194765621984e-01
-1.129529153030431221e+00
-9.406432768037779057e-01
-9.363588912322845514e-01
-5.108001652285141247e-01
-1.644783898797472776e+00
-1.620694270831319894e+00
-2.602695283859524089e+00
-4.028719611191758254e+00
-1.741818197867235352e+00
1.488940274513355089e-01
-1.282124660558779272e+00
-2.954173429173600596e+00
-3.553539765930721295e+00
-2.973928518040201752e+00
-2.489344694708431671e+00
-3.782474471336127575e+00
-4.258565183900155482e+00
-4.132355383628730117e+00
-7.955983045992865321e+00
-7.050262490820490058e+00
-5.960992131543603634e+00
-4.719523296494893216e+00
-4.352999645660981187e+00
-3.448289909319813162e+00
-4.321872709600897977e+00
-3.492062459911512207e+00
-3.531788100952365728e+00
-3.354335771872770433e+00
-3.082345382873076911e+00
-3.075294352806297038e+00
-1.979282355207725663e+00
-2.467897827600622485e+00
-2.742553758226038418e+00
-3.378201173535781976e+00
-3.514431570193060406e+00
-3.618423236657523301e+00
-1.812261788988370981e+00
-3.229515375162919533e+00
-3.618025034164747744e+00
-3.835334796861618045e+00
-2.994586483912101471e+00
-3.975702220235703965e+00
-4.260416504141582017e+00
-4.244512433549507691e+00
-5.216315578077485249e+00
-4.765888076785683936e+00
-5.792419010652919198e+00
-6.131496920105660386e+00
-7.079468171422770517e+00
-8.020554094775548037e+00
-7.167308496722595734e+00
-8.343729469798111253e+00
-9.492273527991205384e+00
-1.103654157664963975e+01
-1.172876711049536880e+01
-1.116915759528242624e+01
-1.200883759314039878e+01
-1.065939248171484977e+01
-1.108908936174197102e+01
-1.283777086433108217e+01
-1.152740474729033515e+01
-1.225637379924428849e+01
-1.270183478446236514e+01
-1.291541292049393519e+01
-1.129441377903209265e+01
-9.984482049156000016e+00
-1.055303921509545972e+01
-1.096034972021434406e+01
-1.256130690064587974e+01
-1.248686348990202433e+01
-1.299194183257173663e+01
-1.287563411422195614e+01
-1.515141216030602145e+01
-1.597533732293755193e+01
-1.731888632825856789e+01
-1.773971877658195950e+01
-1.808677379560232978e+01
-1.830135187270973773e+01
-1.912814884900930323e+01
-1.755058022814997543e+01
-1.715742405181760688e+01
-1.800316416407162023e+01
-1.736154931817574010e+01
-1.768567364217627258e+01
-1.807950707433781901e+01
-1.885017225217304571e+01
-2.066598280043610458e+01
-2.206752165348700956e+01
-2.076401151136166590e+01
-2.219576356206501444e+01
-2.289591063742707178e+01
-2.256319052622026433e+01
-2.129737176890180450e+01
-2.051956533260856474e+01
-2.058414138877760635e+01
-2.131773514885963650e+01
-2.323417878707714124e+01
-2.199423566331209656e+01
-2.246421924948247550e+01
-2.237662224959887425e+01
-2.208922637712859682e+01
-2.156108099491542873e+01
-2.081225592215456288e+01
-2.092032266243123573e+01
-1.890640166977434689e+01
-1.880721716707866520e+01
-1.778846982531083398e+01
-1.811859364530995364e+01
-1.820163397357910995e+01
-1.835310010096326039e+01
-1.771627541455599086e+01
-1.761011736464974575e+01
-1.557499426707608059e+01
-1.510860196586882864e+01
-1.321825742336789844e+01
-1.235041870664870167e+01
-1.270042784207956821e+01
-1.206372543195690561e+01
-1.132032216283701231e+01
-1.228953806482377153e+01
-1.259793132293236972e+01
-1.134282146290301441e+01
-1.232232626193478353e+01
-1.250738191181884318e+01
-1.196296317351679583e+01
-1.172092123411261255e+01
-9.817996110316181912e+00
-9.402303354473716013e+00
-8.224183615530860081e+00
-7.795916547582484313e+00
-8.249019584550346451e+00
-6.690656178042862834e+00
-7.391121996263252392e+00
-6.611033587440823034e+00
-6.577630388626112712e+00
-4.515310338758863118e+00
-4.685843305981439499e+00
-4.540723651852367482e+00
-5.115988593846925170e+00
-6.611858144232239276e+00
-7.617771230417236694e+00
-6.590375648952283782e+00
-7.433019473909680208e+00
-5.943107959629781334e+00
-5.815703927590352151e+00
-5.766110595472029310e+00
-6.427969453060276450e+00
-7.972759021690867698e+00
-7.236335576598492914e+00
-8.308440569765849659e+00
-9.228441205234943823e+00
-7.882452907401349407e+00
-8.262027830147454566e+00
-9.332302224295627724e+00
-1.093762942749132527e+01
-1.009857585696524040e+01
-9.780031194813821216e+00
-8.146832144826618105e+00
-6.794921863576501408e+00
-7.000363730907117166e+00
-6.887147364611049483e+00
-5.716659648695798346e+00
-5.608326468197748049e+00
-5.257290994924602501e+00
-4.542044786587252858e+00
-5.278999894664594628e+00
-5.053168074732159454e+00
-4.267203688671799000e+00
-5.122714549899640701e+00
-6.406895285639373938e+00
-6.256103363448412225e+00
-5.354972508210752657e+00
-4.755288574469107132e+00
-5.668626341995714135e+00
-7.127266186566536987e+00
-6.682108553603519852e+00
-6.928869618909116568e+00
-6.391569384882222593e+00
-5.737070243702645733e+00
-4.633493225301532625e+00
-5.309247310523818264e+00
-3.273077064746319209e+00
-4.641190193060981350e+00
-3.391915142365546032e+00
-4.591921121787971849e+00
-4.976293694469786644e+00
-6.579178973968020649e+00
-4.606114517967436761e+00
-4.942998787888486234e+00
-4.392262620065356060e+00
-3.845812498817157365e+00
-1.712812626120972848e+00
-3.029287924016907052e+00
-4.544913410635604833e+00
-5.334477691418922696e+00
-5.008196733814036072e+00
-3.324678170929631804e+00
-2.997002287136573795e+00
-1.758038017383098506e+00
-8.091345886919065755e-02
-8.867413905410234110e-01
-9.664526893809834984e-01
-1.158992968707069693e+00
-2.654089197813831458e-01
1.327312662975209667e+00
2.484860012447237754e+00
1.940254588818050685e+00
9.281489765797195091e-01
1.026631360627113132e+00
7.452572661587117953e-01
-1.421623749558265759e+00
-3.007573332551681133e+00
-3.518592104601888426e+00
-5.011926492434945146e+00
-3.862738302366644838e+00
-3.341297219693007303e+00
-4.216648692012893385e+00
-3.654704015364638181e+00
-3.995018543977751246e+00
-4.569423277731072375e+00
-4.795620289181155904e+00
-4.814806654493906102e+00
-3.795619511834551929e+00
-2.706070386864996458e+00
-3.058409535497501608e+00
-2.878690713551031344e+00
-5.074991691750982525e+00
-4.797942713661069725e+00
-3.520885990932436371e+00
-3.868469073273454129e+00
-3.441369376096385047e+00
-2.783387664020475327e+00
-2.640111403265038792e+00
-1.960075273275291297e+00
-1.902577478466991767e+00
-1.230950153011787229e+00
-1.440369796397936053e+00
-2.270753913337957730e+00
-2.561466419013630258e+00
-4.817507782316972964e+00
-5.332965493154453007e+00
-5.966793251580268631e+00
-6.620344235509804776e+00
-6.869581650624127178e+00
-3.810022796341590023e+00
-4.106064985957893931e+00
-3.798198343461410609e+00
-2.076397417829666914e+00
-1.501625072747150735e+00
-5.020079357933567854e-01
7.181780443851778495e-01
7.256701232402750223e-01
1.113300737167442822e+00
9.168373443952229085e-01
1.106357765232899304e+00
7.543270996926753069e-01
-6.872426843082618531e-01
1.058461958922263246e-02
-2.311070740705113147e-01
1.102946040931907790e-01
-1.417520032594005164e+00
3.951131193206218750e-01
-4.840707330818647680e-01
-1.784649713091270296e-01
-8.916142353336751203e-01
-1.386046465716109566e+00
-1.789183855659039590e+00
-1.669476241365981384e-01
1.104764107780329407e-01
-1.682518096357581205e+00
-3.672111444722248486e+00
-3.624581223116992934e+00
-2.346069767960261565e+00
-3.441473322478899810e+00
-3.675018155889592464e+00
-3.372173406952842178e+00
-3.068288873982882414e+00
-3.548843983918922973e+00
-4.034643711838803881e+00
-3.398565508520404066e+00
-3.556647173333533640e+00
-2.403247770063699384e+00
-1.647174581816539751e+00
6.872473789575315184e-01
-1.897452554116582979e+00
-4.953882313659458969e-01
1.609661055051025969e-01
1.805877433151911626e+00
3.114878590923168211e+00
3.718090589547321301e+00
2.078242915273304625e+00
9.745230932406838686e-01
1.296551289104541649e-01
-1.126649419602762547e+00
-5.924573055361903595e-01
-4.452162977883729056e-01
2.269472215980611329e-02
1.440175016097879679e+00
-1.177196904114367504e+00
