-7.046237765322689237e-03
2.036962953031812122e-03
-7.484003227742616789e-03
8.782189283243061959e-03
4.640486348823861379e-03
5.193372224942947001e-03
1.977805337262703456e-03
8.042497615928382096e-03
-3.236928103263145892e-03
-2.413406348752780445e-03
3.023827998455329898e-03
-4.074286027355112846e-03
-5.499246761570346018e-03
-2.507458095545929844e-03
5.334577020843658899e-04
-7.587550530172158976e-03
-1.495294543630196898e-02
1.977322916451762242e-03
-3.500530670657696006e-03
1.996844634016341387e-03
-9.974423787076025505e-03
1.085244325256793686e-02
9.493557591429181361e-03
-2.480990642212089689e-03
6.234895389176266581e-03
1.660862172097806941e-02
1.528584911065843273e-02
6.069061131366555381e-03
8.443859110773860310e-03
-8.290756632882775520e-03
6.966274748402149879e-03
5.728262110479311921e-03
4.497167998002163380e-03
-7.759499049086848732e-03
2.855521368336155601e-03
-9.912068836487515980e-03
1.150444898598705894e-03
7.685953228855463802e-03
2.662669957021223440e-03
6.557978564156382965e-03
-7.561567665184273923e-03
-1.011040572373324981e-02
-9.720105245604742858e-03
1.296389216065597580e-02
-1.606197490300757119e-02
1.313143701757977589e-03
-4.394042484359707529e-04
5.450310038362931632e-03
2.816878899449202708e-03
-1.394977298295723561e-03
-1.761244804307707246e-02
-1.424605281303227555e-02
9.820195578215476246e-04
3.979703899745678369e-03
-1.510432332517427229e-02
4.108408795564259461e-03
5.054438555035070495e-03
-8.246951218295876795e-03
8.071257737061797097e-03
5.839569710198730737e-03
-2.268623448676506098e-03
-3.792958461110882903e-03
3.993088158705631642e-03
8.977155534034410994e-03
-6.250033158904059506e-03
9.532350144865482655e-03
9.477584988794566677e-04
1.113796081422891229e-02
-9.796669081621803971e-03
1.176087579107980112e-02
6.630567078001156286e-03
6.507840233552197526e-03
1.054342097715051108e-02
6.178823711242620309e-03
-1.043868417558537626e-02
-1.513087580958369827e-04
-1.582284533907817470e-03
-3.272304980081760292e-03
4.214702414172132212e-03
-1.929182287641393115e-03
-5.973798775388800691e-03
1.417582753762908904e-02
-1.052102218720537066e-02
-4.971840086465851780e-03
-1.091888318463423227e-03
3.949842455583952574e-04
-8.237139505404705159e-03
6.449698444309517366e-03
-9.525969007276872047e-04
3.348804943178444130e-03
1.071969778445776462e-03
-1.258615627296761144e-02
2.790105595421941108e-03
6.501522679357187723e-03
-3.905042564926670175e-03
-6.684614467709155874e-04
1.510483910079891620e-03
1.268268322179526893e-03
-6.185229294473653348e-03
3.027982151219476420e-03
1.381122597467794458e-03
4.391338033289100481e-03
-2.815005029476496529e-03
-1.218396051701992229e-02
5.005765179129971834e-03
6.099046681493487838e-03
-1.052315915328948595e-02
-7.772049777231558251e-03
1.380258424305622587e-02
4.278181919537544890e-03
-1.892170672512974439e-03
7.499258950263931744e-03
3.255367078878118776e-03
-6.257878156087004137e-03
2.374425443248379727e-03
5.850016396702569649e-03
7.534332412878323032e-03
1.988839784454744276e-03
8.955133318724176061e-03
1.502386402766479759e-03
-6.489972551890556794e-03
-3.073429073164009491e-03
3.476065191521763697e-03
1.077465208169760963e-02
1.675474539084662040e-03
-6.288626560796769550e-03
-4.447108929718400321e-03
3.049190487988173975e-03
-7.077333613920274097e-04
5.240565034715908080e-03
2.768494895076441600e-03
4.419073938099792216e-03
-5.498266865674521567e-03
-1.083757875878042613e-02
2.704640951661634388e-03
3.973773945650975817e-03
1.497714373931341263e-02
4.771978053039433593e-03
-6.615125095955267515e-03
-1.892822751323516503e-02
7.455983866990342594e-03
-1.620679951686842049e-02
-7.219474006582367494e-04
1.332468484613467258e-03
1.004094898187711787e-03
-2.260693635646142594e-05
-2.672787534285572635e-03
-2.675024689198362247e-03
-1.875855405889111441e-02
2.317602921483747150e-03
1.133474009950673038e-02
-3.518661589364625863e-03
-4.306285233980204977e-03
9.446382791532946521e-03
-8.295723433572587194e-03
1.042086193287965722e-02
-3.840183952262531467e-03
-4.676146850827989608e-03
-4.227890567884443236e-03
1.734627649837527409e-03
-1.064831899285685786e-02
-2.838551039124978677e-04
-1.153977777018294973e-02
-1.125559405675708585e-02
5.602899637802020126e-03
-3.566575418858652837e-03
-8.119088563588892568e-03
-4.611740154039278318e-03
1.334428829597471972e-02
2.254631856166737329e-03
-6.675110564995293330e-03
-4.237826896030875458e-03
1.726261948130583578e-03
-1.087890775285418193e-02
5.750559371856141938e-03
-2.765316645334041281e-03
-4.487272372323106856e-03
8.829159202353775715e-03
1.965236849039785506e-03
1.176784076207898835e-02
-2.725997341735843585e-03
-7.917595906377292159e-04
8.314597495120765527e-03
-3.687548002128436010e-03
7.613110777029808741e-03
-3.270722889481153008e-03
-2.882409071200955561e-03
-9.677431241287422561e-03
2.624533789910566718e-03
-3.202612462759540403e-03
-2.652862170088122595e-03
3.348535173852452973e-03
2.724033847763816015e-03
-4.707841354247831525e-03
-5.428590469038367672e-03
2.008880673438268039e-03
-7.059026069014755211e-03
1.025010136164314876e-03
1.217234321116723037e-03
-7.604493272687722592e-04
-7.415667689964273133e-03
3.611240361311797691e-03
1.814138245269804328e-03
2.926480038984004359e-03
4.207132174853376282e-03
1.713376864168796813e-03
3.450141904086041593e-03
-8.836884469833976991e-03
2.549339367785030588e-03
-5.101547725583341353e-03
1.852336532407126632e-03
-2.020995609595804213e-03
-6.229683251364190929e-04
-3.068055890004693729e-03
-9.338862882211987348e-04
4.139651269445139212e-03
-3.391013913701729958e-04
-7.000358721289289508e-03
-7.755653050581640812e-03
-4.933186438075652137e-03
-4.805115818690810885e-03
1.722654286058316036e-03
-8.935082724643753430e-03
-7.919992614619319679e-03
-4.002138937033034201e-03
-8.426561501426990588e-04
1.460202745745553705e-02
2.605566538269668119e-03
-3.032587112658474780e-03
8.254911805460988031e-03
4.477645543518048209e-04
-4.703135890123828593e-03
-1.751772272000697321e-03
-1.971829465910113471e-03
-2.910994305127184451e-03
-8.466340088195233385e-03
-1.144940195311065778e-02
8.104497419897027308e-04
-2.285795755005788545e-03
3.617378001091902263e-03
8.175272939590033303e-03
4.353429790912618190e-03
6.240881878119092403e-03
-8.948485232797615332e-03
-3.038096741184127749e-04
-4.725400189049973852e-03
7.430505731707223033e-03
-9.072731401579750901e-03
-1.912575905465120282e-02
-2.513588411576836174e-03
1.629551652687198475e-03
-1.095640383783532019e-02
2.263311558572801783e-03
-1.989983761287054953e-03
-7.459341195462813011e-03
4.094104741836330531e-03
-1.905456313021048351e-03
-5.985833360330928589e-03
8.248739527218143866e-03
2.777470469349771487e-03
-7.589992399677926438e-03
-7.002370724620269118e-03
1.176650748900387889e-03
-1.084047266225115613e-03
2.357745694985694061e-03
-1.254815570767919093e-03
-1.006294174479705969e-02
-1.836967991801853259e-02
-8.962622695331313311e-03
-1.239449031322408315e-02
7.578750076908403674e-03
-2.849295885295422427e-03
-1.328403981652271672e-02
-1.353695868775319942e-03
8.552695185695263769e-03
-3.232133180369822258e-03
1.223213481313564603e-02
3.130375979406409184e-03
5.642610284825651940e-03
3.417649561100760940e-03
-9.262672834327282181e-03
-4.920541604367494048e-03
-1.263159022509617070e-02
-7.827294154600308515e-03
1.357082749739079537e-03
6.712192305304646653e-03
2.121904240739138671e-03
-6.722382682381294536e-03
6.863094220833855681e-03
7.085952593977319983e-03
4.136138861908333908e-03
-6.274771430786635698e-03
1.020722965213204797e-02
1.202581568765703421e-02
4.220489425733321112e-04
1.867488110720436773e-02
-4.535100531428490865e-03
-1.427106348555659023e-02
-5.511390705221041846e-03
-5.581324531400773566e-03
