4.302474194765621850e-04
-2.154813853944625296e-03
3.359247724110440113e-04
8.380616470327152597e-06
8.932052124339934620e-04
-2.535809458774627642e-03
5.946548460549895923e-05
-2.488865076030761809e-03
-3.862513576398518902e-03
6.868834968673309845e-03
7.010205675219914959e-03
-6.096409191996106196e-03
-7.638429196556695798e-03
-3.021206937216082324e-03
2.870462289435178355e-03
2.356705267297920514e-03
-6.148274026992453858e-03
-2.375659124010352351e-03
6.147445919718325233e-04
-1.799661671321722139e-02
6.600205144969104043e-03
7.901434002849965638e-03
9.129139743884882169e-03
2.778334655028400369e-03
6.580869657334786037e-03
-6.324992863144459319e-03
5.964018676771042603e-03
-2.823896637011310239e-04
1.203283085277202704e-03
1.764110774477029540e-03
4.389293195602157033e-05
6.529203243318032306e-03
-2.966019411446974875e-03
-1.617311137457069130e-03
-3.602601607692372098e-03
-7.571062110435066838e-04
-5.556124810220606494e-04
9.286710121151082326e-03
-8.160371599467992204e-03
-2.368490312011846052e-03
-1.278960532877315183e-03
4.755366933994440402e-03
-5.526902988486052763e-03
-1.618064628678621102e-03
8.712016090512047833e-05
-5.115311484163914679e-03
2.395146330391498789e-03
-5.308177470365326410e-03
-1.781868895634257117e-03
-4.823979470381102932e-03
-4.832993895411418460e-03
4.417845958260465875e-03
-6.091467505926406387e-03
-6.139360752607680126e-03
-8.486291912620836514e-03
-4.099863216716358866e-03
3.258298803066072592e-03
-4.767244311813893624e-03
7.628896653943862197e-03
-2.551719941347655243e-03
-1.005101195756578740e-02
8.339638574324206161e-03
-4.835678156484731795e-03
-2.904130223648467794e-03
-1.345211315578856252e-03
9.791651356290381053e-03
8.595955616454917236e-03
-3.885951749668937940e-03
-2.704415139325462569e-03
-1.024705848847097880e-02
5.155508889710759329e-04
-3.339331784896449121e-03
7.449042270917208709e-04
-1.394780753901504397e-02
-6.048114313048438134e-03
-9.745615785782818161e-03
-3.186267662737756606e-03
-2.527426035217930720e-03
-1.499587390648954733e-03
-5.527321548256994461e-03
1.044431248661428953e-02
2.805441910996539154e-03
-5.804524361259458254e-03
4.365431971000087105e-03
-2.152574787645637495e-03
-2.513055360667498187e-03
-4.742562299479287369e-03
-1.103819214312373211e-02
-9.513210366684539745e-03
9.313928330599182542e-03
-1.062913064022516334e-02
-5.483947189963284119e-03
2.547168321418482803e-03
9.285448043605863677e-03
5.898666765764329876e-03
-4.817989922168901631e-04
-5.216558734677922277e-03
-1.337738296163674956e-02
9.783813209640029873e-03
-3.817706700657024291e-03
6.851821267941726008e-04
2.141054325047398593e-03
3.766293686733920582e-03
5.170590673853829589e-03
-7.337968053063271493e-04
1.306554251960520552e-02
7.391087355474626041e-04
7.237874198477867865e-03
-2.361314365803262021e-03
-5.698553187071595926e-04
-9.925913581668617536e-04
3.993217749669810898e-03
6.508517941068048696e-04
1.195301517511535190e-02
3.162856473856418427e-03
1.238583819394430997e-02
6.409639672495622519e-03
-2.563855162991636981e-03
4.475626952966769642e-03
5.095433768058499520e-03
-6.531147546174306470e-03
-2.084319261835617266e-03
8.142650319855488858e-03
-6.577244574424497871e-03
-1.247659638477349037e-03
3.511866502504934137e-03
1.516721719036030975e-03
1.144572732912022689e-02
2.828507463813534958e-03
7.725984794716938935e-03
2.880693950004298894e-03
-2.939844805525784581e-03
9.773177585410360024e-03
-4.727807943236077455e-03
5.161572899067216197e-03
2.180910389020417539e-04
1.286994713868606401e-02
-1.232373936745623927e-03
1.001546841177650832e-03
-3.793781137523099221e-03
-9.595405575580315607e-03
-6.883569859713759356e-03
7.074524073522372655e-03
-5.850434341033093968e-03
1.024955360899456464e-02
9.329631435144729616e-04
3.464894791831220106e-04
-4.412935090475701358e-03
-1.007229880941703376e-02
5.153986208910286797e-03
-7.369488854809000920e-03
-6.405957904382283789e-03
9.349895889816998290e-03
-2.755198487906199319e-03
-7.465217891579220728e-03
-1.133691009012050867e-02
6.403204440841866497e-03
2.403545295740750886e-03
1.180522322549133231e-02
1.059651934280244658e-02
-1.680454748344673401e-03
8.830165011407829822e-04
8.697664647695259321e-03
8.229609763548093601e-04
2.541743709278360391e-03
4.971181073527988249e-03
-5.023433997206830023e-03
1.512849194760685148e-03
5.042997821544473527e-03
-5.423137260416559594e-03
-8.091821677732769988e-03
9.874834373836147237e-04
5.646646779886077550e-03
3.751467858148989885e-03
-5.573372588762968982e-03
-8.902134559493171326e-03
2.887515457334146468e-03
-1.546549340280593560e-03
3.232681828655310438e-03
3.831016889458668199e-03
6.335787106164419979e-03
-3.960472666146830009e-03
1.172157373230442098e-02
-9.099086776771929050e-03
8.713384885569030666e-03
-8.644066890958557528e-03
-2.841565685215697874e-03
-1.138480117869179742e-02
1.513744302163615857e-02
-2.942677603238073956e-03
4.600306681804943419e-03
4.412871678451245339e-03
1.665760892285124417e-02
-1.199559856391798317e-02
-1.432112193479747296e-02
-7.933907113488508980e-03
3.216134236508212587e-03
1.583816368699944577e-02
3.355364032666724363e-03
1.210431008750254347e-02
1.682142624317398832e-02
-8.784242368137337720e-03
-8.528530765003573605e-04
-1.953643706446299595e-03
8.617951796376149484e-03
1.521088884182907747e-02
1.187891670841962656e-02
-5.681625305958715871e-03
-1.017627088478954486e-02
9.913481812723844416e-04
-2.688284854137191517e-03
-1.973684208782584826e-02
-1.691781505397573632e-02
-5.846547759199900544e-03
-1.642093215660818395e-02
1.338098136976194515e-02
6.160307442570427637e-03
-9.942577487878766218e-03
6.300473462976604981e-03
-3.678684705653788647e-03
-5.923577307641912128e-03
-2.252440734484410009e-03
-1.817740168071582294e-04
9.166388536245817856e-03
9.829722523161528794e-03
-3.211942298746857296e-03
1.566678260027948993e-03
-1.822784924195102949e-02
2.707830323048733209e-03
1.189466969057169365e-02
-3.340388583177321229e-03
3.921762733815979847e-03
5.795405070611869651e-03
1.227529842673872294e-03
5.544677342529462719e-03
4.572474450872726832e-04
5.084249370043358689e-03
-1.547254520774469415e-03
-5.861227893271226189e-03
-2.030346922550824943e-03
-1.510428703481505458e-02
-4.114208855980162026e-03
-4.884662922270371736e-03
-4.901402309403466405e-03
-1.822335881016925443e-03
2.139759450575961369e-02
-2.813445643459861270e-03
2.790802884409147259e-03
1.490263083236511611e-02
5.449188744939172623e-03
9.159690260859162242e-03
1.119105043153078953e-02
7.043713813560143085e-05
3.459845843476870835e-03
-1.679739065812794639e-03
1.543650518711470404e-03
-2.733225343217429888e-03
-1.072960959622640958e-02
5.486580192876214582e-03
-1.856899182835370504e-03
2.505970609480555594e-03
-1.075785723366847434e-02
1.364898620398274746e-02
-7.360624542030278807e-03
2.534869845931838391e-03
-5.654807381174132598e-03
-3.834831706406807098e-03
-3.017058476095184089e-03
1.167093538746431097e-02
2.161172272532030196e-03
-1.335484452016315327e-02
-1.643198012831150259e-02
4.476638711938064940e-04
1.143324235127310580e-02
-1.011370202658532814e-02
-2.179578834607255860e-03
2.691600635613848169e-03
2.579029807293970432e-03
-3.897216012137934976e-03
-3.795878079792492418e-03
4.792941492760530511e-03
-1.159828421179926123e-03
8.077356778448075911e-03
5.408584557961140099e-03
1.641898917785392792e-02
-2.192974794485978707e-02
1.491461522301251036e-02
7.307552274551884844e-03
1.776662380691679255e-02
1.528750702008030427e-02
7.282667451703628975e-03
-1.912591944726245441e-02
-1.390194578271113438e-02
-1.073756288371921150e-02
-1.570555509702520336e-02
6.856827849058068011e-03
1.817325852770289773e-03
5.474979320225022324e-03
1.590159892052848967e-02
-3.077957238463922135e-02
