4.302474194765621850e-04
-2.160451752461301032e-03
3.375415095200102892e-04
8.445204552422739367e-06
9.024381563327165019e-04
-2.568084953148463793e-03
6.034590251743766182e-05
-2.531991268000897879e-03
-3.937590988711516665e-03
7.016148149206154205e-03
7.173212974995909520e-03
-6.254051342226199690e-03
-7.860634087878381679e-03
-3.118439294691436377e-03
2.974459563543425077e-03
2.451186855769758605e-03
-6.417481519091729723e-03
-2.486835471601787310e-03
6.457011166013898289e-04
-1.896406104000570095e-02
6.963003714718667657e-03
8.369713011403438069e-03
9.707431126503358876e-03
2.965239453074777071e-03
7.053549149486405129e-03
-6.805081697363487420e-03
6.440767999721947606e-03
-3.060897091444082373e-04
1.309316399978372944e-03
1.926496590310695922e-03
4.809330150672973427e-05
7.176207350312823439e-03
-3.268005355450566592e-03
-1.786910090096767781e-03
-3.990654904215829545e-03
-8.405047024484147040e-04
-6.181134764136718548e-04
1.034961911350537264e-02
-9.103895269857322989e-03
-2.647135849336641061e-03
-1.432975163787579380e-03
5.339909073719915911e-03
-6.217321049879580112e-03
-1.823221248791865234e-03
9.834697609099432342e-05
-5.783329481936850917e-03
2.710775558087812412e-03
-6.014805185419293439e-03
-2.020761655764289049e-03
-5.476392551667991736e-03
-5.490253154188784630e-03
5.022263193887536135e-03
-6.930262829043738575e-03
-6.989723274594625453e-03
-9.670875167932220864e-03
-4.676947572021025040e-03
3.723457798942318882e-03
-5.456668202389235167e-03
8.743850634685957496e-03
-2.928000912523483473e-03
-1.155270891153870917e-02
9.595966786214953428e-03
-5.574279120245296051e-03
-3.355283201262052734e-03
-1.557596468797609740e-03
1.135971169199219942e-02
9.985015498325939404e-03
-4.522190429067436679e-03
-3.154531713799799564e-03
-1.197817851665910517e-02
6.035355875000282143e-04
-3.918575060992753045e-03
8.758545155172601940e-04
-1.642888112931742070e-02
-7.130338207220783889e-03
-1.151762550264457882e-02
-3.773558913688205597e-03
-3.001345848835143548e-03
-1.785136801226920849e-03
-6.594096850280376301e-03
1.248130600028711512e-02
3.357155634770812858e-03
-6.961315818286680640e-03
5.244820656742876959e-03
-2.590758099489170237e-03
-3.029495272053194313e-03
-5.724360657879575855e-03
-1.333503157991182062e-02
-1.149955265231346162e-02
1.127464823688758763e-02
-1.288922688079535174e-02
-6.662529584221467578e-03
3.102265764766589350e-03
1.133631327598168606e-02
7.214571419179215996e-03
-5.905691695171820738e-04
-6.408275844094347105e-03
-1.646178999387275937e-02
1.205391974517954455e-02
-4.713536134303067740e-03
8.481417139169835371e-04
2.656576971549747240e-03
4.682530126838940245e-03
6.438927426752412593e-03
-9.150002996401817136e-04
1.631210005801766311e-02
9.232829741709803074e-04
9.058987538361366887e-03
-2.959572829791967501e-03
-7.153558446025560635e-04
-1.247558226300477229e-03
5.022940742925797314e-03
8.189601446571424716e-04
1.504198771377054239e-02
3.979201082157164671e-03
1.559929621329724306e-02
8.077015432671067266e-03
-3.236076722126393895e-03
5.658481481466792577e-03
6.450300119990047369e-03
-8.276304805419418612e-03
-2.643480566398191071e-03
1.033670719647446570e-02
-8.353333728396241872e-03
-1.585806580484405920e-03
4.467613657271027154e-03
1.930330048589647563e-03
1.456898704050724018e-02
3.599520833608798893e-03
9.841179443303911187e-03
3.671241492755946724e-03
-3.749656190990616634e-03
1.247095526314190295e-02
-6.033360746820118532e-03
6.592141235274543917e-03
2.787027445295437323e-04
1.645490767373172097e-02
-1.575672938721549244e-03
1.282344422110188965e-03
-4.862238105754796910e-03
-1.230432705507127425e-02
-8.828750052473367457e-03
9.080950552994031602e-03
-7.516005686898205931e-03
1.317974802861592715e-02
1.200555860688580587e-03
4.465092710250271723e-04
-5.692572761517983998e-03
-1.299995802357840034e-02
6.653793612854624548e-03
-9.523043932719622157e-03
-8.284033625434313389e-03
1.210143524078011006e-02
-3.568702617427964643e-03
-9.681618187822373447e-03
-1.471474822828650227e-02
8.317626595128373504e-03
3.126950098734049450e-03
1.538181074838959779e-02
1.381943378900598457e-02
-2.194873516840795818e-03
1.155741751768223037e-03
1.140377245431988505e-02
1.080260057104872251e-03
3.341426927807172008e-03
6.542170847690976371e-03
-6.615236854532446573e-03
1.993150256884691860e-03
6.646062138556851212e-03
-7.145924845704362122e-03
-1.065939682442399589e-02
1.300412085451739790e-03
7.436560149797341243e-03
4.938689629591617135e-03
-7.334050899792244997e-03
-1.170651190687383054e-02
3.794926044674522009e-03
-2.032549405243295765e-03
4.246888028592610796e-03
5.028635513575927495e-03
8.306707412857284797e-03
-5.185782652852751785e-03
1.533108000762545275e-02
-1.188972001858724405e-02
1.138900246753678756e-02
-1.130621377408951890e-02
-3.720208169769484517e-03
-1.492428742934521699e-02
1.985816885392195294e-02
-3.864663656689143120e-03
6.056475778430497545e-03
5.821932557138213317e-03
2.201730090191838379e-02
-1.587265360473807604e-02
-1.899235184436754570e-02
-1.054578406895642813e-02
4.287546414423116202e-03
2.117806828465678901e-02
4.496135974477068545e-03
1.627095290488513035e-02
2.266884028808745580e-02
-1.186548798570919751e-02
-1.155707302558703744e-03
-2.656244313361530614e-03
1.175315717789221330e-02
2.079772788025988778e-02
1.627638047777191233e-02
-7.805830675160314522e-03
-1.402358259971192220e-02
1.369762817076031246e-03
-3.725361041248242619e-03
-2.742221646049889175e-02
-2.354136159998313632e-02
-8.155857796403230553e-03
-2.298479535593997078e-02
1.877933523655218526e-02
8.672293252242557760e-03
-1.404561033846153315e-02
8.928475160445877024e-03
-5.229922734508753862e-03
-8.447667440952813175e-03
-3.221206085646460739e-03
-2.606491990427569987e-04
1.317501483187701744e-02
1.415383869549909947e-02
-4.633118949310246169e-03
2.264509692780069909e-03
-2.639250485895894630e-02
3.924127815181586640e-03
1.728030204529771435e-02
-4.861798830624246108e-03
5.721341754222571130e-03
8.471781338937823397e-03
1.797392367918519956e-03
8.130942431743119064e-03
6.712142635303602412e-04
7.469680231309649629e-03
-2.273952819485097494e-03
-8.614832856259531380e-03
-2.983014157888773648e-03
-2.217930556183657365e-02
-6.037177105171887166e-03
-7.173860108507226427e-03
-7.202125551480285243e-03
-2.678383125699310661e-03
3.144837796375242467e-02
-4.133867461240123622e-03
4.109728824410220638e-03
2.198696877362649529e-02
8.048917903356241424e-03
1.355839110466198517e-02
1.659438260257295461e-02
1.046207609399671899e-04
5.149795810631091313e-03
-2.504440065899415403e-03
2.304671062645280780e-03
-4.084497253400177878e-03
-1.604151517575314739e-02
8.202910772732628641e-03
-2.777765334159747797e-03
3.750013800034698603e-03
-1.609602107750922675e-02
2.041140203549720450e-02
-1.100857074163340971e-02
3.795233534338394565e-03
-8.475460511745370670e-03
-5.751198886779164757e-03
-4.526627090387504854e-03
1.751115696105550942e-02
3.241617714087738616e-03
-2.004066496424068700e-02
-2.465809569157874359e-02
6.722492760156002214e-04
1.720455186545452597e-02
-1.524045661517985616e-02
-3.289949717786677663e-03
4.070778523888310060e-03
3.906670705031240094e-03
-5.910437672672711092e-03
-5.761108614410916269e-03
7.277239314709097774e-03
-1.761021228907419045e-03
1.226073218275140243e-02
8.203703019676485825e-03
2.489070826416429905e-02
-3.322864837995585796e-02
2.261461065290353359e-02
1.110552794681291325e-02
2.707823921353112728e-02
2.335074476318967779e-02
1.115403631278718936e-02
-2.938801994455171596e-02
-2.141380533441132605e-02
-1.659108633764424731e-02
-2.434750408288443094e-02
1.066131561951186822e-02
2.835488178984130192e-03
8.571446299590303880e-03
2.497176105636973731e-02
-4.845192657706227229e-02
