-1.144342105655563984e+02
1.628969259722821334e+02
3.172520140816260437e+02
1.062185671028150296e+02
-2.112462928950167793e+02
3.566355050614436095e+01
2.415472304391938394e+02
3.629362248960052284e+02
5.030537563527455518e+02
7.605463120888184676e+02
5.984644679759957171e+02
2.581621128424116023e+02
3.809703662906381965e+02
2.578268244690603410e+02
1.954687751733509344e+02
3.587170786713415396e+02
7.796026473481231278e+02
1.229749212386022236e+03
1.343655127970483591e+03
5.772170250235989215e+02
8.555933952481079814e+02
3.156178652897300481e+02
-8.619467145632188476e+01
3.092455119196981173e+02
9.127744278975264933e+02
2.004554796892580271e+03
1.698350932963931427e+03
9.414769660653487335e+02
5.918123824050560415e+02
9.212688215110460987e+02
5.063185195775474199e+02
-3.878175856558729606e+02
-3.988804576128959525e+02
8.860770231392388041e+01
9.098626736429105222e+02
7.219623223367862010e+02
3.468447075757168250e+02
-2.694183789092139705e+02
-4.272783361012478167e+02
1.585606513513017148e+02
3.966934468107143061e+02
7.661403984350712335e+02
1.342160220099068511e+03
9.215752860791890271e+02
1.374123488584822326e+02
-4.900128869146549278e+02
-7.644440577169461903e+02
-5.059688852350811885e+02
-2.129483960570737509e+02
-9.191119447731102809e+02
-1.099777585626694190e+03
-6.161428886208869926e+02
-1.243174840693649230e+02
-1.977443583269723035e+02
8.041076354113097295e+02
2.871888231625097205e+02
8.725696931057044594e+02
3.748667718657454770e+02
2.083607099362977522e+02
-5.370668109462187090e+01
5.428941722691531595e+02
7.368086699534510444e+02
8.050606502313867168e+02
1.346250162411610745e+03
1.354695698174728022e+02
-1.501232983427552199e+02
-1.960248829802749810e+02
7.666036869807878702e+02
-1.731783457314804764e+00
1.872800565055764821e+02
-7.143841911374855158e+01
-3.072770180337608963e+02
-2.403362147787494791e+02
-6.475593992496358169e+02
-6.607922469714441149e+02
-3.852951692664319125e+02
-6.027117780043179209e+02
1.923912692182174169e+02
4.178033581028560093e+02
3.064471812733435740e+02
6.147487204300034591e+02
2.746394094853771435e+02
-7.432318648760502811e+01
-3.805963494507641371e+02
-2.503954575673305669e+02
-5.730959375543221768e+01
9.000864784025719700e+01
4.120786258238582604e+02
1.956192415910645934e+02
-1.432188960778884450e+02
-2.194643613814023979e+02
-9.305363165439734985e+02
-1.299995699440249837e+02
-7.264139780204520775e+02
-2.924339475085434970e+01
-2.809410687152064838e+02
2.781188547570892524e+02
5.578082625173150291e+02
5.401461948841175627e+02
1.846264939480079647e+03
1.332054697324312656e+03
1.360305288471023005e+03
6.108446887763706172e+02
5.908122857066072129e+02
1.805253798193482453e+03
2.292473030067200398e+03
2.054421343957091722e+03
3.202754430989325556e+02
1.280569220947335452e+03
6.527392886997646428e+02
4.404712121411341741e+01
9.373955125829472763e+02
5.180036478974589045e+02
3.012671891747893369e+02
9.241090743647971522e+02
7.250984665944573635e+02
-2.463621481988719779e+02
-1.408593416948297545e+03
-1.622014111436538542e+03
-2.353362104786566761e+03
-3.034133730126575756e+03
-3.152237703867039272e+03
-2.797406068819891061e+03
-1.887126673376270446e+03
-2.382474891422368728e+03
-3.137657347620883229e+03
-2.426515557444467049e+03
-3.207624483010035874e+03
-2.571575523849723595e+03
-1.307610720866062593e+03
-5.650756211866545300e+02
-4.911107368601975622e+02
-9.230814438887157394e+02
-1.170129464957069104e+03
-7.265773375653807307e+02
-1.914737134912923011e+02
1.268271477036191754e+02
4.901073025259258884e+02
1.139564494321468374e+03
1.148437165180811462e+03
1.163311019602023634e+03
7.605695734013507945e+02
1.390685949529300615e+03
1.802495893403552600e+03
1.485473604339401390e+03
1.723297610104170872e+03
1.241966621067092319e+03
7.135551725546815760e+02
1.651699672699892290e+02
3.189106908360337229e+02
9.023813684530748560e+02
1.683894688982471052e+03
2.002564222855539128e+03
2.330723615378593877e+03
1.788927187855749253e+03
2.425613149744354814e+03
2.867077435945735488e+03
3.281249263703104134e+03
2.995043614787561637e+03
2.863615584886643774e+03
2.964720622705096048e+03
3.219721855519696419e+03
3.421685542586715201e+03
3.477535488450081175e+03
3.786508683178186857e+03
3.684574824329878993e+03
3.613179732972023430e+03
3.375356994797126845e+03
3.660582943070888632e+03
3.566235951437824497e+03
3.687852047377984036e+03
3.279780579573870909e+03
3.743753483405203497e+03
3.463910608231441074e+03
3.839498574889128577e+03
3.492696898085889188e+03
3.787776835078778277e+03
3.527418379694814575e+03
3.550037871971680033e+03
3.523884952090233583e+03
3.394846571833596954e+03
3.336784470902053727e+03
3.097341910465412639e+03
3.129240170240750558e+03
3.217826950331662374e+03
3.271424222361321426e+03
3.311221724400242238e+03
3.329333879391097071e+03
3.518151590721242428e+03
3.614290406205771887e+03
3.499962236029876294e+03
3.480257755933683256e+03
3.419680994679301875e+03
3.471756022677175679e+03
3.419913861274579631e+03
3.374701344901578977e+03
3.373895238775655798e+03
3.277368507050270637e+03
3.213843985244483974e+03
3.188485093233487987e+03
3.152211205002591669e+03
3.130775018556642408e+03
3.204266530984808924e+03
3.274623936805687208e+03
3.329623131942444161e+03
3.354602289716424366e+03
3.424068065097820636e+03
3.366943481185589917e+03
3.292634075215623852e+03
3.364526431890960794e+03
3.383673347476605159e+03
3.406169033998563464e+03
3.397238871602400195e+03
3.381509628310865082e+03
3.427944343302636753e+03
3.429648321593725541e+03
3.452131460075270752e+03
3.463556025576810498e+03
3.513406633401755244e+03
3.546788396197287511e+03
3.549534022349922907e+03
3.557603236029140135e+03
3.485981224440548885e+03
3.521317560839207545e+03
3.541585552915236804e+03
3.571449378674570653e+03
3.546957671614276478e+03
3.599671110690565456e+03
3.615046769384872277e+03
3.591091525946431375e+03
3.563483005344319281e+03
3.485546015092114430e+03
3.429799110132065380e+03
3.489932344811032181e+03
3.526787248373423608e+03
3.555211610836726322e+03
3.543830580786880091e+03
3.537382413428748350e+03
3.508016073158900781e+03
3.520182091445108199e+03
3.502365400628573752e+03
3.454943128946594243e+03
3.445946437214320667e+03
3.467103353334655822e+03
3.506460367712471907e+03
3.501878454374129888e+03
3.480301441467599943e+03
3.419429579375409958e+03
3.449926953388395305e+03
3.455069624513641884e+03
3.459900488380605566e+03
3.494587998325641820e+03
3.505373207819465733e+03
3.497385486028663763e+03
3.478842152817246642e+03
3.500692462855129179e+03
3.482930417026183932e+03
3.483591807341586446e+03
3.482105532239083004e+03
3.446363749809851470e+03
3.470861212841720771e+03
3.449601088505295138e+03
3.446923453955952937e+03
3.459316785045395136e+03
3.454907581266391389e+03
3.426077588602589458e+03
3.390771173754343636e+03
3.427696594431233734e+03
3.414161535749604809e+03
3.405894708582855856e+03
3.397671310920546603e+03
3.431764178694847487e+03
3.438699477689885953e+03
3.428758742700966650e+03
3.444010061450365356e+03
3.462422290290263390e+03
3.472962470793354441e+03
3.489684923153838554e+03
3.511684409054346361e+03
3.528034496931792091e+03
3.526591901514634174e+03
3.543907924767947861e+03
3.538531414686596690e+03
3.547818729186095879e+03
3.550815374682761103e+03
3.542341802613823802e+03
3.543724522095480552e+03
3.544875945119267726e+03
3.540557468862891710e+03
3.540676525500778098e+03
3.539508507575805652e+03
3.532627719512086514e+03
3.530708484173976103e+03
3.524523436539130216e+03
3.532114263388905329e+03
3.539043351653962873e+03
3.538066111876591094e+03
3.536595491148474594e+03
3.537346501398964392e+03
3.536446199791251729e+03
