-8.185437715547383419e-02
-1.766118464224888385e-01
2.056758526820168242e-02
-4.996242985204890630e-02
-8.814864178677073170e-02
4.333086414918518869e-02
-8.513002461748619965e-02
8.121523150568599192e-02
-7.075486294590671577e-02
5.124768443334559720e-02
-7.892951287026761520e-02
4.391937482752172883e-02
1.417808980890598036e-01
-6.109953281700342131e-02
-8.721982612879486396e-02
-2.205271978588108084e-03
-1.387834910088159290e-02
-1.443898934869736195e-02
-4.549603066888696645e-02
-6.193714350214740705e-02
-1.081910214864771902e-01
-1.203394977856628856e-01
1.024027623562506761e-01
5.673652775148152472e-02
1.700093810924254711e-01
1.724199139330551134e-02
-1.020489736287988336e-02
-2.375973362478855933e-02
-3.133707462365808993e-02
-1.001300658730244209e-01
-6.053051312501001036e-02
-2.417082297569539406e-02
1.579928711915457029e-02
-5.983064969141071998e-02
-8.948035361102668617e-04
-4.022536987465397118e-02
4.790976101641675200e-02
-3.225915802298029433e-02
1.310972804877064135e-02
3.994035520780325754e-02
-9.588853389239204716e-03
1.320455594927496534e-01
1.155357439984161516e-02
-2.739357740297876376e-02
6.925574960452696160e-02
8.799230776265520859e-02
-6.258250876081561387e-02
1.184034628631023267e-01
-2.746228832458541547e-02
2.552406845675658786e-02
-3.520416182162833252e-02
8.653619008305124538e-02
-2.862716582831836831e-02
4.823967565580034034e-02
-1.844849936066506046e-02
1.790869505799630446e-02
1.152223221192958391e-01
1.239454366653269801e-02
3.822387934753201932e-03
1.661350063361854978e-02
7.586149829868471528e-02
4.729149119249154154e-02
-6.051302891440535348e-02
-5.282848588680089108e-02
5.182100602750328022e-02
-3.579028266292549887e-02
4.522479290989256384e-02
-2.116103565943028286e-02
2.268968850296815276e-03
3.101737670420767756e-02
3.863378364598535342e-02
2.785903797447808472e-03
2.432879134386300990e-02
-3.856235161576293535e-03
2.520341309711238154e-02
5.156177969370290270e-02
1.954162314668828060e-03
-5.120330655862836977e-02
8.448522600582020203e-02
-2.496648159475967077e-02
8.759468040243501008e-02
6.806350229329183321e-02
2.665335733445761690e-02
6.292625909621563096e-02
8.632977574364097961e-02
-1.713693656883030769e-02
1.229975691250473346e-02
1.304007194451628493e-02
8.080248335888917666e-02
3.745347911384122597e-02
-7.212958518599066338e-02
-1.686722086916248031e-02
6.569838178769771275e-02
4.799414960212011749e-02
-3.997727574944320850e-02
-2.647647860884561055e-03
-9.359820865597967554e-02
-6.720056781523275902e-02
-3.642163810781351430e-02
-8.678886069673907855e-02
3.710750780776006508e-02
-1.570205578146914860e-01
6.761705055254463304e-02
3.882682382156144030e-02
-2.778978734350090463e-02
-2.546008091448053179e-01
-7.465345378649157482e-02
4.920879849315085153e-02
-7.414653786004876679e-02
1.239040241669364661e-02
5.799658946616226274e-02
8.302714817478662468e-02
1.399333926158075059e-01
-1.053256771486665855e-02
1.530008860259792769e-01
6.265799221320200729e-03
-8.416174423421018957e-03
2.761772528453310116e-02
6.318283133468316493e-02
-3.045002278091502035e-02
-4.137663897430865489e-02
6.567138145123596615e-02
3.443222640212439956e-02
3.208636570286316214e-02
-7.338419158481102045e-03
1.478024074270756216e-02
4.135586741642605091e-02
3.920969304096466601e-02
1.348054838511050235e-01
5.436809318039337313e-02
-8.126108737944548466e-02
5.168531023255695800e-02
-9.570667993071069191e-02
-1.215030076260603664e-02
8.732358904095427476e-02
4.665297339942497956e-02
-9.357776553262198149e-03
1.508927008642402257e-02
4.469322213864224125e-02
-4.126132556270611929e-02
-1.218059774124728989e-01
9.718899306107964264e-02
7.058852839625373576e-03
2.451643163530548009e-02
6.994395962703592318e-02
4.619927120428179990e-02
3.428377242334157415e-02
2.282176864187768217e-02
-3.234087564245946567e-02
4.590352204112591039e-02
-2.868205956847447169e-04
-1.514414080520687378e-02
1.699193585620761837e-02
2.773636562208103840e-02
3.861575224405022766e-02
3.265333642620760202e-02
7.518071596092745779e-02
4.995452527457189262e-02
2.927401578257438075e-02
3.643980545838054752e-02
-4.764482867928343524e-02
-3.563356684104945771e-02
2.044647914168251646e-02
-9.432889171755221014e-02
2.219405857378298208e-02
5.425453554333081740e-02
-5.014381912351950632e-02
-3.917887174705114717e-02
5.173534568482907048e-03
6.316607709876365107e-02
1.659193131617620054e-02
3.443624877469453338e-02
-4.841918958801372241e-03
1.716964896203165836e-02
9.856619194733795553e-03
2.708189422255458112e-02
2.572268176105296789e-02
6.143668794592826998e-03
2.578429761726397373e-03
-7.543661478351282312e-03
4.751305175858533403e-02
1.859364696206000644e-02
2.780287676841020073e-02
-2.234821049693280770e-02
-1.886435382457207766e-02
-1.249170093178086915e-02
-2.495311402075373053e-04
-6.638125688640528210e-02
-2.803485982494002826e-02
4.371378571481265851e-02
-1.939125731308166678e-02
-3.270475340709921852e-02
-1.951478944979001540e-02
4.194813792338436542e-03
7.382421435571018264e-02
-2.778854541103292775e-02
6.246737471855290380e-02
4.299886054755575060e-02
3.012272913861835377e-02
-3.743386692019612383e-02
-1.237214054178004119e-02
-5.699148198311299041e-02
-5.491534616398929813e-02
-5.187167995490682415e-04
5.198789125700997715e-02
-7.882998007099573101e-03
2.356033414810809745e-02
4.805923223764807517e-02
2.871362075619998677e-02
-7.720686875989812847e-03
5.082074600808894616e-03
1.613403625846387968e-02
2.714223291166995011e-02
3.097497265610904549e-02
-4.466517994807794878e-02
6.880883404889459598e-02
1.670976203174134866e-03
-3.173275161671362810e-02
-5.167030134544070563e-02
-3.846686617676020603e-02
-1.377188598246448237e-02
-5.416508205116166152e-02
8.105492908796385620e-02
-7.657730469858847755e-04
-8.110299466350667785e-02
-1.197047426307662477e-03
4.333414120025480543e-02
-5.818111085915234071e-03
8.383912323474085326e-02
-6.367185424210219935e-02
2.564912265842522743e-02
2.035939802839870083e-02
1.035787819304267998e-02
-5.105231073404326025e-03
6.746455834750975100e-03
-2.243129284092049147e-02
-2.282198295604054294e-02
4.048653167530424923e-02
-2.289888996957678557e-02
-1.724273371329587690e-02
-8.143178414826124367e-02
-5.586089089844392674e-02
-2.214603445641465385e-01
2.979472001230121236e-02
6.228267241298190982e-02
4.606131559255999264e-02
-8.285893181375492134e-02
1.447161031542698595e-02
2.480178830458612538e-02
6.364954486786977839e-02
1.010967239452007504e-01
2.645881190269072647e-02
-5.464289541014721863e-02
8.505479129739867972e-03
-5.654058267968053997e-02
-1.956931117570270828e-02
3.973066370480538012e-02
4.953836078805018417e-02
-7.724758378448726148e-02
5.134495051319909464e-02
2.008304098013624639e-02
2.600503928920794294e-02
-2.262235636421827678e-02
1.347000313241331071e-02
5.763146468233060205e-02
-7.317237093852568819e-03
-3.458770640829023080e-02
-6.226621690008293797e-02
-1.320599985422887812e-03
-8.498334881679170394e-02
2.351242927858976373e-02
4.283497654615153749e-02
-1.303437959960316306e-01
7.060672059698447356e-02
8.176108754913613552e-02
-2.236862275490558716e-02
6.605801367827979220e-02
-6.285634704832254727e-02
-1.174395706168418485e-02
2.161766508183760038e-02
-3.695834061658587189e-02
1.199972045521491282e-02
1.306535677191256184e-02
-6.464003578883037449e-02
1.977864482850399952e-02
-5.129888770798984865e-02
4.184043130294945456e-02
4.827168718050600660e-02
1.046829599036414038e-02
4.380656992791998050e-02
8.665176454019984931e-03
-4.892377271986170229e-02
-2.680744704695747771e-02
-1.118469161136026457e-02
4.508042219450736354e-02
3.372221623278903735e-02
6.390857528341165050e-02
-3.365058947351329266e-02
-5.667779222675584094e-02
