1.000000000000000021e-02
3.436352046097379542e-01
1.501618932659009964e+01
-5.714144940547081220e+00
-9.395488848495121559e+00
-7.591379863052762467e+00
-9.208454209621864450e+00
-7.863702828041236437e+00
-8.777780223349548550e+00
-8.306434336738762525e+00
-8.179496684624032454e+00
-8.909597882973814720e+00
-7.597869426783018909e+00
-9.475054357581724318e+00
-7.176630995221417564e+00
-9.851603015145501629e+00
-7.020833307760011799e+00
-9.883691302380709587e+00
-7.129022612503920442e+00
-9.519751565398124171e+00
-7.506725169712899159e+00
-8.819757668656388105e+00
-8.124307636959770207e+00
-7.957851310596944394e+00
-8.916392425603264726e+00
-7.143519865746561948e+00
-9.732482139398257459e+00
-6.528297202317609127e+00
-1.042155448607704926e+01
-6.142625820899080935e+00
-1.082145353029690682e+01
-5.977998868143015621e+00
-1.083649873059278335e+01
-6.027870246991974490e+00
-1.043601356099355648e+01
-6.257856947327510078e+00
-9.707958110625208192e+00
-6.587114570966930316e+00
-8.853224821063271577e+00
-6.943492302740097877e+00
-8.062395035828810563e+00
-7.198491057526055670e+00
-7.311078686218232647e+00
-7.235038627278472134e+00
-6.849009889016088870e+00
-6.767250482828678138e+00
-6.907293815164298856e+00
-5.424543097434860073e+00
-8.283566123543248949e+00
-2.949938190037423524e+00
-1.366765419130983261e+01
-1.164828004607272594e-01
1.014687054253981646e+00
1.781337709159574700e+01
-4.436295302543450170e+00
-1.136213299084587547e+01
-5.173389842204768385e+00
-1.118542760057578711e+01
-5.012115532111702798e+00
-1.105292310183563309e+01
-4.622745415304913230e+00
-1.138967685676576025e+01
-3.855476120662947537e+00
-1.263197636248156286e+01
-2.582952639535249784e+00
-1.433404060973187200e+01
-1.096364717200275285e+00
-5.374504090325681105e+00
-4.871217503458305842e+00
5.005564173493634250e+00
8.530708137307609462e+00
1.877250318024214382e+00
1.553613554869809654e+01
-7.953661673913483554e-01
-1.033846568436333513e+01
-1.488804554529477020e+00
3.185101457884779386e+00
1.115885512929794388e+01
-2.789230996698941478e+00
-1.393853088418292252e+01
-7.390395614224543053e-01
-5.700911729169952480e+00
-3.778861447090068992e+00
6.460097615691733353e+00
6.718225481319643144e+00
4.161471184862377548e+00
1.035546416122890712e+01
8.892380496787365418e-01
1.068444933959604803e+01
-6.164435747739543947e-02
-9.406746263247493189e+00
-3.595860530425304624e+00
-5.225527599663114309e+00
-6.992342803485742664e+00
5.044184435318926907e-01
9.010154830707342910e+00
-8.612544780957520629e-03
-9.956114560875116481e+00
-4.252965393442202924e+00
-8.983369685875832289e+00
-4.199726427588004185e+00
-6.046645665292097682e+00
-6.240438495339823533e+00
-1.240644849245071901e+00
-1.524264315485833698e+01
1.561276544415284295e+00
1.245134370628412057e+01
2.251223057469954547e+00
7.560911202227313055e+00
3.621570264608825696e+00
-1.191481055248062804e+00
-1.601696564216030083e+01
2.171790424931839603e+00
1.313291271506727576e+01
2.522795152483041647e+00
1.129183689468643692e+01
2.121611420776387646e+00
3.183580326411187045e+00
1.100452100074486239e+01
-3.127954024949533007e+00
-1.323134387359389308e+01
-1.138235108193109690e+00
-1.022849748564684091e+01
-7.402610867310842613e-01
7.048987534380922071e+00
4.704657022419409529e+00
8.447997471756693022e-01
1.339240420735979242e+01
-1.643916362878186987e+00
-1.198809934442061298e+01
-3.226300569313381494e+00
-1.089204700376978074e+01
-2.894543052607421174e+00
-6.507803256986163909e+00
-4.984106925048883419e+00
3.963584592307221044e-01
7.838479213576920124e+00
3.199791591986791417e-01
-9.851401313835575380e+00
-4.730267915342586171e+00
-9.790433366233010304e+00
-4.319882310438775797e+00
-8.694548130872304270e+00
-4.357546399037635965e+00
-5.646205444060354850e+00
-6.787298135264567378e+00
-8.956021219726328919e-01
-1.277461906780252932e+01
1.114086587972810571e+00
1.130230122736405463e+01
3.071305821249484147e+00
8.583585061946523709e+00
3.594245510772446472e+00
2.269574349474215769e+00
1.478420890757470652e+01
-2.328595655421090704e+00
-1.432657560209132441e+01
-1.193896654718673789e+00
-7.089231378591609456e+00
-2.882061615508041630e+00
5.221789833281673232e+00
7.540256440498186663e+00
8.329422923734091100e-01
1.179172918325713404e+01
-7.944793025611519566e-01
-1.075591269862811572e+01
-3.343380835738686496e+00
-8.074714449511738223e+00
-4.031882160218422939e+00
-2.324999415040381212e+00
-1.467846066007851036e+01
2.082853436471015396e+00
1.445296120688094454e+01
9.139542443892798573e-01
3.760765144984076436e+00
8.103438365143649236e+00
-4.967347534647686302e+00
-9.428369281884187103e+00
-3.309827481332570542e+00
-1.306775753038708743e+01
-9.549858995082566304e-01
-8.956835634047617845e+00
-1.093690065670112066e+00
7.431725913752254442e+00
4.813944694975407224e+00
2.811513395924445824e+00
1.328978837544985581e+01
-1.486850432011419532e+00
-1.425603830725977517e+01
-8.548231471266953818e-02
5.543164296634649268e+00
5.017216456186331719e+00
-4.041847176409854470e+00
-1.030409451729819992e+01
-4.961009765733125909e-01
-6.189002930560549842e+00
-2.434642272312203204e+00
8.081158364660124604e+00
5.527904998395482217e+00
7.035128173529093587e+00
6.026883128122472399e+00
4.562977425642241514e+00
9.295450210443167549e+00
9.932973267265066131e-01
1.225594550958653173e+01
-5.828229099375985545e-01
-1.024313916101164068e+01
-3.043492600075757615e+00
-5.268621031381407249e+00
-6.656364757189080272e+00
1.126675087878688863e+00
1.479504705028922729e+01
-1.362543141478729902e+00
-1.200796033901131921e+01
-2.325158907688981813e+00
-6.749552475018006703e+00
-4.350459097013758658e+00
1.527341247354710996e+00
1.624112735397230622e+01
-1.967127157561102457e+00
-1.350903245331742575e+01
-1.820678671541475335e+00
-8.166297217078273718e+00
-2.786145828225767396e+00
2.593008871044992336e+00
1.363057427335342986e+01
-2.156180446823848129e+00
-1.463508049915779097e+01
-6.849180862916648405e-01
-2.343032509722072110e+00
-1.315264473828272607e+01
4.789087136311621862e+00
1.046677804502424536e+01
4.307434095422056686e+00
1.151213986020903235e+01
2.971322323924947550e+00
1.406422906563055619e+01
1.263126187605220885e+00
9.292426220546433413e+00
1.430947145846330759e+00
-5.628602683141967766e+00
-6.282213447379849214e+00
3.444448286191361119e-01
6.736405802331818293e+00
1.363312117814287738e+00
-9.110179078699632171e+00
-5.147087406621692729e+00
-8.956917671899601530e+00
-4.769349096104789076e+00
-7.731390573290132906e+00
-5.141183958456624126e+00
-4.765301895516518726e+00
-8.551043117162086205e+00
-5.845490594082933811e-01
-8.314328158635186483e+00
-5.610479120081138804e-01
9.317484188496523601e+00
4.447951658832080213e+00
7.914561862088772770e+00
4.829771771121926349e+00
4.502333599736400238e+00
8.911108059217024646e+00
3.072887588454908253e-02
-4.789504415312672569e-01
-1.369529434944533186e+01
3.746576204742920080e+00
1.107834857466416700e+01
5.672753786294934208e+00
1.111940212846153564e+01
5.673329542547832283e+00
1.078812906545866213e+01
5.757577655430544006e+00
1.028075168092788516e+01
5.853423050303256936e+00
9.689302379665793552e+00
5.850803390454210273e+00
9.243448987433804831e+00
5.531729290046464520e+00
9.300928938321749939e+00
4.689612552457811390e+00
1.041909487157474956e+01
3.139578361171112775e+00
1.363142428144053042e+01
1.088200935145398285e+00
9.181287320697151699e+00
1.199217379318239018e+00
-6.730971612757549849e+00
-5.210298054587520156e+00
-1.312222347441240222e+00
-1.584711990322116293e+01
1.858677346671101516e+00
1.299163733969457724e+01
2.217767256510124074e+00
9.072060812544503250e+00
2.667246010199132655e+00
-3.667259034235615389e-01
-8.028610366483841077e+00
1.897962596144820435e-01
1.025649878206516696e+01
4.874425019436846362e+00
