-1.603836805396301468e+00
6.409991400376410797e-02
7.408912958767258639e-01
1.526191935656530663e-01
8.637438913233318472e-01
2.913099222503971131e+00
-1.478823360664401454e+00
9.454729746458598871e-01
-1.666135457317964308e+00
3.437445814526796650e-01
-5.124437092848577180e-01
1.323758956688572130e+00
-8.602801935850232784e-01
5.194931990183601078e-01
-1.265143717549521929e+00
-2.159139011296342670e+00
4.347339499917239891e-01
1.733289319945901852e+00
5.201341562355201731e-01
-1.002165793754440148e+00
2.683455403921357618e-01
7.671747004800960612e-01
1.191272026786657223e+00
-1.157410807296948230e+00
6.962793952555423882e-01
3.513836857921295853e-01
-3.241508301125761715e-02
1.318157911873972347e-02
-6.792499696951127541e-01
-6.205320275267293129e-01
1.331214216567929931e+00
2.588385127676745556e-01
-4.814839171196073075e-01
-2.491789618298251074e+00
-8.765637740699862013e-01
-5.055091274868608320e-01
-1.283129169950619985e+00
-1.330328424979381641e+00
8.259925843791153799e-01
-2.472150147600113979e-01
-1.699706116129674482e+00
-1.335152866104690750e+00
-2.996388895736321056e-01
1.114806898511728983e+00
-1.506408846574162519e+00
1.590112075481634468e+00
-4.873251766889029057e-01
-1.711102187089320381e+00
5.130902145495574995e-01
1.437091918188703188e+00
-2.218041092064620412e-01
6.488165016242813943e-01
-3.178911946054081006e-01
-1.097825518212931437e-02
1.665416503851893326e+00
8.957864342574032301e-01
-1.202601188333621396e+00
2.799627114700639297e+00
-1.021196246934841234e+00
8.481069967984006253e-01
4.980826050683653250e-01
-8.444163875931809393e-02
2.024933258581630424e-01
-1.638057778912679618e-01
8.370597096235079526e-01
-7.124396649180941843e-01
-1.174149869009852187e+00
4.752679500596341255e-01
1.737394806755795607e+00
-1.366436626143243682e-01
1.703316732345228957e+00
-8.821834585889382074e-02
1.557242153072642132e+00
9.634098847946529487e-01
5.227261567672224496e-01
9.371503892520075540e-01
-8.369093041513916420e-01
9.806808897161765903e-02
-1.570553386237673932e+00
-1.779877887165568273e+00
9.188363043087337534e-01
-1.490677784218646107e-01
1.005636460489723882e+00
1.310178875183168334e-01
-7.730471061056019000e-01
2.894307419399230863e+00
1.377078448489347240e+00
1.714558248131996532e-01
2.224223035831263129e-02
1.652685816268470331e+00
-3.218752004990939053e-01
1.524564612166751765e+00
6.546053478962166050e-01
-1.321826017402837339e+00
7.432453797863944889e-01
1.117380755760674971e+00
5.464594426700218888e-01
9.640530584531692426e-01
1.374778665068024264e+00
-4.912828637651149299e-01
2.253925458630661183e+00
1.616141953068327697e-01
8.337788137007574596e-01
-1.580109472495714096e+00
1.010585285869210148e+00
7.218678619597735935e-01
-5.836320389185610802e-01
6.828453835554255669e-01
5.053657808514567806e-01
1.001457778935354925e+00
7.157960956648087292e-01
-5.543646077700022934e-01
5.488047162966878945e-02
-1.698646920075615130e+00
2.146297979689876581e-02
-5.157163918900822264e-01
1.068839237405060816e+00
1.342574102607732911e+00
6.413095420193279939e-01
-1.851894829382558560e+00
5.209616573449137311e-01
-1.104916185079712010e+00
4.378622828632742769e-01
1.582659489890250459e-01
-1.090561824611864239e+00
-1.319715938642220143e+00
8.386514680514096653e-01
2.119763857661906670e+00
-4.957243737910307924e-02
3.256978498862738713e-01
-5.483233699691026919e-01
-2.703190653778851926e-01
-1.672805386942479267e+00
8.283180438907880583e-02
1.901927363467655896e-01
-3.082071466484698208e-01
1.070883449092850936e-01
-3.569801159438542038e-01
1.337526806800641843e+00
-7.621800256153246633e-02
2.633731975886174914e-01
9.609381039766747845e-01
1.901814872024712444e-01
4.040741265104791369e-01
-1.825366155012497771e+00
-2.489029915604467902e-01
1.914497504054625043e+00
3.906084302468149638e-01
1.023941039707428224e+00
3.930998899300366944e-01
1.881927660566685256e+00
-7.482589611862469070e-01
-8.070300927473712527e-01
6.573755530192660901e-01
7.862612475624904951e-01
3.172792644991052069e-01
2.960876819437608387e-01
-6.656501181138603229e-01
1.035382797499510454e+00
3.640254439181007939e-02
4.985433012197752478e-01
-4.779904623487309934e-01
2.050743063054533799e+00
-4.499464259204996042e-01
1.667405687724559105e-01
-1.102672315161701500e+00
-8.119829777507475699e-01
-4.570328287633271952e-02
-8.225537632359842810e-01
1.259769410072739126e-01
-8.397085277551762372e-01
1.218133327620782302e-01
2.794987875465427055e-02
1.231797049700817048e+00
-5.048300758415313894e-01
-1.100141366475507532e+00
-8.021134533374590925e-01
-2.163763169978578649e+00
-2.188586585488613068e+00
1.006090526168754717e+00
2.125401257191259052e+00
-3.829204272357512040e-01
9.241846545007227631e-02
-4.520140038253661618e-01
9.518151128772486258e-01
-1.731888376828484843e-01
-1.241164885446890409e-01
-1.533532535813220132e-01
-1.618740926462194363e+00
8.274911772050438374e-01
-1.222327658399641193e+00
2.212017006559879206e+00
1.347093207035477302e+00
1.895155162352565592e-01
-2.730041323977406176e+00
3.664574183147044362e-02
7.387411605516123192e-01
3.747170014735173860e-01
-6.462749386059446488e-01
2.017684033367787677e+00
7.311886727725155355e-01
-2.296470561874395799e-01
2.144111982542731720e+00
3.971458555974636817e-01
1.594665817916952055e-01
3.876642875295214785e-01
1.214671021531801287e+00
3.130316012394112613e-01
2.197782481604816096e-01
2.513442554847664656e-01
1.899189689007661608e+00
7.872036740636351171e-02
-1.351920471126519141e+00
-7.707407682397272586e-01
-4.906274004556483437e-01
1.079579208314438876e+00
1.174550825319356173e+00
-3.345187059210508185e-01
7.510045371855720610e-04
-2.946557582453048219e-01
-1.434671398005733733e+00
-1.101082350848684666e+00
-1.311307303191523443e+00
2.728478871928246008e-01
7.988968423536986219e-01
-1.461354711130475048e-01
-4.852498754780392720e-01
6.877758399414378720e-01
-9.316994318674337583e-01
-1.989839694344397225e+00
-7.358519911835374738e-02
3.234052813348712863e-01
-1.084599943834262392e+00
-1.433995561918203432e+00
-7.011981914212603861e-01
-1.401448512723984408e+00
-3.086183814200702535e-01
-2.854605947725853965e-01
1.400253650197161581e-01
8.927290189106718010e-01
-2.941890305674275258e-02
5.564324144906593883e-01
4.373183940725253738e-01
-1.621299644476040136e+00
-2.445963170319846169e-01
-1.091406619800046052e+00
-1.181283960623692675e+00
5.728556994256014945e-02
1.046987419538812469e+00
6.208334141462451550e-01
4.295104661949689095e-01
1.413794016837400358e+00
-5.847798169728857243e-02
-6.893019662416427495e-01
-4.631783934067322805e-01
-5.516604032496916776e-01
-1.923130396524997732e+00
1.208225068517441381e+00
-1.742956389143253404e-01
-1.204628570784822134e-01
-4.751596743792828592e-01
2.424452146052987964e-02
-5.778118926706674596e-01
9.230091134024941413e-01
-1.628548721993879012e+00
6.676479371503598603e-01
7.693315489382328287e-02
1.141028228961097346e+00
1.385217864612765970e+00
1.361965265898624766e+00
-3.475188770037690444e-03
-8.791808432445789023e-01
1.448860951292444854e+00
-1.051495926675394488e+00
2.787309179900978040e-01
-4.972291369573507147e-01
1.785571973977200522e-01
1.934634052568100504e+00
6.335245143606834661e-01
3.636898167502207180e-01
-5.244324498985945826e-02
3.954838094577919905e-01
8.366578842123157944e-01
5.959262871237410719e-01
-8.865060882571427214e-01
-6.355815208618404988e-01
4.349880160437997328e-02
7.694026670954766667e-01
4.370646366684161066e-01
-1.588356956234382444e-01
-1.868010119079460241e+00
-1.213210802465952698e+00
1.435148700484412121e+00
-4.790913467511364598e-01
1.269491779558918010e+00
2.817905766925723476e-01
-5.908465487188969689e-01
-1.698645183844237794e+00
-3.078365883236456324e-01
-6.511332839140548945e-01
