-9.096653839504179606e-01
-6.443965823545259042e-01
-1.666758664382752553e+00
-4.768271192575912476e-01
1.362674294974252076e-01
8.430960093400529098e-01
1.117672385513210020e+00
2.279729313148736836e+00
1.825521159774807778e+00
1.476000598168503597e+00
1.928151837875610397e+00
1.304606816912695866e+00
4.541818660712717559e-01
6.944829404726488020e-02
1.531596705407410053e-01
-1.069425884535356586e+00
-3.361212655985306164e+00
-3.110928982150562572e+00
-3.577363356241026082e+00
-3.301203572131138575e+00
-4.737512824540770495e+00
-3.267871154807467260e+00
-2.056323478925197623e+00
-2.366123796996163264e+00
-1.546894549539826080e+00
6.680725874974577927e-01
2.392619956126062597e+00
3.024616066515717794e+00
3.948906159959975071e+00
3.021367561900320631e+00
3.816331149220422603e+00
4.490080283868715050e+00
5.039048589214783824e+00
4.051278506344801578e+00
4.415730359025566543e+00
3.090305463359975136e+00
3.238131423803582098e+00
4.278434497627479516e+00
4.635604639300932917e+00
5.552383253074955505e+00
4.495996414413843567e+00
3.103367541292414877e+00
1.831296882243731217e+00
3.475618984440356218e+00
1.589660314526562424e+00
1.728212719438851686e+00
1.678470281630405569e+00
2.337264670910427888e+00
2.690128754075800988e+00
2.506602687781577909e+00
7.387148296057954866e-02
-1.529427838479893387e+00
-1.425599695414058177e+00
-9.740055296873006974e-01
-2.783031386033163468e+00
-2.336318357310350535e+00
-1.754059958159334798e+00
-2.748036197009675163e+00
-1.768333218884471592e+00
-1.053915807049611963e+00
-1.340053497826820816e+00
-1.843314858718791083e+00
-1.294204258659594986e+00
-2.336016896056380965e-02
-8.740534151795279483e-01
4.342190767444721322e-01
5.591431320616292444e-01
2.101685089573375187e+00
8.381423179318725492e-01
2.311838822773682800e+00
3.099948326555569622e+00
3.894872637748982847e+00
5.214312359848292999e+00
5.962510323472175244e+00
4.661501624055257587e+00
4.643206239325948559e+00
4.440150392883432495e+00
3.998217610193299798e+00
4.588785166198852572e+00
4.311834512319157042e+00
3.423187687635701248e+00
5.519674587815042166e+00
4.190685650490396874e+00
3.584213689737579145e+00
3.445808364733868867e+00
3.498633257901557769e+00
2.342284198011356899e+00
3.225064902849720916e+00
3.094046617528439569e+00
3.575495967964222643e+00
3.733848073174653504e+00
1.809462194601461960e+00
2.182099279129019909e+00
3.086939514264166018e+00
2.542940776356127142e+00
2.447200285846786283e+00
2.672261179825479616e+00
2.867349473406707538e+00
1.889026779905748299e+00
2.357356001330356055e+00
2.574757221506707605e+00
3.282688106808221207e+00
2.830245627348652704e+00
8.475018900193533877e-01
1.548080408643485395e+00
2.416288714613979316e+00
9.160209909069825240e-01
-1.185730425956126322e-01
1.706637560372239681e+00
2.215079266751224019e+00
1.979422866262184222e+00
2.964679776243627440e+00
3.392235336104524102e+00
2.536171432818984606e+00
2.863357412357441678e+00
3.701675714356146507e+00
4.784891105791089672e+00
5.065092535715654876e+00
6.375527270344109709e+00
6.585125809066091129e+00
5.641762276705883039e+00
5.198498060712110735e+00
5.714364482261400369e+00
7.347410507120528678e+00
7.578791250527340040e+00
6.673261038441799187e+00
6.034941170127178900e+00
6.480623509693832496e+00
6.374381666646265820e+00
7.187376827332846219e+00
7.614630673681272555e+00
8.310258007576411643e+00
7.443477361907278045e+00
5.755316657902998401e+00
6.135101363639345884e+00
6.712868863643929984e+00
8.935122189455320552e+00
9.528065628409756016e+00
8.674715985559174669e+00
6.198907869319761232e+00
6.991076567785863283e+00
5.206003954184724947e+00
5.133154134413845604e+00
5.278004918283221159e+00
5.394828539337276574e+00
5.392028788420517138e+00
5.041556748632186391e+00
4.674950332357224347e+00
2.003574389470653916e+00
2.261666768972041996e+00
3.606419859004079242e+00
3.201960565071715781e+00
2.678921093644242912e+00
3.877812712981149712e+00
2.845591433739244724e+00
4.142601476451703846e+00
3.678621383692302516e+00
3.086070285639512800e+00
2.530958807845259173e+00
2.766589247805840923e+00
1.255481547866610148e+00
1.217904921951231234e+00
-3.876504642382072596e-01
-1.833009109777977708e+00
-1.149442883757029632e+00
-1.599195254148276124e+00
-2.669154939751638089e+00
-3.271306183851418581e+00
-1.472817078617816966e+00
-1.199098359110757350e+00
-2.055252015054911396e+00
-2.606570186286479185e+00
-2.373937261229901008e+00
-3.907097622995317820e+00
-3.152757622299996676e+00
-3.522954752403976819e+00
-4.148826880610664070e+00
-2.889270958233033593e+00
-2.619590817570169428e+00
-9.362339400547325940e-01
-1.291296801306027309e+00
-1.399143149522104501e+00
-2.135360486127368951e-01
-7.236412401302827480e-01
3.621029343055408578e-01
-9.531110143990673134e-02
-5.114677348493940068e-01
-1.950750901849826136e+00
-1.585147087294985102e+00
-2.047814319889194934e+00
-2.441717411645293101e+00
-1.931010554588069139e+00
-1.508225636352911181e+00
-2.253042317292244689e+00
-3.109469673404331225e+00
-2.796077905497770466e+00
-3.922457720800622827e+00
-3.765049072429269117e+00
-3.572653946807882619e+00
-3.695739620870906350e+00
-4.921611055663444922e+00
-4.356072450620641412e+00
-4.068957964073955047e+00
-3.595885808851663867e+00
-2.908597010707217656e+00
-2.629719529715782933e+00
-2.058576933232163952e+00
-3.523616733530213097e+00
-3.134463660972989452e+00
-3.931363311163933894e+00
-3.643437663575158414e+00
-3.965189157668609354e+00
-4.066285833380797854e+00
-4.574699147466553484e+00
-4.730186861795847797e+00
-4.029922844412123339e+00
-4.086699869397406815e+00
-5.277688296226899389e+00
-6.526991263943577870e+00
-7.280643551599900398e+00
-8.015894812298920868e+00
-7.751581522754956488e+00
-9.159446016893188158e+00
-1.032457256558391379e+01
-1.089492409469275813e+01
-1.101784859741246692e+01
-8.808071801529781197e+00
-8.477839215281347762e+00
-8.881353673374054125e+00
-7.737758282751736161e+00
-7.677104520322086678e+00
-8.344778504895339566e+00
-8.597870411457455120e+00
-8.893021216397652751e+00
-9.341691457749172756e+00
-1.067166744878000273e+01
-1.236742936976261653e+01
-1.225871812998731514e+01
-1.258028466862387340e+01
-1.205232675650744412e+01
-1.083179043508662787e+01
-1.020715797001379599e+01
-9.294453133377523102e+00
-1.059558986223449573e+01
-1.063778286477126755e+01
-1.132351195153102097e+01
-1.023058138714542586e+01
-1.153336196913762279e+01
-1.415972612016574850e+01
-1.443235658790156961e+01
-1.424373267986765690e+01
-1.559264279872215653e+01
-1.532362598374533746e+01
-1.557406470167865287e+01
-1.656288540435123480e+01
-1.602103460963598636e+01
-1.628191408298637910e+01
-1.713667142655668130e+01
-1.595606378784581914e+01
-1.557036773217291881e+01
-1.666296609978634180e+01
-1.764964119303963486e+01
-1.748519367668894020e+01
-1.764315752757943656e+01
-1.728687921842093544e+01
-1.748145083441978542e+01
-1.908399328036265530e+01
-2.174457373787168279e+01
-2.276016610522351158e+01
-2.417876399492040562e+01
-2.334402927019558405e+01
-2.366729213161006129e+01
-2.526692443142821176e+01
-2.541940337717728937e+01
-2.439154521967246225e+01
-2.478148382195053401e+01
-2.322810607356323587e+01
-2.285546659373214240e+01
-2.214700783937285422e+01
-2.170554146495650016e+01
-2.295323049985371000e+01
-2.359562563644841759e+01
-2.529335654631519859e+01
-2.625506906560061893e+01
-2.608689905177241997e+01
-2.520766705959274034e+01
-2.492693293799141685e+01
-2.585778300064789548e+01
-2.490825166118765566e+01
-2.393033410497601210e+01
-2.336232158666854275e+01
-2.424855557030720732e+01
-2.280563251711139472e+01
-2.120505994278960316e+01
-2.115296050336585765e+01
-1.871167713195928073e+01
-1.919597860576668680e+01
-2.080971380169035001e+01
-2.139414241457592070e+01
-2.201743953128000797e+01
