2.141769999999999982e+03
1.973440000000000055e+03
1.653950000000000045e+03
1.688320000000000164e+03
1.606039999999999964e+03
1.470529999999999973e+03
1.535650000000000091e+03
1.410329999999999927e+03
1.529650000000000091e+03
1.425160000000000082e+03
1.500099999999999909e+03
1.386250000000000000e+03
1.448490000000000009e+03
1.669130000000000109e+03
1.570200000000000045e+03
1.439049999999999955e+03
1.435880000000000109e+03
1.416089999999999918e+03
1.395789999999999964e+03
1.333710000000000036e+03
1.253610000000000127e+03
1.125059999999999945e+03
9.975000000000000000e+02
1.105059999999999945e+03
1.169569999999999936e+03
1.386309999999999945e+03
1.410420000000000073e+03
1.396099999999999909e+03
1.363319999999999936e+03
1.321259999999999991e+03
1.195369999999999891e+03
1.125160000000000082e+03
1.098289999999999964e+03
1.115779999999999973e+03
1.050980000000000018e+03
1.050039999999999964e+03
1.008639999999999986e+03
1.058140000000000100e+03
1.024549999999999955e+03
1.038069999999999936e+03
1.080369999999999891e+03
1.070059999999999945e+03
1.221110000000000127e+03
1.235299999999999955e+03
1.201920000000000073e+03
1.288110000000000127e+03
1.406589999999999918e+03
1.321259999999999991e+03
1.487339999999999918e+03
1.447049999999999955e+03
1.484460000000000036e+03
1.433110000000000127e+03
1.562650000000000091e+03
1.518549999999999955e+03
1.593599999999999909e+03
1.564470000000000027e+03
1.592740000000000009e+03
1.787250000000000000e+03
1.809539999999999964e+03
1.816470000000000027e+03
1.846900000000000091e+03
1.992460000000000036e+03
2.088949999999999818e+03
1.966289999999999964e+03
1.865110000000000127e+03
1.964309999999999945e+03
1.895250000000000000e+03
1.982929999999999836e+03
1.941409999999999854e+03
1.945820000000000164e+03
2.007119999999999891e+03
2.086179999999999836e+03
2.092000000000000000e+03
2.143519999999999982e+03
2.135269999999999982e+03
2.189769999999999982e+03
2.305639999999999873e+03
2.310150000000000091e+03
2.194840000000000146e+03
2.388329999999999927e+03
2.329440000000000055e+03
2.542690000000000055e+03
2.721779999999999745e+03
2.795300000000000182e+03
2.976849999999999909e+03
3.245260000000000218e+03
3.190119999999999891e+03
3.229599999999999909e+03
3.271989999999999782e+03
3.547349999999999909e+03
3.682730000000000018e+03
3.426449999999999818e+03
3.369139999999999873e+03
3.597920000000000073e+03
3.774809999999999945e+03
3.626880000000000109e+03
3.617289999999999964e+03
3.294079999999999927e+03
3.079989999999999782e+03
2.969829999999999927e+03
2.722949999999999818e+03
2.825889999999999873e+03
2.415250000000000000e+03
2.584210000000000036e+03
2.686519999999999982e+03
2.612889999999999873e+03
2.025579999999999927e+03
1.879869999999999891e+03
1.974690000000000055e+03
1.833570000000000164e+03
1.856429999999999836e+03
1.967279999999999973e+03
2.137590000000000146e+03
2.458650000000000091e+03
2.432889999999999873e+03
2.835110000000000127e+03
2.852929999999999836e+03
2.829019999999999982e+03
2.908239999999999782e+03
3.097920000000000073e+03
3.005010000000000218e+03
2.883210000000000036e+03
3.078909999999999854e+03
3.186769999999999982e+03
3.290679999999999836e+03
3.266619999999999891e+03
3.315260000000000218e+03
3.455239999999999782e+03
3.593409999999999854e+03
4.111989999999999782e+03
4.341739999999999782e+03
4.002880000000000109e+03
4.215210000000000036e+03
3.830489999999999782e+03
3.784230000000000018e+03
4.129539999999999964e+03
4.326760000000000218e+03
4.286460000000000036e+03
4.351630000000000109e+03
4.550529999999999745e+03
4.366590000000000146e+03
3.865829999999999927e+03
4.260409999999999854e+03
4.290590000000000146e+03
4.397079999999999927e+03
4.715640000000000327e+03
4.938609999999999673e+03
5.110859999999999673e+03
5.228840000000000146e+03
5.062439999999999600e+03
5.300239999999999782e+03
5.298720000000000255e+03
5.219079999999999927e+03
5.308520000000000437e+03
5.457819999999999709e+03
5.672699999999999818e+03
5.860989999999999782e+03
6.318609999999999673e+03
6.642270000000000437e+03
6.839590000000000146e+03
7.093420000000000073e+03
6.763380000000000109e+03
6.526619999999999891e+03
6.661440000000000509e+03
6.061800000000000182e+03
6.197840000000000146e+03
6.543390000000000327e+03
6.223369999999999891e+03
5.984260000000000218e+03
6.015300000000000182e+03
6.407520000000000437e+03
6.514720000000000255e+03
6.742970000000000255e+03
6.710399999999999636e+03
6.826609999999999673e+03
6.894229999999999563e+03
7.083489999999999782e+03
7.268060000000000400e+03
7.312850000000000364e+03
7.331729999999999563e+03
7.276630000000000109e+03
7.630710000000000036e+03
7.773920000000000073e+03
7.993090000000000146e+03
7.816440000000000509e+03
7.670369999999999891e+03
7.575149999999999636e+03
7.573260000000000218e+03
7.086859999999999673e+03
6.890940000000000509e+03
7.198850000000000364e+03
7.060600000000000364e+03
6.833420000000000073e+03
6.701359999999999673e+03
6.729529999999999745e+03
7.245130000000000109e+03
7.046569999999999709e+03
7.500789999999999964e+03
7.830350000000000364e+03
8.069810000000000400e+03
7.773309999999999491e+03
7.677729999999999563e+03
7.252399999999999636e+03
6.864869999999999891e+03
6.861309999999999491e+03
7.227449999999999818e+03
7.170699999999999818e+03
7.341649999999999636e+03
7.703100000000000364e+03
7.927489999999999782e+03
7.866520000000000437e+03
7.906600000000000364e+03
8.035199999999999818e+03
8.256280000000000655e+03
8.516020000000000437e+03
8.144020000000000437e+03
8.724129999999999200e+03
8.738719999999999345e+03
8.465770000000000437e+03
8.039449999999999818e+03
7.736069999999999709e+03
7.630260000000000218e+03
7.227960000000000036e+03
7.838220000000000255e+03
7.832220000000000255e+03
7.222079999999999927e+03
7.213439999999999600e+03
7.532899999999999636e+03
7.489199999999999818e+03
8.144159999999999854e+03
7.641770000000000437e+03
7.840309999999999491e+03
8.001569999999999709e+03
8.084880000000000109e+03
8.043710000000000036e+03
8.098159999999999854e+03
7.918529999999999745e+03
7.739859999999999673e+03
8.059649999999999636e+03
7.877190000000000509e+03
7.742529999999999745e+03
7.137029999999999745e+03
6.749279999999999745e+03
5.408520000000000437e+03
5.572090000000000146e+03
5.930170000000000073e+03
6.209710000000000036e+03
5.715920000000000073e+03
5.799239999999999782e+03
5.944869999999999891e+03
6.335560000000000400e+03
7.009560000000000400e+03
7.197500000000000000e+03
6.814760000000000218e+03
6.872970000000000255e+03
6.495149999999999636e+03
6.369279999999999745e+03
6.627430000000000291e+03
6.964010000000000218e+03
6.446310000000000400e+03
6.785940000000000509e+03
6.923600000000000364e+03
7.106010000000000218e+03
6.947059999999999491e+03
7.041270000000000437e+03
7.458989999999999782e+03
7.404609999999999673e+03
7.152880000000000109e+03
6.721079999999999927e+03
6.712210000000000036e+03
6.165350000000000364e+03
6.312029999999999745e+03
6.588279999999999745e+03
5.783149999999999636e+03
6.206239999999999782e+03
6.734989999999999782e+03
6.586010000000000218e+03
7.035760000000000218e+03
6.607130000000000109e+03
6.529989999999999782e+03
6.672690000000000509e+03
6.430579999999999927e+03
6.508210000000000036e+03
6.593800000000000182e+03
6.181060000000000400e+03
6.304529999999999745e+03
5.989270000000000437e+03
6.245180000000000291e+03
6.554039999999999964e+03
6.623010000000000218e+03
6.919590000000000146e+03
6.979809999999999491e+03
6.646550000000000182e+03
6.470739999999999782e+03
6.398770000000000437e+03
6.693829999999999927e+03
6.923409999999999854e+03
7.380319999999999709e+03
7.136100000000000364e+03
6.742890000000000327e+03
