7630.26
5298.72
1562.65
6864.87
3626.88
5984.26
1964.31
4286.46
1833.57
1058.14
2883.21
1098.29
3682.73
4938.61
2189.77
1050.04
6495.15
7227.96
1592.74
5457.82
2976.85
5989.27
7458.99
1487.34
1038.07
6919.59
6721.08
1941.41
3865.83
7739.86
6514.72
7213.44
6979.81
3186.77
4351.63
6734.99
3079.99
7489.2
8256.28
3426.45
8035.2
3294.08
7086.86
8724.13
3266.62
6369.28
1447.05
6181.06
3290.68
5799.24
1321.26
4260.41
8738.72
1846.9
8001.57
1406.59
2432.89
1125.16
1688.32
3078.91
5308.52
6312.03
1024.55
7816.44
6554.04
7136.1
6206.24
1386.25
4715.64
8098.16
3455.24
3784.23
2969.83
5300.24
7083.49
4366.59
7198.85
1253.61
3271.99
7197.5
6947.06
1653.95
2088.95
5930.17
1386.31
7532.9
3315.26
2143.52
7677.73
6543.39
1535.65
7060.6
1080.37
1518.55
6526.62
1895.25
7630.71
6839.59
6627.43
1363.32
8144.02
5672.7
7245.13
3597.92
7742.53
1470.53
1564.47
6742.89
6223.37
4397.08
3593.41
7252.4
6742.97
5572.09
2025.58
2721.78
1201.92
6661.44
7838.22
6197.84
2305.64
7877.19
6729.53
6923.6
3097.92
6672.69
1321.26
7736.07
1500.1
2135.27
1169.57
3229.6
2584.21
1435.88
5860.99
1433.11
1008.64
7106.01
7641.77
3369.14
4129.54
8516.02
6701.36
1945.82
6607.13
1410.33
8084.88
6470.74
5228.84
7866.52
6923.41
7380.32
2194.84
4326.76
7170.7
6646.55
1448.49
6318.61
6763.38
1439.05
2310.15
5062.44
6245.18
7500.79
7341.65
7093.42
2825.89
1396.1
6623.01
6209.71
7670.37
7703.1
1967.28
7035.76
2141.77
7575.15
2137.59
7918.53
2007.12
6642.27
6165.35
1974.69
3190.12
7137.03
7773.92
1973.44
8069.81
1856.43
6588.28
1195.37
4002.88
7041.27
3830.49
2908.24
8039.45
6335.56
6872.97
1115.78
1865.11
8059.65
5219.08
6586.01
2835.11
2092.0
6398.77
1992.46
1879.87
1125.06
4341.74
6890.94
7227.45
7276.63
2415.25
1816.47
1425.16
6061.8
7331.73
7009.56
2722.95
2795.3
6508.21
5408.52
7573.26
3547.35
4290.59
7773.31
1395.79
7830.35
6710.4
6833.42
6446.31
2686.52
8043.71
5944.87
1966.29
7152.88
2329.44
1050.98
5110.86
7927.49
4550.53
3774.81
1105.06
6814.76
1787.25
6785.94
6015.3
3617.29
1484.46
1809.54
3005.01
1333.71
3245.26
6826.61
1070.06
6430.58
7268.06
4111.99
7222.08
1410.42
1529.65
7832.22
5783.15
6529.99
2542.69
1982.93
7840.31
6693.83
2829.02
4215.21
997.5
8465.77
1606.04
6861.31
1593.6
2388.33
7906.6
2086.18
7312.85
2612.89
6407.52
1235.3
1669.13
6894.23
2458.65
1288.11
1416.09
5715.92
1570.2
6593.8
7404.61
6712.21
8144.16
1221.11
6749.28
2852.93
7046.57
6964.01
7993.09
6304.53
