3617.29
2143.52
6061.8
6318.61
7739.86
1653.95
6839.59
7197.5
1008.64
1038.07
1833.57
4550.53
4351.63
1570.2
7035.76
7312.85
7086.86
4286.46
7703.1
6495.15
2825.89
1562.65
5715.92
1787.25
3245.26
5799.24
3290.68
1425.16
1967.28
8144.02
8035.2
2007.12
7152.88
6763.38
5783.15
6826.61
1070.06
2189.77
1288.11
7630.71
5989.27
2415.25
8039.45
3294.08
4215.21
8069.81
2721.78
1321.26
7742.53
1363.32
2584.21
2612.89
1535.65
1386.31
2542.69
1098.29
6701.36
6814.76
7877.19
6514.72
2686.52
2310.15
2883.21
7532.9
1395.79
7198.85
5672.7
7331.73
1974.69
7906.6
6919.59
6923.6
7458.99
2722.95
6712.21
6206.24
6785.94
2795.3
3455.24
1235.3
6586.01
1484.46
1964.31
3830.49
4002.88
7918.53
5457.82
3315.26
4366.59
1564.47
2969.83
7736.07
1816.47
997.5
8256.28
2388.33
6197.84
6646.55
7927.49
1125.06
6430.58
6661.44
1386.25
1050.04
6407.52
7046.57
6607.13
2135.27
8738.72
5944.87
7630.26
7816.44
8059.65
6833.42
5984.26
7830.35
7227.45
1518.55
6543.39
5308.52
3626.88
3005.01
3078.91
6015.3
2025.58
6627.43
7276.63
3597.92
2329.44
6245.18
6165.35
7170.7
1606.04
6588.28
7575.15
1105.06
7404.61
6554.04
8001.57
7573.26
4341.74
6721.08
3865.83
3426.45
1169.57
3682.73
7136.1
1945.82
1410.33
4111.99
1321.26
3774.81
2432.89
7380.32
1435.88
3271.99
6894.23
2137.59
6734.99
6526.62
7041.27
2194.84
2829.02
7641.77
1447.05
5572.09
3266.62
1221.11
3547.35
7009.56
6446.31
1809.54
2835.11
3097.92
1973.44
7222.08
3190.12
1396.1
6672.69
7213.44
5408.52
1410.42
4715.64
5110.86
6223.37
1992.46
6947.06
1500.1
6923.41
6642.27
8724.13
3369.14
7227.96
7106.01
3229.6
7773.92
6864.87
7268.06
6335.56
2852.93
6369.28
7060.6
7137.03
2088.95
1448.49
8043.71
7083.49
8144.16
1879.87
5860.99
2141.77
2092.0
4938.61
1688.32
6470.74
1529.65
2086.18
8084.88
1669.13
4260.41
1201.92
4326.76
1115.78
8465.77
7677.73
7245.13
6593.8
6312.03
6623.01
5930.17
1593.6
1895.25
1982.93
6749.28
6742.89
7840.31
7500.79
4129.54
6861.31
7252.4
8516.02
1592.74
1050.98
1439.05
7993.09
7489.2
2305.64
6508.21
1487.34
1333.71
7838.22
3079.99
7670.37
3186.77
4290.59
6693.83
1195.37
6710.4
1406.59
1846.9
2976.85
1433.11
6964.01
5062.44
1416.09
1966.29
8098.16
6742.97
6979.81
7773.31
6872.97
4397.08
6181.06
6890.94
3593.41
6398.77
1058.14
1470.53
7832.22
5219.08
7093.42
6304.53
1024.55
5300.24
5298.72
1080.37
5228.84
2458.65
1856.43
3784.23
1865.11
6529.99
7341.65
1941.41
1125.16
6729.53
1253.61
7866.52
2908.24
6209.71
