1439.05
1982.93
1235.3
1288.11
6470.74
7500.79
1321.26
7575.15
6586.01
7404.61
5408.52
7630.71
5062.44
6554.04
1518.55
6514.72
6646.55
6923.6
8084.88
5457.82
6245.18
4260.41
3626.88
1487.34
3426.45
7380.32
7245.13
2584.21
8465.77
8001.57
5715.92
1447.05
6864.87
3682.73
6742.89
2305.64
4351.63
1500.1
1050.98
6839.59
1058.14
1410.42
8039.45
1992.46
3315.26
1105.06
7906.6
6642.27
7227.45
1386.25
6446.31
2329.44
1809.54
8516.02
7276.63
6223.37
6607.13
6209.71
5860.99
6495.15
7877.19
1879.87
6919.59
2795.3
5783.15
6588.28
4366.59
7840.31
1570.2
1816.47
7830.35
1484.46
3186.77
1098.29
1169.57
7136.1
7866.52
1856.43
1895.25
7046.57
1787.25
1688.32
4290.59
2883.21
2976.85
1448.49
3784.23
5110.86
6593.8
3266.62
8256.28
2088.95
2542.69
6407.52
7832.22
6721.08
3369.14
1945.82
6763.38
4326.76
6206.24
3597.92
6710.4
5989.27
3190.12
2458.65
6734.99
1024.55
2612.89
7773.31
7035.76
6661.44
2415.25
7009.56
1333.71
7993.09
2829.02
6165.35
1846.9
2388.33
6335.56
4550.53
1606.04
7086.86
6015.3
3593.41
1221.11
3229.6
5984.26
4341.74
7083.49
8069.81
6526.62
1125.16
1593.6
5799.24
5308.52
1973.44
2141.77
6749.28
6318.61
6729.53
1833.57
1386.31
8724.13
7742.53
5228.84
7573.26
1535.65
2007.12
6833.42
3078.91
1653.95
1865.11
1321.26
3617.29
6398.77
1395.79
4397.08
5219.08
3865.83
3271.99
1115.78
6430.58
2825.89
6785.94
7703.1
1080.37
2092.0
2194.84
7222.08
2135.27
3245.26
1435.88
4002.88
1396.1
6693.83
6979.81
1406.59
6712.21
1967.28
7641.77
1425.16
6181.06
8059.65
1416.09
7739.86
6872.97
7137.03
1201.92
3774.81
7489.2
8144.02
7532.9
1253.61
1008.64
3097.92
6623.01
6197.84
6826.61
7341.65
2189.77
1433.11
8738.72
7458.99
997.5
2086.18
7093.42
6627.43
2969.83
3005.01
7630.26
7773.92
7213.44
1529.65
6861.31
2852.93
3547.35
5300.24
6061.8
1195.37
3079.99
2722.95
1564.47
1966.29
7152.88
7918.53
5572.09
6894.23
3290.68
4215.21
6964.01
5944.87
7838.22
7331.73
6369.28
2143.52
5298.72
6312.03
1470.53
3830.49
8043.71
1669.13
1410.33
1038.07
7060.6
1363.32
7677.73
4111.99
8144.16
1070.06
4129.54
6890.94
4715.64
2835.11
7106.01
7041.27
7268.06
7198.85
7816.44
8035.2
8098.16
6543.39
2686.52
7927.49
6701.36
2310.15
6814.76
6742.97
7312.85
5930.17
6304.53
6672.69
1964.31
2432.89
6923.41
7227.96
7197.5
1125.06
3294.08
1974.69
3455.24
1050.04
6529.99
2908.24
4286.46
6947.06
1592.74
7736.07
1941.41
2025.58
2721.78
2137.59
6508.21
4938.61
7252.4
5672.7
7670.37
7170.7
1562.65
