7773.92
3294.08
6712.21
1363.32
1992.46
1787.25
6245.18
1406.59
2329.44
6209.71
1564.47
7046.57
5989.27
5930.17
6318.61
2305.64
4215.21
7380.32
6661.44
1688.32
7276.63
3079.99
1098.29
2542.69
1050.04
1410.33
5408.52
6763.38
6734.99
7670.37
6646.55
1856.43
1945.82
3865.83
4290.59
1606.04
7906.6
7404.61
6923.41
2825.89
1833.57
1070.06
1201.92
6749.28
8465.77
6015.3
1982.93
7086.86
4715.64
7252.4
2088.95
3830.49
1321.26
7739.86
5984.26
2092.0
8035.2
6554.04
5783.15
7840.31
1592.74
7268.06
7458.99
7106.01
1973.44
4550.53
6398.77
7041.27
7198.85
1410.42
6864.87
2584.21
1235.3
6495.15
3078.91
3315.26
3426.45
6890.94
2976.85
6642.27
4341.74
1593.6
2686.52
7227.45
5860.99
6742.89
1288.11
8001.57
8256.28
7703.1
1221.11
6312.03
1321.26
1535.65
7532.9
6197.84
5228.84
2458.65
7035.76
1024.55
6181.06
5672.7
7152.88
1895.25
4326.76
1669.13
1809.54
6627.43
1169.57
2189.77
6165.35
6446.31
1447.05
2141.77
6529.99
6526.62
7630.26
2835.11
7341.65
3455.24
5457.82
1386.31
6470.74
3290.68
6785.94
1333.71
1941.41
7312.85
3190.12
1470.53
2007.12
6206.24
3266.62
7816.44
3547.35
6693.83
7830.35
6872.97
1395.79
7136.1
6623.01
1967.28
6543.39
3682.73
7222.08
1439.05
1816.47
4129.54
6430.58
5715.92
6508.21
8084.88
6710.4
1653.95
7838.22
8059.65
3186.77
2086.18
4002.88
2883.21
2025.58
8098.16
4397.08
3626.88
6607.13
7060.6
7245.13
1386.25
3229.6
6304.53
6721.08
5799.24
2908.24
8144.16
3597.92
6729.53
6335.56
6588.28
6826.61
1529.65
7213.44
6407.52
4111.99
1964.31
6814.76
6964.01
1125.06
2415.25
2194.84
1125.16
1115.78
6833.42
1396.1
2143.52
6586.01
1433.11
7742.53
2388.33
8043.71
1008.64
1974.69
1966.29
6061.8
1038.07
7331.73
1518.55
6223.37
6839.59
1425.16
3784.23
2310.15
3369.14
7773.31
5062.44
6369.28
8144.02
7197.5
6919.59
1058.14
2969.83
7009.56
3774.81
5219.08
1484.46
6672.69
1435.88
7927.49
2795.3
1080.37
4286.46
5300.24
4260.41
5298.72
8516.02
7489.2
6593.8
7573.26
6947.06
7993.09
3005.01
1253.61
6514.72
1865.11
4938.61
1050.98
7575.15
1448.49
1416.09
2829.02
2137.59
5572.09
7500.79
8069.81
1562.65
2432.89
5308.52
7093.42
7832.22
7866.52
7083.49
8724.13
6701.36
4366.59
1105.06
3097.92
2852.93
7227.96
8039.45
4351.63
7736.07
7170.7
1846.9
1195.37
1570.2
3593.41
2612.89
6894.23
3617.29
7630.71
6979.81
2135.27
6861.31
5110.86
7918.53
5944.87
7677.73
6742.97
6923.6
2722.95
2721.78
3245.26
1500.1
7641.77
997.5
1487.34
1879.87
3271.99
8738.72
7877.19
7137.03
