7630.71
1386.25
3245.26
3186.77
7197.5
4260.41
6015.3
6734.99
6529.99
1593.6
4290.59
5672.7
7877.19
3455.24
7489.2
6407.52
6588.28
3266.62
4129.54
6710.4
1433.11
1967.28
1125.06
1653.95
1038.07
6701.36
6693.83
6742.97
6833.42
6526.62
2542.69
1321.26
4397.08
4366.59
2415.25
3369.14
5300.24
1058.14
7458.99
6495.15
1169.57
1529.65
1606.04
2976.85
7573.26
1080.37
8256.28
3005.01
7227.45
2458.65
5984.26
1050.04
1447.05
7641.77
4286.46
2007.12
5457.82
6181.06
1416.09
6923.41
6712.21
2584.21
3865.83
5989.27
2908.24
3079.99
4111.99
7816.44
7137.03
7993.09
2795.3
6872.97
1974.69
7742.53
3229.6
5228.84
6627.43
6826.61
997.5
1809.54
8039.45
2092.0
1941.41
6742.89
7773.31
6554.04
1570.2
8035.2
5572.09
7703.1
3617.29
7380.32
1518.55
1964.31
6721.08
2969.83
2388.33
6593.8
4351.63
1098.29
6470.74
2883.21
7630.26
4215.21
4326.76
6861.31
1008.64
7060.6
1253.61
6206.24
7866.52
7035.76
6623.01
6165.35
1688.32
6785.94
7830.35
7170.7
8059.65
8084.88
1992.46
2310.15
2135.27
6223.37
1500.1
2329.44
5062.44
1945.82
2852.93
8516.02
2305.64
2088.95
1816.47
2829.02
8724.13
1288.11
7252.4
1221.11
3271.99
6814.76
1669.13
1425.16
7245.13
1195.37
3294.08
8043.71
7086.86
6919.59
5930.17
7575.15
7341.65
2432.89
6923.6
7838.22
3593.41
7152.88
1895.25
1396.1
7404.61
2825.89
5860.99
7500.79
1564.47
7041.27
8001.57
6209.71
6245.18
7927.49
7198.85
5783.15
1856.43
1024.55
2686.52
7222.08
6508.21
4341.74
2721.78
3078.91
6446.31
3426.45
1982.93
7532.9
1966.29
2722.95
1115.78
6586.01
5298.72
1487.34
6514.72
2143.52
3597.92
1470.53
7106.01
4002.88
8144.02
1105.06
3830.49
6398.77
1050.98
4715.64
7832.22
3626.88
7840.31
5308.52
3315.26
7918.53
3682.73
7331.73
6607.13
3290.68
3097.92
4550.53
8069.81
1386.31
7009.56
1363.32
6312.03
7046.57
6318.61
8738.72
1125.16
8144.16
7773.92
1865.11
6749.28
6430.58
7670.37
2025.58
1448.49
7276.63
5110.86
7093.42
6661.44
7227.96
2612.89
5219.08
6335.56
4938.61
6646.55
7312.85
1333.71
3190.12
6947.06
1201.92
5944.87
7268.06
3774.81
2189.77
8098.16
7136.1
1562.65
7906.6
1395.79
2141.77
6672.69
6197.84
8465.77
2835.11
1484.46
1833.57
1787.25
7083.49
6729.53
1235.3
6894.23
7677.73
1435.88
1846.9
2137.59
6839.59
2194.84
1410.42
1410.33
6763.38
5715.92
6543.39
7739.86
6864.87
6890.94
1439.05
2086.18
6964.01
5408.52
3784.23
1973.44
6061.8
1592.74
7213.44
7736.07
1879.87
6369.28
1321.26
6642.27
3547.35
1070.06
6979.81
1535.65
6304.53
1406.59
5799.24
