7106.01
2088.95
7380.32
2825.89
1058.14
6245.18
7136.1
1386.31
6508.21
6864.87
3266.62
1606.04
1865.11
3830.49
6015.3
2795.3
7816.44
7009.56
7222.08
7276.63
5715.92
3626.88
4550.53
7927.49
1050.04
6979.81
1833.57
1395.79
7830.35
1967.28
7341.65
6318.61
6529.99
7227.96
1448.49
7489.2
2612.89
1125.06
1562.65
2007.12
2584.21
4002.88
2329.44
4260.41
1439.05
6181.06
1816.47
6623.01
3271.99
1080.37
2722.95
1570.2
7331.73
1105.06
6872.97
1895.25
1288.11
7832.22
2310.15
2194.84
2686.52
6446.31
2305.64
7245.13
1169.57
7641.77
1974.69
3005.01
3190.12
2141.77
6398.77
6701.36
1447.05
1846.9
1435.88
6495.15
1406.59
2415.25
7312.85
5219.08
1416.09
7670.37
1115.78
1008.64
4938.61
1992.46
1879.87
2137.59
5944.87
6197.84
8035.2
7532.9
7993.09
6369.28
1470.53
7918.53
7573.26
6890.94
6693.83
3865.83
1201.92
6209.71
1070.06
2829.02
6165.35
2092.0
7500.79
6223.37
1433.11
7739.86
5298.72
8724.13
7677.73
1363.32
6335.56
6861.31
7458.99
4290.59
3426.45
7060.6
1024.55
1125.16
3186.77
1809.54
1964.31
1321.26
1386.25
7742.53
8256.28
1221.11
6742.89
3682.73
6742.97
1333.71
7198.85
6642.27
3593.41
1982.93
2852.93
3245.26
7877.19
1856.43
8039.45
2143.52
2086.18
6833.42
7170.7
7838.22
6627.43
1500.1
1321.26
7773.31
1050.98
6304.53
2432.89
1410.33
6661.44
7252.4
1518.55
8144.16
8043.71
2976.85
6061.8
6947.06
1529.65
5110.86
2542.69
8059.65
3079.99
1688.32
2388.33
6923.6
3774.81
1253.61
7083.49
6646.55
6923.41
6749.28
4366.59
3617.29
3369.14
6919.59
3784.23
4397.08
7630.26
1973.44
3294.08
6430.58
1945.82
7197.5
7152.88
7035.76
6814.76
6607.13
2883.21
8738.72
1195.37
7213.44
4215.21
7840.31
6407.52
5672.7
6514.72
7736.07
1592.74
6826.61
6710.4
5308.52
1564.47
6672.69
7093.42
4286.46
4111.99
997.5
7404.61
3597.92
3547.35
6543.39
2025.58
3229.6
6586.01
5572.09
7703.1
2721.78
4715.64
8516.02
7906.6
5860.99
2969.83
8069.81
1487.34
2189.77
6839.59
1425.16
7041.27
6721.08
1787.25
1669.13
5783.15
7773.92
6785.94
1410.42
6554.04
3097.92
5989.27
1941.41
8144.02
2835.11
5300.24
6588.28
3290.68
6894.23
1098.29
7137.03
8098.16
2135.27
8001.57
3315.26
5799.24
5228.84
4351.63
1653.95
7046.57
6712.21
7268.06
5457.82
1966.29
8084.88
6734.99
1038.07
6729.53
8465.77
2908.24
6470.74
5984.26
4341.74
6526.62
5408.52
3455.24
5930.17
4326.76
6593.8
7086.86
1484.46
4129.54
1235.3
6312.03
6206.24
7227.45
7575.15
1535.65
2458.65
5062.44
6763.38
3078.91
7866.52
7630.71
6964.01
1593.6
1396.1
