6826.61
2722.95
4326.76
5989.27
4550.53
4366.59
3079.99
6947.06
1879.87
1396.1
1816.47
2852.93
2388.33
1564.47
6646.55
1895.25
7630.71
6693.83
7927.49
2976.85
7866.52
6979.81
1992.46
6369.28
8001.57
3682.73
2007.12
6833.42
3547.35
1945.82
4715.64
7773.31
1221.11
7918.53
8069.81
2092.0
7136.1
8144.16
6181.06
3315.26
4397.08
8724.13
4286.46
6734.99
5984.26
6430.58
8039.45
1321.26
997.5
1070.06
7035.76
7086.86
1125.16
3617.29
3784.23
7083.49
6529.99
7830.35
1098.29
1169.57
6861.31
6588.28
1974.69
8738.72
2189.77
6894.23
5110.86
1562.65
6627.43
2883.21
7227.45
3097.92
7677.73
1008.64
1195.37
1500.1
7222.08
6607.13
1669.13
7575.15
2825.89
4260.41
6729.53
1529.65
7736.07
7500.79
6749.28
1593.6
7245.13
7703.1
3593.41
5715.92
3294.08
1105.06
1038.07
5799.24
7832.22
7630.26
6710.4
6814.76
1288.11
6785.94
2025.58
1425.16
6061.8
5300.24
7276.63
6672.69
1484.46
6446.31
6642.27
5457.82
1433.11
1058.14
5672.7
6407.52
1435.88
3266.62
7252.4
1024.55
1518.55
1982.93
1973.44
2969.83
6197.84
7198.85
6206.24
2194.84
5944.87
1410.42
7840.31
3830.49
8256.28
3271.99
1535.65
1606.04
3190.12
6508.21
1439.05
7877.19
1235.3
1050.04
2141.77
1333.71
7268.06
5860.99
6554.04
3229.6
1201.92
3369.14
4341.74
6398.77
4129.54
8516.02
1386.31
7041.27
2143.52
6209.71
1856.43
7816.44
7838.22
6742.89
7152.88
7312.85
2329.44
6335.56
7993.09
7227.96
5298.72
2795.3
4215.21
2432.89
7573.26
7641.77
3455.24
1050.98
2310.15
7046.57
1809.54
1470.53
3290.68
6543.39
2612.89
7742.53
6586.01
5783.15
6470.74
6721.08
7341.65
6495.15
1941.41
1833.57
2415.25
6839.59
1865.11
6526.62
1487.34
7137.03
6223.37
6245.18
7213.44
5228.84
5930.17
3005.01
7404.61
2135.27
2686.52
5408.52
4351.63
4111.99
4938.61
7670.37
6872.97
6964.01
2835.11
1846.9
6514.72
4002.88
6312.03
2584.21
7739.86
1363.32
3626.88
7773.92
7106.01
1592.74
2086.18
1115.78
1386.25
7458.99
3865.83
7197.5
1416.09
6701.36
8035.2
1964.31
2137.59
4290.59
2458.65
1321.26
6165.35
8465.77
6923.41
8043.71
1125.06
6864.87
7489.2
1395.79
7009.56
5572.09
6919.59
6712.21
7170.7
7331.73
6661.44
8059.65
5062.44
2721.78
2908.24
2305.64
7060.6
3078.91
3597.92
7093.42
3245.26
2542.69
3426.45
3774.81
6318.61
6593.8
3186.77
7906.6
6623.01
8084.88
7532.9
1410.33
1966.29
1080.37
8144.02
2829.02
1406.59
1447.05
6015.3
1253.61
1787.25
5308.52
7380.32
6763.38
8098.16
6304.53
1448.49
1653.95
5219.08
6923.6
1967.28
1570.2
6742.97
6890.94
2088.95
1688.32
