7136.1
3455.24
3294.08
1964.31
6543.39
7222.08
6206.24
2542.69
6701.36
1386.31
5408.52
4351.63
1333.71
5715.92
1235.3
7198.85
8084.88
7276.63
5989.27
6588.28
4366.59
7773.31
2007.12
1688.32
3865.83
2584.21
2721.78
1974.69
2329.44
1080.37
2143.52
7106.01
2612.89
6826.61
4550.53
5228.84
1321.26
1470.53
7736.07
3617.29
1529.65
7641.77
8144.16
5062.44
3290.68
5799.24
1447.05
6304.53
2025.58
5672.7
1406.59
7197.5
1846.9
2137.59
6318.61
7773.92
5944.87
2829.02
6593.8
1435.88
2432.89
7918.53
6554.04
7268.06
7083.49
2458.65
1941.41
2722.95
8001.57
7927.49
5308.52
1410.33
6430.58
3830.49
7489.2
1484.46
6398.77
3005.01
1288.11
1098.29
6734.99
4290.59
4260.41
1992.46
7152.88
5219.08
8059.65
1592.74
6181.06
1058.14
1038.07
7170.7
6661.44
6742.97
1201.92
6964.01
7245.13
1416.09
1967.28
1562.65
7227.45
3079.99
7137.03
2092.0
5930.17
7312.85
7816.44
3682.73
7838.22
7500.79
1500.1
6693.83
6923.41
2189.77
7060.6
6872.97
6864.87
1221.11
1487.34
3245.26
1386.25
6627.43
1125.06
3369.14
7041.27
6508.21
6526.62
2088.95
7832.22
7742.53
3426.45
2908.24
7458.99
3547.35
6223.37
6785.94
3593.41
1570.2
6642.27
3078.91
4286.46
4129.54
4002.88
5300.24
8035.2
1169.57
7630.26
6729.53
7739.86
7830.35
6749.28
6763.38
5457.82
1363.32
7331.73
1606.04
6407.52
2976.85
6623.01
1253.61
6197.84
4397.08
3626.88
1856.43
6529.99
8738.72
7703.1
1669.13
7630.71
3097.92
3784.23
3774.81
6839.59
1008.64
2852.93
6890.94
1395.79
5984.26
6495.15
6514.72
2835.11
7086.86
1982.93
5110.86
3597.92
7093.42
7573.26
7404.61
1593.6
2141.77
6742.89
2825.89
1433.11
6015.3
7252.4
7046.57
1895.25
8724.13
7993.09
1966.29
3266.62
2686.52
6335.56
6586.01
7380.32
4326.76
5783.15
3271.99
1050.04
4341.74
7213.44
6312.03
6672.69
1396.1
6710.4
1105.06
6861.31
7532.9
1448.49
8465.77
6607.13
4111.99
7906.6
6923.6
7677.73
6369.28
1564.47
1945.82
4715.64
2415.25
6646.55
2194.84
7009.56
7866.52
6470.74
2135.27
7840.31
1809.54
1535.65
1816.47
8039.45
7575.15
7877.19
6979.81
6814.76
7035.76
5298.72
6446.31
1024.55
1973.44
3229.6
8043.71
3186.77
1050.98
1787.25
1653.95
6061.8
6209.71
1410.42
6245.18
6721.08
2969.83
6833.42
1115.78
1833.57
6894.23
1879.87
5860.99
7227.96
1125.16
5572.09
8098.16
2310.15
3190.12
2388.33
2795.3
2086.18
997.5
6165.35
1070.06
8144.02
1425.16
1865.11
6919.59
4215.21
7670.37
3315.26
6947.06
1439.05
1195.37
8069.81
6712.21
1321.26
4938.61
2305.64
7341.65
1518.55
8256.28
8516.02
2883.21
