7773.92
7252.4
2969.83
6701.36
3369.14
6335.56
8001.57
7532.9
8144.02
1592.74
3547.35
1809.54
4326.76
1865.11
3682.73
1787.25
6430.58
7838.22
6742.89
7093.42
2883.21
1080.37
3426.45
7832.22
1669.13
8516.02
8035.2
6785.94
1606.04
4341.74
1879.87
1321.26
7198.85
2458.65
5572.09
5219.08
6223.37
2542.69
4290.59
6369.28
2795.3
2584.21
6407.52
2189.77
1593.6
2908.24
7083.49
1439.05
6749.28
6964.01
1856.43
1570.2
7575.15
1535.65
2829.02
1221.11
6742.97
1895.25
1105.06
7276.63
2825.89
7500.79
7816.44
4550.53
1973.44
1564.47
1333.71
8059.65
1941.41
7170.7
3229.6
6470.74
5672.7
7927.49
3005.01
6672.69
6197.84
7046.57
6529.99
1967.28
6398.77
1396.1
6864.87
7573.26
8738.72
2388.33
2025.58
6833.42
6061.8
7060.6
7341.65
6543.39
1321.26
3593.41
6495.15
4397.08
6593.8
6721.08
1416.09
8069.81
8465.77
3315.26
1529.65
5062.44
1008.64
4715.64
2194.84
1125.16
6923.6
5300.24
6586.01
1050.04
2143.52
5984.26
2722.95
7227.96
3186.77
7677.73
5799.24
5228.84
1816.47
3626.88
1115.78
7106.01
1363.32
3294.08
2310.15
7670.37
1024.55
5715.92
1038.07
6729.53
1125.06
1395.79
2141.77
3617.29
7152.88
3271.99
3079.99
7136.1
6890.94
997.5
7041.27
2432.89
7268.06
1966.29
1945.82
4002.88
1964.31
2852.93
1487.34
7736.07
6872.97
1201.92
6015.3
6245.18
7739.86
1992.46
2086.18
5308.52
1288.11
6646.55
7906.6
6209.71
6181.06
2721.78
6919.59
7404.61
1253.61
1447.05
4286.46
7137.03
3078.91
6627.43
6814.76
1518.55
4260.41
1058.14
1098.29
6508.21
1982.93
7830.35
6861.31
2835.11
6607.13
3455.24
1235.3
3266.62
7773.31
2305.64
1386.25
2415.25
7331.73
2007.12
3865.83
1833.57
1653.95
7086.86
6712.21
6839.59
6514.72
6318.61
6661.44
7866.52
6206.24
6165.35
1425.16
4215.21
1433.11
3190.12
5860.99
7458.99
2137.59
7630.71
6763.38
6979.81
7245.13
2135.27
3784.23
6693.83
3597.92
1406.59
1470.53
2329.44
1448.49
6642.27
2088.95
5989.27
7009.56
1688.32
3290.68
7035.76
7703.1
7380.32
8256.28
1195.37
1410.42
4351.63
1386.31
8098.16
7489.2
7312.85
1435.88
7222.08
8084.88
6894.23
7993.09
5457.82
6734.99
1484.46
3830.49
6947.06
7877.19
5783.15
8043.71
8039.45
6312.03
7742.53
2686.52
7227.45
1169.57
6710.4
4366.59
2612.89
5408.52
1974.69
3097.92
3245.26
6923.41
4938.61
1070.06
6588.28
6304.53
6826.61
2976.85
1500.1
7197.5
1846.9
2092.0
5930.17
8144.16
7918.53
4111.99
6554.04
5944.87
6526.62
7213.44
7641.77
6446.31
8724.13
7840.31
7630.26
1050.98
1410.33
3774.81
4129.54
5110.86
1562.65
6623.01
5298.72
