1535.65
7227.45
4326.76
7773.31
2007.12
2135.27
6318.61
6839.59
1982.93
6979.81
3682.73
2388.33
1846.9
1333.71
3597.92
6964.01
1592.74
5457.82
2189.77
7703.1
7532.9
2825.89
7877.19
1080.37
6627.43
2092.0
1115.78
7866.52
7838.22
3190.12
6470.74
1221.11
1410.33
1833.57
6588.28
8144.02
6833.42
2795.3
6826.61
1992.46
1410.42
1169.57
1487.34
1416.09
6586.01
1321.26
2088.95
8059.65
6554.04
3294.08
7830.35
8256.28
3186.77
997.5
3830.49
2194.84
5308.52
7840.31
4351.63
6749.28
7630.71
5944.87
8144.16
5860.99
1395.79
6430.58
7630.26
5989.27
5062.44
6398.77
5984.26
7009.56
2584.21
6693.83
1973.44
7927.49
2883.21
1105.06
1288.11
3097.92
1470.53
4129.54
7906.6
4715.64
5783.15
7312.85
8069.81
7380.32
6661.44
6015.3
6785.94
1816.47
7458.99
7152.88
7170.7
8001.57
6335.56
6701.36
3078.91
3005.01
1439.05
5672.7
5298.72
6742.89
1564.47
1879.87
1201.92
5408.52
1856.43
6508.21
1562.65
5228.84
3455.24
8035.2
1406.59
7213.44
1787.25
1253.61
7832.22
3229.6
4938.61
2721.78
3865.83
3369.14
4550.53
6734.99
1945.82
2852.93
3266.62
1570.2
2969.83
4290.59
4286.46
7136.1
1593.6
7035.76
1386.31
1967.28
6642.27
1809.54
7670.37
3784.23
7227.96
5572.09
1865.11
6672.69
1447.05
3626.88
8043.71
4397.08
4215.21
6712.21
6607.13
2305.64
1070.06
6814.76
7641.77
7677.73
2141.77
6729.53
6495.15
4260.41
1008.64
8084.88
8098.16
6223.37
7404.61
6593.8
2432.89
5715.92
8465.77
1974.69
7773.92
1964.31
4341.74
5110.86
1669.13
2143.52
1321.26
2458.65
1529.65
6529.99
6407.52
7046.57
1024.55
3547.35
7252.4
6721.08
1688.32
1363.32
1941.41
7106.01
6061.8
7093.42
7086.86
1448.49
7736.07
1653.95
3426.45
7575.15
6947.06
1058.14
6209.71
1484.46
7198.85
6646.55
1038.07
7573.26
3245.26
6864.87
5799.24
2310.15
7268.06
4002.88
6543.39
3617.29
4111.99
1500.1
3315.26
7060.6
6894.23
8516.02
7197.5
1966.29
1125.06
1518.55
2542.69
6181.06
6312.03
7993.09
6763.38
3271.99
8039.45
7742.53
2137.59
6923.6
6919.59
2415.25
8724.13
6514.72
7041.27
2686.52
1125.16
5930.17
6446.31
1235.3
2025.58
6861.31
7276.63
7222.08
2829.02
1396.1
7341.65
6526.62
3079.99
1195.37
1425.16
2086.18
6369.28
5300.24
2976.85
1386.25
1895.25
8738.72
6890.94
3774.81
7137.03
2908.24
2722.95
1433.11
6304.53
3290.68
4366.59
2835.11
6742.97
7245.13
1050.98
6165.35
7500.79
3593.41
6710.4
7331.73
6623.01
1050.04
6872.97
1606.04
7918.53
6245.18
6206.24
1098.29
6923.41
1435.88
6197.84
7739.86
7083.49
5219.08
7489.2
2612.89
7816.44
2329.44
