6864.87
1484.46
1448.49
6749.28
1253.61
5715.92
1535.65
6923.41
1050.04
2825.89
2584.21
3426.45
7993.09
6407.52
7213.44
4550.53
2189.77
7170.7
2969.83
6734.99
2329.44
1416.09
6061.8
5300.24
7341.65
4366.59
1487.34
7404.61
2721.78
2829.02
7739.86
7060.6
2976.85
8043.71
7630.71
7773.31
6495.15
1564.47
1195.37
1787.25
4715.64
7136.1
5944.87
7489.2
1105.06
7830.35
1966.29
3294.08
3597.92
4002.88
5308.52
7742.53
2835.11
2310.15
7086.86
3229.6
1500.1
6979.81
7035.76
5298.72
3266.62
6588.28
2795.3
6833.42
4397.08
5219.08
6872.97
2086.18
8039.45
4129.54
6554.04
3097.92
5228.84
2432.89
3005.01
1941.41
1529.65
7866.52
6223.37
3626.88
2137.59
8724.13
6646.55
6763.38
6661.44
1592.74
3245.26
8098.16
6197.84
6398.77
7252.4
6312.03
6470.74
2686.52
7575.15
6304.53
1570.2
7009.56
7736.07
1024.55
3079.99
6245.18
1406.59
7276.63
8059.65
7137.03
6721.08
2612.89
1008.64
5110.86
2883.21
6826.61
6015.3
2852.93
7573.26
1070.06
6165.35
1386.31
5062.44
7331.73
1895.25
6964.01
3315.26
2025.58
2141.77
3455.24
6861.31
6318.61
1221.11
6586.01
8001.57
6693.83
7227.96
2542.69
7245.13
1080.37
1606.04
2143.52
6607.13
3078.91
1833.57
7458.99
1470.53
2092.0
1386.25
1410.33
1865.11
3784.23
7046.57
1669.13
7268.06
1964.31
6814.76
1050.98
7312.85
4286.46
8084.88
6894.23
7227.45
3190.12
1562.65
4938.61
6947.06
6526.62
7152.88
1809.54
7832.22
7703.1
1363.32
1425.16
7106.01
7838.22
7641.77
8144.16
1169.57
6919.59
7380.32
7630.26
8465.77
1982.93
6508.21
6543.39
6430.58
2305.64
5672.7
6923.6
2722.95
7198.85
1973.44
1321.26
3369.14
8738.72
1115.78
7877.19
5984.26
8256.28
1201.92
2458.65
1433.11
1333.71
1945.82
1235.3
1846.9
8144.02
6729.53
6206.24
7816.44
7773.92
2088.95
6642.27
4260.41
1439.05
1098.29
1653.95
2007.12
6839.59
6701.36
1518.55
8069.81
3682.73
5930.17
7677.73
7500.79
6742.89
2415.25
6712.21
6785.94
7927.49
3290.68
6890.94
6742.97
4290.59
4341.74
1058.14
6529.99
1288.11
7532.9
2135.27
6335.56
1992.46
5783.15
6446.31
6181.06
1125.06
1396.1
1125.16
3774.81
1447.05
3593.41
4351.63
5860.99
1879.87
7083.49
6514.72
5799.24
8035.2
2388.33
1410.42
1816.47
997.5
1593.6
7093.42
1967.28
5989.27
1321.26
3830.49
6209.71
4111.99
6710.4
2908.24
6593.8
3865.83
5408.52
7840.31
5457.82
7918.53
3186.77
3617.29
1435.88
4326.76
7197.5
5572.09
7041.27
8516.02
6623.01
7906.6
3547.35
1395.79
1038.07
1688.32
7670.37
1856.43
6672.69
6627.43
1974.69
4215.21
2194.84
6369.28
3271.99
7222.08
