1653.95
6763.38
1058.14
4260.41
5715.92
1395.79
1945.82
7703.1
6588.28
7993.09
1487.34
2432.89
4111.99
2458.65
3079.99
3315.26
6304.53
7170.7
1964.31
1080.37
7739.86
8465.77
7573.26
5228.84
1688.32
7832.22
6749.28
6712.21
1593.6
6701.36
1195.37
1809.54
8084.88
8144.16
4129.54
6734.99
3547.35
1038.07
3078.91
6543.39
6890.94
2388.33
6742.97
2086.18
6181.06
6979.81
1564.47
1321.26
8043.71
7840.31
6627.43
1008.64
2135.27
1098.29
6693.83
1941.41
1856.43
6586.01
1879.87
7198.85
1410.42
6407.52
7575.15
7877.19
1570.2
8256.28
1169.57
4397.08
4938.61
1105.06
5062.44
1386.25
2415.25
1433.11
2310.15
1982.93
6061.8
1787.25
2908.24
6209.71
6947.06
7093.42
2825.89
5783.15
8724.13
1253.61
6672.69
3597.92
7773.31
3626.88
5308.52
7041.27
6814.76
1235.3
6785.94
6919.59
6964.01
7458.99
2852.93
7866.52
6661.44
2584.21
3774.81
7773.92
4002.88
7152.88
6245.18
8001.57
7927.49
3190.12
4550.53
6839.59
1448.49
7106.01
3097.92
5984.26
1221.11
4715.64
7742.53
6470.74
7276.63
2092.0
3426.45
7312.85
6742.89
1484.46
1363.32
1115.78
997.5
3369.14
7083.49
3682.73
2189.77
8035.2
1425.16
7222.08
5219.08
7252.4
8098.16
6529.99
6642.27
7630.71
2829.02
8144.02
4290.59
7137.03
5944.87
3271.99
1470.53
6623.01
2542.69
7035.76
2883.21
1846.9
5930.17
6721.08
2612.89
5457.82
3784.23
1992.46
7197.5
7380.32
5799.24
1439.05
1865.11
2137.59
2194.84
1669.13
1529.65
1966.29
2007.12
1050.04
6833.42
6446.31
6872.97
7489.2
6607.13
2722.95
7918.53
6197.84
6335.56
6495.15
3290.68
1406.59
1447.05
6398.77
2976.85
7630.26
1562.65
7500.79
6826.61
2721.78
1024.55
2329.44
8059.65
6923.41
8039.45
1201.92
5572.09
3294.08
7227.96
6710.4
7245.13
4286.46
2686.52
7838.22
7816.44
3229.6
3593.41
6646.55
6923.6
6369.28
7677.73
1816.47
4351.63
8069.81
8516.02
1500.1
4341.74
6729.53
5110.86
6864.87
5860.99
3830.49
3455.24
7009.56
1895.25
1125.16
6554.04
6165.35
1974.69
7736.07
2969.83
6508.21
8738.72
1833.57
1973.44
1125.06
1050.98
1535.65
2795.3
5298.72
1288.11
3245.26
2088.95
7060.6
6015.3
1070.06
1518.55
6312.03
1333.71
7404.61
3186.77
7906.6
5300.24
6318.61
1321.26
1396.1
7268.06
5989.27
7670.37
2143.52
6894.23
1416.09
3005.01
7532.9
1386.31
2305.64
6861.31
4326.76
7830.35
1592.74
7331.73
7213.44
5408.52
1606.04
3865.83
3266.62
1435.88
6206.24
7227.45
1967.28
5672.7
2141.77
7136.1
2025.58
3617.29
6514.72
6430.58
7086.86
1410.33
6526.62
6223.37
7641.77
7341.65
2835.11
4215.21
6593.8
7046.57
4366.59
