6861.31
2976.85
2194.84
1688.32
5228.84
8001.57
1592.74
6742.89
6721.08
6742.97
7993.09
7575.15
7830.35
6947.06
2137.59
3186.77
1484.46
2852.93
7773.92
2086.18
8098.16
1967.28
3865.83
8465.77
8059.65
1098.29
1395.79
4326.76
5672.7
7276.63
6446.31
3369.14
1024.55
2189.77
7380.32
7500.79
1487.34
6642.27
1050.98
1669.13
3830.49
1321.26
7641.77
6543.39
6979.81
4290.59
6430.58
1416.09
7312.85
1425.16
1535.65
1435.88
2388.33
6646.55
1846.9
5062.44
3617.29
7866.52
3005.01
6729.53
3078.91
1518.55
3547.35
4215.21
7137.03
6964.01
3426.45
6763.38
7041.27
4129.54
5219.08
8144.02
7918.53
6369.28
7532.9
2092.0
2305.64
1787.25
1396.1
2088.95
1125.06
1500.1
7213.44
6181.06
4397.08
6923.6
1410.33
1564.47
8084.88
3455.24
6495.15
6833.42
1606.04
1992.46
1058.14
3266.62
1448.49
6407.52
7840.31
1221.11
2908.24
4111.99
1386.31
1070.06
6661.44
1253.61
2584.21
6919.59
5308.52
5783.15
5300.24
2722.95
1447.05
5860.99
8035.2
1809.54
2025.58
7630.71
5715.92
5799.24
6693.83
2310.15
6749.28
2795.3
7877.19
7677.73
3271.99
7927.49
1333.71
3245.26
2969.83
1363.32
8724.13
4002.88
1439.05
6223.37
6712.21
5408.52
6593.8
7093.42
1406.59
6514.72
5930.17
6209.71
2883.21
2686.52
1973.44
7086.86
7489.2
1966.29
6785.94
5110.86
2458.65
6839.59
6734.99
1833.57
4286.46
6335.56
4938.61
6398.77
2542.69
1008.64
7573.26
1080.37
6894.23
7046.57
6061.8
2432.89
1879.87
1529.65
7170.7
7630.26
4366.59
4550.53
7832.22
3097.92
1201.92
7227.96
1433.11
5984.26
3784.23
4341.74
7106.01
6923.41
2835.11
4351.63
5298.72
1964.31
7703.1
7222.08
3774.81
1941.41
6529.99
1125.16
6245.18
1562.65
7670.37
1865.11
1050.04
1410.42
1982.93
2143.52
4715.64
6197.84
1386.25
2329.44
3229.6
7458.99
1105.06
2415.25
1470.53
1115.78
6304.53
7331.73
7838.22
7009.56
7816.44
7060.6
6015.3
1945.82
6814.76
6864.87
6318.61
2007.12
2135.27
2612.89
3190.12
6508.21
7404.61
6165.35
7035.76
7198.85
8043.71
3290.68
1570.2
3593.41
1195.37
6586.01
6672.69
2141.77
1653.95
6588.28
5457.82
8069.81
7773.31
1816.47
7341.65
7252.4
7245.13
997.5
3294.08
1169.57
6607.13
6470.74
6554.04
6206.24
7136.1
1288.11
1321.26
1974.69
5572.09
5944.87
2829.02
6701.36
5989.27
7739.86
7736.07
8039.45
6623.01
1895.25
1038.07
3079.99
7152.88
6312.03
1593.6
6872.97
1235.3
7197.5
3597.92
2825.89
7268.06
8256.28
6826.61
1856.43
6627.43
6526.62
3315.26
3682.73
3626.88
8516.02
8738.72
7083.49
7227.45
7742.53
6710.4
6890.94
8144.16
7906.6
2721.78
4260.41
