3626.88
8098.16
6495.15
6833.42
7500.79
7458.99
8039.45
7703.1
7312.85
1321.26
5984.26
5228.84
1363.32
1973.44
1058.14
7840.31
1846.9
7927.49
7245.13
6964.01
1333.71
6742.97
1964.31
6923.6
2584.21
1941.41
2721.78
3547.35
7816.44
5062.44
1982.93
5944.87
1386.31
6785.94
3426.45
5300.24
1070.06
1787.25
7906.6
1050.04
1235.3
5783.15
1865.11
1321.26
6814.76
6661.44
4351.63
6223.37
4215.21
2835.11
6861.31
8084.88
5799.24
6672.69
7773.31
6627.43
3617.29
4550.53
1593.6
2135.27
7268.06
6181.06
7341.65
2025.58
1050.98
7083.49
4129.54
5715.92
1125.16
6872.97
4938.61
2194.84
5672.7
7489.2
5457.82
1195.37
8144.02
2092.0
6407.52
8724.13
3078.91
2795.3
1447.05
6894.23
6061.8
6710.4
1098.29
1024.55
6919.59
1221.11
2432.89
1435.88
1448.49
2143.52
1105.06
7993.09
3597.92
4260.41
7276.63
6318.61
1080.37
5930.17
1653.95
1606.04
6979.81
6446.31
3830.49
6398.77
1562.65
5298.72
6693.83
1439.05
1570.2
5860.99
1895.25
6586.01
6923.41
2189.77
4290.59
7573.26
2612.89
6430.58
2137.59
5572.09
3245.26
8144.16
1564.47
3369.14
6526.62
3229.6
4002.88
1115.78
2458.65
2686.52
2542.69
7630.71
6508.21
2883.21
2086.18
2829.02
6304.53
2141.77
3593.41
6607.13
2310.15
7677.73
3784.23
3315.26
7670.37
8043.71
6642.27
1500.1
7086.86
1688.32
7035.76
7832.22
7046.57
6593.8
7630.26
1856.43
6646.55
7736.07
2908.24
1410.33
2852.93
4715.64
7641.77
1487.34
7404.61
3271.99
1879.87
7918.53
6712.21
2722.95
7198.85
5110.86
6623.01
7773.92
1406.59
6588.28
7252.4
7532.9
7830.35
8059.65
6543.39
7137.03
1518.55
6514.72
8069.81
2305.64
7222.08
3865.83
6734.99
6312.03
997.5
2969.83
2388.33
4326.76
6864.87
8035.2
3294.08
1386.25
6721.08
2007.12
2825.89
5989.27
1966.29
1038.07
7106.01
1395.79
3682.73
1535.65
1833.57
2088.95
1974.69
6529.99
6890.94
1410.42
7009.56
7227.45
3186.77
2329.44
3079.99
7227.96
1809.54
1288.11
6209.71
7331.73
8256.28
7060.6
1592.74
7213.44
1529.65
1425.16
6839.59
7093.42
4366.59
7152.88
4341.74
3774.81
7866.52
1992.46
6749.28
3290.68
1669.13
6245.18
5219.08
1945.82
2976.85
1253.61
1201.92
4111.99
6335.56
2415.25
1125.06
4286.46
7838.22
7742.53
8465.77
6742.89
8738.72
6826.61
7136.1
6947.06
6015.3
7041.27
1433.11
6701.36
7739.86
3097.92
1169.57
6763.38
1396.1
5308.52
6470.74
6729.53
6206.24
3266.62
3190.12
7575.15
6554.04
1816.47
1484.46
5408.52
4397.08
7877.19
1416.09
3005.01
8001.57
7197.5
6369.28
7380.32
7170.7
6165.35
8516.02
6197.84
1008.64
1470.53
1967.28
3455.24
