7245.13
7866.52
7093.42
6304.53
4002.88
8465.77
1846.9
2976.85
2721.78
6470.74
6712.21
3079.99
3426.45
1470.53
5989.27
1669.13
2305.64
1593.6
2007.12
6890.94
1809.54
1529.65
7086.86
6693.83
6543.39
7742.53
3774.81
1966.29
7832.22
5228.84
4938.61
2135.27
7703.1
6526.62
1518.55
1321.26
1606.04
5298.72
6672.69
1201.92
8084.88
1974.69
6646.55
5799.24
6312.03
7641.77
2722.95
5300.24
2969.83
1973.44
4111.99
6833.42
7083.49
2086.18
6947.06
3245.26
3229.6
6245.18
2388.33
2137.59
6529.99
6335.56
2795.3
8738.72
1653.95
1195.37
1288.11
3186.77
4129.54
2458.65
1058.14
2143.52
1038.07
1435.88
6206.24
1235.3
1105.06
4351.63
1406.59
1333.71
6734.99
6554.04
1816.47
6839.59
7532.9
3190.12
8144.02
1125.06
7041.27
5930.17
1895.25
1410.42
1967.28
1050.98
7035.76
1098.29
3290.68
7380.32
1080.37
8059.65
1448.49
1425.16
2415.25
1487.34
6721.08
1879.87
7773.92
7838.22
1562.65
6607.13
6864.87
7268.06
7630.71
1433.11
8035.2
3617.29
7677.73
6593.8
5457.82
6763.38
2883.21
1535.65
1008.64
3830.49
4326.76
2829.02
7736.07
3455.24
3271.99
7106.01
6514.72
7489.2
1410.33
7312.85
6923.6
6430.58
6318.61
1865.11
3005.01
4290.59
7630.26
1964.31
7830.35
6919.59
6642.27
7009.56
3682.73
6623.01
6398.77
6197.84
3097.92
2432.89
2612.89
6785.94
1221.11
2908.24
1321.26
4397.08
2194.84
1070.06
6181.06
2092.0
6814.76
1395.79
8039.45
4341.74
1416.09
5572.09
8256.28
7993.09
7276.63
7252.4
6742.97
6826.61
1564.47
3369.14
2835.11
3626.88
6894.23
8516.02
5308.52
6749.28
6495.15
7137.03
7840.31
7213.44
6661.44
1386.25
2686.52
3784.23
5062.44
2141.77
1115.78
7739.86
5783.15
2189.77
997.5
5110.86
7906.6
1253.61
6586.01
1982.93
3597.92
6923.41
8724.13
2329.44
7341.65
5219.08
4550.53
1396.1
2088.95
1592.74
7222.08
6015.3
8043.71
6872.97
1941.41
6964.01
8001.57
4366.59
8144.16
7198.85
7575.15
1125.16
2310.15
6209.71
2542.69
7670.37
1386.31
3865.83
1169.57
8069.81
2825.89
1856.43
6446.31
5408.52
6223.37
5715.92
6165.35
6861.31
6742.89
7060.6
5984.26
5944.87
4215.21
6979.81
1484.46
7170.7
6701.36
6729.53
1363.32
7227.96
3315.26
1439.05
1992.46
6508.21
3078.91
6407.52
6627.43
3593.41
7227.45
6369.28
7877.19
1688.32
7404.61
7816.44
7197.5
4715.64
7918.53
4286.46
1945.82
1833.57
7331.73
7573.26
6061.8
7773.31
2025.58
7500.79
3294.08
1500.1
7046.57
1024.55
3266.62
8098.16
5860.99
1050.04
1787.25
1447.05
2852.93
1570.2
5672.7
7152.88
7927.49
7458.99
7136.1
4260.41
6710.4
6588.28
3547.35
2584.21
