4326.76
6742.97
2141.77
1447.05
1592.74
1235.3
5930.17
7830.35
1425.16
3266.62
8144.02
6693.83
7035.76
6729.53
2722.95
1879.87
5308.52
3865.83
6304.53
6710.4
5228.84
6642.27
6672.69
3626.88
7489.2
1105.06
7331.73
7245.13
3617.29
6209.71
7703.1
7137.03
6734.99
5989.27
1865.11
7152.88
4290.59
7832.22
7268.06
3005.01
2007.12
7222.08
5984.26
3426.45
6923.41
1688.32
6763.38
8098.16
7009.56
8084.88
6646.55
6627.43
8738.72
2686.52
7252.4
1833.57
1410.42
1518.55
6826.61
4129.54
1562.65
2092.0
6661.44
1816.47
4351.63
1070.06
7532.9
1856.43
7630.26
1416.09
1098.29
3547.35
3097.92
2189.77
2969.83
2795.3
7840.31
6814.76
1669.13
2194.84
6495.15
2432.89
7227.45
6721.08
6607.13
7170.7
8465.77
2305.64
7312.85
6894.23
3190.12
1058.14
4715.64
6061.8
1439.05
3290.68
7838.22
2825.89
5062.44
6947.06
3369.14
7736.07
2137.59
6742.89
1410.33
5110.86
7773.92
8043.71
1470.53
6543.39
3079.99
1973.44
7773.31
7993.09
997.5
7458.99
1941.41
1396.1
1024.55
6979.81
1333.71
8069.81
6923.6
1221.11
8039.45
6369.28
7086.86
4341.74
6245.18
7866.52
3593.41
2086.18
4111.99
7906.6
3784.23
6430.58
3186.77
2143.52
2852.93
5715.92
3245.26
6864.87
7677.73
8144.16
2135.27
4938.61
1487.34
1653.95
1321.26
1964.31
6407.52
6712.21
1050.04
1395.79
3078.91
1386.25
7404.61
1125.16
6839.59
1433.11
2415.25
1593.6
2025.58
2458.65
7341.65
1809.54
3597.92
6833.42
7739.86
1115.78
1945.82
2976.85
1080.37
2329.44
7083.49
1195.37
1253.61
2721.78
7060.6
7573.26
6015.3
7041.27
6470.74
1535.65
4260.41
1125.06
6593.8
1570.2
6197.84
6623.01
5944.87
5672.7
8256.28
7380.32
5783.15
1169.57
6318.61
1435.88
7742.53
6223.37
2310.15
4215.21
1895.25
2829.02
3294.08
6335.56
6919.59
7276.63
5860.99
4550.53
5572.09
1448.49
6181.06
2908.24
7106.01
2388.33
1529.65
6861.31
8724.13
4002.88
6165.35
6872.97
1321.26
3774.81
5799.24
2612.89
4366.59
2584.21
7046.57
8001.57
2088.95
1406.59
1201.92
7197.5
6890.94
4397.08
2883.21
6588.28
1008.64
6206.24
7927.49
6749.28
1038.07
1386.31
6701.36
6529.99
6586.01
8059.65
1974.69
1288.11
7670.37
3271.99
7877.19
1787.25
1363.32
1050.98
3682.73
7918.53
1982.93
3315.26
6964.01
6398.77
6508.21
6312.03
1967.28
5408.52
6514.72
5457.82
7198.85
5298.72
4286.46
1846.9
3229.6
1564.47
6526.62
7575.15
7227.96
3455.24
7816.44
1484.46
8516.02
6446.31
6554.04
1606.04
2542.69
3830.49
7630.71
8035.2
1966.29
7500.79
7641.77
6785.94
1500.1
7136.1
7213.44
5219.08
1992.46
5300.24
2835.11
7093.42
