7268.06
6318.61
4366.59
5984.26
1363.32
6407.52
6894.23
6814.76
6197.84
6839.59
1396.1
3294.08
2415.25
6304.53
6826.61
7918.53
4341.74
8001.57
7252.4
6470.74
7840.31
1410.42
2141.77
1439.05
4550.53
7170.7
6369.28
3186.77
2189.77
7532.9
1992.46
8069.81
1070.06
7136.1
5799.24
2137.59
5298.72
6646.55
1125.06
2092.0
7046.57
1386.25
1879.87
2686.52
2825.89
4397.08
7083.49
1500.1
5062.44
1080.37
6923.6
6964.01
3271.99
8516.02
3830.49
3617.29
8035.2
1592.74
6061.8
3426.45
7630.71
1333.71
2007.12
5930.17
3455.24
6701.36
6209.71
6672.69
3005.01
3315.26
6245.18
1195.37
1321.26
6586.01
4111.99
6710.4
6872.97
6785.94
1410.33
1982.93
7245.13
6588.28
2584.21
1484.46
8465.77
1115.78
3245.26
3784.23
8084.88
7575.15
1253.61
1487.34
1425.16
1038.07
2721.78
5715.92
1966.29
6554.04
7276.63
4326.76
1435.88
1050.04
6742.89
1945.82
6015.3
1518.55
1562.65
6729.53
7312.85
2143.52
1395.79
1669.13
1816.47
2086.18
6721.08
7927.49
1169.57
7197.5
2883.21
2612.89
2088.95
4290.59
1529.65
2722.95
6742.97
2025.58
1974.69
7906.6
4715.64
3266.62
1688.32
2542.69
3079.99
6312.03
2795.3
7838.22
6529.99
1386.31
7035.76
6430.58
6335.56
6861.31
7670.37
2976.85
1967.28
3593.41
5572.09
7742.53
2458.65
7106.01
1846.9
7009.56
7086.86
997.5
7137.03
4351.63
1856.43
1833.57
5228.84
7773.31
1058.14
3774.81
3229.6
7041.27
8738.72
3078.91
1865.11
6919.59
1535.65
1941.41
1406.59
6693.83
7227.45
5308.52
5408.52
1470.53
7703.1
5110.86
6607.13
1447.05
6923.41
2908.24
6495.15
3547.35
1105.06
1201.92
3290.68
1564.47
6623.01
7736.07
1570.2
6206.24
4002.88
7458.99
5300.24
6165.35
1653.95
7380.32
1321.26
7866.52
2432.89
3190.12
1024.55
1593.6
6712.21
5944.87
8098.16
4129.54
7630.26
7331.73
6526.62
6181.06
3682.73
1448.49
2829.02
3597.92
3369.14
2310.15
7830.35
4260.41
8256.28
7500.79
2835.11
8039.45
1050.98
5860.99
8043.71
5989.27
1433.11
1895.25
6661.44
8144.02
1809.54
7341.65
7489.2
6543.39
1098.29
2969.83
7404.61
1288.11
1416.09
5672.7
6627.43
2305.64
7816.44
4215.21
4938.61
2388.33
2135.27
7773.92
6749.28
6734.99
7573.26
7227.96
6833.42
2852.93
1964.31
7641.77
1235.3
7198.85
7993.09
6446.31
1125.16
8144.16
6514.72
2329.44
6947.06
6642.27
1221.11
1606.04
1787.25
5457.82
1008.64
3626.88
7213.44
7152.88
7222.08
6864.87
7739.86
8059.65
7677.73
6508.21
1973.44
6593.8
5219.08
8724.13
5783.15
6979.81
3097.92
3865.83
6223.37
7832.22
6398.77
7877.19
6890.94
2194.84
6763.38
4286.46
7060.6
7093.42
