1593.6
1024.55
1846.9
7703.1
6890.94
1406.59
1448.49
1333.71
7736.07
6979.81
2310.15
4129.54
2415.25
3271.99
6508.21
4366.59
3774.81
6826.61
7838.22
5783.15
997.5
3369.14
1992.46
6529.99
7677.73
6923.6
1856.43
1435.88
4286.46
4938.61
1386.31
2883.21
1945.82
1363.32
6304.53
2458.65
6495.15
1974.69
7222.08
2388.33
1080.37
1439.05
2432.89
5799.24
7830.35
7312.85
5572.09
7137.03
7918.53
8516.02
1433.11
1688.32
7866.52
6814.76
6623.01
5944.87
7197.5
2795.3
7840.31
6646.55
6588.28
7213.44
7083.49
6197.84
8144.16
6206.24
6607.13
7046.57
8738.72
1564.47
1967.28
8084.88
6964.01
6181.06
8039.45
2137.59
3290.68
6245.18
6335.56
3005.01
2305.64
3266.62
2092.0
6446.31
1235.3
6763.38
1098.29
1386.25
6712.21
1221.11
6947.06
1447.05
6430.58
5308.52
6734.99
5715.92
7906.6
3190.12
3186.77
1787.25
3294.08
2686.52
6864.87
2722.95
6672.69
1895.25
2969.83
2852.93
5300.24
3455.24
8069.81
7009.56
1535.65
5228.84
6526.62
6407.52
4290.59
7877.19
7276.63
1105.06
7489.2
1529.65
7832.22
4550.53
8098.16
1410.42
7630.26
7152.88
7739.86
7106.01
6165.35
1487.34
1833.57
1125.16
6318.61
3865.83
6742.97
7227.45
1606.04
6642.27
7170.7
6749.28
7093.42
1396.1
7630.71
6661.44
1500.1
3245.26
7404.61
5408.52
6593.8
2088.95
1425.16
7380.32
1865.11
6923.41
1470.53
5110.86
7927.49
8465.77
4215.21
3426.45
1201.92
6872.97
1050.98
7060.6
6398.77
1562.65
7816.44
1669.13
5984.26
3097.92
7136.1
2143.52
3784.23
2141.77
5062.44
7341.65
2189.77
6710.4
6554.04
1653.95
1125.06
3626.88
3597.92
1973.44
2976.85
6894.23
6861.31
6839.59
7575.15
7742.53
7500.79
1941.41
5989.27
6919.59
1050.04
1038.07
2584.21
1518.55
4260.41
3229.6
1169.57
1410.33
3079.99
1195.37
8144.02
8059.65
7641.77
7670.37
6514.72
1253.61
6729.53
7331.73
6223.37
7993.09
1879.87
5457.82
8001.57
1484.46
6470.74
7252.4
7458.99
7198.85
4715.64
3830.49
1966.29
1570.2
7773.31
6693.83
1809.54
6701.36
8043.71
1416.09
8035.2
2721.78
4002.88
2135.27
7532.9
3682.73
6061.8
2086.18
1008.64
5860.99
2908.24
1321.26
6627.43
6721.08
2829.02
1816.47
2007.12
6209.71
7268.06
4111.99
5672.7
5298.72
2025.58
4397.08
2329.44
8256.28
2825.89
2194.84
6586.01
3315.26
2612.89
1058.14
5219.08
1982.93
6833.42
6785.94
3078.91
1321.26
1070.06
7227.96
3547.35
4326.76
7245.13
6015.3
8724.13
1592.74
4341.74
7086.86
6369.28
2835.11
6742.89
4351.63
3593.41
3617.29
1115.78
6312.03
2542.69
5930.17
6543.39
7573.26
1964.31
1288.11
1395.79
7035.76
7773.92
7041.27
