6209.71
7573.26
7918.53
7245.13
3229.6
1386.31
1562.65
7276.63
1024.55
3190.12
3079.99
3005.01
3369.14
6734.99
6712.21
6446.31
7489.2
5110.86
6826.61
7227.45
1941.41
7630.71
6964.01
3682.73
7086.86
2329.44
6514.72
6623.01
7458.99
1564.47
3593.41
6318.61
7083.49
4129.54
7106.01
7840.31
2143.52
2137.59
8738.72
6642.27
8001.57
1363.32
2305.64
6015.3
7341.65
5308.52
6165.35
6586.01
7060.6
7252.4
6061.8
7197.5
2722.95
7816.44
8039.45
6701.36
1964.31
1535.65
6763.38
4002.88
7677.73
7575.15
8724.13
2415.25
3271.99
6181.06
6529.99
6742.89
4715.64
7773.92
6495.15
6304.53
6947.06
1396.1
6607.13
5408.52
1688.32
8144.16
2086.18
1008.64
1833.57
5457.82
3097.92
2310.15
2458.65
1974.69
6627.43
7041.27
1105.06
1529.65
6335.56
7046.57
1386.25
1425.16
7152.88
2825.89
1973.44
3266.62
7742.53
1321.26
1221.11
2976.85
6554.04
5930.17
7830.35
1593.6
1484.46
6890.94
4397.08
6369.28
4290.59
1500.1
1058.14
6223.37
7906.6
2432.89
6407.52
6710.4
7227.96
6206.24
1235.3
1169.57
5799.24
6923.41
2007.12
1787.25
1253.61
2189.77
1433.11
2852.93
2388.33
6245.18
6814.76
3426.45
3617.29
7380.32
2542.69
1809.54
1846.9
7832.22
7170.7
1070.06
7404.61
8516.02
1982.93
6749.28
7093.42
6661.44
1518.55
6593.8
7213.44
6508.21
1416.09
6430.58
6588.28
1966.29
6197.84
6919.59
7670.37
1447.05
5783.15
4366.59
1115.78
5298.72
4111.99
1201.92
1195.37
5062.44
1333.71
8144.02
2908.24
7009.56
5715.92
1395.79
1410.33
3294.08
1592.74
8084.88
1895.25
1038.07
3078.91
6526.62
3455.24
7312.85
5989.27
4351.63
4215.21
7877.19
2025.58
6646.55
5572.09
5219.08
7331.73
6693.83
3186.77
2088.95
4938.61
7866.52
7739.86
6833.42
1669.13
997.5
7703.1
7641.77
2686.52
7736.07
1050.04
2194.84
1288.11
7268.06
1606.04
6872.97
1435.88
4341.74
3315.26
1967.28
7136.1
3290.68
4550.53
8043.71
7035.76
5944.87
6861.31
1125.16
1448.49
1856.43
3784.23
6398.77
6923.6
6839.59
7500.79
1125.06
8059.65
1992.46
3774.81
3547.35
2795.3
7993.09
8035.2
1406.59
3865.83
2721.78
1080.37
6785.94
6742.97
7222.08
2829.02
5860.99
6470.74
2883.21
2969.83
5228.84
3626.88
1470.53
8098.16
1050.98
6672.69
1865.11
1945.82
1653.95
6729.53
7137.03
6312.03
3597.92
2092.0
1439.05
3245.26
8069.81
7773.31
1570.2
2584.21
7838.22
8256.28
4260.41
3830.49
1098.29
4286.46
1487.34
6721.08
2612.89
6979.81
2135.27
1410.42
1321.26
2835.11
1816.47
4326.76
7532.9
6543.39
6894.23
2141.77
5984.26
5300.24
6864.87
7630.26
1879.87
5672.7
7927.49
7198.85
8465.77
