1070.06
8516.02
2883.21
6826.61
3266.62
8039.45
6923.41
1115.78
3626.88
2584.21
7816.44
2305.64
1487.34
2310.15
1945.82
3617.29
3229.6
7252.4
2086.18
6642.27
1038.07
1410.42
7500.79
7268.06
6223.37
5984.26
7276.63
8724.13
1050.98
7840.31
1992.46
3078.91
4260.41
7093.42
1410.33
997.5
5930.17
7222.08
7630.71
4550.53
7041.27
1966.29
7245.13
3005.01
6495.15
7573.26
6742.89
3315.26
7677.73
7739.86
5783.15
4129.54
7083.49
6304.53
7213.44
1058.14
6979.81
4938.61
1363.32
7830.35
1024.55
8059.65
1688.32
6763.38
1865.11
3369.14
1125.06
3097.92
7877.19
5219.08
1425.16
6369.28
6627.43
1879.87
2721.78
5308.52
2007.12
1846.9
8098.16
2969.83
7009.56
3271.99
1433.11
1500.1
2194.84
7906.6
7404.61
5298.72
7575.15
1593.6
6015.3
4286.46
1895.25
6554.04
6721.08
1416.09
7773.31
1050.04
1570.2
4290.59
1470.53
7838.22
6839.59
1333.71
3426.45
3186.77
8738.72
6749.28
6607.13
6729.53
8035.2
1592.74
2542.69
2458.65
6734.99
6661.44
3190.12
1973.44
3245.26
6861.31
6693.83
2415.25
7035.76
7670.37
3079.99
6398.77
1967.28
1816.47
6742.97
6430.58
4326.76
8001.57
1447.05
5799.24
7927.49
1098.29
3455.24
2088.95
6814.76
5944.87
6923.6
7060.6
2388.33
1288.11
6197.84
1856.43
1008.64
3547.35
2612.89
1105.06
7152.88
1484.46
6919.59
6646.55
1669.13
1321.26
1974.69
2092.0
4397.08
4341.74
6514.72
8043.71
6623.01
7918.53
6543.39
7993.09
5860.99
3865.83
1448.49
8084.88
7106.01
5110.86
6586.01
6209.71
6312.03
7046.57
7227.45
7227.96
7086.86
1201.92
1253.61
5300.24
1169.57
7532.9
6318.61
6872.97
8069.81
6712.21
1435.88
4111.99
6206.24
5572.09
3682.73
3774.81
5715.92
6588.28
2141.77
5457.82
7137.03
1395.79
6526.62
8465.77
1235.3
1518.55
3290.68
3294.08
1809.54
3597.92
1080.37
5672.7
1386.25
1941.41
2829.02
5062.44
5228.84
1386.31
7736.07
6245.18
1982.93
6529.99
6407.52
7380.32
1529.65
1321.26
7136.1
6864.87
6964.01
2025.58
2976.85
2908.24
7341.65
2329.44
7703.1
7312.85
6061.8
1195.37
6470.74
6181.06
6446.31
7198.85
1221.11
1606.04
6593.8
7641.77
2825.89
2432.89
1833.57
8144.02
7742.53
2835.11
7197.5
7866.52
5408.52
4715.64
4215.21
3784.23
2189.77
2852.93
6672.69
2135.27
6890.94
6894.23
7489.2
6947.06
8256.28
3593.41
7331.73
1562.65
1125.16
6165.35
4351.63
1653.95
7773.92
1564.47
3830.49
6710.4
2686.52
7630.26
1406.59
2722.95
1964.31
8144.16
7458.99
2143.52
6508.21
7832.22
1439.05
2137.59
1535.65
7170.7
2795.3
5989.27
6335.56
6701.36
6785.94
6833.42
4002.88
1787.25
4366.59
1396.1
