6894.23
7773.92
6979.81
6872.97
3617.29
1050.04
6861.31
7866.52
1787.25
8144.02
7035.76
4286.46
1105.06
2086.18
7840.31
3079.99
7046.57
7312.85
3830.49
7086.86
4715.64
6839.59
5228.84
7245.13
1487.34
2722.95
2829.02
7641.77
7832.22
1448.49
3865.83
1221.11
8724.13
7816.44
997.5
4397.08
4290.59
6543.39
1406.59
1008.64
3186.77
5062.44
5715.92
5298.72
2795.3
1038.07
1833.57
1425.16
6304.53
6701.36
1562.65
2835.11
3290.68
1570.2
2908.24
2143.52
1809.54
2458.65
1518.55
6312.03
2310.15
7227.45
4550.53
2542.69
1253.61
6554.04
8039.45
6729.53
2305.64
3315.26
2686.52
7742.53
7830.35
7532.9
6593.8
6763.38
1484.46
6181.06
2135.27
5799.24
3455.24
4341.74
3369.14
7703.1
7927.49
8035.2
6015.3
1386.25
2883.21
3626.88
6785.94
6508.21
2025.58
6588.28
8516.02
3784.23
5408.52
1967.28
7838.22
3597.92
2852.93
1439.05
5672.7
2976.85
7739.86
7670.37
6335.56
6964.01
3229.6
3078.91
8043.71
2189.77
1564.47
4366.59
1386.31
2825.89
3294.08
1865.11
1964.31
6814.76
1169.57
8098.16
2092.0
1235.3
6529.99
7009.56
1435.88
7993.09
5572.09
1410.33
6623.01
3547.35
6318.61
7877.19
7331.73
1606.04
6245.18
6061.8
5944.87
6890.94
4326.76
8256.28
7170.7
4260.41
6165.35
1288.11
2137.59
7213.44
1470.53
2141.77
6495.15
2194.84
6430.58
6693.83
6586.01
1879.87
3266.62
1070.06
7341.65
7458.99
6923.6
5984.26
7736.07
7093.42
6646.55
4938.61
7227.96
1395.79
7575.15
6947.06
2432.89
1688.32
4351.63
6661.44
7222.08
5457.82
6470.74
1592.74
1333.71
6742.97
6642.27
6734.99
7198.85
7404.61
7500.79
1447.05
3271.99
3190.12
7630.26
2088.95
1201.92
5219.08
7276.63
1966.29
5308.52
1973.44
8738.72
5300.24
1125.16
4111.99
7060.6
2612.89
8144.16
7773.31
1080.37
6209.71
1024.55
6526.62
1593.6
6712.21
3426.45
7380.32
2007.12
8465.77
6607.13
6833.42
2584.21
6407.52
1115.78
6919.59
1895.25
1500.1
8001.57
1535.65
1098.29
1653.95
7106.01
6369.28
1410.42
7918.53
2388.33
3097.92
7489.2
8084.88
6223.37
7136.1
1050.98
1982.93
5110.86
3245.26
2415.25
1945.82
7083.49
7630.71
1363.32
8069.81
6710.4
6398.77
1058.14
1195.37
7152.88
7197.5
3005.01
7573.26
5989.27
1816.47
1856.43
5783.15
1416.09
6197.84
6627.43
8059.65
6446.31
1433.11
4215.21
1529.65
6206.24
3682.73
1321.26
1846.9
6672.69
6749.28
2329.44
7041.27
1321.26
6721.08
7252.4
1941.41
5860.99
7906.6
2969.83
6826.61
1125.06
6742.89
4129.54
2721.78
7677.73
3774.81
6514.72
7137.03
6864.87
5930.17
3593.41
6923.41
4002.88
1992.46
1669.13
7268.06
1974.69
1396.1
