1416.09
2825.89
1050.98
2852.93
6710.4
7739.86
1058.14
1125.16
6964.01
1008.64
1606.04
3005.01
3315.26
6430.58
7703.1
7906.6
6181.06
5062.44
1447.05
8144.16
3426.45
1973.44
3774.81
8738.72
6335.56
1879.87
1024.55
1038.07
8724.13
6312.03
1439.05
2329.44
2722.95
7866.52
4938.61
1386.31
5300.24
2141.77
6890.94
7840.31
7276.63
8256.28
1593.6
5989.27
7641.77
7773.92
2135.27
6785.94
3369.14
6693.83
1487.34
1253.61
1410.42
4260.41
4215.21
1333.71
7630.26
2835.11
1221.11
5457.82
7458.99
7252.4
2829.02
7170.7
6209.71
6543.39
2969.83
6514.72
6206.24
1846.9
1529.65
6554.04
1895.25
7927.49
7742.53
7341.65
7312.85
5944.87
7227.45
1080.37
3455.24
1195.37
3078.91
1500.1
6721.08
5930.17
1518.55
6923.6
1982.93
7227.96
8098.16
3266.62
997.5
5572.09
5228.84
7046.57
6894.23
1386.25
8001.57
6165.35
6672.69
6529.99
5984.26
4397.08
5672.7
6742.97
6979.81
5219.08
7838.22
3097.92
1169.57
1406.59
1865.11
1484.46
2388.33
7197.5
2415.25
6763.38
7532.9
8059.65
5799.24
3290.68
7009.56
2189.77
1688.32
1592.74
5783.15
6015.3
3617.29
4290.59
2143.52
2458.65
2088.95
2883.21
6864.87
4366.59
3229.6
1201.92
7060.6
6861.31
7630.71
4111.99
3190.12
7035.76
6526.62
6729.53
7575.15
1363.32
3626.88
7137.03
1070.06
1535.65
1653.95
1669.13
2086.18
7832.22
6919.59
7877.19
2310.15
2612.89
1966.29
2305.64
2432.89
2976.85
1564.47
7245.13
1570.2
8465.77
7489.2
3271.99
6586.01
8043.71
6623.01
6947.06
1410.33
3294.08
1787.25
7773.31
6872.97
1562.65
1115.78
1396.1
7404.61
7093.42
6742.89
6245.18
5308.52
4715.64
6646.55
6588.28
6593.8
3079.99
6407.52
1105.06
6642.27
1395.79
6508.21
2137.59
1235.3
4129.54
2721.78
7136.1
7500.79
6814.76
7380.32
1321.26
3186.77
3547.35
1974.69
1967.28
2686.52
2542.69
5715.92
7918.53
3865.83
1433.11
6061.8
2025.58
3830.49
1125.06
7268.06
1816.47
2092.0
1945.82
4550.53
1435.88
6607.13
7331.73
4351.63
6712.21
8035.2
6734.99
1288.11
7222.08
2908.24
6627.43
5408.52
6701.36
8516.02
1098.29
4326.76
8039.45
1833.57
6749.28
8144.02
2194.84
6318.61
7041.27
8069.81
7993.09
3593.41
4002.88
3784.23
2007.12
1425.16
6223.37
7736.07
6304.53
5860.99
4286.46
3682.73
7830.35
6826.61
6470.74
8084.88
7083.49
5298.72
7152.88
7086.86
7573.26
6833.42
1470.53
6398.77
1992.46
1941.41
6923.41
2795.3
4341.74
7677.73
1856.43
1321.26
6446.31
1964.31
1448.49
3245.26
6197.84
6369.28
5110.86
6839.59
7106.01
3597.92
1809.54
7670.37
7816.44
1050.04
7198.85
7213.44
2584.21
6495.15
6661.44
