3190.12
1288.11
6554.04
6923.41
1562.65
5860.99
6206.24
7331.73
7773.31
2388.33
5298.72
7840.31
2088.95
2329.44
7086.86
7500.79
6430.58
7677.73
1973.44
1363.32
1570.2
6398.77
2137.59
6588.28
7489.2
3830.49
7993.09
4938.61
7575.15
6923.6
2189.77
7170.7
6919.59
6712.21
2908.24
6593.8
8465.77
2458.65
3784.23
3455.24
7035.76
6197.84
3266.62
2612.89
6890.94
3097.92
7093.42
3426.45
3865.83
2135.27
3774.81
3290.68
2542.69
1169.57
5672.7
1425.16
1518.55
997.5
3271.99
3369.14
1992.46
2092.0
3682.73
7198.85
1865.11
7046.57
7268.06
6245.18
1050.04
5110.86
1435.88
1396.1
1050.98
4550.53
1964.31
1470.53
6623.01
8724.13
2432.89
1809.54
1688.32
6312.03
6693.83
2007.12
5984.26
7703.1
8098.16
7866.52
7458.99
2141.77
1982.93
1321.26
3617.29
6165.35
4341.74
2883.21
6861.31
7106.01
7227.45
2852.93
7222.08
1846.9
4002.88
6814.76
7573.26
6785.94
7312.85
1500.1
7136.1
3079.99
3078.91
1333.71
8738.72
8059.65
6710.4
1070.06
1669.13
1024.55
5989.27
4129.54
1416.09
6335.56
6181.06
1098.29
6642.27
1487.34
5228.84
1966.29
7742.53
7830.35
1653.95
6661.44
6304.53
1008.64
1856.43
6470.74
5219.08
7213.44
7060.6
6701.36
1433.11
6729.53
2310.15
4397.08
6864.87
7197.5
1606.04
6947.06
1386.31
6586.01
7816.44
3005.01
6061.8
6223.37
4111.99
7252.4
6839.59
5300.24
8084.88
4715.64
1201.92
7739.86
2722.95
1895.25
4260.41
6627.43
6721.08
2686.52
7877.19
1974.69
2194.84
1787.25
2969.83
6964.01
8001.57
5457.82
2976.85
6529.99
1447.05
7404.61
6979.81
5783.15
3245.26
1125.06
7227.96
1564.47
1833.57
8035.2
2025.58
6508.21
6495.15
6734.99
1879.87
1321.26
4290.59
1058.14
1195.37
1105.06
1941.41
3315.26
3229.6
6209.71
7380.32
1967.28
7083.49
1235.3
7736.07
7918.53
5062.44
6407.52
8039.45
5308.52
1386.25
1484.46
3547.35
7838.22
7832.22
5715.92
1593.6
1535.65
4286.46
6672.69
6015.3
4326.76
2305.64
3626.88
6607.13
6826.61
6833.42
3186.77
3597.92
1529.65
1945.82
7341.65
7906.6
6742.89
7009.56
3294.08
6742.97
1816.47
8144.16
6872.97
7245.13
1592.74
2415.25
6763.38
4366.59
6749.28
7532.9
2143.52
5930.17
2721.78
5408.52
1125.16
2795.3
7641.77
6894.23
7670.37
7630.26
7630.71
1253.61
1406.59
2086.18
1221.11
2835.11
1080.37
5799.24
6646.55
1410.42
2584.21
6318.61
1448.49
4215.21
8144.02
7152.88
1038.07
8043.71
1410.33
2825.89
3593.41
7276.63
8069.81
8256.28
1395.79
7773.92
2829.02
1439.05
8516.02
1115.78
6526.62
7041.27
5944.87
7927.49
6369.28
6446.31
7137.03
6514.72
5572.09
4351.63
6543.39
