5944.87
7773.92
3682.73
1410.42
1098.29
1500.1
8144.16
7993.09
5110.86
1562.65
6061.8
6872.97
1396.1
1105.06
7816.44
1439.05
1941.41
1195.37
6623.01
6861.31
6543.39
6721.08
7227.45
1288.11
6607.13
1865.11
5984.26
6209.71
6894.23
4397.08
2329.44
6701.36
6734.99
6890.94
7832.22
7736.07
1386.31
7170.7
3079.99
1669.13
5308.52
1221.11
1895.25
1386.25
1856.43
4550.53
5457.82
3369.14
1487.34
7927.49
6554.04
1024.55
3005.01
1879.87
5219.08
1448.49
1435.88
1125.16
7312.85
4215.21
2721.78
1967.28
6833.42
3271.99
2908.24
2795.3
7197.5
3190.12
1973.44
7245.13
7136.1
5783.15
6964.01
1235.3
1966.29
6712.21
3617.29
1125.06
7866.52
4341.74
5300.24
3455.24
1447.05
3597.92
1201.92
4715.64
7918.53
1169.57
1484.46
1416.09
2829.02
2137.59
5408.52
2135.27
6407.52
6742.89
7227.96
5062.44
1606.04
3547.35
8001.57
7830.35
3315.26
8144.02
1363.32
3078.91
6369.28
997.5
1518.55
6839.59
8043.71
4290.59
6923.6
2415.25
7331.73
6979.81
7458.99
7198.85
2969.83
7213.44
1038.07
7046.57
7630.26
6312.03
5860.99
1535.65
4326.76
6181.06
7106.01
2086.18
5715.92
1809.54
3294.08
3266.62
1570.2
6785.94
7380.32
6430.58
2432.89
6864.87
8069.81
7630.71
8059.65
2141.77
2025.58
6015.3
2686.52
4286.46
6508.21
1406.59
7041.27
2852.93
3593.41
6165.35
7252.4
3426.45
7268.06
1333.71
3830.49
6495.15
8516.02
4366.59
6826.61
7276.63
6223.37
8084.88
7137.03
7773.31
1410.33
7641.77
1592.74
7086.86
2388.33
2883.21
7575.15
6763.38
1425.16
3229.6
8465.77
6245.18
6206.24
5298.72
6693.83
3186.77
2976.85
4938.61
1816.47
6529.99
2542.69
3865.83
1470.53
6514.72
2612.89
7404.61
7742.53
7060.6
1321.26
1688.32
2092.0
7877.19
5228.84
5572.09
6672.69
8039.45
2825.89
1070.06
1787.25
6304.53
1058.14
6661.44
6710.4
2088.95
7532.9
1080.37
8738.72
2722.95
3784.23
3774.81
1050.98
1974.69
1653.95
6646.55
8724.13
6197.84
1964.31
2458.65
1833.57
2835.11
7152.88
1050.04
7222.08
1253.61
2143.52
1395.79
7906.6
3626.88
5989.27
8256.28
4260.41
2007.12
2584.21
7035.76
1321.26
7677.73
6642.27
6398.77
3245.26
8098.16
6318.61
2194.84
6526.62
4129.54
6593.8
1846.9
7083.49
6923.41
7840.31
7573.26
6814.76
7489.2
3290.68
5930.17
1529.65
1945.82
7670.37
1593.6
1433.11
7341.65
6586.01
7703.1
2305.64
1564.47
6446.31
8035.2
6742.97
4002.88
6749.28
4351.63
7009.56
3097.92
6947.06
2310.15
7838.22
7500.79
6627.43
1992.46
5672.7
1982.93
6470.74
4111.99
1115.78
7739.86
6335.56
6588.28
2189.77
5799.24
6919.59
6729.53
7093.42
1008.64
