2189.77
3597.92
1564.47
1941.41
6923.41
1321.26
1333.71
7773.31
7677.73
7703.1
6015.3
7906.6
2135.27
2852.93
5228.84
2388.33
6588.28
1235.3
4326.76
7086.86
5672.7
1050.04
1448.49
1201.92
6749.28
6554.04
4215.21
6623.01
6407.52
6197.84
6398.77
7918.53
6526.62
7060.6
1982.93
2825.89
6642.27
8144.16
6661.44
4002.88
5300.24
6165.35
7838.22
4715.64
8144.02
1593.6
4938.61
3774.81
997.5
1321.26
7197.5
6964.01
4341.74
7877.19
6693.83
2722.95
7041.27
2829.02
1169.57
1050.98
1973.44
7093.42
2908.24
3626.88
1562.65
2310.15
5930.17
6923.6
3290.68
1879.87
8069.81
6318.61
6543.39
7252.4
8043.71
7736.07
2795.3
7380.32
7575.15
7276.63
2141.77
6833.42
7106.01
1809.54
2092.0
4351.63
7739.86
6470.74
1500.1
6721.08
1024.55
7489.2
6890.94
3315.26
3245.26
6947.06
3229.6
7222.08
2542.69
7832.22
3426.45
1592.74
7404.61
7993.09
5110.86
7830.35
2432.89
5457.82
6586.01
2612.89
4260.41
7532.9
3078.91
1529.65
7227.96
6430.58
2143.52
1396.1
1974.69
4290.59
2584.21
2883.21
6514.72
1487.34
3369.14
7341.65
5984.26
1439.05
1816.47
6672.69
3186.77
2329.44
6646.55
3865.83
7227.45
3784.23
1653.95
7573.26
2137.59
7009.56
6206.24
5799.24
3190.12
7670.37
1058.14
1395.79
6814.76
7136.1
1435.88
3294.08
1195.37
5860.99
2025.58
4129.54
6979.81
1470.53
6495.15
7170.7
5219.08
5783.15
6864.87
7458.99
7773.92
6729.53
2415.25
1570.2
6607.13
6785.94
1008.64
7245.13
8001.57
8039.45
1945.82
7742.53
6839.59
7630.26
1410.33
1846.9
2976.85
5408.52
1363.32
1070.06
1115.78
5944.87
6742.97
1967.28
6209.71
3079.99
7927.49
4366.59
1966.29
1406.59
7816.44
5715.92
6529.99
5989.27
6712.21
7641.77
3455.24
7083.49
8256.28
1447.05
3593.41
6304.53
4111.99
2721.78
6223.37
2305.64
1535.65
8035.2
7035.76
8059.65
1669.13
2835.11
6181.06
8465.77
6872.97
6593.8
7312.85
6312.03
5062.44
6826.61
7268.06
6701.36
4397.08
1833.57
6734.99
8738.72
1410.42
2007.12
2086.18
3005.01
3617.29
1856.43
4550.53
8516.02
7213.44
1895.25
6710.4
1125.06
3271.99
2088.95
1386.31
6627.43
1416.09
1433.11
7046.57
7137.03
6763.38
7198.85
7866.52
3097.92
7840.31
1425.16
1221.11
1080.37
3266.62
1518.55
1688.32
5308.52
6335.56
2458.65
1288.11
6861.31
5298.72
3830.49
6894.23
1992.46
8724.13
2194.84
1105.06
8098.16
7500.79
7630.71
6508.21
1038.07
3682.73
6061.8
5572.09
2686.52
8084.88
1386.25
1964.31
1125.16
6742.89
6446.31
4286.46
3547.35
6919.59
1484.46
1253.61
6245.18
6369.28
1787.25
1865.11
1098.29
7152.88
1606.04
7331.73
2969.83
