997.5
4326.76
8084.88
8001.57
4111.99
3597.92
7927.49
7532.9
7742.53
6304.53
7575.15
5572.09
2086.18
1038.07
1008.64
1529.65
2584.21
1125.06
7500.79
7703.1
3290.68
2135.27
8098.16
3547.35
4351.63
1447.05
6701.36
1195.37
6964.01
6526.62
7918.53
6181.06
7083.49
7227.45
6061.8
1593.6
6839.59
2458.65
2835.11
1433.11
4341.74
7816.44
5989.27
1879.87
8039.45
7877.19
1435.88
6833.42
6407.52
2432.89
2329.44
8724.13
7222.08
1484.46
6514.72
6197.84
8738.72
7009.56
1967.28
5110.86
1846.9
7840.31
8069.81
2908.24
7736.07
6646.55
1974.69
6642.27
7136.1
6923.41
7276.63
5219.08
1448.49
5308.52
8256.28
1518.55
7137.03
7866.52
1865.11
2829.02
5930.17
6712.21
3369.14
1221.11
7489.2
2721.78
1966.29
4290.59
1562.65
1653.95
6245.18
6554.04
6508.21
2137.59
3266.62
1992.46
7331.73
2092.0
4215.21
6335.56
7046.57
3455.24
1321.26
1833.57
6165.35
7773.92
6623.01
6223.37
7213.44
1570.2
6593.8
1425.16
3079.99
2852.93
5783.15
2143.52
3682.73
4938.61
1856.43
1410.33
5799.24
1386.31
2194.84
3626.88
6398.77
6470.74
7380.32
2189.77
7093.42
7670.37
1169.57
6947.06
5860.99
7630.26
6894.23
2883.21
1973.44
5300.24
2088.95
2415.25
1416.09
5672.7
3190.12
6430.58
1487.34
6826.61
7838.22
3315.26
1606.04
7227.96
6749.28
1235.3
2976.85
1050.04
6693.83
1895.25
1816.47
5228.84
5984.26
6763.38
7198.85
6872.97
7197.5
3245.26
7573.26
1105.06
1439.05
6529.99
7906.6
7993.09
6864.87
7458.99
1024.55
1592.74
6588.28
3294.08
7041.27
3426.45
3097.92
6312.03
7739.86
8144.02
7773.31
7832.22
6785.94
5715.92
4129.54
1410.42
4397.08
1058.14
6206.24
3784.23
6495.15
7630.71
5944.87
7035.76
1535.65
1050.98
6742.89
7641.77
6742.97
1333.71
8144.16
5298.72
2025.58
7170.7
6729.53
6710.4
6890.94
1982.93
1470.53
1321.26
3830.49
4550.53
1363.32
2310.15
6923.6
6734.99
3617.29
1941.41
6369.28
6721.08
7341.65
7830.35
6446.31
3005.01
8516.02
3865.83
7152.88
1564.47
3186.77
1787.25
6814.76
4286.46
6672.69
6015.3
6318.61
7106.01
6543.39
1688.32
2141.77
6209.71
2722.95
2542.69
3774.81
1395.79
6861.31
2388.33
3271.99
1406.59
6607.13
7060.6
5457.82
5408.52
7252.4
6661.44
7312.85
8035.2
1945.82
1386.25
2305.64
1201.92
1669.13
2686.52
2612.89
1070.06
1125.16
2825.89
8465.77
8043.71
5062.44
6627.43
1396.1
1080.37
6586.01
1288.11
3229.6
7404.61
4002.88
4366.59
1809.54
1500.1
2795.3
2007.12
8059.65
3078.91
1115.78
4260.41
3593.41
1098.29
7268.06
1964.31
1253.61
4715.64
7677.73
6979.81
6919.59
7086.86
2969.83
7245.13
