3186.77
6446.31
5110.86
6623.01
1105.06
1787.25
7046.57
7830.35
6206.24
6318.61
7170.7
6890.94
7380.32
1410.42
3229.6
2722.95
1050.04
2305.64
3626.88
6729.53
6470.74
4326.76
6398.77
2432.89
7213.44
8516.02
5989.27
4366.59
6661.44
6335.56
1386.31
4550.53
5799.24
1439.05
6529.99
7736.07
1487.34
3830.49
2143.52
7252.4
5300.24
7404.61
1484.46
6749.28
6923.6
8043.71
6526.62
6209.71
2721.78
4215.21
6015.3
7086.86
7136.1
3190.12
7838.22
5984.26
2584.21
997.5
2189.77
1833.57
1816.47
3266.62
1070.06
3547.35
1606.04
6785.94
7906.6
3079.99
8001.57
6826.61
2908.24
8144.16
6181.06
1115.78
4002.88
3005.01
7276.63
8098.16
5228.84
6593.8
7918.53
1253.61
3682.73
7152.88
1433.11
2415.25
5308.52
7197.5
1195.37
1448.49
7500.79
1425.16
1169.57
7832.22
8144.02
3369.14
1050.98
6586.01
1809.54
3784.23
2088.95
7041.27
6304.53
1008.64
1967.28
7227.45
6514.72
7993.09
6701.36
7630.71
6407.52
7227.96
6430.58
1058.14
6833.42
1966.29
2135.27
1688.32
6712.21
5860.99
7573.26
1535.65
7341.65
2086.18
3865.83
1992.46
5408.52
5930.17
2829.02
2883.21
7773.92
1447.05
7137.03
7035.76
8738.72
8084.88
5298.72
2458.65
6919.59
2825.89
1529.65
6245.18
2092.0
6508.21
4938.61
2969.83
5944.87
1973.44
6947.06
1321.26
4286.46
8035.2
1470.53
1038.07
3774.81
4111.99
1669.13
3597.92
6312.03
7742.53
4290.59
2795.3
5715.92
6588.28
2141.77
1321.26
1098.29
1974.69
2686.52
3097.92
1435.88
1982.93
7677.73
7630.26
1235.3
2329.44
1856.43
4397.08
1410.33
6721.08
7840.31
7816.44
2007.12
7739.86
6814.76
3455.24
1895.25
6495.15
4260.41
3290.68
7331.73
1363.32
8724.13
6710.4
7773.31
1201.92
8069.81
6223.37
7198.85
1386.25
1406.59
1395.79
7866.52
6734.99
5062.44
6872.97
7093.42
6672.69
7009.56
8059.65
1024.55
6543.39
1593.6
7268.06
1288.11
1562.65
6763.38
4129.54
1221.11
3078.91
2310.15
1333.71
2976.85
5457.82
8256.28
6923.41
6607.13
7532.9
6742.97
5572.09
3593.41
7312.85
6369.28
3245.26
6061.8
2194.84
2025.58
6646.55
6861.31
1653.95
1945.82
1518.55
1592.74
6693.83
1416.09
6964.01
7060.6
6165.35
7927.49
2137.59
6839.59
5783.15
7222.08
7083.49
7106.01
7458.99
6979.81
1125.06
1865.11
1125.16
1500.1
7703.1
1080.37
3617.29
5672.7
2612.89
6642.27
7575.15
3315.26
1964.31
2542.69
6894.23
6554.04
8465.77
3426.45
5219.08
4351.63
4715.64
6864.87
1570.2
6742.89
2835.11
1941.41
7245.13
6627.43
4341.74
7670.37
1879.87
7641.77
6197.84
1846.9
3271.99
1564.47
7877.19
8039.45
3294.08
2852.93
7489.2
1396.1
2388.33
