2969.83
3547.35
7137.03
8144.02
5110.86
3865.83
3315.26
1169.57
2722.95
1396.1
5715.92
1809.54
1406.59
1433.11
3682.73
6864.87
2135.27
7341.65
1846.9
4002.88
1105.06
1080.37
6061.8
1288.11
2141.77
3426.45
5783.15
7245.13
2721.78
1973.44
6693.83
7489.2
1974.69
6526.62
1816.47
6701.36
7268.06
6318.61
5300.24
5457.82
1564.47
7816.44
6734.99
1895.25
8001.57
1967.28
1221.11
6839.59
7573.26
1321.26
6710.4
5308.52
5228.84
5944.87
5989.27
4366.59
6209.71
6197.84
3229.6
1115.78
6729.53
7170.7
3784.23
3617.29
1201.92
5930.17
2795.3
2310.15
3294.08
7532.9
2612.89
7093.42
7136.1
6586.01
7086.86
1964.31
1333.71
8069.81
1435.88
7152.88
6554.04
7906.6
3005.01
7197.5
1363.32
4351.63
6398.77
1593.6
2542.69
4326.76
1592.74
5219.08
1410.33
1570.2
3079.99
1321.26
3186.77
5860.99
7046.57
6223.37
6165.35
6979.81
7739.86
5062.44
1098.29
6672.69
1425.16
1865.11
7993.09
3097.92
1669.13
1386.31
3626.88
6543.39
6407.52
2137.59
1448.49
6814.76
6206.24
8059.65
3078.91
1024.55
5799.24
2829.02
3774.81
7832.22
1606.04
7838.22
7840.31
4397.08
1941.41
1008.64
2835.11
6712.21
2432.89
7198.85
4550.53
1562.65
7060.6
5572.09
1518.55
1688.32
6627.43
6642.27
4260.41
1966.29
6245.18
1447.05
1535.65
5984.26
7380.32
3830.49
1416.09
1856.43
6470.74
8516.02
8039.45
1195.37
7227.45
6826.61
6763.38
1050.98
2584.21
6785.94
7866.52
4129.54
1386.25
3455.24
997.5
7404.61
4938.61
2194.84
6861.31
6593.8
4286.46
6312.03
2025.58
1992.46
2686.52
2092.0
1982.93
2976.85
6623.01
6514.72
1125.16
6335.56
1038.07
2143.52
1058.14
7035.76
6607.13
6646.55
6742.89
7009.56
1253.61
1050.04
7918.53
6890.94
6749.28
6304.53
8043.71
1500.1
7227.96
3597.92
6721.08
6872.97
6446.31
1529.65
4215.21
6919.59
2007.12
1125.06
8256.28
1395.79
6742.97
2852.93
7312.85
3369.14
7630.71
1879.87
3266.62
2825.89
6495.15
7213.44
2086.18
7773.92
6833.42
7773.31
6508.21
2305.64
8098.16
7252.4
7276.63
6588.28
7677.73
3593.41
2189.77
2458.65
1833.57
5672.7
4341.74
7742.53
7041.27
6181.06
3190.12
7703.1
6964.01
3271.99
7458.99
1484.46
1235.3
2908.24
2415.25
7222.08
1439.05
7641.77
1410.42
8465.77
1787.25
2883.21
6529.99
3245.26
7575.15
7927.49
5298.72
6923.41
7083.49
2088.95
6894.23
2388.33
8144.16
7630.26
7830.35
7877.19
4111.99
1470.53
8724.13
1487.34
3290.68
7500.79
8738.72
8035.2
6369.28
7106.01
6923.6
4715.64
2329.44
6015.3
6947.06
1653.95
6430.58
6661.44
4290.59
8084.88
7670.37
1945.82
5408.52
7736.07
1070.06
7331.73
