1058.14
6763.38
3865.83
1386.25
1562.65
3682.73
1787.25
1425.16
7532.9
3078.91
1593.6
7083.49
6672.69
1964.31
1992.46
6223.37
5219.08
4326.76
1416.09
1201.92
8465.77
1535.65
1410.33
1386.31
7268.06
5799.24
6701.36
3830.49
1396.1
7830.35
1570.2
6627.43
3079.99
5860.99
7573.26
7840.31
6642.27
7222.08
1115.78
6890.94
6508.21
7677.73
6335.56
7136.1
7009.56
1433.11
7106.01
1846.9
7816.44
1253.61
6446.31
6430.58
3097.92
6165.35
3774.81
3315.26
6061.8
6543.39
5110.86
7575.15
7086.86
7703.1
2007.12
1447.05
6181.06
3290.68
7927.49
1809.54
3266.62
8001.57
7137.03
4938.61
1592.74
7312.85
5989.27
5672.7
7197.5
7500.79
5715.92
6495.15
5984.26
1221.11
8738.72
3547.35
7742.53
1169.57
3426.45
2086.18
1125.06
6742.89
2722.95
5930.17
2143.52
1024.55
3597.92
6964.01
1125.16
6814.76
2976.85
5062.44
3005.01
1070.06
5228.84
4111.99
3190.12
4397.08
1982.93
6839.59
6710.4
1967.28
8069.81
1235.3
6661.44
6785.94
5298.72
1195.37
6369.28
1321.26
6861.31
6245.18
8724.13
7736.07
8516.02
2458.65
2141.77
7773.31
6923.6
7041.27
6593.8
7213.44
7404.61
1008.64
6734.99
7838.22
2686.52
5572.09
1816.47
2092.0
6514.72
3455.24
6588.28
2432.89
6407.52
7276.63
1080.37
2189.77
1973.44
6318.61
1653.95
2969.83
1050.04
1435.88
1410.42
6919.59
7641.77
1105.06
1974.69
7773.92
6586.01
1050.98
6693.83
4351.63
4366.59
4286.46
7670.37
7198.85
2137.59
2415.25
2194.84
7331.73
2829.02
1688.32
4290.59
7060.6
7252.4
3617.29
997.5
3626.88
4260.41
7918.53
2795.3
6729.53
3186.77
1865.11
4341.74
1288.11
8039.45
1518.55
1470.53
7152.88
6206.24
3593.41
4002.88
6607.13
7832.22
6864.87
4129.54
1833.57
8256.28
6894.23
2025.58
8043.71
8098.16
1856.43
6304.53
7341.65
2310.15
6197.84
7906.6
6209.71
1448.49
7630.71
6979.81
2883.21
1500.1
3229.6
1895.25
7489.2
7458.99
2612.89
7877.19
7227.96
6826.61
5300.24
6742.97
8144.16
2088.95
6872.97
2329.44
1098.29
7093.42
5944.87
7630.26
6529.99
1395.79
7035.76
7227.45
8084.88
5308.52
1879.87
2908.24
4550.53
1333.71
8144.02
3784.23
6312.03
6015.3
6554.04
7245.13
2135.27
8035.2
1439.05
4715.64
1529.65
1487.34
6749.28
6712.21
7993.09
4215.21
6646.55
6470.74
1564.47
6923.41
6947.06
3294.08
6721.08
7170.7
2584.21
3369.14
1669.13
3245.26
2825.89
2721.78
5408.52
6398.77
5457.82
2305.64
6833.42
1945.82
1484.46
1966.29
3271.99
1038.07
2388.33
1606.04
5783.15
6623.01
7866.52
2835.11
2542.69
1406.59
1941.41
7739.86
1321.26
7046.57
7380.32
6526.62
2852.93
1363.32
8059.65
