5715.92
7877.19
1439.05
2305.64
1321.26
4366.59
2969.83
2829.02
1966.29
6206.24
7213.44
5944.87
1529.65
1973.44
6181.06
6749.28
5860.99
5930.17
6661.44
6923.41
1669.13
7575.15
2007.12
1688.32
6318.61
5672.7
5572.09
6430.58
7500.79
2310.15
3229.6
7035.76
1169.57
6508.21
1425.16
7918.53
7106.01
1535.65
7152.88
6304.53
7532.9
8738.72
6588.28
6165.35
7742.53
8144.16
1518.55
7170.7
6742.97
1941.41
4326.76
1865.11
5783.15
2141.77
3830.49
1992.46
8035.2
2137.59
6015.3
7489.2
4550.53
3315.26
6712.21
7252.4
4111.99
1974.69
1115.78
6623.01
5228.84
7312.85
2686.52
1098.29
2835.11
5989.27
2135.27
6312.03
6407.52
7268.06
1846.9
1416.09
1470.53
2458.65
6734.99
3078.91
3005.01
3266.62
2329.44
1406.59
6642.27
5298.72
8724.13
1221.11
3617.29
1435.88
1967.28
6197.84
7083.49
1562.65
1125.06
6839.59
6710.4
2852.93
1288.11
1333.71
3682.73
6526.62
6061.8
4715.64
1447.05
7093.42
1592.74
1235.3
3784.23
6586.01
3079.99
7046.57
5300.24
1564.47
7041.27
7573.26
6245.18
7086.86
3865.83
5062.44
1321.26
7197.5
2722.95
1386.25
6514.72
8039.45
1606.04
2584.21
7060.6
3097.92
5457.82
7458.99
1570.2
7773.92
7137.03
1500.1
6693.83
6861.31
6335.56
7736.07
1024.55
8465.77
7227.45
7840.31
7331.73
1448.49
6742.89
1410.42
4938.61
7927.49
7222.08
1195.37
3271.99
7641.77
3245.26
6446.31
2092.0
4129.54
4260.41
1809.54
6369.28
6627.43
6721.08
5408.52
4397.08
4002.88
4351.63
2612.89
7009.56
6646.55
1856.43
8144.02
1879.87
1484.46
6814.76
6947.06
2194.84
1833.57
8059.65
1070.06
5110.86
1982.93
5308.52
1253.61
1593.6
7276.63
6872.97
8001.57
1433.11
1395.79
6607.13
1363.32
5984.26
6223.37
3593.41
7906.6
5799.24
1653.95
7630.26
7227.96
1945.82
7380.32
2088.95
1895.25
7404.61
8516.02
7670.37
6529.99
1125.16
7832.22
8043.71
1487.34
6785.94
7773.31
1964.31
8256.28
8098.16
6672.69
7677.73
3190.12
6833.42
6470.74
3290.68
4341.74
997.5
6729.53
6763.38
6209.71
7198.85
4215.21
7136.1
6919.59
6864.87
6826.61
2143.52
6543.39
4286.46
3774.81
7816.44
1816.47
2086.18
1396.1
1058.14
6923.6
1050.04
1386.31
7830.35
7866.52
3455.24
2189.77
2432.89
1410.33
2025.58
3626.88
2908.24
6964.01
6593.8
6554.04
3426.45
7703.1
5219.08
6701.36
2721.78
1080.37
2825.89
1105.06
1038.07
3369.14
3294.08
8084.88
3186.77
7341.65
6894.23
7245.13
1008.64
1050.98
3547.35
6495.15
2976.85
7993.09
1787.25
4290.59
6398.77
3597.92
7838.22
6890.94
6979.81
7739.86
1201.92
2388.33
2795.3
7630.71
8069.81
2542.69
2883.21
2415.25
