7213.44
1363.32
7093.42
7641.77
3682.73
6407.52
6947.06
1593.6
1396.1
2194.84
7198.85
7866.52
7573.26
7703.1
4550.53
6742.97
6710.4
6223.37
2542.69
7918.53
7838.22
7197.5
6470.74
7060.6
8043.71
7736.07
997.5
7630.26
2458.65
6245.18
8465.77
3784.23
3593.41
1518.55
5672.7
1564.47
6369.28
7152.88
2189.77
3315.26
1606.04
3830.49
2092.0
5408.52
1833.57
1321.26
7276.63
7380.32
4341.74
3271.99
1008.64
1816.47
7830.35
1115.78
5110.86
1787.25
3005.01
7816.44
3186.77
5984.26
2310.15
1098.29
7035.76
7137.03
7532.9
6623.01
2137.59
8724.13
6721.08
3290.68
6015.3
5219.08
2143.52
4290.59
8144.16
1024.55
4938.61
8144.02
7739.86
1669.13
7136.1
7046.57
3426.45
1080.37
2025.58
7222.08
6335.56
5308.52
1406.59
1333.71
1562.65
6398.77
6586.01
7500.79
7041.27
6646.55
6964.01
1895.25
7245.13
6304.53
3266.62
2721.78
6979.81
6742.89
6312.03
2086.18
6495.15
3865.83
1321.26
1050.04
3626.88
8059.65
1201.92
1592.74
1974.69
6923.6
3245.26
6734.99
3097.92
6826.61
4326.76
1416.09
4129.54
7458.99
8035.2
2829.02
1235.3
1410.33
7877.19
3455.24
6712.21
1529.65
6729.53
6861.31
2908.24
6693.83
1500.1
2329.44
6814.76
4397.08
1410.42
1447.05
7832.22
1439.05
5228.84
6627.43
4715.64
1386.25
7993.09
6785.94
1941.41
5989.27
1470.53
4215.21
7773.92
5300.24
1982.93
6642.27
6514.72
6672.69
1964.31
7227.45
7670.37
2141.77
3547.35
8738.72
1288.11
1653.95
6508.21
6588.28
1169.57
7170.7
3617.29
6833.42
6165.35
2976.85
7083.49
2835.11
8069.81
2305.64
1879.87
5457.82
1070.06
4366.59
7630.71
1221.11
6890.94
3294.08
1846.9
2088.95
6894.23
1945.82
5298.72
1973.44
6872.97
5930.17
4002.88
4286.46
7404.61
2852.93
5572.09
1386.31
7677.73
2825.89
2969.83
4111.99
6661.44
7252.4
8084.88
1865.11
5944.87
1484.46
6197.84
6529.99
6919.59
7575.15
1395.79
3597.92
1050.98
1425.16
3079.99
6209.71
3774.81
4351.63
6554.04
1688.32
2795.3
7009.56
6430.58
6923.41
4260.41
7840.31
6543.39
1195.37
8039.45
6526.62
2722.95
6701.36
1966.29
1487.34
6061.8
7927.49
1448.49
6864.87
6318.61
8256.28
7086.86
5783.15
6607.13
6839.59
2612.89
7106.01
1038.07
3190.12
1105.06
6749.28
7331.73
6763.38
2135.27
1809.54
2415.25
8001.57
3369.14
1125.16
2584.21
5860.99
6206.24
7227.96
1125.06
1435.88
1992.46
1570.2
2388.33
7312.85
3229.6
1856.43
2686.52
2432.89
7268.06
5062.44
7906.6
6181.06
1433.11
6593.8
2007.12
8098.16
1253.61
7773.31
1967.28
5715.92
3078.91
2883.21
1535.65
8516.02
6446.31
7341.65
7742.53
1058.14
7489.2
5799.24
