5298.72
1592.74
5308.52
7252.4
5984.26
6947.06
7877.19
3190.12
7227.96
1125.06
6407.52
7213.44
8738.72
8144.02
1447.05
3593.41
1487.34
6369.28
7532.9
8144.16
7458.99
7630.71
6470.74
1058.14
6923.6
1288.11
4366.59
7489.2
6335.56
7832.22
1974.69
6209.71
6181.06
2088.95
7083.49
1439.05
6894.23
1606.04
2310.15
1653.95
7227.45
1386.25
6245.18
4215.21
6661.44
6646.55
3626.88
7041.27
3830.49
2092.0
6495.15
1967.28
1500.1
1098.29
8035.2
2189.77
5408.52
5572.09
1992.46
7816.44
8098.16
1008.64
6061.8
1050.04
1562.65
6318.61
7840.31
1856.43
4290.59
6554.04
5989.27
1945.82
3784.23
1221.11
7641.77
6826.61
1865.11
1816.47
6710.4
3005.01
1484.46
6964.01
5944.87
4002.88
7222.08
6749.28
1050.98
1529.65
2542.69
2612.89
6529.99
1169.57
1410.42
7137.03
6763.38
1982.93
2329.44
3245.26
5062.44
3186.77
1535.65
1941.41
1688.32
1410.33
7573.26
6398.77
1235.3
8256.28
7136.1
6890.94
1669.13
3455.24
7736.07
2135.27
4550.53
6627.43
4397.08
6642.27
2007.12
6508.21
6165.35
3229.6
6526.62
3426.45
6672.69
7927.49
7331.73
7739.86
3097.92
7341.65
2305.64
7742.53
2194.84
4341.74
2086.18
5930.17
8084.88
2458.65
3315.26
6206.24
7060.6
8516.02
1363.32
7197.5
4286.46
7773.31
7677.73
2388.33
6593.8
4260.41
3079.99
6734.99
8039.45
7106.01
4715.64
3547.35
7500.79
6607.13
2686.52
7276.63
6514.72
7670.37
5300.24
3597.92
3294.08
7046.57
5110.86
2976.85
6839.59
1115.78
1321.26
1895.25
4111.99
7906.6
2908.24
1470.53
7009.56
1253.61
6446.31
1846.9
6543.39
1125.16
1518.55
2795.3
5228.84
7993.09
1195.37
4326.76
1809.54
1433.11
3369.14
1570.2
7312.85
6693.83
8069.81
8059.65
1395.79
997.5
8724.13
7152.88
5783.15
6923.41
8043.71
4351.63
6833.42
6623.01
1964.31
1787.25
7866.52
7086.86
3078.91
7170.7
6701.36
6919.59
2969.83
1406.59
7035.76
6872.97
2025.58
7918.53
7773.92
2137.59
6721.08
2143.52
6785.94
7245.13
7703.1
7830.35
2415.25
7838.22
5672.7
6979.81
2721.78
6312.03
3865.83
6742.89
2829.02
7268.06
1201.92
4129.54
1105.06
1973.44
2883.21
2432.89
1448.49
6742.97
1080.37
6729.53
1833.57
5219.08
3290.68
1593.6
1333.71
1416.09
7575.15
6015.3
6861.31
3271.99
1879.87
6586.01
6197.84
7630.26
4938.61
3774.81
1435.88
5799.24
3617.29
2722.95
5860.99
1038.07
8001.57
6712.21
6223.37
7093.42
2584.21
6864.87
3682.73
3266.62
7198.85
6588.28
1321.26
6430.58
1425.16
7380.32
1564.47
1386.31
1396.1
1966.29
6304.53
1024.55
1070.06
7404.61
5715.92
8465.77
6814.76
5457.82
2852.93
2835.11
2141.77
2825.89
