6839.59
5783.15
2189.77
7500.79
2584.21
2722.95
997.5
7630.26
6826.61
2829.02
6872.97
2686.52
4550.53
3597.92
3271.99
1895.25
1169.57
3315.26
3626.88
2969.83
1470.53
6061.8
6165.35
6721.08
1070.06
6894.23
6919.59
4002.88
4326.76
3097.92
6209.71
8724.13
1787.25
6964.01
2415.25
8516.02
6623.01
4715.64
6947.06
3593.41
4351.63
6593.8
6526.62
6508.21
8039.45
1865.11
6923.41
4260.41
1653.95
1115.78
3290.68
1856.43
7739.86
3830.49
6245.18
6923.6
3005.01
7086.86
3245.26
7106.01
4366.59
7136.1
3682.73
7341.65
2721.78
1535.65
1964.31
2852.93
2088.95
3865.83
4938.61
1487.34
1992.46
7276.63
1080.37
5062.44
7489.2
1410.33
6701.36
5860.99
1448.49
1435.88
5989.27
2976.85
1593.6
6693.83
7742.53
6588.28
6446.31
7641.77
5300.24
1105.06
7630.71
4111.99
7458.99
7197.5
7830.35
8144.16
6543.39
6642.27
6661.44
1570.2
5715.92
6514.72
1688.32
1518.55
7137.03
1221.11
6206.24
7736.07
6197.84
5308.52
7918.53
6646.55
2835.11
3266.62
3369.14
1974.69
8738.72
1967.28
5799.24
6586.01
8465.77
3186.77
8035.2
6318.61
6335.56
6495.15
1945.82
7222.08
6979.81
6470.74
7677.73
2141.77
5110.86
2883.21
1447.05
7573.26
6742.89
6181.06
1195.37
3294.08
1606.04
8059.65
7227.45
7840.31
8043.71
4397.08
7404.61
8256.28
1669.13
3190.12
2092.0
1333.71
4129.54
1321.26
2388.33
1879.87
3078.91
8001.57
3784.23
7832.22
1816.47
3547.35
7170.7
7816.44
6554.04
2135.27
1008.64
1846.9
1416.09
1125.06
2432.89
4341.74
7670.37
8069.81
1038.07
7773.92
1363.32
7046.57
7227.96
2908.24
6607.13
7009.56
1439.05
7152.88
6407.52
5408.52
2194.84
6430.58
3455.24
7927.49
5984.26
6529.99
7060.6
1564.47
7906.6
6742.97
6015.3
3229.6
2825.89
7773.31
1386.25
1201.92
7093.42
6627.43
5572.09
1410.42
8144.02
6710.4
6712.21
7703.1
1235.3
1833.57
1288.11
6398.77
6223.37
4215.21
8098.16
1098.29
7198.85
7213.44
1973.44
5944.87
7245.13
6785.94
7993.09
7866.52
7252.4
2542.69
5930.17
1433.11
6734.99
8084.88
1321.26
6763.38
4286.46
3617.29
5219.08
6814.76
6864.87
2795.3
7268.06
2612.89
3774.81
7035.76
6312.03
5298.72
1982.93
2143.52
6369.28
7575.15
1253.61
1562.65
1941.41
6861.31
1484.46
7312.85
6304.53
1058.14
4290.59
1592.74
1406.59
1396.1
2310.15
2025.58
1050.04
1024.55
7331.73
1395.79
1966.29
6729.53
1125.16
7041.27
6833.42
6672.69
5228.84
1425.16
3426.45
1529.65
1500.1
1386.31
7532.9
7380.32
2007.12
2305.64
6749.28
2458.65
6890.94
7877.19
2137.59
3079.99
2086.18
7083.49
5672.7
1050.98
2329.44
5457.82
1809.54
7838.22
