7222.08
6335.56
8043.71
2908.24
8069.81
6861.31
6529.99
4260.41
5300.24
3455.24
4351.63
3190.12
7866.52
4550.53
1487.34
1606.04
6197.84
6646.55
2432.89
1070.06
3865.83
5799.24
1992.46
7877.19
2969.83
5457.82
2612.89
7093.42
6742.97
6923.6
7404.61
6508.21
1592.74
3315.26
4341.74
7060.6
4290.59
1879.87
7532.9
3294.08
5984.26
2825.89
1169.57
6826.61
2137.59
7041.27
1470.53
7641.77
7630.71
2584.21
1201.92
2310.15
5219.08
6729.53
1125.06
3229.6
6593.8
7927.49
3186.77
3682.73
5298.72
1416.09
1448.49
1856.43
1816.47
7331.73
6398.77
5408.52
6833.42
1435.88
3597.92
6514.72
8098.16
1221.11
1425.16
2086.18
8516.02
6642.27
6223.37
1982.93
5944.87
6318.61
1406.59
8465.77
1050.04
3097.92
1386.25
5989.27
7170.7
7906.6
6061.8
2835.11
7341.65
1363.32
1529.65
7489.2
7742.53
6554.04
6446.31
1688.32
1115.78
1433.11
7838.22
2795.3
3784.23
2088.95
6839.59
6890.94
1288.11
1564.47
7575.15
1447.05
2135.27
6495.15
7009.56
7252.4
5783.15
7458.99
6586.01
7380.32
2194.84
6872.97
5672.7
6543.39
1008.64
3547.35
1653.95
1321.26
1253.61
6206.24
7670.37
6430.58
7677.73
3245.26
8256.28
6623.01
5715.92
7245.13
1386.31
7227.45
8084.88
6721.08
3369.14
5860.99
2829.02
1809.54
1941.41
3617.29
8039.45
7736.07
1833.57
3079.99
7773.31
1973.44
1396.1
6407.52
7152.88
6894.23
4111.99
2722.95
5308.52
1593.6
8144.16
7573.26
1484.46
6245.18
7046.57
7086.86
6785.94
6710.4
6693.83
4326.76
3290.68
1080.37
7276.63
3626.88
6923.41
2092.0
2686.52
7106.01
6588.28
3830.49
6369.28
5062.44
1967.28
6742.89
2143.52
7312.85
3266.62
1050.98
1321.26
5572.09
2542.69
6919.59
1865.11
6015.3
2415.25
6661.44
2852.93
6734.99
5228.84
7832.22
1125.16
1846.9
6312.03
6470.74
8059.65
2025.58
2721.78
8001.57
7035.76
6526.62
997.5
1058.14
6763.38
6701.36
3078.91
7198.85
1669.13
7630.26
1410.42
6712.21
4002.88
4397.08
2883.21
2458.65
6864.87
1518.55
3774.81
1500.1
1570.2
6964.01
2388.33
6947.06
1024.55
6749.28
1974.69
4715.64
6181.06
1395.79
7830.35
1966.29
3271.99
1105.06
7739.86
8724.13
2305.64
2141.77
4215.21
6979.81
3426.45
1098.29
7227.96
2976.85
7993.09
7500.79
6165.35
7136.1
1410.33
7268.06
7197.5
6814.76
7083.49
2189.77
4286.46
1235.3
1895.25
7703.1
7213.44
2007.12
1439.05
1038.07
1945.82
6672.69
1787.25
5110.86
1195.37
1562.65
7137.03
6607.13
4938.61
7773.92
6209.71
6304.53
1964.31
4366.59
7918.53
8144.02
8035.2
1333.71
7840.31
1535.65
3593.41
5930.17
8738.72
7816.44
2329.44
6627.43
3005.01
4129.54
