1653.95
7840.31
6514.72
6407.52
1406.59
6627.43
6586.01
6369.28
7341.65
6672.69
7245.13
7573.26
8035.2
6742.97
8039.45
2007.12
6430.58
1435.88
2135.27
8256.28
4286.46
6712.21
7906.6
1008.64
7832.22
6749.28
6446.31
7035.76
6398.77
7838.22
6710.4
5930.17
3626.88
7213.44
1487.34
6814.76
1500.1
2612.89
6165.35
6833.42
2194.84
4351.63
6839.59
1038.07
7046.57
1484.46
4550.53
1425.16
7312.85
5672.7
4260.41
5783.15
1982.93
2908.24
2141.77
7458.99
6318.61
6223.37
3266.62
6508.21
7197.5
4715.64
1439.05
1115.78
1974.69
6923.6
7083.49
2969.83
6470.74
7170.7
6872.97
7198.85
7866.52
3190.12
7830.35
6304.53
7677.73
6061.8
1688.32
1395.79
7152.88
3865.83
7993.09
7404.61
4938.61
2458.65
1125.06
7670.37
2388.33
1416.09
6861.31
6312.03
3186.77
2584.21
997.5
1941.41
6923.41
4397.08
7268.06
1895.25
6701.36
8001.57
7276.63
1396.1
6015.3
3426.45
5062.44
2143.52
2883.21
7641.77
8738.72
5989.27
2025.58
6554.04
1050.04
8144.16
7489.2
7252.4
6197.84
6919.59
8516.02
4215.21
8465.77
3830.49
6206.24
6623.01
3774.81
1386.25
3455.24
1410.42
7041.27
5860.99
6661.44
6607.13
2835.11
4326.76
1410.33
6181.06
1321.26
4111.99
7877.19
6964.01
4002.88
6209.71
7137.03
1333.71
1105.06
7222.08
2852.93
7136.1
5715.92
1288.11
5228.84
7227.45
6729.53
7630.26
2722.95
8059.65
1593.6
2310.15
7703.1
8144.02
1235.3
6693.83
6335.56
3315.26
1447.05
3245.26
5984.26
7380.32
5572.09
4129.54
2795.3
6529.99
7575.15
3229.6
2976.85
3271.99
8069.81
6721.08
3369.14
7773.92
7927.49
2189.77
8084.88
5944.87
3597.92
3682.73
1787.25
7331.73
1992.46
1669.13
1518.55
6894.23
7106.01
1201.92
2305.64
6593.8
5300.24
1169.57
1070.06
6979.81
4341.74
6826.61
1562.65
2542.69
2825.89
1321.26
5298.72
5457.82
3784.23
6734.99
1363.32
1564.47
5799.24
1966.29
1816.47
1606.04
3290.68
1833.57
6646.55
6763.38
3294.08
4366.59
1448.49
1195.37
1529.65
6742.89
2088.95
2092.0
7500.79
3005.01
3547.35
4290.59
3593.41
2415.25
1433.11
1973.44
2329.44
1879.87
7060.6
2686.52
7816.44
5219.08
2721.78
6495.15
1221.11
6543.39
8098.16
7918.53
6890.94
5408.52
1386.31
7773.31
3097.92
3079.99
2086.18
1570.2
1080.37
1592.74
6526.62
1098.29
7009.56
6588.28
2432.89
7742.53
3078.91
7739.86
1964.31
8724.13
6642.27
1125.16
1535.65
8043.71
6785.94
1865.11
2829.02
5110.86
7736.07
1846.9
1809.54
1945.82
5308.52
1856.43
1058.14
6947.06
2137.59
1050.98
1967.28
7093.42
1024.55
1470.53
1253.61
7532.9
7086.86
6864.87
6245.18
7227.96
3617.29
7630.71
