7222.08
5989.27
5408.52
6814.76
2612.89
2092.0
8516.02
5860.99
7046.57
1992.46
2852.93
8144.16
4397.08
6398.77
1050.04
1816.47
5298.72
5944.87
6627.43
1833.57
7083.49
1653.95
3315.26
7227.96
7832.22
6554.04
5715.92
6672.69
2025.58
1321.26
6526.62
1410.33
5300.24
3271.99
7830.35
7918.53
6209.71
2976.85
1564.47
1592.74
1484.46
2432.89
1410.42
7170.7
1201.92
6894.23
2141.77
8738.72
1363.32
7927.49
1470.53
7677.73
1879.87
2722.95
8059.65
1115.78
2584.21
5572.09
4111.99
7877.19
3547.35
1105.06
5308.52
6839.59
6964.01
6430.58
2007.12
6529.99
5930.17
1562.65
6304.53
6947.06
3245.26
1433.11
1435.88
1416.09
3617.29
7866.52
3865.83
4215.21
3784.23
2542.69
7703.1
3597.92
5457.82
1406.59
7213.44
1606.04
2189.77
1125.16
6508.21
6979.81
6369.28
1169.57
1221.11
1038.07
6206.24
7906.6
1535.65
5062.44
2721.78
3078.91
4002.88
1964.31
1809.54
1518.55
6710.4
5672.7
6407.52
6318.61
1593.6
7197.5
7404.61
1386.31
4286.46
7736.07
6721.08
6586.01
7742.53
7773.92
1856.43
8069.81
2415.25
4351.63
6646.55
6312.03
1235.3
3369.14
2135.27
6470.74
7773.31
1447.05
4326.76
3005.01
6763.38
8256.28
8039.45
7630.71
6749.28
2310.15
1865.11
1195.37
7575.15
7152.88
3593.41
1945.82
6197.84
8465.77
4260.41
1333.71
7458.99
1425.16
4341.74
4290.59
8098.16
1500.1
6165.35
6514.72
5110.86
6742.97
1080.37
1070.06
3186.77
1448.49
6923.41
6661.44
4129.54
2086.18
3426.45
1050.98
7093.42
997.5
1846.9
6181.06
3290.68
4366.59
1966.29
7060.6
7573.26
1125.06
7630.26
6729.53
7312.85
2908.24
6446.31
1253.61
7341.65
1787.25
2969.83
3266.62
6623.01
2137.59
1024.55
2835.11
7331.73
2829.02
7739.86
1529.65
7009.56
4938.61
1008.64
3455.24
3229.6
1288.11
7489.2
2458.65
3097.92
1487.34
1967.28
1895.25
3682.73
1098.29
6335.56
7227.45
2825.89
7816.44
8035.2
1941.41
5799.24
6890.94
6861.31
7086.86
7838.22
8144.02
8043.71
7670.37
1974.69
7641.77
1688.32
6223.37
5219.08
7137.03
3190.12
6015.3
7840.31
7532.9
2194.84
3626.88
6785.94
8724.13
5228.84
6923.6
3294.08
1973.44
7035.76
6588.28
7993.09
2088.95
6734.99
1395.79
2883.21
7268.06
6833.42
3774.81
6712.21
1058.14
6872.97
4550.53
7252.4
6543.39
8001.57
6864.87
6607.13
2305.64
2143.52
5984.26
6742.89
2795.3
3830.49
6919.59
4715.64
5783.15
2329.44
1396.1
1982.93
7136.1
7106.01
7276.63
6593.8
1570.2
2388.33
3079.99
2686.52
6061.8
7198.85
7380.32
7500.79
1321.26
6701.36
6642.27
1439.05
6826.61
6495.15
6245.18
1669.13
8084.88
7245.13
6693.83
1386.25
7041.27
