1105.06
2415.25
6335.56
6861.31
3079.99
1500.1
6721.08
3266.62
1865.11
7927.49
3617.29
1593.6
7060.6
6627.43
6543.39
6206.24
7106.01
5219.08
1169.57
7213.44
1846.9
3005.01
5298.72
7630.71
8039.45
5930.17
8035.2
7041.27
6607.13
1447.05
2686.52
1425.16
1395.79
3774.81
7489.2
1125.06
7170.7
5572.09
2135.27
1235.3
7222.08
6814.76
6223.37
7035.76
1967.28
5944.87
6197.84
8144.16
7918.53
7641.77
6672.69
2795.3
4341.74
2025.58
6369.28
2584.21
4351.63
3784.23
2908.24
6693.83
6661.44
7198.85
5672.7
6508.21
1058.14
1564.47
1606.04
1669.13
6947.06
5989.27
2086.18
7773.31
1484.46
1439.05
1195.37
1321.26
1396.1
6734.99
6864.87
2829.02
5783.15
1410.42
6407.52
1895.25
7252.4
2432.89
7830.35
1080.37
1973.44
6181.06
6061.8
4366.59
1050.04
8098.16
6785.94
1098.29
6890.94
4715.64
1410.33
3097.92
6312.03
3229.6
2976.85
1974.69
6763.38
1787.25
7773.92
5408.52
7312.85
6304.53
6712.21
8465.77
1518.55
6919.59
3547.35
1433.11
1653.95
8001.57
7245.13
1386.31
2388.33
7227.96
7086.86
8724.13
5984.26
2007.12
1333.71
5300.24
3426.45
1945.82
1386.25
2969.83
6526.62
1435.88
4111.99
997.5
7739.86
1125.16
1809.54
2835.11
1050.98
6923.41
7046.57
6839.59
1562.65
6015.3
7840.31
5799.24
7630.26
2092.0
8256.28
1024.55
7152.88
7575.15
2825.89
4002.88
6623.01
6894.23
6923.6
6554.04
7268.06
1964.31
7866.52
7276.63
7083.49
7993.09
2722.95
3593.41
7341.65
8144.02
6646.55
6209.71
4260.41
6588.28
1363.32
6979.81
1982.93
7227.45
6446.31
3597.92
6165.35
6826.61
7500.79
7573.26
3865.83
2612.89
1856.43
1070.06
7458.99
6964.01
3078.91
1487.34
3455.24
7137.03
7670.37
7816.44
3245.26
1221.11
7736.07
2458.65
1253.61
5860.99
2883.21
4326.76
6495.15
5228.84
2143.52
4286.46
6710.4
7404.61
7703.1
1406.59
7093.42
2141.77
4215.21
5715.92
4290.59
1592.74
6529.99
1833.57
8043.71
3186.77
7906.6
1448.49
6742.89
7331.73
4550.53
7742.53
3271.99
5062.44
1115.78
7136.1
3294.08
8738.72
6318.61
7197.5
7532.9
2305.64
6749.28
6398.77
6833.42
6514.72
6586.01
1879.87
7877.19
7380.32
7832.22
2088.95
3315.26
6742.97
4397.08
1470.53
3830.49
6642.27
1688.32
4938.61
3626.88
1416.09
2137.59
6593.8
7677.73
1529.65
1288.11
2310.15
6701.36
3290.68
2194.84
6872.97
2329.44
8059.65
5308.52
8069.81
1966.29
1535.65
1038.07
4129.54
1570.2
3682.73
6470.74
2852.93
2721.78
1992.46
8084.88
8516.02
6729.53
7009.56
6245.18
1816.47
5110.86
1201.92
1941.41
6430.58
3369.14
1008.64
5457.82
3190.12
1321.26
7838.22
2542.69
2189.77
