1688.32
7532.9
6209.71
7086.86
1964.31
6312.03
7773.92
8039.45
6593.8
3865.83
6061.8
6721.08
1321.26
5110.86
6839.59
1410.42
1288.11
1105.06
3369.14
2721.78
2542.69
1487.34
1435.88
2825.89
1386.25
3097.92
6430.58
7830.35
1787.25
7993.09
2612.89
6526.62
8465.77
6318.61
6304.53
7630.71
6514.72
7575.15
1439.05
8144.02
7312.85
7573.26
7137.03
3266.62
7380.32
3784.23
1966.29
5715.92
6872.97
6623.01
6923.6
6712.21
1484.46
2795.3
6964.01
1895.25
5408.52
1410.33
4326.76
2137.59
4550.53
1201.92
7866.52
1967.28
5672.7
6554.04
5783.15
7500.79
6398.77
1058.14
3597.92
3455.24
1606.04
1125.16
3271.99
6947.06
1253.61
7041.27
5457.82
6661.44
6543.39
1653.95
6206.24
1518.55
7046.57
4290.59
8516.02
1448.49
4129.54
7739.86
1333.71
4397.08
7009.56
5228.84
4715.64
1098.29
1433.11
6749.28
1235.3
5298.72
3547.35
2088.95
1169.57
2908.24
7136.1
8084.88
6672.69
6923.41
6861.31
1570.2
7489.2
3078.91
5308.52
1846.9
7773.31
6833.42
7213.44
5799.24
6701.36
1529.65
1363.32
6508.21
6742.89
7276.63
7152.88
1038.07
7252.4
8035.2
1974.69
7106.01
1470.53
7906.6
6627.43
2969.83
1050.04
7404.61
6015.3
6919.59
3245.26
6734.99
7341.65
7742.53
2976.85
6693.83
2092.0
5944.87
3294.08
2143.52
1195.37
6586.01
7198.85
1115.78
2141.77
1593.6
8001.57
3005.01
3290.68
4111.99
6181.06
3682.73
1125.06
1973.44
6785.94
2686.52
1941.41
2189.77
7918.53
7245.13
6814.76
1945.82
6890.94
3617.29
4286.46
997.5
3229.6
7840.31
1008.64
2025.58
1535.65
1406.59
1447.05
2829.02
1221.11
7227.96
5219.08
3830.49
7083.49
1416.09
2722.95
2194.84
5860.99
4366.59
2086.18
2458.65
1500.1
7838.22
6223.37
6197.84
1982.93
4260.41
2432.89
1386.31
7630.26
7927.49
7093.42
1396.1
8738.72
8043.71
4351.63
3315.26
7641.77
6495.15
1879.87
7877.19
7268.06
1809.54
4938.61
1321.26
2835.11
2305.64
6588.28
3774.81
6529.99
8098.16
6407.52
6763.38
2883.21
8144.16
6742.97
4215.21
6894.23
7816.44
3190.12
5572.09
7677.73
8069.81
7170.7
5989.27
2329.44
1070.06
6607.13
1816.47
7227.45
8059.65
1592.74
2388.33
2852.93
1833.57
7197.5
6729.53
5984.26
3593.41
6864.87
7222.08
6446.31
6646.55
2415.25
4341.74
1856.43
6335.56
3626.88
4002.88
6165.35
1564.47
6369.28
5062.44
6470.74
2007.12
1080.37
7458.99
6979.81
7736.07
7331.73
7703.1
1425.16
5930.17
1050.98
8724.13
7060.6
6642.27
7035.76
1669.13
6826.61
8256.28
3186.77
1562.65
7670.37
6710.4
7832.22
5300.24
1024.55
1992.46
1395.79
1865.11
3079.99
2310.15
2584.21
6245.18
2135.27
3426.45
