8738.72
7276.63
1518.55
2852.93
2141.77
4111.99
7736.07
5984.26
6826.61
2542.69
2088.95
8516.02
7170.7
4129.54
7152.88
2092.0
2686.52
1593.6
7840.31
4397.08
6627.43
4215.21
2908.24
6312.03
6785.94
2458.65
5300.24
1008.64
2432.89
1846.9
1787.25
7703.1
1447.05
8001.57
1865.11
8256.28
1058.14
3097.92
7641.77
1416.09
6470.74
5408.52
2825.89
6890.94
1982.93
2310.15
6763.38
1050.04
6712.21
7630.26
1321.26
1895.25
6861.31
6646.55
7136.1
6197.84
6833.42
3682.73
1321.26
1169.57
6181.06
6721.08
6964.01
6734.99
5572.09
8069.81
6223.37
3245.26
1201.92
4286.46
6672.69
5989.27
6623.01
7137.03
2795.3
1098.29
7677.73
2137.59
3079.99
7213.44
2086.18
6607.13
7670.37
6593.8
5062.44
7816.44
2835.11
1406.59
8059.65
6586.01
1487.34
6923.6
2388.33
6749.28
6318.61
7060.6
4341.74
1606.04
1425.16
1809.54
1992.46
1570.2
7197.5
6526.62
3593.41
7086.86
7222.08
1833.57
7906.6
2722.95
1653.95
7404.61
8043.71
7918.53
6508.21
7331.73
5860.99
2883.21
4290.59
1535.65
1038.07
6710.4
7742.53
1024.55
6742.97
6369.28
6245.18
7630.71
8724.13
2329.44
4366.59
1500.1
5672.7
1974.69
5298.72
4715.64
7573.26
7489.2
7093.42
1410.33
7227.45
1439.05
5930.17
2194.84
4938.61
1816.47
8465.77
6701.36
1253.61
1395.79
3229.6
6588.28
7877.19
7500.79
7458.99
6335.56
4351.63
3865.83
7041.27
7083.49
1529.65
1669.13
6894.23
1410.42
2135.27
3626.88
2007.12
7838.22
7245.13
7106.01
7830.35
3290.68
6923.41
6742.89
1105.06
6061.8
1125.16
2415.25
3617.29
1386.31
6661.44
6554.04
8098.16
6407.52
3078.91
8144.16
2976.85
1562.65
3186.77
6446.31
6872.97
7832.22
7035.76
3597.92
6514.72
7252.4
1221.11
5457.82
7866.52
1080.37
6814.76
3005.01
6979.81
7532.9
7227.96
2189.77
6304.53
6839.59
3294.08
1396.1
6165.35
7341.65
1435.88
6206.24
7198.85
1564.47
5715.92
7773.92
3426.45
1973.44
2025.58
3369.14
7312.85
7927.49
5944.87
6947.06
6919.59
7739.86
3315.26
5219.08
1050.98
2584.21
3547.35
7268.06
6398.77
3190.12
4260.41
1333.71
6729.53
1470.53
1433.11
1386.25
1448.49
7575.15
6693.83
6864.87
1288.11
6209.71
4550.53
5799.24
1879.87
4002.88
8084.88
7773.31
1125.06
2721.78
3830.49
1484.46
1070.06
8035.2
3774.81
6529.99
1967.28
3784.23
6430.58
7009.56
6543.39
1363.32
2612.89
2305.64
1966.29
1592.74
7046.57
7380.32
1964.31
2969.83
1945.82
1115.78
1856.43
6495.15
5110.86
6642.27
1235.3
3266.62
7993.09
997.5
1195.37
3455.24
2829.02
5308.52
2143.52
3271.99
1941.41
8144.02
6015.3
4326.76
5783.15
8039.45
1688.32
5228.84
