1050.98
5572.09
7575.15
1941.41
7840.31
6785.94
3593.41
7677.73
1169.57
1879.87
1653.95
8144.02
1433.11
1992.46
6061.8
3290.68
6015.3
6623.01
1235.3
1484.46
6430.58
1008.64
6318.61
2852.93
1321.26
3682.73
6588.28
1425.16
3774.81
2194.84
3266.62
6642.27
1816.47
7341.65
7832.22
2825.89
2722.95
1410.33
1809.54
7773.92
7009.56
6872.97
1070.06
8084.88
1439.05
6833.42
7404.61
997.5
4215.21
7866.52
4129.54
1470.53
7106.01
7993.09
2612.89
3547.35
1115.78
3455.24
6894.23
7500.79
4260.41
5984.26
6446.31
1564.47
4366.59
3097.92
2305.64
1865.11
1982.93
1562.65
4715.64
3315.26
2141.77
5783.15
7198.85
7086.86
8516.02
3078.91
6508.21
6979.81
6554.04
6209.71
5715.92
1038.07
2086.18
6742.97
6763.38
3294.08
2432.89
1945.82
7041.27
2007.12
7060.6
2584.21
1395.79
1125.16
3626.88
4290.59
8724.13
6661.44
1895.25
6335.56
1448.49
7245.13
7838.22
6407.52
6734.99
1846.9
5672.7
7739.86
7093.42
8738.72
7630.71
7532.9
5110.86
3079.99
1080.37
3190.12
2883.21
7268.06
1406.59
7742.53
7331.73
1396.1
6672.69
1570.2
7227.96
7170.7
2721.78
1321.26
1098.29
8039.45
8098.16
7083.49
7252.4
8001.57
5308.52
6646.55
7670.37
6470.74
6923.6
6814.76
6721.08
6729.53
8465.77
7197.5
6165.35
8035.2
1833.57
5300.24
2415.25
7641.77
2835.11
7630.26
6710.4
7136.1
7312.85
1386.25
3597.92
6742.89
2143.52
7035.76
2542.69
4550.53
7222.08
2088.95
2329.44
7573.26
2310.15
1125.06
2458.65
1410.42
7906.6
7380.32
1966.29
6526.62
1253.61
4002.88
2388.33
5457.82
2795.3
2189.77
4351.63
1535.65
6964.01
1288.11
7046.57
2092.0
6712.21
1050.04
1967.28
1856.43
4286.46
3784.23
1500.1
4397.08
6947.06
4938.61
6495.15
6312.03
5408.52
1593.6
1058.14
3186.77
5944.87
1973.44
7736.07
6223.37
6543.39
8144.16
1201.92
5989.27
4111.99
2135.27
3865.83
6197.84
6627.43
1974.69
7458.99
1529.65
6826.61
3369.14
1518.55
1787.25
1964.31
8256.28
5799.24
4341.74
6861.31
6607.13
6369.28
3830.49
6304.53
5219.08
7703.1
1024.55
1435.88
8043.71
7816.44
7918.53
2908.24
7227.45
3229.6
1105.06
6514.72
1416.09
6864.87
2137.59
1447.05
1195.37
6245.18
3271.99
6181.06
2686.52
7877.19
6529.99
5062.44
6749.28
7276.63
3617.29
7830.35
6839.59
2976.85
7773.31
5860.99
5298.72
1386.31
2025.58
1688.32
1592.74
6398.77
6206.24
7137.03
6919.59
1363.32
1221.11
6701.36
7213.44
5930.17
1333.71
2829.02
6890.94
3005.01
7927.49
1669.13
5228.84
1606.04
6923.41
2969.83
3245.26
6693.83
8059.65
4326.76
7489.2
3426.45
7152.88
1487.34
8069.81
6593.8
6586.01
