7736.07
6470.74
7840.31
1688.32
2795.3
6672.69
2088.95
6661.44
5298.72
1669.13
3617.29
6894.23
1529.65
2025.58
2415.25
2092.0
7060.6
6872.97
7918.53
1816.47
4351.63
6446.31
2458.65
7489.2
7197.5
1008.64
7838.22
6839.59
6335.56
3774.81
1448.49
3315.26
2908.24
7227.96
1288.11
1433.11
4260.41
4397.08
3266.62
1333.71
7276.63
1974.69
7331.73
1653.95
1406.59
5989.27
1592.74
6398.77
3626.88
6181.06
3426.45
2432.89
7227.45
7832.22
5062.44
2086.18
8035.2
2976.85
2310.15
6607.13
5715.92
2329.44
5572.09
1363.32
1973.44
8516.02
4715.64
1500.1
1809.54
1895.25
5930.17
8724.13
5408.52
3005.01
3830.49
6223.37
7677.73
6919.59
7573.26
8043.71
3547.35
6015.3
7500.79
3079.99
6979.81
1395.79
1606.04
6864.87
4002.88
2852.93
1410.33
3097.92
1787.25
1535.65
6763.38
5672.7
2143.52
1856.43
7575.15
2388.33
8059.65
1115.78
6742.97
4938.61
2137.59
2141.77
7136.1
6923.41
2825.89
2969.83
1235.3
7906.6
7630.26
7035.76
1195.37
1416.09
6642.27
1470.53
6304.53
6729.53
6529.99
6833.42
1105.06
7742.53
7046.57
1435.88
6245.18
1058.14
1386.25
3190.12
1593.6
1570.2
7739.86
1038.07
5308.52
8084.88
6588.28
1321.26
7773.92
4286.46
6890.94
1070.06
1221.11
7268.06
1169.57
6710.4
8039.45
7170.7
1967.28
1564.47
4366.59
1050.98
5944.87
6742.89
1321.26
1425.16
6693.83
6554.04
7137.03
2135.27
1098.29
6197.84
1518.55
6430.58
7198.85
3865.83
6712.21
4326.76
3078.91
8069.81
1050.04
1487.34
1201.92
1833.57
5799.24
7341.65
7830.35
7641.77
2883.21
7816.44
7093.42
1125.06
1982.93
3294.08
3784.23
1966.29
5228.84
4215.21
8001.57
6514.72
1396.1
8098.16
4550.53
4341.74
8465.77
1865.11
7703.1
7630.71
5300.24
7086.86
1410.42
2686.52
6826.61
6586.01
1024.55
1386.31
6061.8
1846.9
2305.64
4129.54
7106.01
2584.21
1945.82
7993.09
7404.61
2721.78
997.5
4290.59
1484.46
1562.65
5984.26
7245.13
3369.14
1879.87
6734.99
2612.89
6209.71
6318.61
3245.26
1439.05
6749.28
5457.82
6814.76
5110.86
8144.16
7866.52
7458.99
7152.88
7532.9
6543.39
7083.49
5783.15
2542.69
7877.19
6646.55
2194.84
6964.01
6369.28
2007.12
7213.44
6861.31
1447.05
6623.01
7222.08
6508.21
5219.08
8738.72
1253.61
7380.32
7252.4
6785.94
5860.99
7927.49
6407.52
3229.6
3186.77
6526.62
7041.27
6593.8
1992.46
7773.31
8144.02
6312.03
3455.24
6206.24
1080.37
2835.11
6495.15
2722.95
1941.41
4111.99
1125.16
2829.02
6627.43
3271.99
6165.35
2189.77
1964.31
7312.85
3593.41
3290.68
3682.73
6947.06
6701.36
6721.08
7009.56
7670.37
8256.28
6923.6
3597.92
