7152.88
6470.74
1058.14
5715.92
7677.73
1038.07
6554.04
3626.88
1941.41
5860.99
3547.35
1386.25
2135.27
6826.61
6543.39
2141.77
1070.06
6197.84
2883.21
6206.24
1447.05
1973.44
6923.6
6979.81
6312.03
3682.73
2835.11
8035.2
1008.64
7532.9
2194.84
7041.27
1992.46
2388.33
1333.71
8098.16
7670.37
1562.65
4550.53
7840.31
2086.18
4397.08
3426.45
5219.08
1470.53
997.5
5300.24
7877.19
5408.52
6165.35
4326.76
8724.13
8465.77
7500.79
7993.09
7866.52
1570.2
6646.55
6734.99
7832.22
7773.92
1964.31
3315.26
4129.54
3784.23
1846.9
6627.43
7046.57
8043.71
1195.37
1564.47
2829.02
8069.81
7086.86
6729.53
6710.4
1321.26
3294.08
1856.43
2795.3
1833.57
1435.88
1201.92
7170.7
7816.44
5308.52
6672.69
8144.16
2612.89
3190.12
5110.86
7197.5
2310.15
3271.99
7575.15
7739.86
1500.1
6446.31
1080.37
6833.42
7331.73
6061.8
6623.01
6430.58
6508.21
1487.34
7198.85
6872.97
2721.78
2432.89
7213.44
1484.46
5984.26
7630.71
2305.64
4260.41
7630.26
8256.28
8059.65
6181.06
5989.27
2584.21
1688.32
7227.45
2092.0
4938.61
7918.53
6839.59
2969.83
2189.77
2088.95
1425.16
6712.21
1410.33
7742.53
2976.85
2852.93
7404.61
2415.25
4290.59
7136.1
4351.63
7927.49
1865.11
5783.15
7573.26
5228.84
6593.8
6588.28
5457.82
1606.04
4286.46
7906.6
1416.09
1363.32
8144.02
7252.4
2542.69
7641.77
7703.1
2007.12
4715.64
4215.21
7458.99
3229.6
2143.52
2908.24
8738.72
2686.52
1024.55
6894.23
7830.35
4366.59
7106.01
6693.83
1395.79
1050.04
3774.81
6721.08
8084.88
6749.28
2329.44
1535.65
7838.22
7227.96
5672.7
3455.24
1669.13
7268.06
3097.92
1982.93
1396.1
2137.59
7009.56
3865.83
2458.65
5062.44
6864.87
6642.27
1321.26
1974.69
6964.01
6785.94
1386.31
1098.29
1787.25
6742.89
6514.72
1593.6
1125.06
2025.58
5572.09
6701.36
7222.08
1895.25
6861.31
6335.56
3617.29
6529.99
1879.87
1439.05
1433.11
3078.91
6763.38
4111.99
6245.18
7312.85
1235.3
4341.74
7380.32
1253.61
3593.41
8001.57
2722.95
6742.97
1529.65
1518.55
3290.68
3266.62
6947.06
6369.28
5799.24
1125.16
1050.98
6209.71
7773.31
6407.52
7093.42
7083.49
6814.76
1816.47
7245.13
3830.49
6398.77
1410.42
6607.13
4002.88
6890.94
1945.82
6015.3
7736.07
1966.29
1809.54
1653.95
6661.44
1221.11
8039.45
7489.2
3597.92
7035.76
6304.53
3245.26
1115.78
6223.37
5298.72
7276.63
7137.03
8516.02
6586.01
1288.11
3005.01
7060.6
2825.89
1592.74
1406.59
6919.59
3186.77
6318.61
1967.28
3369.14
6495.15
1448.49
1105.06
6526.62
5930.17
6923.41
1169.57
3079.99
5944.87
7341.65
