7927.49
4938.61
6554.04
7773.92
1321.26
2829.02
2143.52
1809.54
2310.15
6814.76
6470.74
6693.83
7213.44
4260.41
6495.15
6223.37
1447.05
3865.83
7136.1
2908.24
6312.03
7500.79
1105.06
1253.61
7703.1
1816.47
6872.97
7083.49
6734.99
7341.65
4351.63
1024.55
1535.65
1992.46
3682.73
1050.98
3830.49
7152.88
1050.04
4397.08
4215.21
1080.37
1235.3
2415.25
4290.59
3617.29
6729.53
3784.23
5219.08
1974.69
6923.41
1115.78
2883.21
7816.44
6209.71
1865.11
7918.53
7736.07
6672.69
6646.55
1195.37
6742.97
1833.57
6833.42
3078.91
3271.99
6543.39
6947.06
6861.31
3774.81
2542.69
6627.43
5062.44
2007.12
1406.59
5110.86
7268.06
4715.64
8001.57
6979.81
5860.99
1879.87
1895.25
1973.44
1846.9
7041.27
8084.88
6742.89
7106.01
7630.26
6785.94
2722.95
1433.11
1321.26
7227.45
7670.37
7222.08
1487.34
4129.54
2825.89
1125.16
6919.59
7838.22
2458.65
6245.18
1982.93
6607.13
3593.41
2305.64
5572.09
7630.71
7489.2
7575.15
2584.21
3229.6
1484.46
1967.28
7198.85
6407.52
1562.65
7830.35
6839.59
6165.35
2852.93
5984.26
6335.56
7170.7
1653.95
1070.06
1564.47
7245.13
7573.26
7773.31
1395.79
2194.84
6701.36
1964.31
4111.99
1856.43
6763.38
8043.71
8516.02
7035.76
1425.16
3597.92
6197.84
7046.57
6526.62
1221.11
3290.68
1125.06
7739.86
1439.05
7093.42
1098.29
7458.99
2432.89
6508.21
3455.24
8144.16
5672.7
6529.99
6864.87
1966.29
8144.02
2329.44
2141.77
3190.12
2721.78
3626.88
5408.52
1470.53
7677.73
6304.53
7276.63
6588.28
2976.85
6593.8
7137.03
1448.49
6894.23
6923.6
6710.4
1941.41
1606.04
8256.28
1333.71
8738.72
7009.56
6015.3
7532.9
3097.92
6586.01
3315.26
3369.14
5457.82
6430.58
3245.26
6061.8
1529.65
4326.76
2088.95
7380.32
1386.31
5308.52
1363.32
6964.01
8465.77
6318.61
7252.4
1593.6
5944.87
2612.89
6826.61
6206.24
6181.06
5799.24
1288.11
7197.5
6712.21
7312.85
7641.77
2025.58
7840.31
4002.88
7877.19
6661.44
3426.45
6398.77
1201.92
2969.83
1688.32
3547.35
5715.92
3266.62
7906.6
1787.25
7832.22
6890.94
6749.28
2835.11
7993.09
1058.14
7866.52
2137.59
7227.96
8724.13
8035.2
997.5
7086.86
4286.46
2189.77
5783.15
1396.1
1435.88
3294.08
2795.3
5298.72
6721.08
6514.72
7331.73
8039.45
6642.27
7060.6
4550.53
1518.55
1500.1
2135.27
5228.84
1416.09
1008.64
1038.07
1410.33
1592.74
7404.61
8059.65
6369.28
1669.13
8098.16
4341.74
2092.0
3079.99
1386.25
4366.59
2686.52
5930.17
3186.77
2086.18
3005.01
6446.31
7742.53
2388.33
5989.27
5300.24
1570.2
1410.42
1945.82
6623.01
1169.57
8069.81
