3245.26
2829.02
6245.18
3865.83
1288.11
2092.0
4341.74
6742.97
8724.13
1410.42
7773.31
7252.4
3190.12
6672.69
3617.29
3290.68
6607.13
7060.6
1967.28
1333.71
6508.21
7993.09
7877.19
5408.52
2415.25
7312.85
1787.25
8059.65
6861.31
3597.92
6923.6
7106.01
7840.31
1992.46
3547.35
1195.37
6318.61
2835.11
7641.77
1425.16
4326.76
1253.61
4260.41
8043.71
6661.44
1410.33
2135.27
997.5
3079.99
5062.44
3774.81
3315.26
8084.88
1406.59
1816.47
7245.13
3455.24
1105.06
3097.92
1500.1
2137.59
7380.32
6304.53
6749.28
3266.62
6734.99
6839.59
1221.11
7276.63
6529.99
1535.65
2795.3
1564.47
3078.91
2310.15
5930.17
7227.96
7197.5
1846.9
1070.06
4366.59
7046.57
7532.9
6223.37
1606.04
4002.88
8738.72
6919.59
4290.59
2686.52
7703.1
6833.42
7137.03
1688.32
2722.95
1363.32
5783.15
1945.82
1169.57
8516.02
2584.21
7816.44
2542.69
1447.05
6729.53
6407.52
7404.61
7035.76
6543.39
1050.98
6470.74
1386.31
1966.29
6206.24
7227.45
7331.73
3005.01
1669.13
6814.76
3186.77
2189.77
2612.89
1433.11
6593.8
6979.81
6446.31
4111.99
1529.65
2976.85
1125.06
1439.05
5110.86
7927.49
6785.94
5715.92
1321.26
7573.26
1592.74
7630.71
1038.07
4351.63
2329.44
3784.23
1435.88
7773.92
1562.65
3426.45
3682.73
6872.97
2908.24
7213.44
6209.71
6623.01
4397.08
6693.83
2143.52
1386.25
6335.56
6495.15
5944.87
1058.14
1487.34
1395.79
6894.23
8039.45
1973.44
1865.11
7198.85
2883.21
1895.25
7575.15
8144.16
3593.41
2141.77
4550.53
8465.77
7458.99
7832.22
1856.43
2194.84
7838.22
7677.73
6742.89
7268.06
5572.09
6369.28
1050.04
6701.36
3830.49
6588.28
1941.41
1593.6
2007.12
2852.93
6710.4
1416.09
6964.01
6181.06
6554.04
1809.54
4715.64
3294.08
1098.29
7341.65
7222.08
2305.64
1235.3
6586.01
5298.72
3229.6
2458.65
8144.02
1974.69
1653.95
7041.27
1448.49
7739.86
6864.87
2025.58
6923.41
6061.8
5672.7
6312.03
6197.84
7830.35
1484.46
7083.49
2825.89
5219.08
2086.18
7152.88
7086.86
6646.55
7918.53
1982.93
6398.77
5860.99
2088.95
6015.3
1518.55
1024.55
1201.92
1008.64
7866.52
6514.72
1115.78
6826.61
7670.37
5308.52
4129.54
8256.28
6721.08
3626.88
1321.26
3271.99
5989.27
5457.82
1125.16
7630.26
6712.21
7170.7
4286.46
8069.81
7489.2
2721.78
1080.37
5984.26
1396.1
7500.79
4215.21
8001.57
6947.06
6526.62
7906.6
4938.61
1964.31
7093.42
2388.33
5300.24
1470.53
7136.1
7009.56
1570.2
6165.35
8098.16
3369.14
7742.53
2432.89
2969.83
6763.38
1833.57
1879.87
5799.24
6890.94
5228.84
8035.2
6642.27
7736.07
6627.43
6430.58
