7312.85
2305.64
7170.7
2432.89
3271.99
6588.28
1535.65
6470.74
6890.94
7245.13
7773.31
1195.37
4129.54
6181.06
7331.73
1945.82
2135.27
6508.21
3865.83
2969.83
1416.09
1410.33
7252.4
2883.21
7093.42
7152.88
5298.72
6701.36
1098.29
1288.11
2686.52
2458.65
5457.82
7906.6
3617.29
7222.08
6923.41
3245.26
1125.06
3078.91
2976.85
8001.57
1363.32
7035.76
1201.92
1966.29
1967.28
6407.52
7573.26
1105.06
6304.53
2721.78
6526.62
7816.44
4366.59
4397.08
7227.45
1688.32
1080.37
5572.09
6672.69
5715.92
1448.49
1500.1
5984.26
7866.52
8144.16
5930.17
7041.27
7532.9
3097.92
7083.49
1439.05
1433.11
6923.6
4938.61
7404.61
1321.26
6894.23
2137.59
1816.47
5110.86
5308.52
1856.43
2825.89
2415.25
1974.69
7086.86
2388.33
1787.25
7500.79
6554.04
3593.41
7489.2
4286.46
6430.58
2310.15
7630.71
4351.63
7380.32
6543.39
6495.15
6209.71
1024.55
7197.5
1125.16
6206.24
6826.61
1395.79
2722.95
2092.0
6712.21
1529.65
6861.31
2143.52
5860.99
6642.27
3597.92
1992.46
1879.87
1169.57
1235.3
4260.41
1570.2
6763.38
7918.53
6947.06
5219.08
1669.13
7198.85
7458.99
2025.58
1070.06
7060.6
2612.89
7838.22
6197.84
5799.24
7136.1
1410.42
1386.31
3626.88
1253.61
1606.04
6721.08
1115.78
3266.62
7268.06
4002.88
6734.99
1050.04
7670.37
8465.77
1470.53
8516.02
7630.26
6729.53
8069.81
1386.25
8256.28
8039.45
1964.31
3830.49
3369.14
2829.02
6529.99
7703.1
6623.01
1833.57
8035.2
3186.77
1895.25
6607.13
1406.59
8084.88
1593.6
3079.99
6318.61
1518.55
5989.27
4111.99
1653.95
6514.72
3190.12
5300.24
3290.68
6646.55
1396.1
4290.59
6742.89
1008.64
1333.71
6586.01
6964.01
6742.97
6979.81
7877.19
5783.15
2584.21
1487.34
8098.16
6785.94
6661.44
1973.44
6864.87
7832.22
6710.4
3229.6
6398.77
2795.3
2189.77
1050.98
7641.77
5944.87
6814.76
7739.86
1562.65
4550.53
6335.56
8738.72
2141.77
7106.01
3315.26
5062.44
4326.76
3784.23
6872.97
2908.24
8043.71
997.5
1447.05
1592.74
6593.8
7993.09
7677.73
2086.18
7773.92
2194.84
6015.3
1058.14
6839.59
1435.88
6223.37
3005.01
4215.21
1809.54
6833.42
6749.28
5408.52
3774.81
2835.11
7927.49
6919.59
7830.35
1941.41
5228.84
3455.24
4341.74
2088.95
7009.56
2007.12
6312.03
6693.83
2852.93
7276.63
7575.15
1038.07
7736.07
3294.08
5672.7
1982.93
6369.28
1425.16
6061.8
1846.9
3426.45
2542.69
3682.73
4715.64
8059.65
7213.44
8144.02
7137.03
6245.18
6165.35
7742.53
1484.46
2329.44
7341.65
1564.47
1321.26
1865.11
6446.31
7227.96
6627.43
1221.11
8724.13
7046.57
7840.31
3547.35
