7830.35
4286.46
6721.08
6335.56
1941.41
5930.17
1992.46
1448.49
5110.86
6312.03
3617.29
6919.59
1333.71
6872.97
8084.88
2310.15
1967.28
1592.74
7331.73
3830.49
1564.47
7276.63
7703.1
3290.68
1435.88
2584.21
2835.11
6979.81
1105.06
1966.29
7404.61
8738.72
2135.27
2137.59
1235.3
1008.64
8043.71
1425.16
1321.26
1865.11
2825.89
7086.86
6223.37
6369.28
8724.13
1688.32
1653.95
6586.01
1833.57
1050.98
5300.24
6729.53
6923.41
5298.72
6749.28
1125.16
1964.31
1416.09
3547.35
1487.34
7136.1
1447.05
7213.44
6015.3
2143.52
7245.13
4111.99
8098.16
6470.74
7041.27
1593.6
2458.65
1895.25
6061.8
1529.65
2852.93
7838.22
1221.11
3190.12
7816.44
1098.29
4397.08
6785.94
7773.92
1321.26
2795.3
1669.13
1115.78
1562.65
7222.08
7046.57
1363.32
1201.92
7866.52
2007.12
1396.1
3266.62
1125.06
8039.45
5989.27
3079.99
3186.77
5457.82
7630.26
6839.59
3865.83
5984.26
8144.16
6701.36
1856.43
3682.73
6607.13
2976.85
2908.24
6964.01
7152.88
1070.06
7198.85
2722.95
7341.65
3294.08
7252.4
5672.7
7918.53
1809.54
6514.72
8069.81
2086.18
7575.15
1518.55
6864.87
8465.77
4550.53
4341.74
4366.59
2025.58
2194.84
1974.69
5944.87
6446.31
2686.52
5408.52
5799.24
2141.77
6826.61
3229.6
2612.89
4351.63
1484.46
2542.69
3245.26
4002.88
7993.09
7500.79
2883.21
3097.92
6206.24
6833.42
6923.6
2721.78
6672.69
7906.6
2329.44
1879.87
5219.08
1038.07
8001.57
6710.4
7035.76
7573.26
997.5
6430.58
1169.57
7106.01
4326.76
6495.15
6304.53
2969.83
7832.22
5062.44
4129.54
1500.1
1024.55
6861.31
1410.42
7677.73
2305.64
7877.19
3784.23
6734.99
1982.93
1050.04
3455.24
1395.79
8035.2
2432.89
5308.52
6554.04
7312.85
7093.42
5860.99
7489.2
7641.77
7137.03
4290.59
7670.37
6508.21
3597.92
6526.62
6742.97
1288.11
6693.83
6588.28
1253.61
6543.39
8516.02
8144.02
1973.44
1787.25
1945.82
1386.31
1058.14
6209.71
8059.65
7268.06
6593.8
6407.52
1195.37
6318.61
7927.49
7197.5
6763.38
5228.84
2388.33
2415.25
6661.44
6894.23
7458.99
4715.64
7227.96
6890.94
1439.05
1535.65
3369.14
3315.26
2829.02
6814.76
1846.9
6197.84
2088.95
7083.49
1570.2
6742.89
7380.32
3271.99
6712.21
7773.31
6529.99
6642.27
7009.56
7742.53
2189.77
7736.07
1080.37
5783.15
4260.41
2092.0
1606.04
8256.28
1410.33
7630.71
3626.88
7227.45
1816.47
3774.81
1433.11
6623.01
1406.59
6646.55
7060.6
6947.06
7170.7
4215.21
5572.09
3426.45
7840.31
7532.9
6165.35
7739.86
4938.61
6245.18
6181.06
1470.53
3005.01
1386.25
6627.43
3078.91
3593.41
5715.92
6398.77
