2883.21
1201.92
4366.59
1879.87
8098.16
7877.19
6721.08
6763.38
1564.47
2686.52
2088.95
4286.46
5672.7
8001.57
1425.16
2189.77
1333.71
6398.77
3426.45
1363.32
6470.74
6947.06
1125.16
6312.03
2092.0
2825.89
6729.53
7312.85
4111.99
1967.28
1945.82
2310.15
7227.45
5860.99
4341.74
1974.69
7840.31
6839.59
1410.42
4351.63
2835.11
6245.18
2852.93
2329.44
6734.99
7227.96
8724.13
3005.01
7086.86
3774.81
1500.1
2795.3
7630.71
1941.41
1416.09
2976.85
4715.64
1809.54
6710.4
1125.06
1386.31
2025.58
6672.69
1321.26
6514.72
6181.06
6833.42
6919.59
7866.52
2612.89
1653.95
1058.14
7009.56
6661.44
6712.21
1816.47
1439.05
7198.85
7573.26
7927.49
1410.33
3229.6
1115.78
6814.76
8069.81
3369.14
1288.11
6529.99
1406.59
5228.84
2722.95
3266.62
1080.37
5110.86
1487.34
4215.21
8059.65
4550.53
7532.9
6646.55
2007.12
7252.4
6894.23
6701.36
1433.11
8144.16
6335.56
1038.07
1050.04
1195.37
6623.01
7222.08
6543.39
7137.03
2432.89
1846.9
1562.65
3547.35
1518.55
7276.63
1856.43
3597.92
6554.04
2143.52
3271.99
8084.88
2086.18
5298.72
7489.2
1235.3
6318.61
7736.07
7268.06
3078.91
7213.44
3626.88
8256.28
2137.59
7093.42
8738.72
7152.88
3294.08
7773.31
8144.02
1833.57
1606.04
4129.54
1865.11
6749.28
6206.24
1895.25
1169.57
5219.08
1570.2
7046.57
6165.35
7404.61
1535.65
2908.24
7380.32
7035.76
3865.83
7575.15
3245.26
6593.8
2135.27
7677.73
5984.26
1105.06
2969.83
1529.65
5715.92
3186.77
6586.01
4290.59
7331.73
5062.44
7170.7
6495.15
6526.62
7500.79
3617.29
6407.52
8465.77
7832.22
1253.61
5783.15
6223.37
6826.61
6785.94
6197.84
6588.28
7739.86
3682.73
6209.71
1669.13
1321.26
3097.92
1992.46
1447.05
7630.26
3190.12
6872.97
997.5
1982.93
8039.45
5572.09
6508.21
4326.76
6890.94
1592.74
1484.46
2305.64
1964.31
3315.26
7136.1
7641.77
3455.24
6369.28
6061.8
1470.53
7703.1
6742.89
2542.69
1448.49
6627.43
1396.1
3290.68
1787.25
7197.5
7773.92
2829.02
1435.88
8043.71
4260.41
1098.29
4002.88
6923.6
7906.6
5457.82
2141.77
3593.41
1395.79
7245.13
6446.31
7060.6
2388.33
6964.01
7918.53
2458.65
7670.37
1050.98
7041.27
8035.2
6923.41
6430.58
4397.08
6304.53
6015.3
5408.52
8516.02
3830.49
5300.24
7838.22
1386.25
6979.81
7106.01
4938.61
7458.99
2194.84
1008.64
5989.27
7816.44
3079.99
6864.87
1221.11
1973.44
6693.83
1688.32
5930.17
5799.24
3784.23
1070.06
1024.55
2415.25
7993.09
2584.21
2721.78
6607.13
7083.49
6861.31
7742.53
1593.6
5944.87
7341.65
1966.29
6742.97
7830.35
5308.52
6642.27
