7739.86
7641.77
8035.2
4260.41
1321.26
2542.69
1562.65
2194.84
6554.04
2329.44
6209.71
8084.88
6646.55
7331.73
7840.31
3190.12
6015.3
1500.1
1433.11
6721.08
2584.21
1487.34
1395.79
4129.54
7677.73
8039.45
1288.11
1945.82
6526.62
7060.6
1688.32
7198.85
4341.74
5408.52
1425.16
6398.77
6642.27
6197.84
7197.5
6923.41
1050.98
6712.21
1125.16
6623.01
5783.15
4111.99
3865.83
6729.53
3097.92
7838.22
6826.61
2189.77
6979.81
6693.83
3315.26
2135.27
6763.38
1169.57
7245.13
2415.25
6335.56
7773.31
1964.31
1448.49
6864.87
1809.54
1529.65
4351.63
1967.28
6061.8
6964.01
2143.52
2835.11
7736.07
4286.46
7832.22
5944.87
5457.82
7630.71
1410.42
7268.06
1447.05
7773.92
3593.41
5110.86
7083.49
6701.36
7380.32
7086.86
1435.88
7341.65
4326.76
2976.85
5930.17
1396.1
7136.1
2969.83
6529.99
997.5
7222.08
7866.52
7106.01
2088.95
1593.6
7816.44
1416.09
1195.37
6627.43
3078.91
4366.59
6407.52
7252.4
6593.8
1653.95
8738.72
1816.47
7404.61
2908.24
1895.25
6839.59
1992.46
1363.32
5799.24
4715.64
3229.6
6923.6
1050.04
1125.06
6607.13
7630.26
2310.15
2141.77
2852.93
1966.29
8069.81
1038.07
3294.08
5572.09
6304.53
1787.25
1410.33
8465.77
4938.61
5672.7
1592.74
3455.24
6661.44
6165.35
3079.99
6514.72
6206.24
7703.1
1105.06
6312.03
6833.42
2137.59
7877.19
3626.88
4397.08
7093.42
6734.99
7532.9
6446.31
1669.13
3784.23
7170.7
6495.15
7009.56
6672.69
6785.94
3245.26
8001.57
7227.45
3547.35
2432.89
1856.43
5062.44
3271.99
8724.13
6919.59
3369.14
6369.28
8043.71
2883.21
2686.52
6814.76
7458.99
3290.68
5308.52
7227.96
1008.64
1253.61
6181.06
5989.27
1115.78
1606.04
7152.88
1846.9
5300.24
8516.02
7137.03
3186.77
7906.6
7035.76
7276.63
3617.29
2388.33
1201.92
2795.3
7927.49
6742.89
5860.99
1386.31
2721.78
2612.89
7046.57
1879.87
1321.26
1058.14
6508.21
3830.49
1070.06
2722.95
6742.97
1221.11
6470.74
1973.44
4002.88
4215.21
6749.28
2025.58
8059.65
1024.55
2829.02
1570.2
1470.53
7312.85
7918.53
1386.25
4550.53
1974.69
2458.65
7500.79
6872.97
1865.11
1535.65
6223.37
7575.15
8256.28
1080.37
3426.45
5219.08
7573.26
6890.94
1564.47
6245.18
2092.0
7041.27
6543.39
2086.18
1982.93
7670.37
1439.05
6586.01
5715.92
1235.3
6947.06
3682.73
7830.35
2305.64
8098.16
5228.84
6430.58
1941.41
6588.28
1098.29
2007.12
6894.23
6318.61
8144.02
1833.57
3597.92
4290.59
1333.71
1518.55
5984.26
3266.62
7742.53
6710.4
7213.44
6861.31
2825.89
3005.01
5298.72
3774.81
7489.2
7993.09
1484.46
1406.59
8144.16
