5783.15
8039.45
1435.88
1169.57
1386.31
6763.38
2415.25
1470.53
6588.28
8098.16
1592.74
1221.11
5989.27
4397.08
7630.26
8059.65
8069.81
4286.46
3290.68
7093.42
1653.95
2310.15
3617.29
7268.06
3186.77
2092.0
2825.89
5228.84
2883.21
7677.73
1363.32
2432.89
6398.77
1333.71
6223.37
6369.28
1410.42
8084.88
1050.04
1321.26
1448.49
2088.95
1425.16
7573.26
4290.59
2584.21
1809.54
6923.6
7838.22
2025.58
7918.53
1253.61
6693.83
7060.6
7830.35
7773.31
1201.92
5300.24
1669.13
5799.24
4260.41
2976.85
1846.9
6543.39
6826.61
8035.2
7641.77
1386.25
1395.79
1406.59
1865.11
3245.26
6947.06
6529.99
6304.53
6407.52
1416.09
1967.28
1410.33
6814.76
4550.53
4326.76
6209.71
8465.77
1098.29
7458.99
6554.04
2137.59
2305.64
1024.55
8724.13
4938.61
2721.78
6446.31
7993.09
6623.01
6785.94
5944.87
3784.23
3830.49
4129.54
6165.35
6661.44
1518.55
2908.24
3593.41
2194.84
4215.21
5308.52
6742.97
6964.01
2189.77
7630.71
7046.57
7276.63
7877.19
5572.09
5457.82
5110.86
3079.99
6495.15
7670.37
1941.41
1982.93
2542.69
6729.53
7816.44
4351.63
7832.22
1593.6
7927.49
7312.85
1058.14
7035.76
2141.77
7227.96
3271.99
2143.52
1487.34
5408.52
2086.18
6526.62
1125.06
1447.05
1288.11
5930.17
7906.6
5219.08
3294.08
1562.65
6318.61
2388.33
3315.26
7739.86
1050.98
6061.8
7137.03
1688.32
1195.37
3865.83
5062.44
1816.47
3547.35
997.5
7866.52
7009.56
2686.52
3078.91
8001.57
6919.59
7736.07
6197.84
6642.27
7222.08
1833.57
7213.44
2329.44
2612.89
6181.06
4366.59
6508.21
6894.23
6015.3
3426.45
1992.46
7380.32
7489.2
1974.69
3097.92
6734.99
1945.82
4341.74
6701.36
7331.73
6890.94
2852.93
7252.4
1396.1
6749.28
7083.49
1484.46
5984.26
1125.16
1235.3
8144.02
8144.16
6646.55
7245.13
1966.29
1973.44
5672.7
7575.15
3190.12
7227.45
6721.08
5298.72
7152.88
8256.28
3774.81
6712.21
7404.61
6335.56
1964.31
3682.73
1008.64
1038.07
6514.72
1856.43
1439.05
2135.27
1787.25
8043.71
6430.58
1105.06
7742.53
7041.27
3597.92
2007.12
7703.1
6861.31
4002.88
6833.42
8516.02
3626.88
2829.02
6245.18
7086.86
2458.65
1606.04
7198.85
4715.64
3229.6
1529.65
6864.87
6586.01
6872.97
3266.62
3369.14
7197.5
7341.65
7532.9
6839.59
6672.69
8738.72
7500.79
1070.06
7106.01
1535.65
2795.3
1564.47
1115.78
1433.11
7136.1
6710.4
5715.92
1879.87
6206.24
6979.81
1570.2
3455.24
1500.1
7840.31
2835.11
5860.99
4111.99
7170.7
1321.26
6593.8
1080.37
6607.13
6312.03
7773.92
1895.25
6923.41
6742.89
6470.74
2722.95
2969.83
3005.01
6627.43
