6890.94
1787.25
3617.29
5930.17
2305.64
2721.78
8465.77
4550.53
6398.77
7742.53
2432.89
997.5
5799.24
3547.35
4129.54
8039.45
1410.42
2135.27
7993.09
6642.27
6693.83
4938.61
7083.49
2612.89
7500.79
1321.26
3369.14
6749.28
6763.38
2852.93
7041.27
1593.6
1982.93
4290.59
6206.24
1562.65
7575.15
2137.59
7703.1
7573.26
7245.13
1321.26
3245.26
1964.31
1288.11
5944.87
1865.11
6712.21
3865.83
3426.45
1974.69
7918.53
1846.9
7866.52
4341.74
6742.89
5457.82
5572.09
1386.25
6529.99
8069.81
1008.64
1416.09
7773.92
6245.18
2007.12
1470.53
1992.46
6646.55
2143.52
1115.78
6826.61
3005.01
7252.4
6894.23
1518.55
7276.63
1169.57
6318.61
6543.39
1024.55
7222.08
1966.29
1592.74
6223.37
3079.99
7830.35
3294.08
6872.97
6861.31
1856.43
1570.2
6919.59
7489.2
3597.92
6061.8
6964.01
1253.61
7832.22
7009.56
7060.6
3271.99
6661.44
7152.88
3266.62
5672.7
1396.1
7906.6
1050.98
8738.72
3190.12
4260.41
6593.8
2310.15
6721.08
7630.26
6785.94
7641.77
2329.44
7046.57
6923.6
7198.85
1221.11
7816.44
3626.88
1973.44
2969.83
2194.84
1363.32
3830.49
7677.73
1967.28
7404.61
4111.99
2086.18
5984.26
7380.32
6586.01
3186.77
1386.31
3784.23
1105.06
4351.63
7877.19
1406.59
1669.13
3682.73
8043.71
6304.53
5062.44
1653.95
6526.62
8059.65
2189.77
1688.32
6165.35
6508.21
1879.87
6833.42
4715.64
1070.06
7341.65
1080.37
3229.6
6470.74
1564.47
7458.99
8144.02
4286.46
1535.65
5715.92
3078.91
6710.4
6839.59
6197.84
1201.92
7773.31
2883.21
7227.45
7093.42
7927.49
5860.99
6407.52
6923.41
1038.07
7197.5
2686.52
6446.31
6701.36
2088.95
2976.85
1945.82
4326.76
6181.06
7213.44
1425.16
1058.14
6947.06
6864.87
7170.7
7086.86
2141.77
2795.3
3774.81
1439.05
8256.28
3455.24
2825.89
1816.47
6369.28
1487.34
8516.02
4002.88
8724.13
6734.99
1235.3
8084.88
7331.73
5298.72
5219.08
1050.04
7035.76
7739.86
1941.41
1395.79
1410.33
2458.65
5408.52
6607.13
6015.3
6495.15
7736.07
7670.37
1529.65
1195.37
6672.69
3315.26
1500.1
8098.16
7268.06
6312.03
4397.08
1125.06
6514.72
1098.29
6209.71
2829.02
4215.21
7532.9
1895.25
6554.04
8001.57
4366.59
5110.86
2415.25
5228.84
1484.46
5989.27
2388.33
6430.58
1833.57
7136.1
5783.15
2835.11
6623.01
7840.31
6588.28
7838.22
7227.96
3097.92
2908.24
6742.97
6979.81
8144.16
7137.03
2092.0
1433.11
1333.71
5308.52
1447.05
1435.88
5300.24
1809.54
3593.41
7312.85
7106.01
3290.68
7630.71
2542.69
1448.49
6335.56
2722.95
2025.58
6627.43
6729.53
6814.76
1606.04
1125.16
2584.21
8035.2
