1201.92
5572.09
5219.08
6335.56
5944.87
2194.84
6607.13
7866.52
6398.77
1982.93
4550.53
4366.59
5672.7
6890.94
1406.59
7268.06
7832.22
1235.3
1967.28
7877.19
2829.02
2143.52
6430.58
1221.11
3369.14
7641.77
3547.35
1435.88
1809.54
7670.37
1386.25
1410.42
6245.18
3078.91
8043.71
3617.29
2976.85
1333.71
6588.28
5408.52
2086.18
6894.23
1253.61
6742.97
2137.59
1500.1
1570.2
7404.61
6919.59
8724.13
1448.49
1865.11
1562.65
1396.1
7060.6
6749.28
7331.73
2969.83
5989.27
1008.64
6627.43
8039.45
6839.59
1386.31
997.5
7227.96
7773.92
2189.77
5799.24
4260.41
2025.58
6826.61
7086.86
1973.44
2141.77
1592.74
3190.12
6165.35
6712.21
1433.11
6742.89
8069.81
6526.62
8144.02
4715.64
1974.69
6833.42
7573.26
2458.65
1169.57
6672.69
4351.63
8738.72
5783.15
2795.3
8059.65
7458.99
6586.01
1669.13
5930.17
1833.57
6646.55
7630.71
7742.53
7630.26
4326.76
8516.02
2329.44
6693.83
7252.4
1410.33
6729.53
3682.73
4129.54
7703.1
8256.28
7927.49
6495.15
6543.39
6623.01
1879.87
1105.06
3186.77
7575.15
6312.03
8465.77
1050.98
7773.31
6947.06
6206.24
5860.99
6734.99
7083.49
7213.44
6061.8
1535.65
6015.3
1593.6
8144.16
3597.92
7093.42
2612.89
4215.21
2305.64
1688.32
6814.76
7222.08
7677.73
5062.44
1964.31
7830.35
1487.34
7838.22
2092.0
1816.47
7312.85
2825.89
6923.41
1529.65
1846.9
3626.88
7227.45
6223.37
3271.99
6979.81
6407.52
3079.99
2883.21
7739.86
4002.88
1125.06
1653.95
7041.27
3774.81
7918.53
3294.08
3005.01
2584.21
2722.95
1288.11
2835.11
7380.32
1098.29
2388.33
7245.13
4397.08
3830.49
5308.52
4341.74
5228.84
7152.88
1425.16
1363.32
1195.37
6514.72
5715.92
2432.89
6642.27
5298.72
1787.25
6197.84
3315.26
1080.37
1470.53
6508.21
2088.95
8084.88
1895.25
7170.7
1115.78
6721.08
1945.82
7993.09
1447.05
7736.07
7276.63
1439.05
7906.6
6369.28
6701.36
1058.14
3455.24
6661.44
7341.65
1941.41
6304.53
3426.45
6529.99
5110.86
7489.2
3097.92
1070.06
2310.15
3245.26
2135.27
6593.8
4286.46
1966.29
3865.83
6861.31
7532.9
6864.87
1416.09
2686.52
2415.25
6710.4
1564.47
3229.6
7198.85
1484.46
1606.04
2007.12
3266.62
6964.01
1321.26
6763.38
1038.07
7046.57
7009.56
5457.82
1856.43
6446.31
1125.16
7137.03
6554.04
7816.44
8035.2
1050.04
2908.24
6470.74
6209.71
8098.16
5984.26
6923.6
7197.5
1024.55
1395.79
1518.55
1321.26
8001.57
6872.97
6785.94
7106.01
7136.1
2852.93
4111.99
7840.31
7035.76
3784.23
4938.61
2542.69
6318.61
7500.79
4290.59
3290.68
3593.41
6181.06
5300.24
2721.78
1992.46
