6661.44
2092.0
1879.87
7245.13
7830.35
2310.15
6861.31
4326.76
1115.78
1058.14
6529.99
6398.77
1447.05
1484.46
4938.61
1396.1
6710.4
7458.99
5408.52
1593.6
6312.03
4397.08
8144.16
1470.53
5799.24
6593.8
5672.7
2088.95
6554.04
2329.44
1169.57
1410.33
7773.92
3830.49
1050.98
8256.28
6742.97
2883.21
2835.11
4715.64
1809.54
7252.4
7137.03
1406.59
7341.65
1816.47
6693.83
6646.55
8043.71
1125.16
6919.59
2137.59
8069.81
7993.09
3774.81
4290.59
1386.25
2141.77
5783.15
7630.26
6642.27
1487.34
1992.46
3186.77
3547.35
3455.24
6197.84
6814.76
4002.88
1653.95
1964.31
1024.55
6206.24
3369.14
5228.84
6627.43
1080.37
1606.04
1386.31
2686.52
6742.89
7213.44
6514.72
5572.09
6495.15
7170.7
2458.65
3626.88
7670.37
5219.08
2135.27
2825.89
5308.52
2976.85
4550.53
1363.32
6734.99
1846.9
3593.41
2025.58
5715.92
1105.06
2852.93
1448.49
7198.85
1221.11
6729.53
8001.57
1865.11
6894.23
7136.1
1967.28
7742.53
1008.64
2721.78
4215.21
2189.77
1435.88
7677.73
6749.28
1941.41
7197.5
8084.88
6508.21
7703.1
6923.41
7739.86
7083.49
1425.16
1235.3
4286.46
7106.01
7630.71
3865.83
1416.09
7276.63
3078.91
6763.38
6623.01
1688.32
1529.65
2415.25
7046.57
6701.36
3294.08
2432.89
6430.58
7093.42
6947.06
1050.04
4341.74
7500.79
2969.83
6721.08
6181.06
2305.64
7060.6
6979.81
2795.3
5984.26
5860.99
7816.44
6586.01
7041.27
7773.31
1288.11
1592.74
5457.82
7573.26
6223.37
8035.2
3682.73
7035.76
3290.68
7575.15
3271.99
7404.61
3005.01
8516.02
7927.49
8059.65
3245.26
3229.6
6470.74
7009.56
7877.19
6833.42
5989.27
1321.26
7532.9
4111.99
7832.22
1973.44
2086.18
7838.22
5930.17
7312.85
8738.72
8724.13
3426.45
2143.52
6407.52
6526.62
3190.12
6446.31
6826.61
1570.2
1787.25
3097.92
4351.63
6543.39
1253.61
7736.07
7222.08
5298.72
7152.88
8465.77
5944.87
6785.94
7918.53
6712.21
2829.02
1433.11
7489.2
6864.87
6165.35
6964.01
1125.06
7086.86
1945.82
2007.12
6369.28
3784.23
1564.47
1982.93
6923.6
5300.24
6872.97
4366.59
4260.41
1518.55
1535.65
7227.45
1974.69
7268.06
2908.24
4129.54
1098.29
5062.44
6061.8
7866.52
5110.86
1333.71
1070.06
1856.43
2584.21
1321.26
997.5
7380.32
1439.05
8144.02
7227.96
6890.94
3617.29
1201.92
1195.37
6839.59
2722.95
6335.56
6672.69
6209.71
1038.07
8039.45
1966.29
1410.42
7906.6
7840.31
3266.62
6015.3
7331.73
1895.25
1562.65
1395.79
6245.18
2542.69
2612.89
3079.99
6607.13
2388.33
3315.26
6588.28
6304.53
2194.84
3597.92
8098.16
6318.61
7641.77
1669.13
1500.1
1833.57
