7137.03
7830.35
1816.47
2908.24
1008.64
1518.55
1433.11
7739.86
1992.46
1846.9
1058.14
7866.52
4341.74
1562.65
5930.17
7227.45
7575.15
1669.13
6446.31
4351.63
7035.76
7170.7
1529.65
2883.21
8738.72
2722.95
1410.33
6623.01
6398.77
1593.6
5672.7
4215.21
2086.18
2976.85
2310.15
1321.26
3784.23
7276.63
2542.69
3294.08
8256.28
7312.85
6923.41
3266.62
7840.31
3455.24
1592.74
7252.4
6646.55
7573.26
7213.44
7009.56
1535.65
1050.04
1653.95
6554.04
7380.32
7877.19
1470.53
1038.07
3626.88
2795.3
6742.89
8001.57
6197.84
7331.73
6894.23
1070.06
7993.09
6947.06
7532.9
6785.94
5298.72
5572.09
6749.28
8069.81
3682.73
3097.92
6304.53
6165.35
2141.77
4326.76
6335.56
7093.42
7773.92
3774.81
2835.11
2329.44
1333.71
7268.06
7677.73
1169.57
1447.05
6712.21
5228.84
1386.25
1024.55
3830.49
6872.97
6593.8
5308.52
7670.37
7630.71
1115.78
7773.31
6061.8
8035.2
3426.45
1787.25
3597.92
2088.95
6312.03
1570.2
7489.2
6833.42
6015.3
8043.71
1809.54
7918.53
5408.52
1833.57
6430.58
7136.1
1967.28
6369.28
5783.15
7083.49
7046.57
7832.22
1435.88
4290.59
2852.93
6979.81
6861.31
6763.38
6206.24
6508.21
1895.25
6742.97
2007.12
6407.52
6672.69
5944.87
6588.28
997.5
5984.26
1098.29
6627.43
7041.27
2969.83
5715.92
1974.69
2432.89
3190.12
1439.05
4111.99
7198.85
6470.74
7641.77
1416.09
3078.91
1195.37
1966.29
6209.71
3005.01
7816.44
7906.6
1945.82
1425.16
7458.99
6710.4
3290.68
1606.04
2092.0
1856.43
7742.53
5989.27
7222.08
1688.32
2686.52
1395.79
8144.02
3547.35
6729.53
1321.26
2388.33
7245.13
6318.61
4129.54
6181.06
1125.16
6495.15
3865.83
1363.32
1941.41
5457.82
8724.13
4260.41
7197.5
1235.3
2829.02
6964.01
8084.88
6526.62
1406.59
6642.27
7106.01
5300.24
6223.37
1487.34
6586.01
2194.84
6661.44
8098.16
7703.1
7736.07
7086.86
7500.79
6721.08
4397.08
8039.45
1386.31
1050.98
3315.26
7341.65
6923.6
2305.64
4550.53
1201.92
6529.99
6839.59
6814.76
3593.41
4715.64
6919.59
2612.89
5799.24
3369.14
7404.61
4286.46
6607.13
4002.88
1964.31
2137.59
5860.99
7630.26
7227.96
2189.77
8144.16
1125.06
6693.83
1564.47
2825.89
1410.42
1982.93
3245.26
1973.44
1484.46
1448.49
6890.94
3617.29
6826.61
6864.87
8059.65
6514.72
2721.78
3271.99
6245.18
2458.65
1105.06
1253.61
7838.22
3079.99
2143.52
2135.27
2025.58
4938.61
3229.6
6543.39
1396.1
4366.59
6701.36
5110.86
2584.21
1865.11
8516.02
1221.11
1879.87
7927.49
6734.99
5219.08
5062.44
7152.88
2415.25
1500.1
8465.77
1288.11
3186.77
1080.37
7060.6
