6543.39
6312.03
5228.84
2388.33
7380.32
2415.25
6693.83
1169.57
8738.72
1050.98
3774.81
5110.86
2135.27
1439.05
6514.72
7198.85
5783.15
7670.37
1410.42
1105.06
3426.45
8098.16
7312.85
7227.45
3784.23
6785.94
2194.84
6470.74
7137.03
6209.71
1992.46
2007.12
7630.71
2829.02
1974.69
7927.49
2976.85
6407.52
7773.92
1895.25
7573.26
5298.72
8516.02
1195.37
3190.12
6508.21
8039.45
997.5
3290.68
1941.41
1518.55
6872.97
4002.88
3078.91
7906.6
5799.24
3626.88
4215.21
1562.65
1606.04
1688.32
3186.77
1416.09
2092.0
6627.43
8069.81
7227.96
2086.18
7035.76
6947.06
7532.9
1080.37
5989.27
6861.31
6839.59
7041.27
1470.53
1363.32
1973.44
7993.09
8059.65
6446.31
1570.2
7877.19
6495.15
6894.23
1410.33
7331.73
6833.42
7677.73
8256.28
7918.53
7630.26
5308.52
6607.13
7222.08
1967.28
7816.44
5457.82
5930.17
1816.47
6734.99
6814.76
5300.24
4351.63
8144.02
2025.58
6318.61
3547.35
2189.77
1856.43
7838.22
5062.44
7268.06
7197.5
1535.65
1879.87
1386.31
2835.11
7773.31
1115.78
6964.01
2310.15
4290.59
2542.69
1846.9
7500.79
3245.26
5408.52
1435.88
7341.65
6710.4
2137.59
1125.16
6729.53
2908.24
2329.44
2432.89
6197.84
1833.57
1966.29
4286.46
3079.99
7009.56
4129.54
6430.58
2143.52
7832.22
4341.74
2883.21
1058.14
3294.08
6890.94
7866.52
8084.88
2305.64
1321.26
7060.6
1945.82
6206.24
3005.01
7083.49
8035.2
7840.31
2612.89
1964.31
7086.86
1865.11
6015.3
1038.07
2458.65
5219.08
6661.44
1221.11
4260.41
6398.77
1201.92
3315.26
2686.52
1125.06
7046.57
6646.55
3682.73
1448.49
6061.8
6712.21
7170.7
8043.71
7742.53
3617.29
5984.26
3597.92
6304.53
6529.99
7736.07
6672.69
1564.47
2088.95
4715.64
6623.01
7489.2
1433.11
7830.35
7641.77
2825.89
4397.08
8144.16
6826.61
3865.83
2722.95
3593.41
1321.26
7276.63
4550.53
4326.76
7245.13
7739.86
4938.61
1425.16
1235.3
1008.64
6923.6
7703.1
2852.93
1098.29
1447.05
1787.25
3271.99
1070.06
3097.92
6979.81
7458.99
7213.44
1593.6
1982.93
1396.1
1809.54
6335.56
6165.35
1484.46
1529.65
7152.88
3455.24
1487.34
6919.59
5572.09
1050.04
5672.7
2584.21
1669.13
6245.18
3266.62
7404.61
1288.11
1500.1
5944.87
6721.08
6526.62
6223.37
1253.61
1386.25
5860.99
2795.3
8724.13
6742.89
6586.01
7252.4
7093.42
2721.78
6588.28
3229.6
6749.28
1395.79
6742.97
7575.15
1024.55
4111.99
1333.71
6642.27
6923.41
3369.14
7106.01
8001.57
6593.8
2141.77
1653.95
2969.83
4366.59
6181.06
7136.1
6701.36
5715.92
6554.04
6864.87
3830.49
6763.38
6369.28
1406.59
1592.74
8465.77
