8039.45
6623.01
6763.38
4286.46
3271.99
1816.47
1973.44
1125.06
6245.18
5408.52
3626.88
1787.25
2137.59
1221.11
3774.81
997.5
1050.98
1253.61
7380.32
1406.59
4550.53
1945.82
1439.05
6529.99
6206.24
5228.84
7840.31
3078.91
1433.11
7641.77
8256.28
6672.69
3190.12
4290.59
8043.71
2969.83
3245.26
2088.95
6197.84
3426.45
1967.28
8465.77
7830.35
6661.44
2722.95
3593.41
8738.72
3865.83
8035.2
2432.89
6526.62
7170.7
7197.5
1395.79
8516.02
1098.29
6814.76
5457.82
6646.55
7500.79
7458.99
6446.31
6864.87
1856.43
7093.42
7252.4
3315.26
7575.15
7739.86
1562.65
6712.21
6729.53
7245.13
2329.44
7009.56
4215.21
1038.07
7341.65
2458.65
2883.21
6508.21
6586.01
5930.17
1386.31
3294.08
1115.78
7268.06
3455.24
1484.46
2143.52
4002.88
1080.37
3597.92
1235.3
2908.24
8098.16
1321.26
6430.58
5308.52
3186.77
1195.37
2141.77
1941.41
6335.56
4366.59
4341.74
1321.26
6593.8
1487.34
1435.88
8059.65
2092.0
1518.55
1592.74
4397.08
7222.08
2829.02
1606.04
7630.26
1535.65
1050.04
6742.89
1688.32
6742.97
6015.3
2835.11
2310.15
7742.53
1070.06
6318.61
6398.77
6543.39
7276.63
6872.97
6785.94
1809.54
2542.69
3229.6
6627.43
6923.41
6642.27
2584.21
6181.06
2189.77
6839.59
7773.31
2612.89
3079.99
7677.73
2721.78
7838.22
2976.85
5298.72
7137.03
7060.6
3005.01
1024.55
2795.3
6514.72
7312.85
1846.9
1105.06
6312.03
6919.59
3547.35
7213.44
7877.19
7866.52
6894.23
2388.33
5110.86
7736.07
7993.09
1593.6
1169.57
3097.92
7832.22
7046.57
1966.29
1529.65
7816.44
1470.53
6923.6
6701.36
3266.62
8084.88
7918.53
8144.02
1500.1
1058.14
6607.13
1201.92
5672.7
3830.49
8144.16
2686.52
6947.06
7532.9
7198.85
2025.58
6165.35
4129.54
8724.13
2852.93
4938.61
6826.61
2305.64
1895.25
1396.1
7404.61
4326.76
7670.37
1410.42
3290.68
1964.31
6734.99
7331.73
6749.28
2825.89
6693.83
7035.76
3369.14
6964.01
6407.52
6890.94
5944.87
6979.81
1008.64
8001.57
7703.1
2135.27
1653.95
1879.87
7152.88
1447.05
1669.13
7773.92
5219.08
2007.12
5989.27
7041.27
6369.28
5799.24
7227.45
5062.44
2086.18
1333.71
1288.11
7573.26
1865.11
2415.25
7086.86
6495.15
3617.29
1363.32
5783.15
8069.81
6209.71
1992.46
1416.09
4111.99
6710.4
2194.84
5984.26
7083.49
3682.73
1448.49
5715.92
7906.6
1386.25
5572.09
6861.31
1564.47
7136.1
7227.96
1982.93
6588.28
7106.01
6061.8
4351.63
6470.74
6223.37
1570.2
6304.53
3784.23
6554.04
5860.99
1974.69
4715.64
7489.2
1410.33
4260.41
7927.49
5300.24
1833.57
1425.16
6721.08
1125.16
6833.42
7630.71
