7227.96
1395.79
7404.61
1484.46
5799.24
5408.52
8039.45
6814.76
1386.31
6318.61
2388.33
6312.03
3079.99
3266.62
7137.03
1967.28
2829.02
1974.69
2722.95
6627.43
2795.3
7458.99
5308.52
1169.57
2194.84
2852.93
1564.47
1024.55
1487.34
1982.93
7106.01
1964.31
1653.95
1448.49
7331.73
6165.35
1038.07
7830.35
5228.84
4002.88
7838.22
1500.1
7268.06
6514.72
2007.12
3593.41
7773.31
4129.54
2092.0
2086.18
4215.21
7341.65
6742.89
1439.05
7677.73
6693.83
7198.85
7641.77
2542.69
6209.71
6839.59
6181.06
7906.6
6890.94
1879.87
2976.85
4341.74
3682.73
2137.59
5457.82
1008.64
7742.53
3597.92
1809.54
3617.29
7866.52
2825.89
7573.26
6543.39
6588.28
6701.36
2612.89
1098.29
7136.1
6554.04
3005.01
2721.78
7227.45
6304.53
5944.87
8035.2
3426.45
1535.65
2686.52
6646.55
1253.61
8516.02
8084.88
1080.37
6661.44
4260.41
1992.46
1856.43
2310.15
997.5
1125.06
7739.86
3369.14
1787.25
1050.04
5989.27
6197.84
6398.77
6864.87
8069.81
7245.13
1895.25
6919.59
6593.8
1058.14
3774.81
2908.24
7276.63
3271.99
6721.08
6407.52
6712.21
7500.79
4366.59
5219.08
6245.18
4351.63
3626.88
3097.92
3315.26
1846.9
6979.81
2135.27
5300.24
6470.74
8144.16
4715.64
1529.65
5298.72
7840.31
7736.07
4111.99
1105.06
7918.53
7630.71
5930.17
1945.82
2143.52
2835.11
4397.08
5672.7
6749.28
7213.44
3245.26
6964.01
7927.49
6826.61
1518.55
1386.25
1406.59
3830.49
7252.4
4550.53
7222.08
6763.38
6894.23
2025.58
5984.26
1321.26
1865.11
8144.02
4286.46
1562.65
7170.7
1050.98
7086.86
8043.71
3078.91
2189.77
4326.76
1363.32
1669.13
7832.22
7773.92
6872.97
1435.88
1396.1
7670.37
3186.77
7630.26
6923.6
1570.2
2969.83
6430.58
8724.13
1833.57
7035.76
2088.95
1688.32
6710.4
8256.28
2305.64
5783.15
7152.88
6508.21
8001.57
7703.1
1125.16
7489.2
1221.11
6861.31
7575.15
2329.44
8059.65
7197.5
6785.94
1470.53
6672.69
1606.04
7009.56
5572.09
5062.44
1816.47
8465.77
7312.85
3865.83
1973.44
3290.68
6206.24
1410.33
7041.27
6446.31
7877.19
3229.6
6642.27
1433.11
6061.8
3547.35
6923.41
1235.3
5110.86
2141.77
6623.01
3784.23
1288.11
3190.12
4938.61
1070.06
1425.16
7083.49
6607.13
6734.99
8098.16
1195.37
6742.97
5860.99
1410.42
6529.99
1941.41
7993.09
3455.24
6015.3
1966.29
7816.44
1333.71
6369.28
8738.72
1592.74
1201.92
7532.9
5715.92
2458.65
7093.42
7060.6
2883.21
4290.59
1416.09
3294.08
7380.32
6495.15
1593.6
6586.01
2432.89
6335.56
6947.06
6833.42
6223.37
1321.26
6729.53
7046.57
2415.25
2584.21
1115.78
1447.05
6526.62
