6979.81
5984.26
7136.1
3455.24
6197.84
7703.1
4351.63
1098.29
3626.88
1433.11
3315.26
5300.24
2686.52
7227.96
6672.69
7252.4
5110.86
7331.73
2310.15
7736.07
6165.35
7840.31
6061.8
1593.6
5799.24
3290.68
6181.06
3784.23
5930.17
4290.59
1024.55
7268.06
6712.21
7137.03
8144.02
8738.72
7093.42
6588.28
7866.52
7086.86
7152.88
7380.32
5457.82
5219.08
6514.72
1562.65
2415.25
6318.61
4715.64
4002.88
7227.45
1606.04
3078.91
1321.26
6894.23
6734.99
1518.55
1500.1
3271.99
1195.37
6864.87
6627.43
2189.77
3294.08
7213.44
6693.83
1529.65
2976.85
1484.46
7083.49
7276.63
3186.77
1386.25
1856.43
4366.59
1688.32
6206.24
7877.19
2829.02
2025.58
7739.86
7816.44
8059.65
2388.33
7532.9
6890.94
1058.14
7630.26
1333.71
3830.49
2305.64
1592.74
3774.81
7927.49
2612.89
1115.78
6369.28
6646.55
1564.47
6554.04
1439.05
7170.7
7245.13
4129.54
2795.3
8098.16
6661.44
6593.8
3369.14
6729.53
6312.03
3593.41
1363.32
4938.61
1008.64
4111.99
6872.97
1406.59
1070.06
1787.25
7106.01
6470.74
6861.31
2141.77
5783.15
1653.95
6543.39
1941.41
7773.31
2584.21
7046.57
6839.59
1321.26
7906.6
6763.38
1435.88
6446.31
1973.44
7573.26
6919.59
7630.71
8144.16
997.5
6407.52
3097.92
4286.46
2458.65
7742.53
4397.08
1410.33
5989.27
7198.85
7677.73
8043.71
2143.52
1448.49
2852.93
5062.44
1395.79
2086.18
6710.4
1038.07
2432.89
6749.28
6245.18
7641.77
6526.62
3190.12
6223.37
3547.35
6923.41
3865.83
2969.83
4341.74
7993.09
1846.9
7500.79
3229.6
6623.01
4260.41
2007.12
1125.16
7830.35
6209.71
7918.53
1895.25
1470.53
1879.87
8035.2
2721.78
7341.65
1169.57
3245.26
6015.3
5672.7
1967.28
2194.84
7035.76
7458.99
7404.61
5715.92
8256.28
3597.92
1235.3
7575.15
1288.11
6947.06
1982.93
8069.81
1669.13
7060.6
6785.94
6721.08
1221.11
6607.13
8039.45
5408.52
1386.31
7670.37
6335.56
6826.61
4550.53
7222.08
1201.92
1396.1
6398.77
7838.22
3617.29
3005.01
2835.11
2137.59
2329.44
6964.01
3079.99
6701.36
6742.89
1992.46
1816.47
1809.54
6814.76
2908.24
1865.11
6833.42
7312.85
1125.06
8724.13
1080.37
1416.09
3426.45
1964.31
6742.97
6508.21
2135.27
5944.87
4326.76
1425.16
1535.65
1833.57
1050.98
7009.56
7197.5
7773.92
2542.69
1105.06
2092.0
8001.57
3682.73
8516.02
8465.77
7489.2
7832.22
2722.95
6642.27
5228.84
1050.04
6495.15
1966.29
7041.27
2088.95
2883.21
8084.88
1945.82
5308.52
6923.6
5572.09
1487.34
1447.05
6529.99
3266.62
6586.01
2825.89
1570.2
6430.58
4215.21
1253.61
6304.53
1974.69
1410.42
5860.99
5298.72
