5298.72
3229.6
6514.72
2388.33
3369.14
6646.55
1487.34
1967.28
6209.71
6964.01
1169.57
1201.92
2092.0
2542.69
1816.47
4002.88
2329.44
7227.45
1518.55
5457.82
1606.04
8043.71
7703.1
3079.99
1253.61
6318.61
4341.74
3245.26
7641.77
6693.83
1500.1
1386.31
3266.62
7832.22
1833.57
3426.45
7152.88
1416.09
6165.35
1410.33
3005.01
6839.59
6742.97
7500.79
7816.44
2829.02
4286.46
6742.89
7866.52
4111.99
1974.69
1080.37
4215.21
1846.9
7276.63
5930.17
7670.37
7773.31
1562.65
6369.28
7838.22
1396.1
2584.21
1966.29
1333.71
3315.26
1535.65
2721.78
6526.62
6826.61
7041.27
2852.93
2825.89
4326.76
7083.49
1125.16
6729.53
8098.16
6446.31
2976.85
4715.64
6890.94
6312.03
1425.16
7773.92
1050.04
6833.42
6543.39
3865.83
2432.89
7458.99
8059.65
7268.06
3682.73
6642.27
3617.29
2141.77
6919.59
5408.52
6814.76
6872.97
7840.31
7009.56
5300.24
6710.4
1470.53
4366.59
1653.95
1070.06
1386.25
7170.7
5799.24
1973.44
1484.46
5989.27
4351.63
3271.99
7227.96
1895.25
7198.85
8069.81
5984.26
1105.06
8144.02
1008.64
3774.81
6701.36
6398.77
2088.95
7906.6
6979.81
8724.13
6593.8
7532.9
1058.14
1865.11
7106.01
6607.13
7341.65
1809.54
2883.21
7213.44
2310.15
5672.7
1787.25
3290.68
6586.01
7630.71
2612.89
7677.73
3784.23
7035.76
1321.26
1992.46
3455.24
2908.24
1410.42
1195.37
7245.13
1439.05
6554.04
5715.92
1879.87
7918.53
3186.77
7489.2
1363.32
6923.6
1964.31
4397.08
2722.95
5944.87
2137.59
3593.41
7742.53
8144.16
6785.94
2189.77
7573.26
4290.59
6304.53
1570.2
6508.21
7093.42
6734.99
6335.56
1435.88
6894.23
2305.64
6206.24
6661.44
1321.26
3597.92
3830.49
6672.69
2025.58
1235.3
8039.45
6861.31
7046.57
1669.13
8084.88
3294.08
7312.85
1125.06
2086.18
7630.26
5860.99
1448.49
1038.07
6407.52
3626.88
7380.32
5110.86
5219.08
2194.84
2458.65
1447.05
1982.93
7993.09
4550.53
6470.74
2969.83
6721.08
6223.37
6529.99
2007.12
6947.06
6923.41
7060.6
1593.6
4260.41
6864.87
7086.86
7222.08
1856.43
8001.57
2415.25
1395.79
1288.11
6623.01
1688.32
1592.74
7252.4
2135.27
7137.03
7136.1
4938.61
5572.09
8035.2
3190.12
3097.92
5308.52
1050.98
7197.5
7331.73
5783.15
6061.8
7927.49
6627.43
6015.3
1098.29
997.5
7739.86
5228.84
7736.07
1945.82
1529.65
2835.11
6495.15
1406.59
8465.77
1564.47
7404.61
6245.18
3547.35
6763.38
6588.28
1115.78
4129.54
6197.84
8738.72
3078.91
1221.11
6181.06
7830.35
1433.11
5062.44
6712.21
8516.02
2795.3
7575.15
2143.52
6430.58
8256.28
2686.52
6749.28
1941.41
7877.19
1024.55
