2189.77
5408.52
1593.6
2141.77
2542.69
3271.99
6749.28
1363.32
4290.59
7830.35
7703.1
6181.06
7677.73
2825.89
6209.71
1416.09
6165.35
7137.03
4351.63
1439.05
8465.77
2329.44
1070.06
1487.34
6369.28
1865.11
5989.27
2976.85
1235.3
1562.65
7276.63
4341.74
3229.6
5228.84
5799.24
1447.05
1321.26
1529.65
7773.31
2305.64
6721.08
8084.88
4715.64
8069.81
3245.26
6742.89
4129.54
1535.65
7083.49
1564.47
1058.14
7532.9
6607.13
2310.15
3617.29
1038.07
6312.03
8035.2
1386.25
7630.71
6318.61
6514.72
2835.11
7742.53
1406.59
5062.44
1080.37
1484.46
7106.01
1982.93
6964.01
8059.65
6864.87
1253.61
7268.06
6398.77
2795.3
8256.28
3190.12
6543.39
3097.92
2908.24
7009.56
1967.28
3682.73
1787.25
1470.53
1396.1
6586.01
6623.01
6872.97
7489.2
2458.65
2829.02
6627.43
6223.37
8039.45
6701.36
7816.44
7252.4
5300.24
6206.24
3593.41
1879.87
8516.02
6729.53
2007.12
6508.21
6947.06
1809.54
7222.08
1592.74
7152.88
1386.31
7341.65
7197.5
6015.3
6693.83
6861.31
6061.8
1500.1
1974.69
6470.74
1115.78
8043.71
6710.4
1425.16
6923.6
7866.52
7093.42
2137.59
1435.88
3455.24
7331.73
7404.61
6890.94
7458.99
7035.76
5457.82
2883.21
1448.49
1833.57
7840.31
6839.59
8001.57
1169.57
7832.22
3290.68
3369.14
4286.46
1410.33
1321.26
3079.99
8144.16
1518.55
1606.04
1221.11
1669.13
2388.33
6923.41
3547.35
7927.49
7918.53
1050.04
6833.42
3078.91
7739.86
6826.61
6894.23
5298.72
2721.78
4326.76
6712.21
1945.82
1333.71
1410.42
7086.86
1846.9
6814.76
3005.01
5110.86
1941.41
7670.37
3597.92
1024.55
3266.62
7041.27
6734.99
3626.88
7838.22
1098.29
2088.95
7906.6
6529.99
1966.29
7245.13
3315.26
2722.95
1008.64
6304.53
7575.15
1288.11
5219.08
1653.95
4215.21
4260.41
5783.15
7993.09
5672.7
3426.45
2135.27
4002.88
7877.19
6919.59
6642.27
3186.77
3784.23
6245.18
7170.7
1992.46
1433.11
4366.59
3865.83
6554.04
7736.07
6785.94
7773.92
1964.31
6593.8
4111.99
3774.81
1125.16
2852.93
7213.44
5944.87
1570.2
6495.15
7227.96
2686.52
8724.13
8144.02
1201.92
1395.79
6742.97
7046.57
6335.56
1050.98
2092.0
4397.08
3830.49
6197.84
8098.16
6526.62
2584.21
7573.26
8738.72
2194.84
2086.18
6646.55
7060.6
6672.69
7641.77
5715.92
1195.37
7380.32
6661.44
1688.32
7630.26
5572.09
1973.44
4550.53
2432.89
7136.1
2969.83
7227.45
1125.06
6430.58
7500.79
6446.31
5984.26
997.5
7312.85
6407.52
4938.61
1895.25
2025.58
5930.17
1856.43
2612.89
3294.08
2143.52
1105.06
2415.25
1816.47
6763.38
5308.52
6979.81
7198.85
5860.99
6588.28
