7083.49
3271.99
8256.28
2388.33
2825.89
1570.2
8144.02
8465.77
7252.4
6742.89
6646.55
6839.59
3245.26
1669.13
3186.77
6749.28
1945.82
1856.43
6209.71
5228.84
6245.18
4290.59
6872.97
3597.92
6890.94
8043.71
2329.44
7380.32
2795.3
7222.08
2088.95
6721.08
1050.98
1439.05
7816.44
1425.16
7575.15
2194.84
2310.15
6642.27
2976.85
1169.57
7245.13
6304.53
3784.23
6407.52
1221.11
3079.99
1562.65
6814.76
1973.44
4550.53
2542.69
3005.01
2137.59
1846.9
6623.01
2305.64
1201.92
6495.15
2612.89
6919.59
1235.3
6864.87
1447.05
1809.54
1098.29
2835.11
1816.47
7106.01
1008.64
7060.6
7046.57
6833.42
3369.14
7197.5
7918.53
2025.58
6398.77
3682.73
7341.65
4397.08
6318.61
7136.1
4129.54
7866.52
5799.24
3315.26
3830.49
997.5
7736.07
1386.25
2829.02
6470.74
7198.85
1982.93
7703.1
5572.09
6514.72
6206.24
7009.56
3294.08
1484.46
1195.37
3626.88
1688.32
7573.26
3617.29
3865.83
1433.11
2584.21
1321.26
1518.55
7739.86
5944.87
1833.57
6446.31
1410.42
1125.06
6181.06
1967.28
5715.92
2007.12
7906.6
2458.65
8516.02
1125.16
2092.0
6588.28
1966.29
5984.26
5219.08
3774.81
7312.85
7227.96
6672.69
5308.52
4260.41
6593.8
3426.45
7742.53
6742.97
7086.86
6335.56
1333.71
6661.44
7152.88
2135.27
1592.74
5672.7
1386.31
1487.34
2686.52
6586.01
8098.16
2969.83
7093.42
1115.78
7268.06
6526.62
1787.25
6861.31
6712.21
2141.77
7773.31
4715.64
6197.84
6947.06
2086.18
7404.61
5860.99
1992.46
6015.3
6165.35
7035.76
1564.47
6529.99
1070.06
1470.53
5783.15
5062.44
8069.81
1974.69
7500.79
6923.41
3266.62
7840.31
6223.37
4366.59
1105.06
2415.25
5298.72
1529.65
5989.27
7276.63
2189.77
7677.73
8059.65
7041.27
1941.41
7213.44
4215.21
7773.92
7458.99
6543.39
7830.35
6763.38
1964.31
6369.28
6923.6
6061.8
1593.6
1363.32
7630.26
7532.9
2143.52
5300.24
1653.95
3547.35
2721.78
6693.83
1895.25
6312.03
1395.79
7927.49
7993.09
6710.4
1435.88
2432.89
4341.74
7137.03
6430.58
8738.72
6979.81
1058.14
4002.88
7838.22
7670.37
5408.52
2883.21
5930.17
3593.41
1535.65
4938.61
8084.88
1038.07
2722.95
7877.19
6734.99
1253.61
7331.73
7641.77
2852.93
1448.49
6554.04
1321.26
1416.09
7170.7
8039.45
1396.1
4326.76
1050.04
1410.33
7489.2
3097.92
1080.37
5457.82
4111.99
2908.24
1865.11
6826.61
3290.68
5110.86
1500.1
6964.01
8001.57
7630.71
6729.53
7227.45
4286.46
8144.16
6607.13
8035.2
1024.55
3229.6
6894.23
1879.87
7832.22
6508.21
8724.13
6627.43
1288.11
1606.04
1406.59
3078.91
6785.94
3190.12
3455.24
4351.63
6701.36
