6701.36
1321.26
7532.9
1070.06
1288.11
2189.77
3186.77
6826.61
8035.2
1966.29
2825.89
6245.18
2432.89
1518.55
5308.52
3078.91
1570.2
2795.3
6646.55
2686.52
7906.6
6623.01
1562.65
1024.55
6369.28
3617.29
6785.94
7927.49
4341.74
7739.86
1396.1
2143.52
3271.99
5930.17
7170.7
6529.99
6593.8
7137.03
6407.52
1941.41
4550.53
5219.08
6398.77
1050.98
6979.81
5110.86
3369.14
8144.16
1500.1
7840.31
5989.27
6181.06
6894.23
2883.21
6672.69
1470.53
6749.28
1564.47
7641.77
6495.15
4290.59
2829.02
7838.22
4002.88
5672.7
8043.71
1593.6
2086.18
3266.62
1833.57
1606.04
3865.83
3229.6
5298.72
7773.92
6304.53
6872.97
3294.08
1050.04
3774.81
6470.74
1321.26
1235.3
2305.64
7866.52
2310.15
7489.2
5783.15
8724.13
2025.58
2458.65
2852.93
2329.44
1253.61
7046.57
1973.44
7573.26
1008.64
4326.76
2141.77
3682.73
1221.11
6919.59
1439.05
3190.12
7816.44
7035.76
1333.71
7312.85
8465.77
7136.1
4129.54
1846.9
7742.53
6742.97
7993.09
7222.08
3097.92
5984.26
1433.11
2007.12
6446.31
2721.78
6661.44
1974.69
7773.31
3455.24
1879.87
7268.06
1410.33
7630.26
2612.89
7060.6
997.5
1115.78
1535.65
6543.39
7152.88
2194.84
4366.59
8144.02
6586.01
7093.42
2388.33
7106.01
4260.41
2976.85
5300.24
7677.73
7331.73
7918.53
1592.74
1653.95
1410.42
6554.04
1809.54
1105.06
6312.03
6964.01
1865.11
8738.72
6642.27
7041.27
2135.27
8256.28
1038.07
6206.24
7341.65
7276.63
6814.76
5944.87
3290.68
6947.06
6721.08
6588.28
1125.06
1448.49
7703.1
6335.56
6514.72
6318.61
5228.84
1816.47
6508.21
6430.58
1125.16
1195.37
6861.31
1098.29
1487.34
1787.25
1395.79
5572.09
5457.82
7086.86
8059.65
1895.25
2908.24
2542.69
5062.44
6734.99
7670.37
3830.49
6526.62
1386.31
7877.19
4397.08
3593.41
2088.95
7227.45
3079.99
3626.88
1964.31
8098.16
3784.23
4286.46
1080.37
1416.09
4351.63
6607.13
8039.45
6833.42
1688.32
5715.92
7198.85
6763.38
6742.89
6223.37
7252.4
6923.41
6197.84
6729.53
5799.24
6923.6
6710.4
6839.59
7083.49
2969.83
1425.16
1435.88
8069.81
6627.43
4938.61
3547.35
2835.11
7630.71
1992.46
2137.59
3597.92
1669.13
7197.5
7380.32
7245.13
5408.52
4111.99
2092.0
3005.01
4215.21
6890.94
1406.59
1201.92
1856.43
6864.87
8516.02
7458.99
2584.21
6015.3
1363.32
6209.71
1945.82
1058.14
1484.46
7736.07
3315.26
5860.99
7575.15
3245.26
4715.64
7830.35
1169.57
6165.35
6061.8
2722.95
2415.25
8084.88
7404.61
7009.56
6693.83
7832.22
8001.57
1982.93
1447.05
6712.21
1386.25
7500.79
1967.28
7227.96
7213.44
1529.65
3426.45
