4550.53
1333.71
7404.61
6627.43
7573.26
4286.46
1448.49
2795.3
1058.14
6206.24
6588.28
1321.26
2835.11
5300.24
2092.0
7630.71
3369.14
1439.05
4111.99
8144.02
5989.27
1050.98
6514.72
7739.86
2829.02
1425.16
6894.23
6642.27
3290.68
3784.23
7380.32
1816.47
7341.65
3626.88
7198.85
2908.24
6623.01
5984.26
1562.65
6318.61
7331.73
5308.52
1098.29
1288.11
7312.85
6890.94
7268.06
6785.94
1500.1
3078.91
8059.65
1570.2
4002.88
6947.06
6763.38
1518.55
1865.11
2310.15
2883.21
1024.55
5944.87
1410.42
1416.09
1396.1
1982.93
1564.47
7575.15
1195.37
7227.96
7106.01
3426.45
1221.11
1973.44
1833.57
3186.77
7060.6
2143.52
6593.8
6712.21
6586.01
4290.59
4715.64
8084.88
2686.52
8043.71
6446.31
4397.08
1688.32
1487.34
3593.41
1433.11
7630.26
6015.3
2721.78
5783.15
1593.6
1470.53
6526.62
5672.7
6814.76
6646.55
7993.09
7458.99
1606.04
7093.42
1964.31
6369.28
7906.6
7222.08
6742.89
1945.82
3079.99
6721.08
7137.03
1967.28
4938.61
2415.25
2722.95
3617.29
8516.02
7532.9
5228.84
6223.37
5457.82
6209.71
1592.74
8035.2
1879.87
6923.6
7276.63
5110.86
1846.9
7227.45
7918.53
7866.52
7742.53
3547.35
8738.72
6701.36
2329.44
7877.19
6864.87
5408.52
6607.13
6923.41
7035.76
7703.1
6398.77
7041.27
3455.24
3005.01
1941.41
7197.5
6672.69
8098.16
1386.25
2825.89
7816.44
1653.95
7086.86
2086.18
6710.4
6839.59
7252.4
1253.61
5930.17
5298.72
7245.13
1115.78
4260.41
3830.49
6742.97
1038.07
2584.21
6661.44
1809.54
3597.92
3294.08
7677.73
7773.92
7009.56
1080.37
1363.32
1386.31
6165.35
2612.89
3682.73
2135.27
2852.93
1787.25
6872.97
6833.42
4366.59
4215.21
6979.81
3245.26
8144.16
8724.13
4326.76
3097.92
8069.81
2432.89
7830.35
2137.59
6693.83
6964.01
1125.06
7840.31
7083.49
1395.79
6181.06
3229.6
1321.26
1974.69
6826.61
997.5
7927.49
4351.63
7500.79
2388.33
8001.57
2025.58
6470.74
6335.56
2305.64
2007.12
1008.64
7773.31
1529.65
2141.77
1125.16
1669.13
6543.39
1169.57
1992.46
6245.18
8039.45
7832.22
7489.2
7170.7
3266.62
7152.88
6061.8
1050.04
1535.65
7046.57
2088.95
7136.1
1235.3
1105.06
1484.46
5062.44
7213.44
1070.06
3190.12
8465.77
2194.84
6554.04
2458.65
3271.99
2969.83
6529.99
5799.24
1435.88
4341.74
6197.84
6861.31
4129.54
6729.53
3315.26
6430.58
7670.37
1447.05
8256.28
5219.08
2542.69
6407.52
6919.59
6508.21
5572.09
3774.81
1966.29
6304.53
2189.77
1410.33
7838.22
7641.77
1856.43
6495.15
2976.85
1895.25
3865.83
7736.07
6312.03
5860.99
6749.28
1201.92
6734.99
5715.92
1406.59
