1669.13
6061.8
6642.27
1080.37
1058.14
1024.55
6890.94
8738.72
3229.6
2092.0
2007.12
2305.64
1816.47
6206.24
7197.5
7816.44
1050.98
1235.3
1386.31
1562.65
1484.46
4111.99
6398.77
7641.77
1439.05
7927.49
7918.53
2088.95
2969.83
7106.01
1945.82
6593.8
6627.43
1038.07
6607.13
6209.71
7832.22
6543.39
1386.25
6197.84
8069.81
3190.12
8001.57
6894.23
1098.29
3593.41
7838.22
4351.63
7060.6
1410.33
1570.2
4002.88
6181.06
5062.44
6923.41
8144.16
8084.88
5300.24
6742.97
1653.95
6712.21
1050.04
6919.59
1253.61
4286.46
5783.15
7573.26
7046.57
5944.87
5672.7
2722.95
7276.63
5219.08
6742.89
6526.62
8059.65
1395.79
7222.08
6015.3
6369.28
1288.11
7532.9
2852.93
2835.11
7906.6
8098.16
7404.61
6861.31
7866.52
1809.54
1221.11
7198.85
1518.55
5930.17
3369.14
4290.59
1115.78
2310.15
2612.89
2388.33
1593.6
7312.85
5308.52
1833.57
3426.45
1425.16
3271.99
1974.69
7331.73
1973.44
1125.06
6661.44
3682.73
7703.1
6721.08
5408.52
7213.44
6165.35
7035.76
2025.58
3455.24
3290.68
6833.42
7736.07
3865.83
7252.4
6529.99
2141.77
2329.44
4715.64
3547.35
6586.01
5572.09
1606.04
3245.26
4397.08
7086.86
2542.69
2795.3
5715.92
7840.31
7739.86
2137.59
7093.42
6223.37
1333.71
6623.01
7245.13
6826.61
2143.52
1410.42
1535.65
3097.92
2135.27
6514.72
6312.03
6335.56
6749.28
7742.53
7009.56
7227.96
1966.29
7830.35
6864.87
3266.62
4550.53
6693.83
2432.89
1982.93
6430.58
6734.99
4326.76
5298.72
2883.21
2194.84
8516.02
6495.15
4129.54
7677.73
1435.88
7083.49
6407.52
1008.64
7773.92
1787.25
6646.55
6554.04
1879.87
4215.21
1396.1
4938.61
3617.29
2189.77
7575.15
3784.23
6508.21
1895.25
4366.59
2829.02
7993.09
2721.78
1865.11
2976.85
7341.65
6588.28
2415.25
2458.65
7227.45
8144.02
2908.24
3294.08
8043.71
6979.81
5799.24
1487.34
7136.1
6964.01
2825.89
1964.31
3315.26
7877.19
7489.2
1967.28
7500.79
997.5
1500.1
1592.74
6729.53
3186.77
1321.26
5860.99
1105.06
3079.99
6446.31
2686.52
1470.53
3626.88
4260.41
1846.9
5984.26
6304.53
1195.37
1406.59
1416.09
5228.84
5989.27
1363.32
6839.59
7670.37
4341.74
3597.92
5110.86
3774.81
1433.11
6470.74
8035.2
6763.38
2086.18
1448.49
1941.41
5457.82
8465.77
1125.16
3078.91
1856.43
6245.18
6672.69
7380.32
1201.92
1321.26
7041.27
7773.31
1447.05
6947.06
7137.03
3830.49
7152.88
6701.36
6318.61
6814.76
6785.94
1529.65
1564.47
6710.4
1688.32
3005.01
2584.21
7170.7
6872.97
1992.46
8724.13
1070.06
6923.6
8039.45
1169.57
8256.28
7458.99
7630.71
7268.06
7630.26
