3774.81
7877.19
6749.28
1435.88
6710.4
6734.99
5715.92
2305.64
5300.24
6701.36
7380.32
6861.31
6495.15
3229.6
3369.14
3078.91
1688.32
7742.53
1470.53
5408.52
5989.27
1333.71
7083.49
3626.88
1992.46
6398.77
7641.77
2143.52
1221.11
1038.07
2908.24
2432.89
1833.57
1050.04
3593.41
1982.93
6312.03
3784.23
6712.21
7152.88
4260.41
1593.6
1973.44
7677.73
3682.73
2310.15
5860.99
1945.82
5110.86
4129.54
3186.77
6814.76
7575.15
6693.83
7086.86
8039.45
6430.58
4351.63
1410.33
3266.62
6785.94
3455.24
8144.16
1201.92
6894.23
2329.44
3005.01
6526.62
7046.57
1653.95
6318.61
7736.07
3097.92
7136.1
2829.02
7197.5
1105.06
6923.41
7573.26
7927.49
2825.89
6335.56
6223.37
1856.43
4111.99
6209.71
8098.16
4290.59
7137.03
4341.74
8084.88
5457.82
7630.26
7906.6
1195.37
5672.7
8724.13
1967.28
7404.61
1487.34
6919.59
6964.01
3865.83
5298.72
1253.61
3294.08
6197.84
1570.2
5308.52
2189.77
1448.49
6623.01
7630.71
6446.31
3271.99
6763.38
7093.42
7840.31
6923.6
1484.46
1386.31
6872.97
2686.52
2458.65
5984.26
6061.8
4286.46
1080.37
7312.85
2835.11
2584.21
1439.05
6588.28
997.5
6839.59
7918.53
1386.25
5228.84
1787.25
8069.81
2976.85
6165.35
8256.28
1895.25
7866.52
6245.18
7198.85
6742.97
2852.93
5783.15
6646.55
7703.1
1816.47
1529.65
1592.74
3597.92
2141.77
6979.81
5799.24
1169.57
7276.63
3079.99
7222.08
2388.33
1535.65
2722.95
2088.95
8001.57
1606.04
6543.39
2135.27
4550.53
1321.26
7106.01
2969.83
1879.87
6627.43
1024.55
7009.56
8043.71
7252.4
3245.26
6890.94
6514.72
6554.04
7458.99
7227.45
2883.21
1098.29
1865.11
6947.06
1669.13
6593.8
6407.52
1966.29
6015.3
7500.79
6729.53
7331.73
6470.74
6833.42
8738.72
5062.44
7035.76
6721.08
1425.16
1363.32
3617.29
1321.26
6304.53
1941.41
5219.08
1433.11
4215.21
1500.1
7838.22
1410.42
1964.31
1008.64
2092.0
7268.06
2086.18
2542.69
6642.27
7245.13
8144.02
1050.98
1562.65
7773.92
1518.55
6742.89
7489.2
7830.35
6206.24
7816.44
1564.47
3547.35
1846.9
6529.99
3315.26
8035.2
2137.59
1235.3
1288.11
8059.65
7341.65
2795.3
3290.68
7832.22
1115.78
6586.01
4397.08
6508.21
1395.79
2007.12
1070.06
1447.05
1125.06
7227.96
5572.09
7213.44
5944.87
7060.6
6181.06
1974.69
3830.49
6864.87
3190.12
7670.37
2612.89
2721.78
4002.88
2415.25
7041.27
1125.16
7170.7
7993.09
4715.64
2025.58
7739.86
7773.31
1396.1
4938.61
1406.59
6672.69
6607.13
6661.44
6826.61
1416.09
2194.84
1058.14
5930.17
6369.28
4366.59
7532.9
3426.45
8516.02
8465.77
1809.54
4326.76
