-10.020761266659802
-7.801604705030781
-4.360902811266231
0.05445152370648598
5.039895452372255
10.0285121498779
14.104692320768823
13.782591793232084
4.100935098926737
2.493360367014448
4.318752560711203
6.289590926281746
7.8003732046788095
8.522300189469016
8.238563681431842
6.944308139157546
4.856813024478907
2.1769002782759306
-0.9742611916988662
-4.380461963385416
-7.704870373360536
-10.554077437127956
-12.53222014425924
-13.29071881525703
-12.577052116193443
-10.278280608051178
-6.454107716950742
-1.3550501928288772
4.574831526281396
10.688045237048659
15.813612802467295
12.797937419385924
1.0595838173476142
2.3322241282506098
6.655463978487437
10.957005929795507
13.816774647560084
11.015993816957602
3.9171569567898548
3.3481920533949916
4.6122477535787825
5.817557226209582
6.5392674294244575
6.586920337708468
5.884337367602593
4.460114568183126
2.410288760343168
-0.12571352023423554
-2.944376977838748
-5.770189923078434
-8.280049524848401
-10.140064824279586
-11.045889297668966
-10.763737009912154
-9.168216470034059
-6.272487332886489
-2.2466874946746027
2.5774399610535355
7.710227724631212
12.454253016073952
15.133693667299582
8.554805772774483
2.130532858065505
3.368734899487629
5.5536392023246695
7.4787542045519615
8.722133477752477
8.966378495351286
8.060561968303094
6.190314194963674
3.694342791176958
0.7109786229446575
-2.648357021797861
-6.111174746848245
-9.301489792720018
-11.812689678567278
-13.260045103836774
-13.331083166814057
-11.833124475034035
-8.732950051395976
-4.183493727835782
1.4657659293454248
7.668909573267717
13.611489706124075
16.667188289452334
4.3499533608221785
1.702820845324448
5.665955806097474
9.940936087180528
13.204625740780504
12.505969700239712
5.386569764225664
3.2133077730693134
4.031432319306135
5.043115217246871
5.680976183593295
5.752137407589214
5.177006304768592
3.9612472027373737
2.176956903355171
-0.049744329248415084
-2.5330998240006863
-5.028168161814674
-7.250111410809769
-8.904547196360438
-9.722522147483799
-9.496598940322244
-8.114279273020653
-5.584771499569409
-2.0554275647880997
2.1843239963734615
6.708133273667686
10.937332937776532
13.85863685256058
11.947377776200693
4.350055835772323
2.7525847992024306
3.4383271906064894
4.174711848971033
4.570121196864193
4.496179612590873
3.9039249015271222
2.8053017943470406
1.2670964634162754
-0.5924137225349693
-2.6053138764722226
-4.562310999159436
-6.230170891201017
-7.376680311369071
-7.798695130625116
-7.3505714092389836
-5.969585069917451
-3.695205015934095
-0.6791566953368915
2.814814379695493
6.419697311358942
9.666415949612217
11.902342229391616
11.840447317291757
8.077458261970316
4.31589008981454
2.5519226904061902
1.1180130624436222
-0.4983404505873163
-2.2398565385118765
-3.932417923294217
-5.374580954990529
-6.365744834305725
-6.730484982830194
-6.343134795187588
-5.149826190550095
-3.1848348126877934
-0.5795299063059934
2.4385484507847845
5.554658417945349
8.378624548282856
10.432411175375869
11.065115968089637
9.534381950367763
6.469448224330346
3.7069374308009
1.217639509169599
-1.473185173841916
-4.299586117490581
-6.9789197319760685
-9.182645906198614
-10.59025024989236
-10.930458466576038
-10.020761266659802
-7.801604705030781
-4.360902811266231
0.05445152370648598
5.039895452372255
10.0285121498779
14.104692320768823
13.782591793232084
4.100935098926737
2.493360367014448
4.318752560711203
6.289590926281746
7.8003732046788095
8.522300189469016
8.238563681431842
6.944308139157546
4.856813024478907
2.1769002782759306
-0.9021127935591974
-4.141962169067759
-7.306242825825972
-10.02060819322054
-11.908493057901548
-12.638057451747269
-11.968511621960262
-9.79160978223014
-6.1631833106801555
-1.3204785771157548
4.315390742463537
10.13395169205397
15.10518712418029
14.006714054590827
1.9683582644348183
2.7235731489930814
6.260970351280542
9.709423862266659
12.1415072496136
11.90155963845046
7.412508445426096
4.006971335554642
2.9539665491609037
2.2148614685180457
1.2528535452176943
0.05061535881864099
-1.2962974819679727
-2.653073392817746
-3.864442104168299
-4.770846051848123
-5.226550063677167
-5.118945296408916
-4.386516872519463
-3.033324535235476
-1.1379560162393343
1.14506461463149
3.591510877856624
5.921088602332448
7.81602791291531
8.942048126620588
9.000653920176886
7.881227280434483
5.836909260714343
3.2109077895875062
0.11585754595664144
-3.3176349693599043
-6.790737859668249
-9.914179491728868
-12.277965915041225
-13.503573538042843
-13.29448292551074
-11.48317168997699
-8.069092298770123
-3.2426858286544467
2.6070460876659336
8.891313924818814
14.685945393388144
15.920738083678364
2.0175756776733973
2.3322241282506098
6.655463978487437
10.957005929795507
13.816774647560084
11.015993816957602
3.9171569567898548
3.3481920533949916
4.6122477535787825
5.817557226209582
6.5392674294244575
6.586920337708468
5.884337367602593
4.460114568183126
2.410288760343168
-0.12571352023423554
-2.944376977838748
-5.770189923078434
-8.280049524848401
-10.140064824279586
-11.045889297668966
-10.763737009912154
-9.168216470034059
-6.272487332886489
-2.2466874946746027
2.5774399610535355
7.710227724631212
12.454253016073952
15.133693667299582
8.554805772774483
2.130532858065505
3.368734899487629
5.5536392023246695
7.4787542045519615
8.722133477752477
8.966378495351286
8.060561968303094
6.190314194963674
3.694342791176958
0.7109786229446575
-2.648357021797861
-6.111174746848245
-9.301489792720018
-11.812689678567278
-13.260045103836774
-13.331083166814057
-11.833124475034035
-8.732950051395976
-4.183493727835782
1.4657659293454248
7.668909573267717
13.611489706124075
16.667188289452334
4.3499533608221785
1.702820845324448
5.665955806097474
