6.528789999999999964e+03
6.613850000000000364e+03
7.142960000000000036e+03
7.272649999999999636e+03
6.897539999999999964e+03
6.619090000000000146e+03
6.411909999999999854e+03
6.433100000000000364e+03
6.700489999999999782e+03
6.903529999999999745e+03
6.944710000000000036e+03
6.646440000000000509e+03
6.450039999999999964e+03
6.223729999999999563e+03
5.973779999999999745e+03
6.321239999999999782e+03
6.175250000000000000e+03
6.591470000000000255e+03
6.468069999999999709e+03
6.477359999999999673e+03
6.625079999999999927e+03
6.499680000000000291e+03
6.556199999999999818e+03
6.793250000000000000e+03
6.566390000000000327e+03
6.780779999999999745e+03
6.153430000000000291e+03
5.741069999999999709e+03
6.583649999999999636e+03
6.315930000000000291e+03
6.155430000000000291e+03
6.774680000000000291e+03
6.731250000000000000e+03
7.203470000000000255e+03
7.311010000000000218e+03
7.361649999999999636e+03
7.122630000000000109e+03
7.200880000000000109e+03
7.054699999999999818e+03
6.952880000000000109e+03
6.855440000000000509e+03
6.270229999999999563e+03
6.901909999999999854e+03
6.628489999999999782e+03
6.370869999999999891e+03
6.443090000000000146e+03
6.794859999999999673e+03
6.612619999999999891e+03
7.139710000000000036e+03
6.791460000000000036e+03
6.324000000000000000e+03
5.864229999999999563e+03
5.884180000000000291e+03
5.928449999999999818e+03
6.207720000000000255e+03
5.838840000000000146e+03
5.700710000000000036e+03
5.321229999999999563e+03
6.787909999999999854e+03
7.200789999999999964e+03
7.815260000000000218e+03
7.738960000000000036e+03
7.977119999999999891e+03
7.779069999999999709e+03
7.979659999999999854e+03
8.045800000000000182e+03
7.999710000000000036e+03
7.970020000000000437e+03
7.952720000000000255e+03
7.920930000000000291e+03
7.705489999999999782e+03
8.007479999999999563e+03
7.466020000000000437e+03
7.367850000000000364e+03
7.140289999999999964e+03
7.276819999999999709e+03
7.855710000000000036e+03
7.672000000000000000e+03
7.193680000000000291e+03
7.497170000000000073e+03
7.819250000000000000e+03
7.979829999999999927e+03
8.475290000000000873e+03
8.764010000000000218e+03
8.558420000000000073e+03
8.254030000000000655e+03
8.365260000000000218e+03
8.171430000000000291e+03
7.958569999999999709e+03
8.018050000000000182e+03
7.843159999999999854e+03
7.837119999999999891e+03
7.661010000000000218e+03
7.311720000000000255e+03
7.212090000000000146e+03
7.229659999999999854e+03
6.840640000000000327e+03
6.781199999999999818e+03
7.404800000000000182e+03
7.629729999999999563e+03
7.787369999999999891e+03
7.963109999999999673e+03
7.796250000000000000e+03
7.401600000000000364e+03
7.159289999999999964e+03
7.262300000000000182e+03
6.671039999999999964e+03
6.687619999999999891e+03
6.952079999999999927e+03
6.927069999999999709e+03
7.134260000000000218e+03
6.893979999999999563e+03
7.098810000000000400e+03
7.550000000000000000e+03
7.564500000000000000e+03
7.580460000000000036e+03
7.714819999999999709e+03
7.940489999999999782e+03
7.730569999999999709e+03
7.689909999999999854e+03
7.230569999999999709e+03
7.294380000000000109e+03
7.215729999999999563e+03
7.283069999999999709e+03
7.050890000000000327e+03
6.864819999999999709e+03
6.844309999999999491e+03
6.647649999999999636e+03
6.707909999999999854e+03
6.428710000000000036e+03
6.424989999999999782e+03
6.041189999999999600e+03
5.889829999999999927e+03
6.208819999999999709e+03
6.585380000000000109e+03
6.191800000000000182e+03
6.075170000000000073e+03
6.639119999999999891e+03
6.465279999999999745e+03
7.021949999999999818e+03
7.070989999999999782e+03
6.847470000000000255e+03
6.721449999999999818e+03
6.242739999999999782e+03
5.812729999999999563e+03
5.640449999999999818e+03
5.424510000000000218e+03
5.346100000000000364e+03
5.196189999999999600e+03
5.307659999999999854e+03
5.246409999999999854e+03
5.091229999999999563e+03
5.202699999999999818e+03
5.107729999999999563e+03
4.897649999999999636e+03
4.682440000000000509e+03
4.371960000000000036e+03
4.211039999999999964e+03
4.333720000000000255e+03
3.999650000000000091e+03
4.348500000000000000e+03
4.503630000000000109e+03
4.291210000000000036e+03
4.244640000000000327e+03
4.319510000000000218e+03
4.055139999999999873e+03
3.766730000000000018e+03
3.881470000000000255e+03
4.201140000000000327e+03
3.953699999999999818e+03
4.268739999999999782e+03
4.100069999999999709e+03
3.566230000000000018e+03
3.426949999999999818e+03
3.372710000000000036e+03
3.272730000000000018e+03
3.290090000000000146e+03
3.161800000000000182e+03
3.043750000000000000e+03
2.953190000000000055e+03
3.052679999999999836e+03
3.044969999999999800e+03
2.908500000000000000e+03
2.800820000000000164e+03
2.884179999999999836e+03
2.798329999999999927e+03
2.437989999999999782e+03
2.389309999999999945e+03
2.103500000000000000e+03
1.986220000000000027e+03
1.872220000000000027e+03
1.825090000000000146e+03
1.872849999999999909e+03
1.971570000000000164e+03
1.951090000000000146e+03
2.569650000000000091e+03
2.688090000000000146e+03
2.577099999999999909e+03
2.459980000000000018e+03
2.827440000000000055e+03
2.749769999999999982e+03
2.984670000000000073e+03
3.129989999999999782e+03
3.266000000000000000e+03
3.621599999999999909e+03
3.578550000000000182e+03
3.758970000000000255e+03
3.572900000000000091e+03
3.365289999999999964e+03
3.501199999999999818e+03
3.660860000000000127e+03
3.474670000000000073e+03
3.270730000000000018e+03
3.203550000000000182e+03
3.067449999999999818e+03
3.239269999999999982e+03
2.982539999999999964e+03
2.788460000000000036e+03
2.708500000000000000e+03
2.556710000000000036e+03
2.312230000000000018e+03
2.390840000000000146e+03
2.178789999999999964e+03
2.296110000000000127e+03
2.270529999999999745e+03
2.195949999999999818e+03
2.122960000000000036e+03
2.145389999999999873e+03
2.096039999999999964e+03
2.099739999999999782e+03
1.960220000000000027e+03
1.942070000000000164e+03
1.936900000000000091e+03
2.000250000000000000e+03
1.924230000000000018e+03
1.929380000000000109e+03
1.854630000000000109e+03
1.954690000000000055e+03
2.079989999999999782e+03
2.019559999999999945e+03
1.822829999999999927e+03
1.830960000000000036e+03
1.819029999999999973e+03
1.761570000000000164e+03
1.579829999999999927e+03
1.584700000000000045e+03
1.579400000000000091e+03
1.511360000000000127e+03
1.555009999999999991e+03
1.424329999999999927e+03
1.483180000000000064e+03
1.508299999999999955e+03
1.442369999999999891e+03
1.313869999999999891e+03
1.399069999999999936e+03
1.297420000000000073e+03
