-4.380461963385416
-0.8468109707475775
4.100935098926737
9.000653920176886
14.006714054590827
15.813612802467295
14.685945393388144
11.840447317291757
7.4787542045519615
4.758885826532905
2.5774399610535355
1.2670964634162754
0.7439386389479592
-1.473185173841916
-6.730484982830194
-9.722522147483799
-11.045889297668966
-10.140064824279586
-8.069092298770123
-4.393516502209011
-2.653073392817746
-0.4961231852676688
0.05445152370648598
0.1
2.4385484507847845
3.2851066193921756
2.1769002782759306
3.3288065967054763
3.2133077730693134
2.162679686879713
1.3871187113284007
2.2100752409791253
4.031432319306135
6.5392674294244575
10.432411175375869
11.015993816957602
9.940936087180528
5.177006304768592
0.5248895726216392
-2.5330998240006863
-5.770189923078434
-7.801604705030781
-9.914179491728868
-11.908493057901548
-12.577052116193443
-10.930458466576038
-7.3505714092389836
-2.641189078537752
0.38885800200727744
3.5367577371029766
5.554658417945349
5.884337367602593
5.680976183593295
5.386569764225664
4.570121196864193
4.496179612590873
4.460114568183126
4.005612231148625
2.493360367014448
0.11763431825711185
-1.3534662738491394
-3.932417923294217
-5.028168161814674
-6.343134795187588
-6.454107716950742
-4.562310999159436
-3.3176349693599043
-11.833124475034035
-3.864442104168299
-2.6053138764722226
2.8053017943470406
5.043115217246871
1.702820845324448
-1.1331720468009632
1.0595838173476142
6.655463978487437
11.902342229391616
13.85863685256058
12.797937419385924
11.947377776200693
11.358647404043937
9.666415949612217
6.260970351280542
3.9171569567898548
0.5336131030618954
-1.9414377664653923
-5.226550063677167
-8.904547196360438
-7.376680311369071
-2.944376977838748
0.6815122720626084
2.0175756776733973
0.843922851999361
1.9681287360163282
5.665955806097474
7.668909573267717
6.190314194963674
4.587443013817016
4.574831526281396
4.081163708543934
3.368734899487629
0.7142281975072141
-4.183493727835782
-8.114279273020653
-7.798695130625116
-6.1631833106801555
-9.301489792720018
-10.59025024989236
-10.278280608051178
-9.182645906198614
-5.374580954990529
-3.2426858286544467
-0.22273366081603718
3.4383271906064894
6.474636999520638
10.135715660128048
10.937332937776532
10.13395169205397
8.966378495351286
7.8003732046788095
6.469448224330346
5.039895452372255
4.350055835772323
4.174711848971033
3.591510877856624
2.3322241282506098
1.9683582644348183
2.410288760343168
2.5598186183980403
1.14506461463149
-0.4983404505873163
-1.2962974819679727
-0.38745746883664445
-0.049744329248415084
-0.12571352023423554
-0.4866050658028065
-1.2300668679726086
-2.2466874946746027
-3.1848348126877934
-4.141962169067759
-4.386516872519463
-4.360902811266231
-1.6372362222968895
1.4657659293454248
4.5979386256931205
4.31589008981454
1.1180130624436222
-0.31745684292131754
3.2109077895875062
8.942048126620588
14.104692320768823
15.133693667299582
12.454253016073952
7.881227280434483
6.708133273667686
4.006971335554642
2.176956903355171
-0.32517569140677527
-3.269423594762533
-6.790737859668249
-10.554077437127956
-12.277965915041225
-13.331083166814057
-13.503573538042843
-12.53222014425924
-3.033324535235476
4.318752560711203
11.065115968089637
13.53551396354413
8.077458261970316
7.474442007646682
8.722133477752477
8.522300189469016
8.891313924818814
9.709423862266659
10.0285121498779
9.534381950367763
12.505969700239712
13.204625740780504
7.412508445426096
10.957005929795507
4.856813024478907
-0.0014594952077870166
-3.5702967675456296
-9.168216470034059
-10.020761266659802
-11.812689678567278
-13.29071881525703
-13.29448292551074
-10.763737009912154
-6.365744834305725
-3.695205015934095
-1.3204785771157548
0.22710216525290425
3.9612472027373737
8.554805772774483
13.782591793232084
15.10518712418029
11.90155963845046
0.32657811301759254
-2.648357021797861
-2.0554275647880997
2.614760326014299
6.944308139157546
8.060561968303094
5.836909260714343
2.130532858065505
-0.12460171108069107
3.831217287897717
8.238563681431842
8.378624548282856
2.814814379695493
-4.192016266557402
-8.280049524848401
-4.770846051848123
-5.969585069917451
-9.496598940322244
-9.79160978223014
-5.149826190550095
-0.9369004520185011
3.7069374308009
5.676903576778757
5.5536392023246695
0.7109786229446575
2.0884132479140676
-0.5795299063059934
-0.3687921469947943
-0.11995650786687123
0.90121573318884
0.08796544265795847
1.217639509169599
0.8703399767310654
2.6070460876659336
3.694342791176958
2.1843239963734615
-0.20396320793122455
-0.9021127935591974
-0.2301526856405578
1.2528535452176943
2.2148614685180457
2.7235731489930814
3.9039249015271222
4.315390742463537
2.9539665491609037
0.11585754595664144
-2.2398565385118765
-5.118945296408916
-7.306242825825972
-8.732950051395976
-5.584771499569409
-4.299586117490581
-1.5357640168249151
-0.9742611916988662
0.7349281386375797
1.5711096893470227
2.5519226904061902
2.4004064328276096
1.7892823185791171
6.586920337708468
10.688045237048659
4.415812882861288
6.419697311358942
7.752918606685949
7.710227724631212
13.611489706124075
12.1415072496136
7.565779764939963
5.752137407589214
3.3481920533949916
-0.5924137225349693
-4.096160824112271
-6.9789197319760685
-10.02060819322054
-11.968511621960262
-13.260045103836774
-12.638057451747269
-11.48317168997699
-6.272487332886489
-1.3550501928288772
2.7525847992024306
7.81602791291531
13.816774647560084
15.920738083678364
16.667188289452334
7.065393035608938
4.6122477535787825
5.817557226209582
5.921088602332448
6.289590926281746
4.3499533608221785
-0.07128252179488445
0.05061535881864099
-0.37350385100260197
-1.313601911309614
-1.1379560162393343
-0.6791566953368915
-7.704870373360536
-6.230170891201017
-6.111174746848245
-7.250111410809769
