-1.3550501928288772
-2.653073392817746
-4.096160824112271
-4.380461963385416
-5.118945296408916
-2.5330998240006863
-0.37350385100260197
2.814814379695493
0.5248895726216392
5.177006304768592
6.474636999520638
5.836909260714343
3.4383271906064894
1.7892823185791171
-0.3687921469947943
-2.2466874946746027
-3.2426858286544467
-3.864442104168299
-5.028168161814674
-7.704870373360536
-9.168216470034059
-10.930458466576038
-9.301489792720018
-3.932417923294217
-6.730484982830194
-0.12460171108069107
4.100935098926737
5.921088602332448
8.378624548282856
8.966378495351286
8.522300189469016
8.942048126620588
7.8003732046788095
7.881227280434483
6.655463978487437
4.174711848971033
2.2100752409791253
-0.5795299063059934
-3.5702967675456296
-5.969585069917451
-7.376680311369071
-8.280049524848401
-10.02060819322054
-9.496598940322244
-4.386516872519463
-3.033324535235476
2.176956903355171
2.614760326014299
1.2528535452176943
0.7439386389479592
4.081163708543934
12.454253016073952
13.85863685256058
12.797937419385924
6.708133273667686
2.7525847992024306
2.162679686879713
0.8703399767310654
-0.9742611916988662
-6.272487332886489
-11.833124475034035
-13.29071881525703
-13.331083166814057
-13.503573538042843
-12.638057451747269
-10.554077437127956
-2.648357021797861
1.5711096893470227
4.031432319306135
7.565779764939963
10.957005929795507
11.065115968089637
7.4787542045519615
4.005612231148625
3.9612472027373737
7.752918606685949
11.902342229391616
10.937332937776532
4.574831526281396
1.0595838173476142
0.32657811301759254
2.130532858065505
3.3288065967054763
2.5519226904061902
-1.473185173841916
-6.1631833106801555
-8.069092298770123
-6.790737859668249
-2.6053138764722226
-2.2398565385118765
0.7349281386375797
3.2133077730693134
4.31589008981454
6.190314194963674
7.81602791291531
9.534381950367763
11.015993816957602
11.90155963845046
10.135715660128048
7.412508445426096
3.9039249015271222
1.2670964634162754
-1.5357640168249151
-4.393516502209011
-6.343134795187588
-6.365744834305725
-7.250111410809769
-9.79160978223014
-11.045889297668966
-9.182645906198614
-4.562310999159436
-0.4983404505873163
0.6815122720626084
0.05061535881864099
3.7069374308009
4.460114568183126
-0.22273366081603718
2.8053017943470406
6.586920337708468
9.709423862266659
13.782591793232084
14.104692320768823
8.238563681431842
5.554658417945349
9.940936087180528
10.432411175375869
10.688045237048659
8.060561968303094
6.260970351280542
4.5979386256931205
2.6070460876659336
-0.4866050658028065
-3.695205015934095
-9.914179491728868
-11.968511621960262
-12.277965915041225
-13.260045103836774
-12.577052116193443
-11.48317168997699
-11.812689678567278
-5.770189923078434
-0.11995650786687123
6.944308139157546
15.133693667299582
16.667188289452334
15.920738083678364
8.722133477752477
2.4385484507847845
3.368734899487629
9.000653920176886
9.666415949612217
4.3499533608221785
-0.049744329248415084
-1.1331720468009632
-1.1379560162393343
-0.0014594952077870166
-0.38745746883664445
-3.269423594762533
-7.798695130625116
-11.908493057901548
-13.29448292551074
-12.53222014425924
-10.278280608051178
-2.944376977838748
1.9683582644348183
7.065393035608938
12.505969700239712
14.685945393388144
15.813612802467295
10.13395169205397
5.817557226209582
8.554805772774483
13.611489706124075
15.10518712418029
12.1415072496136
0.7142281975072141
-5.226550063677167
-4.360902811266231
-0.20396320793122455
1.1180130624436222
0.38885800200727744
0.1
0.11585754595664144
0.22710216525290425
-0.12571352023423554
-2.0554275647880997
-4.183493727835782
-6.111174746848245
-8.732950051395976
-10.140064824279586
-10.763737009912154
-9.722522147483799
-6.454107716950742
-1.9414377664653923
2.410288760343168
7.668909573267717
11.947377776200693
13.53551396354413
13.204625740780504
10.0285121498779
4.570121196864193
3.591510877856624
4.6122477535787825
5.884337367602593
4.315390742463537
3.2851066193921756
1.9681287360163282
-0.31745684292131754
1.217639509169599
0.843922851999361
0.90121573318884
1.702820845324448
0.05445152370648598
-4.770846051848123
-5.374580954990529
-10.59025024989236
-10.020761266659802
-7.3505714092389836
-3.1848348126877934
-0.2301526856405578
2.1769002782759306
3.9171569567898548
5.039895452372255
4.758885826532905
4.587443013817016
5.386569764225664
6.289590926281746
5.5536392023246695
2.9539665491609037
1.4657659293454248
-0.9021127935591974
-1.2962974819679727
-1.3204785771157548
-0.5924137225349693
-0.07128252179488445
1.14506461463149
2.7235731489930814
4.496179612590873
7.710227724631212
6.469448224330346
2.3322241282506098
-0.6791566953368915
-0.4961231852676688
0.08796544265795847
0.11763431825711185
-0.8468109707475775
-1.6372362222968895
-2.641189078537752
-4.141962169067759
-5.149826190550095
-6.230170891201017
-8.904547196360438
-8.114279273020653
-4.299586117490581
-1.2300668679726086
2.0175756776733973
5.680976183593295
4.856813024478907
8.891313924818814
11.358647404043937
2.5774399610535355
5.676903576778757
3.694342791176958
4.415812882861288
5.043115217246871
4.350055835772323
3.2109077895875062
2.4004064328276096
2.1843239963734615
2.0884132479140676
0.7109786229446575
-0.9369004520185011
-3.3176349693599043
-5.584771499569409
-6.9789197319760685
-7.306242825825972
-7.801604705030781
-4.192016266557402
-1.313601911309614
-1.3534662738491394
3.3481920533949916
11.840447317291757
13.816774647560084
14.006714054590827
5.752137407589214
2.2148614685180457
1.3871187113284007
4.318752560711203
6.419697311358942
3.831217287897717
2.5598186183980403
4.006971335554642
6.5392674294244575
8.077458261970316
7.474442007646682
5.665955806097474
3.5367577371029766
2.493360367014448
0.5336131030618954
-0.32517569140677527
