-9.168216470034059
-10.554077437127956
-10.930458466576038
-9.301489792720018
-7.801604705030781
-6.365744834305725
-1.3204785771157548
0.7439386389479592
2.0175756776733973
4.350055835772323
5.043115217246871
6.655463978487437
7.81602791291531
6.5392674294244575
5.884337367602593
5.752137407589214
4.6122477535787825
3.694342791176958
0.32657811301759254
-2.6053138764722226
-4.770846051848123
-7.250111410809769
-6.9789197319760685
-4.183493727835782
-0.11995650786687123
1.3871187113284007
0.8703399767310654
-2.648357021797861
-6.272487332886489
-2.641189078537752
0.7109786229446575
4.174711848971033
4.006971335554642
3.4383271906064894
2.6070460876659336
2.4385484507847845
2.2100752409791253
2.1843239963734615
2.5774399610535355
2.7525847992024306
2.4004064328276096
0.90121573318884
-0.22273366081603718
-1.9414377664653923
-4.096160824112271
-4.360902811266231
-4.393516502209011
-5.028168161814674
-5.584771499569409
-4.299586117490581
-1.473185173841916
0.5336131030618954
4.315390742463537
8.966378495351286
11.90155963845046
13.816774647560084
12.454253016073952
8.522300189469016
3.2109077895875062
-2.5330998240006863
-6.343134795187588
-8.069092298770123
-8.904547196360438
-9.914179491728868
-8.114279273020653
-5.118945296408916
-0.8468109707475775
3.368734899487629
6.469448224330346
9.709423862266659
9.940936087180528
6.419697311358942
3.831217287897717
3.3481920533949916
2.162679686879713
4.100935098926737
-1.1379560162393343
2.9539665491609037
-0.0014594952077870166
-1.6372362222968895
-3.1848348126877934
-2.944376977838748
-2.2398565385118765
-3.269423594762533
-4.141962169067759
-2.2466874946746027
-0.049744329248415084
1.2670964634162754
1.217639509169599
2.614760326014299
2.2148614685180457
3.7069374308009
1.1180130624436222
2.0884132479140676
2.7235731489930814
4.415812882861288
4.31589008981454
5.665955806097474
5.676903576778757
5.680976183593295
5.554658417945349
4.318752560711203
2.493360367014448
0.05445152370648598
-0.2301526856405578
0.1
1.702820845324448
0.38885800200727744
-3.932417923294217
-10.140064824279586
-11.045889297668966
-7.704870373360536
-3.5702967675456296
-0.9742611916988662
4.005612231148625
4.3499533608221785
-0.4983404505873163
0.843922851999361
7.412508445426096
12.1415072496136
15.813612802467295
13.611489706124075
7.8003732046788095
4.496179612590873
5.386569764225664
7.710227724631212
7.752918606685949
4.460114568183126
1.7892823185791171
-0.07128252179488445
-0.5795299063059934
-3.033324535235476
-8.280049524848401
-13.260045103836774
-13.503573538042843
-11.812689678567278
-10.59025024989236
-11.968511621960262
-7.3505714092389836
-0.37350385100260197
-1.5357640168249151
8.942048126620588
13.204625740780504
14.685945393388144
16.667188289452334
14.104692320768823
5.039895452372255
6.260970351280542
5.836909260714343
5.177006304768592
4.587443013817016
3.9171569567898548
1.14506461463149
-1.313601911309614
-4.386516872519463
-7.376680311369071
-10.02060819322054
-10.020761266659802
-7.306242825825972
-5.770189923078434
1.0595838173476142
2.3322241282506098
-0.4961231852676688
-5.226550063677167
-4.380461963385416
0.11763431825711185
5.817557226209582
10.135715660128048
11.065115968089637
6.289590926281746
7.668909573267717
11.015993816957602
9.534381950367763
6.190314194963674
3.591510877856624
0.7142281975072141
-0.12571352023423554
1.5711096893470227
1.9683582644348183
2.5519226904061902
3.3288065967054763
3.5367577371029766
2.8053017943470406
2.130532858065505
0.5248895726216392
-1.2962974819679727
-6.230170891201017
-10.278280608051178
-10.763737009912154
-12.53222014425924
-11.48317168997699
-9.722522147483799
-0.9021127935591974
1.2528535452176943
8.077458261970316
11.840447317291757
13.53551396354413
13.782591793232084
12.797937419385924
11.358647404043937
10.13395169205397
10.0285121498779
9.666415949612217
8.722133477752477
10.937332937776532
6.944308139157546
2.1769002782759306
-3.864442104168299
-6.111174746848245
-6.1631833106801555
-6.790737859668249
-7.798695130625116
-6.730484982830194
-5.149826190550095
-3.695205015934095
-1.3550501928288772
-0.38745746883664445
0.6815122720626084
2.176956903355171
3.2133077730693134
3.2851066193921756
2.5598186183980403
1.9681287360163282
0.11585754595664144
-0.9369004520185011
-2.0554275647880997
-0.5924137225349693
-0.32517569140677527
-0.31745684292131754
-0.4866050658028065
-3.2426858286544467
-5.374580954990529
-4.562310999159436
-1.3534662738491394
0.05061535881864099
0.22710216525290425
1.4657659293454248
4.081163708543934
6.586920337708468
9.000653920176886
10.688045237048659
11.902342229391616
14.006714054590827
12.505969700239712
8.238563681431842
4.031432319306135
-0.12460171108069107
-3.3176349693599043
-6.454107716950742
-9.79160978223014
-11.908493057901548
-12.577052116193443
-13.29071881525703
-12.638057451747269
-11.833124475034035
-8.732950051395976
-1.1331720468009632
7.474442007646682
15.133693667299582
15.920738083678364
4.856813024478907
3.9039249015271222
5.921088602332448
7.4787542045519615
6.474636999520638
4.5979386256931205
3.9612472027373737
2.814814379695493
2.410288760343168
0.7349281386375797
0.08796544265795847
-0.20396320793122455
-1.2300668679726086
-2.653073392817746
-5.969585069917451
-9.182645906198614
-12.277965915041225
-13.331083166814057
-13.29448292551074
-9.496598940322244
-0.6791566953368915
6.708133273667686
10.432411175375869
7.065393035608938
4.574831526281396
7.565779764939963
11.947377776200693
15.10518712418029
13.85863685256058
10.957005929795507
5.5536392023246695
4.758885826532905
8.891313924818814
8.378624548282856
7.881227280434483
8.554805772774483
8.060561968303094
4.570121196864193
-0.3687921469947943
-4.192016266557402
