-6.365744834305725
-9.301489792720018
-10.02060819322054
-8.904547196360438
-5.149826190550095
-0.11995650786687123
3.2109077895875062
4.415812882861288
2.7235731489930814
2.2100752409791253
4.350055835772323
4.856813024478907
5.836909260714343
3.368734899487629
1.2528535452176943
1.14506461463149
1.7892823185791171
2.1769002782759306
0.1
-2.944376977838748
-2.2398565385118765
-0.9021127935591974
-1.3534662738491394
-3.3176349693599043
-4.141962169067759
-3.2426858286544467
-0.4983404505873163
0.38885800200727744
1.702820845324448
2.130532858065505
1.9683582644348183
0.7439386389479592
0.08796544265795847
-0.049744329248415084
0.05061535881864099
0.32657811301759254
1.5711096893470227
-0.12460171108069107
-2.2466874946746027
-4.386516872519463
-5.226550063677167
-4.770846051848123
-3.932417923294217
-1.3550501928288772
-0.5924137225349693
-0.0014594952077870166
0.7349281386375797
2.493360367014448
5.680976183593295
9.666415949612217
12.505969700239712
14.006714054590827
13.611489706124075
10.135715660128048
6.469448224330346
2.9539665491609037
0.8703399767310654
-0.31745684292131754
-1.6372362222968895
-5.584771499569409
-9.168216470034059
-11.908493057901548
-13.29448292551074
-13.331083166814057
-12.277965915041225
-7.250111410809769
-0.22273366081603718
4.758885826532905
10.688045237048659
15.10518712418029
15.133693667299582
13.782591793232084
5.884337367602593
4.3499533608221785
3.9171569567898548
4.174711848971033
3.9039249015271222
3.5367577371029766
2.7525847992024306
3.3481920533949916
4.570121196864193
3.9612472027373737
2.410288760343168
-0.07128252179488445
-4.393516502209011
-9.722522147483799
-12.577052116193443
-13.260045103836774
-12.638057451747269
-12.53222014425924
-10.140064824279586
-8.069092298770123
-3.5702967675456296
1.1180130624436222
5.817557226209582
11.065115968089637
11.947377776200693
12.797937419385924
10.937332937776532
7.752918606685949
6.190314194963674
6.289590926281746
5.5536392023246695
4.5979386256931205
0.6815122720626084
0.7109786229446575
0.90121573318884
-5.028168161814674
-0.4866050658028065
-0.3687921469947943
0.05445152370648598
0.5336131030618954
-0.38745746883664445
-5.118945296408916
-3.695205015934095
-4.183493727835782
-11.045889297668966
-6.790737859668249
-1.3204785771157548
0.843922851999361
5.665955806097474
8.238563681431842
6.655463978487437
4.496179612590873
7.4787542045519615
10.13395169205397
8.942048126620588
11.902342229391616
9.000653920176886
7.881227280434483
8.522300189469016
4.587443013817016
1.2670964634162754
-1.9414377664653923
-5.969585069917451
-6.343134795187588
-8.114279273020653
-11.812689678567278
-13.29071881525703
-13.503573538042843
-10.554077437127956
-1.313601911309614
5.177006304768592
11.358647404043937
12.1415072496136
7.412508445426096
2.5774399610535355
1.217639509169599
3.4383271906064894
7.474442007646682
11.015993816957602
8.077458261970316
2.0884132479140676
-1.1379560162393343
2.1843239963734615
2.176956903355171
2.2148614685180457
-3.033324535235476
-7.798695130625116
-9.496598940322244
-7.704870373360536
-4.299586117490581
-2.653073392817746
-0.8468109707475775
2.614760326014299
7.710227724631212
13.816774647560084
16.667188289452334
15.920738083678364
3.2851066193921756
-1.2962974819679727
0.22710216525290425
4.574831526281396
6.260970351280542
4.318752560711203
0.7142281975072141
-1.2300668679726086
-0.6791566953368915
1.4657659293454248
4.6122477535787825
5.554658417945349
3.694342791176958
2.5598186183980403
2.814814379695493
2.4385484507847845
0.5248895726216392
-3.269423594762533
-7.306242825825972
-10.59025024989236
-11.968511621960262
-11.833124475034035
-9.79160978223014
-6.230170891201017
-0.32517569140677527
3.7069374308009
9.534381950367763
13.53551396354413
14.685945393388144
14.104692320768823
12.454253016073952
9.940936087180528
6.419697311358942
4.006971335554642
4.005612231148625
5.039895452372255
4.460114568183126
2.0175756776733973
-0.37350385100260197
-1.1331720468009632
-0.4961231852676688
-0.5795299063059934
-1.473185173841916
-4.096160824112271
-6.1631833106801555
-7.376680311369071
-7.3505714092389836
-5.770189923078434
-2.641189078537752
-0.20396320793122455
2.4004064328276096
6.586920337708468
10.957005929795507
11.90155963845046
8.966378495351286
8.060561968303094
5.921088602332448
-0.9369004520185011
-0.9742611916988662
-6.111174746848245
-6.9789197319760685
-10.020761266659802
-10.278280608051178
-9.182645906198614
-6.272487332886489
-5.374580954990529
-4.380461963385416
-2.5330998240006863
0.11585754595664144
3.2133077730693134
5.752137407589214
7.065393035608938
8.378624548282856
8.722133477752477
6.944308139157546
6.474636999520638
4.315390742463537
2.8053017943470406
2.162679686879713
0.11763431825711185
-1.5357640168249151
-6.730484982830194
-8.732950051395976
-6.454107716950742
-4.192016266557402
-2.0554275647880997
-0.12571352023423554
1.0595838173476142
3.591510877856624
5.043115217246871
5.676903576778757
4.100935098926737
5.386569764225664
8.891313924818814
13.204625740780504
6.708133273667686
7.565779764939963
3.831217287897717
2.6070460876659336
3.3288065967054763
1.9681287360163282
-2.6053138764722226
-2.648357021797861
-4.562310999159436
-4.360902811266231
-7.801604705030781
-10.930458466576038
-11.48317168997699
-10.763737009912154
-9.914179491728868
-8.280049524848401
-3.864442104168299
2.3322241282506098
10.0285121498779
10.432411175375869
4.081163708543934
4.031432319306135
8.554805772774483
13.85863685256058
15.813612802467295
11.840447317291757
7.668909573267717
9.709423862266659
7.81602791291531
7.8003732046788095
6.5392674294244575
4.31589008981454
2.5519226904061902
1.3871187113284007
-0.2301526856405578
-3.1848348126877934
