-0.01956931117570271
-0.017136936568830308
0.008505479129739868
0.06316607709876365
0.006746455834750975
0.0027859037974478085
0.1399333926158075
0.008665176454019985
0.045224792909892564
-0.008416174423421019
0.05436809318039337
-0.06464003578883037
-0.03458770640829023
-0.05699148198311299
0.0203593980283987
-0.0002868205956847447
0.04995452527457189
0.08759468040243501
-0.03045002278091502
-0.022821982956040543
-0.032259158022980294
-0.06053051312501001
0.04590352204112591
-0.09359820865597968
0.03861575224405023
-0.0849833488167917
-0.04466517994807795
0.03861575224405023
-0.0013205999854228878
0.09718899306107964
0.06994395962703592
0.04380656992791998
-0.0851300246174862
0.01579928711915457
-0.08285893181375492
-0.027462288324585415
-0.09570667993071069
-0.022821982956040543
0.025722681761052968
0.01716964896203166
0.07518071596092746
0.06569838178769771
-0.0008948035361102669
-0.0357902826629255
0.04920879849315085
0.012299756912504733
-0.07892951287026762
-0.01249170093178087
0.08799230776265521
0.04995452527457189
0.08080248335888918
0.08632977574364098
-0.022821982956040543
-0.08110299466350668
-0.0011970474263076625
0.11522232211929584
0.10109672394520075
-0.06226621690008294
0.039209693040964666
-0.08126108737944548
-0.01956931117570271
-0.05464289541014722
0.039209693040964666
0.07518071596092746
0.04283497654615154
-0.05983064969141072
0.005082074600808895
0.030122729138618354
-0.0038562351615762935
0.03208636570286316
0.04299886054755575
0.01035787819304268
0.04299886054755575
-0.060513028914405353
0.06925574960452696
0.017908695057996304
-0.03270475340709922
-0.017242733713295877
-0.05983064969141072
0.01613403625846388
0.0041948137923384365
0.04790976101641675
-0.09359820865597968
0.05799658946616226
-0.04126132556270612
-0.02862716582831837
0.0576314646823306
-0.027462288324585415
-0.005818111085915234
-0.06464003578883037
-0.05129888770798985
0.01661350063361855
0.01699193585620762
-0.0489237727198617
0.02520341309711238
0.04469322213864224
-0.05654058267968054
-0.02496648159475967
0.020083040980136246
0.01347000313241331
-0.02243129284092049
0.011553574399841615
-0.06053051312501001
0.0165919313161762
-0.022898889969576786
0.11522232211929584
0.030974972656109045
-0.010204897362879883
0.04371378571481266
0.022194058573782982
0.030974972656109045
0.019778644828504
0.01347000313241331
-0.06258250876081561
0.04823967565580034
0.05182100602750328
0.08799230776265521
0.01579928711915457
0.022821768641877682
0.01035787819304268
-0.07075486294590672
0.06318283133468316
0.026005039289207943
0.06806350229329183
0.0512476844333456
-0.08110299466350668
0.06605801367827979
0.08653619008305125
0.11522232211929584
0.048059232237648075
-0.009357776553262198
-0.036421638107813514
0.08799230776265521
0.06925574960452696
-0.04022536987465397
0.0461992712042818
0.015089270086424023
0.0576314646823306
-0.04466517994807795
0.11840346286310233
0.018593646962060006
0.02714223291166995
-0.027789787343500905
0.013040071944516285
0.011553574399841615
-0.007720686875989813
0.04590352204112591
0.02773636562208104
0.005082074600808895
0.006746455834750975
-0.08285893181375492
0.04048653167530425
0.020083040980136246
0.05198789125700998
0.0041948137923384365
-0.03997727574944321
0.11522232211929584
0.08302714817478662
-0.08285893181375492
0.04665297339942498
0.04823967565580034
0.03863378364598535
-0.051670301345440706
-0.01686722086916248
0.1399333926158075
-0.027393577402978764
0.04823967565580034
0.08632977574364098
0.13480548385110502
-0.02243129284092049
0.020083040980136246
-0.008416174423421019
0.0344322264021244
-0.009357776553262198
0.10240276235625068
0.02773636562208104
0.04995452527457189
0.043334141200254805
-0.0851300246174862
0.06806350229329183
-0.027462288324585415
-0.050143819123519506
-0.09432889171755221
-0.15702055781469149
0.0165919313161762
-0.06720056781523276
-0.03133707462365809
0.018593646962060006
-0.012372140541780041
0.01579928711915457
0.08176108754913614
-0.06285634704832255
-0.03173275161671363
0.1417808980890598
0.08080248335888918
0.04283497654615154
0.0844852260058202
-0.022898889969576786
-0.06638125688640528
0.0203593980283987
-0.012372140541780041
0.011999720455214913
-0.07892951287026762
0.006265799221320201
-0.02496648159475967
-0.04466517994807795
-0.008416174423421019
-0.0489237727198617
0.026653357334457617
0.0688088340488946
-0.05983064969141072
0.06761705055254463
-0.12033949778566289
-0.045496030668886966
-0.06109953281700342
0.07586149829868472
0.009856619194733796
-0.015144140805206874
0.05182100602750328
0.04299886054755575
0.10240276235625068
0.045224792909892564
-0.027788545411032928
-0.0008948035361102669
-0.06285634704832255
-0.02862716582831837
-0.0005187167995490682
-0.17661184642248884
-0.010204897362879883
0.04790976101641675
0.06318283133468316
0.012390402416693647
0.0326533364262076
0.06364954486786978
0.0326533364262076
-0.04022536987465397
0.05168531023255696
-0.05654058267968054
-0.013771885982464482
-0.05464289541014722
-0.019514789449790015
-0.06638125688640528
-0.05983064969141072
-0.09432889171755221
-0.12033949778566289
0.08121523150568599
0.051344950513199095
-0.05464289541014722
0.003822387934753202
-0.09570667993071069
0.013109728048770641
0.02451643163530548
0.003822387934753202
0.012299756912504733
0.04729149119249154
-0.08678886069673908
-0.009588853389239205
0.01046829599036414
-0.005818111085915234
-0.0013205999854228878
0.006265799221320201
-0.07414653786004877
-0.010532567714866659
0.01579928711915457
0.022194058573782982
-0.007338419158481102
0.0025784297617263974
0.005173534568482907
-0.09359820865597968
-0.018864353824572078
0.012394543666532698
-0.0013205999854228878
0.011553574399841615
-0.024170822975695394
-0.050143819123519506
0.06228267241298191
0.10240276235625068
-0.03133707462365809
0.008505479129739868
0.04790976101641675
0.062467374718552904
-0.06464003578883037
0.06761705055254463
-0.06053051312501001
-0.08126108737944548
0.0216176650818376
0.17000938109242547
-0.008416174423421019
-0.027393577402978764
0.04729149119249154
-0.1218059774124729
0.17000938109242547
-0.15702055781469149
-0.008416174423421019
-0.02375973362478856
-0.0357902826629255
0.023512429278589764
0.08121523150568599
-0.09570667993071069
