-0.008416174423421019
-0.05120330655862837
0.04380656992791998
0.019778644828504
0.0344322264021244
-0.02862716582831837
-0.022348210496932808
0.024801788304586125
-0.05120330655862837
-0.02375973362478856
0.02520341309711238
0.006746455834750975
-0.03045002278091502
-0.0011970474263076625
0.01716964896203166
-0.037433866920196124
0.04380656992791998
-0.05464289541014722
0.06569838178769771
0.07382421435571018
-0.03695834061658587
0.05799658946616226
-0.04466517994807795
-0.060513028914405353
-0.04022536987465397
-0.02375973362478856
-0.1218059774124729
0.13204555949274965
0.09718899306107964
0.02520341309711238
0.0276177252845331
0.05198789125700998
0.037453479113841226
0.04135586741642605
-0.05416508205116166
0.008505479129739868
-0.09359820865597968
-0.013771885982464482
0.04790976101641675
0.04283497654615154
0.06292625909621563
0.003822387934753202
-0.0549153461639893
-0.007317237093852569
0.028713620756199987
-0.009357776553262198
0.04790976101641675
0.02451643163530548
0.04729149119249154
0.15300088602597928
-0.0013205999854228878
0.08176108754913614
0.0512476844333456
0.05198789125700998
0.13204555949274965
0.0512476844333456
0.005173534568482907
-0.022622356364218277
0.04469322213864224
-0.01686722086916248
0.06567138145123597
0.1399333926158075
0.037453479113841226
0.08759468040243501
0.04469322213864224
-0.0013205999854228878
0.06228267241298191
0.008505479129739868
0.06605801367827979
-0.0002868205956847447
0.012299756912504733
0.04333086414918519
-0.022368622754905587
-0.018864353824572078
-0.022898889969576786
0.04823967565580034
0.001954162314668828
0.0344322264021244
-0.028034859824940028
0.023560334148108097
-0.022622356364218277
0.08121523150568599
-0.05120330655862837
0.0512476844333456
-0.007882998007099573
0.005082074600808895
-0.06053051312501001
0.03643980545838055
0.1417808980890598
-0.05699148198311299
0.11840346286310233
0.07382421435571018
0.018593646962060006
-0.027393577402978764
0.003822387934753202
-0.002647647860884561
-0.002205271978588108
-0.05586089089844393
-0.07465345378649157
-0.03173275161671363
0.08176108754913614
0.034283772423341574
0.04827168718050601
0.04827168718050601
0.0203593980283987
0.011553574399841615
0.10240276235625068
0.039209693040964666
0.06316607709876365
0.05425453554333082
0.022821768641877682
-0.05586089089844393
0.025649122658425227
0.06761705055254463
0.0016709762031741349
0.04665297339942498
-0.03133707462365809
0.006746455834750975
-0.06638125688640528
-0.04022536987465397
0.02927401578257438
-0.10819102148647719
-0.017242733713295877
0.0515617796937029
-0.022348210496932808
-0.04126132556270612
-0.06053051312501001
-0.01956931117570271
0.023560334148108097
0.03208636570286316
0.01579928711915457
0.018593646962060006
-0.02862716582831837
-0.032259158022980294
-0.08143178414826124
0.039209693040964666
0.020446479141682516
0.08632977574364098
0.003822387934753202
0.028713620756199987
-0.08285893181375492
0.01046829599036414
-0.08721982612879486
-0.010532567714866659
0.0512476844333456
-0.10013006587302442
-0.008416174423421019
0.008505479129739868
-0.06464003578883037
0.08383912323474085
0.02432879134386301
0.13204555949274965
-0.007543661478351282
0.030974972656109045
-0.0636718542421022
0.012390402416693647
0.028713620756199987
0.04799414960212012
-0.027393577402978764
-0.022348210496932808
-0.05129888770798985
-0.03045002278091502
0.03994035520780326
0.17000938109242547
0.0688088340488946
0.04135586741642605
0.056736527751481525
0.05198789125700998
0.04283497654615154
0.013065356771912562
0.048059232237648075
0.15300088602597928
-0.08110299466350668
0.0688088340488946
0.04048653167530425
-0.06193714350214741
-0.022368622754905587
0.04590352204112591
0.08653619008305125
0.01046829599036414
0.03208636570286316
-0.022622356364218277
-0.0549153461639893
-0.02862716582831837
-0.0851300246174862
0.06569838178769771
-0.007720686875989813
-0.07075486294590672
-0.06464003578883037
-0.05120330655862837
-0.03520416182162833
0.01579928711915457
0.011999720455214913
-0.08814864178677073
-0.01686722086916248
0.048059232237648075
0.023560334148108097
0.06925574960452696
0.04299886054755575
0.001954162314668828
0.012394543666532698
-0.032340875642459466
0.04729149119249154
0.0016709762031741349
0.01699193585620762
0.026458811902690726
-0.022898889969576786
-0.05129888770798985
0.045224792909892564
0.0461992712042818
-0.06193714350214741
0.005173534568482907
-0.007882998007099573
-0.007338419158481102
0.07060672059698447
-0.03695834061658587
-0.038466866176760206
0.062467374718552904
0.006746455834750975
0.06364954486786978
-0.0549153461639893
-0.0005187167995490682
-0.014438989348697362
0.02451643163530548
0.030122729138618354
0.014471610315426986
0.023512429278589764
-0.013878349100881593
-0.05129888770798985
0.025649122658425227
-0.0005187167995490682
-0.0636718542421022
0.047513051758585334
0.0515617796937029
-0.015144140805206874
-0.002205271978588108
-0.0357902826629255
-0.08110299466350668
0.0326533364262076
-0.05699148198311299
0.0326533364262076
0.013065356771912562
0.04920879849315085
0.020567585268201682
0.06316607709876365
-0.032340875642459466
-0.022821982956040543
-0.09432889171755221
0.02927401578257438
0.04135586741642605
-0.06285634704832255
-0.02496648159475967
-0.15702055781469149
-0.02375973362478856
0.031017376704207678
0.014780240742707562
-0.03133707462365809
0.04606131559255999
0.025722681761052968
0.0203593980283987
0.02708189422255458
-0.011743957061684185
0.01716964896203166
-0.022898889969576786
0.048059232237648075
0.030974972656109045
-0.022368622754905587
0.0576314646823306
-0.17661184642248884
-0.03133707462365809
-0.015144140805206874
0.06605801367827979
-0.021161035659430283
-0.1218059774124729
0.02520341309711238
0.030122729138618354
0.04590352204112591
-0.012150300762606037
0.051344950513199095
0.025524068456756588
0.08105492908796386
-0.03997727574944321
-0.002205271978588108
-0.010204897362879883
-0.03917887174705115
0.03863378364598535
-0.07075486294590672
0.03208636570286316
-0.027393577402978764
0.04135586741642605
0.02520341309711238
0.02773636562208104
0.026458811902690726
-0.22146034456414654
0.08799230776265521
0.0027859037974478085
-0.01956931117570271
0.048059232237648075
0.024801788304586125
