0.03882682382156144
-0.06226621690008294
0.01661350063361855
-0.07724758378448726
-0.022368622754905587
0.04283497654615154
-0.07724758378448726
-0.08721982612879486
0.04920879849315085
0.025524068456756588
-0.007543661478351282
-0.0007657730469858848
0.056736527751481525
0.06364954486786978
0.06292625909621563
0.0165919313161762
-0.07724758378448726
0.03643980545838055
-0.017242733713295877
-0.007882998007099573
0.018593646962060006
0.02927401578257438
-0.050143819123519506
-0.022821982956040543
0.06569838178769771
0.023560334148108097
-0.012372140541780041
-0.0849833488167917
0.06364954486786978
0.17000938109242547
0.022821768641877682
0.003822387934753202
-0.0851300246174862
-0.02375973362478856
0.01035787819304268
0.01716964896203166
0.001954162314668828
0.029794720012301212
0.05168531023255696
-0.014438989348697362
-0.041376638974308655
0.023512429278589764
-0.05120330655862837
0.09718899306107964
-0.02496648159475967
0.06316607709876365
0.03861575224405023
-0.0011970474263076625
0.04799414960212012
-0.0851300246174862
-0.03520416182162833
0.10240276235625068
-0.1218059774124729
0.018593646962060006
0.013040071944516285
0.02773636562208104
-0.045496030668886966
0.04391937482752173
-0.06720056781523276
0.02451643163530548
-0.03563356684104946
0.062467374718552904
0.15300088602597928
-0.02375973362478856
-0.02243129284092049
0.0022689688502968153
-0.024170822975695394
0.04827168718050601
0.08759468040243501
0.037107507807760065
0.04665297339942498
-0.08814864178677073
0.01046829599036414
0.03208636570286316
-0.02496648159475967
-0.07892951287026762
0.005082074600808895
0.10240276235625068
0.026653357334457617
0.045224792909892564
0.031017376704207678
0.02927401578257438
-0.08285893181375492
0.01046829599036414
0.08121523150568599
0.04283497654615154
-0.022898889969576786
-0.0489237727198617
-0.0007657730469858848
0.09718899306107964
-0.009588853389239205
-0.0011970474263076625
-0.007720686875989813
0.03861575224405023
0.06761705055254463
0.0576314646823306
0.17000938109242547
0.030974972656109045
0.10240276235625068
0.006265799221320201
-0.08678886069673908
-0.03045002278091502
0.03443624877469453
0.03861575224405023
-0.009588853389239205
-0.045496030668886966
0.026653357334457617
-0.015144140805206874
0.05436809318039337
0.023512429278589764
0.06605801367827979
0.17000938109242547
-0.012372140541780041
0.048059232237648075
0.014471610315426986
-0.005818111085915234
-0.03695834061658587
0.048059232237648075
-0.08126108737944548
0.04920879849315085
-0.03997727574944321
-0.017242733713295877
0.003822387934753202
-0.009357776553262198
0.02773636562208104
0.026653357334457617
-0.0013205999854228878
0.02714223291166995
-0.0357902826629255
0.06316607709876365
0.08759468040243501
0.0216176650818376
0.015089270086424023
-0.08285893181375492
-0.10819102148647719
0.07382421435571018
0.047513051758585334
-0.02243129284092049
0.041840431302949455
-0.07724758378448726
0.030122729138618354
0.01347000313241331
0.001954162314668828
-0.002647647860884561
0.03882682382156144
-0.0002495311402075373
0.025649122658425227
0.06364954486786978
-0.03133707462365809
0.0515617796937029
-0.10013006587302442
0.11840346286310233
0.03973066370480538
-0.022368622754905587
0.012299756912504733
0.0515617796937029
0.006143668794592827
-0.01844849936066506
0.05168531023255696
0.007058852839625374
-0.07212958518599066
0.049538360788050184
0.08632977574364098
0.10240276235625068
0.08759468040243501
0.01699193585620762
0.0278028767684102
0.08302714817478662
0.015089270086424023
-0.10013006587302442
0.08732358904095427
-0.07075486294590672
-0.0849833488167917
0.0025784297617263974
0.07060672059698447
-0.07075486294590672
0.04823967565580034
0.08080248335888918
0.017908695057996304
-0.03520416182162833
-0.010204897362879883
0.05182100602750328
0.007058852839625374
-0.0489237727198617
0.008665176454019985
-0.036421638107813514
-0.013878349100881593
0.04823967565580034
-0.0013205999854228878
0.014780240742707562
0.0512476844333456
-0.022368622754905587
-0.03270475340709922
0.017908695057996304
0.04729149119249154
-0.03520416182162833
0.02432879134386301
-0.07724758378448726
0.07518071596092746
0.062467374718552904
-0.08110299466350668
-0.17661184642248884
-0.03133707462365809
-0.019391257313081667
-0.036421638107813514
0.0276177252845331
-0.017136936568830308
-0.08814864178677073
0.13204555949274965
-0.0849833488167917
-0.15702055781469149
-0.013771885982464482
0.01579928711915457
0.08105492908796386
0.01724199139330551
-0.0007657730469858848
0.02708189422255458
0.025722681761052968
-0.03917887174705115
-0.05416508205116166
0.014780240742707562
-0.05464289541014722
0.01046829599036414
-0.022348210496932808
0.005082074600808895
-0.06226621690008294
-0.032340875642459466
0.10240276235625068
0.007058852839625374
0.014780240742707562
-0.1218059774124729
0.04665297339942498
-0.041376638974308655
0.025722681761052968
0.03994035520780326
-0.03458770640829023
0.04665297339942498
0.06364954486786978
-0.05120330655862837
-0.10013006587302442
0.06994395962703592
-0.22146034456414654
-0.02862716582831837
-0.0489237727198617
-0.03458770640829023
-0.027462288324585415
-0.2546008091448053
0.07518071596092746
0.008505479129739868
-0.09570667993071069
0.0027859037974478085
-0.07212958518599066
-0.007882998007099573
0.02520341309711238
-0.0851300246174862
-0.08285893181375492
-0.0002495311402075373
-0.03997727574944321
-0.10819102148647719
-0.08143178414826124
0.08759468040243501
0.01035787819304268
-0.06285634704832255
-0.07892951287026762
-0.07892951287026762
-0.08126108737944548
0.025524068456756588
-0.015144140805206874
-0.04126132556270612
-0.03173275161671363
-0.011743957061684185
0.023512429278589764
0.01035787819304268
-0.024170822975695394
0.13480548385110502
0.04665297339942498
0.025722681761052968
-0.028034859824940028
0.05182100602750328
0.0461992712042818
0.04048653167530425
0.04299886054755575
0.049538360788050184
-0.09570667993071069
-0.027462288324585415
0.15300088602597928
0.08383912323474085
0.04827168718050601
0.11840346286310233
-0.021161035659430283
-0.038466866176760206
-0.01956931117570271
-0.06226621690008294
0.008505479129739868
-0.037433866920196124
0.037453479113841226
-0.04466517994807795
-0.028034859824940028
-0.03045002278091502
