0.005082074600808895
-0.011743957061684185
0.01716964896203166
-0.10819102148647719
0.05182100602750328
0.06567138145123597
0.011999720455214913
-0.047644828679283435
-0.0007657730469858848
0.06761705055254463
-0.021161035659430283
0.034283772423341574
0.05799658946616226
0.0025784297617263974
0.007058852839625374
0.1399333926158075
0.018593646962060006
-0.07892951287026762
0.011999720455214913
0.024801788304586125
-0.09570667993071069
0.02714223291166995
0.039209693040964666
-0.036421638107813514
0.04135586741642605
0.02927401578257438
-0.06638125688640528
0.001954162314668828
-0.0013205999854228878
0.01724199139330551
-0.015144140805206874
0.023512429278589764
0.06228267241298191
-0.017136936568830308
0.04729149119249154
-0.047644828679283435
-0.0489237727198617
0.06806350229329183
0.07586149829868472
-0.027462288324585415
0.05168531023255696
0.05425453554333082
-0.005818111085915234
0.006265799221320201
-0.060513028914405353
0.0022689688502968153
-0.017242733713295877
-0.0002495311402075373
-0.03270475340709922
-0.032340875642459466
-0.03458770640829023
0.04823967565580034
0.09718899306107964
0.007058852839625374
0.011999720455214913
0.08176108754913614
-0.05282848588680089
-0.09570667993071069
-0.0008948035361102669
0.06569838178769771
0.01699193585620762
-0.027393577402978764
-0.03458770640829023
0.04590352204112591
-0.08678886069673908
-0.05282848588680089
-0.06053051312501001
0.09718899306107964
0.0016709762031741349
-0.05699148198311299
-0.0851300246174862
-0.0636718542421022
0.01046829599036414
0.005082074600808895
-0.05464289541014722
-0.03133707462365809
0.026005039289207943
-0.038466866176760206
0.003822387934753202
0.07518071596092746
0.08383912323474085
0.04827168718050601
-0.05983064969141072
0.0844852260058202
-0.05654058267968054
0.03643980545838055
-0.013878349100881593
-0.049962429852048906
0.006143668794592827
-0.07212958518599066
-0.047644828679283435
0.022821768641877682
0.06318283133468316
0.05425453554333082
0.0025784297617263974
-0.018864353824572078
0.019778644828504
-0.06258250876081561
-0.10819102148647719
-0.0549153461639893
-0.045496030668886966
0.04590352204112591
-0.22146034456414654
-0.08126108737944548
0.0041948137923384365
0.034283772423341574
0.1399333926158075
-0.13034379599603163
-0.03173275161671363
-0.009357776553262198
0.06569838178769771
0.04606131559255999
-0.012150300762606037
-0.10819102148647719
-0.011743957061684185
0.056736527751481525
0.03643980545838055
0.026005039289207943
-0.017136936568830308
-0.008416174423421019
0.0278028767684102
0.043334141200254805
-0.05464289541014722
0.01035787819304268
-0.08814864178677073
0.022194058573782982
0.0515617796937029
-0.01844849936066506
-0.03520416182162833
0.02520341309711238
0.026458811902690726
0.03863378364598535
0.08121523150568599
0.0022689688502968153
-0.022622356364218277
0.025649122658425227
-0.009588853389239205
0.03994035520780326
0.07060672059698447
-0.10013006587302442
0.04790976101641675
0.045224792909892564
0.031017376704207678
0.06806350229329183
0.037453479113841226
-0.17661184642248884
0.013040071944516285
0.006746455834750975
0.043334141200254805
0.034283772423341574
-0.09570667993071069
-0.01956931117570271
-0.03458770640829023
0.013109728048770641
0.06567138145123597
0.04790976101641675
-0.05586089089844393
0.0576314646823306
-0.08143178414826124
0.0326533364262076
-0.04466517994807795
0.006265799221320201
0.04299886054755575
0.0216176650818376
-0.019514789449790015
0.06806350229329183
0.03863378364598535
-0.010532567714866659
-0.08126108737944548
-0.05654058267968054
0.06761705055254463
0.04823967565580034
0.020446479141682516
0.028713620756199987
-0.0008948035361102669
-0.007720686875989813
-0.03458770640829023
0.013109728048770641
-0.0011970474263076625
0.11522232211929584
-0.02862716582831837
0.09718899306107964
0.022194058573782982
-0.028034859824940028
0.0025784297617263974
-0.01249170093178087
0.07518071596092746
0.04469322213864224
0.051344950513199095
-0.010532567714866659
0.0027859037974478085
0.04920879849315085
0.03863378364598535
-0.05983064969141072
0.056736527751481525
-0.0851300246174862
-0.019514789449790015
0.04729149119249154
0.030122729138618354
0.006265799221320201
-0.015144140805206874
-0.0849833488167917
0.06994395962703592
-0.05129888770798985
-0.012150300762606037
0.06228267241298191
-0.05699148198311299
0.04606131559255999
0.06994395962703592
0.029794720012301212
-0.022348210496932808
0.01347000313241331
0.01724199139330551
0.045224792909892564
0.17000938109242547
0.045224792909892564
-0.08814864178677073
-0.02375973362478856
0.04299886054755575
0.05168531023255696
0.047513051758585334
0.06994395962703592
0.07586149829868472
0.06567138145123597
0.025649122658425227
0.014471610315426986
-0.027462288324585415
0.0326533364262076
-0.06109953281700342
-0.007543661478351282
0.049538360788050184
0.007058852839625374
0.01613403625846388
-0.05654058267968054
0.03994035520780326
-0.0549153461639893
0.03882682382156144
0.03973066370480538
0.007058852839625374
0.03882682382156144
-0.015144140805206874
-0.012372140541780041
-0.08126108737944548
-0.08721982612879486
-0.06226621690008294
-0.2546008091448053
-0.01956931117570271
-0.022898889969576786
-0.1218059774124729
0.030974972656109045
0.041840431302949455
0.0276177252845331
0.1417808980890598
-0.04466517994807795
0.06925574960452696
-0.02496648159475967
-0.06053051312501001
-0.07414653786004877
0.006143668794592827
0.0576314646823306
-0.022348210496932808
0.1399333926158075
0.062467374718552904
-0.019391257313081667
0.06925574960452696
-0.022898889969576786
0.07586149829868472
0.02451643163530548
0.03863378364598535
-0.09432889171755221
0.01699193585620762
0.08653619008305125
-0.07724758378448726
0.04823967565580034
-0.022821982956040543
-0.05282848588680089
-0.0007657730469858848
0.014471610315426986
-0.032340875642459466
0.02773636562208104
0.014471610315426986
0.07586149829868472
-0.005818111085915234
0.06569838178769771
0.0278028767684102
0.06228267241298191
0.011999720455214913
-0.02375973362478856
-0.05120330655862837
-0.05282848588680089
-0.17661184642248884
-0.0002495311402075373
0.10240276235625068
-0.01844849936066506
0.0216176650818376
0.05799658946616226
-0.05654058267968054
0.020083040980136246
0.1399333926158075
