-0.027393577402978764
-0.08814864178677073
-0.011743957061684185
0.047513051758585334
0.0576314646823306
-0.028034859824940028
0.048059232237648075
-0.008416174423421019
-0.03458770640829023
-0.0002495311402075373
0.022821768641877682
0.022821768641877682
0.08302714817478662
0.17000938109242547
-0.07465345378649157
0.07586149829868472
0.011999720455214913
0.0022689688502968153
0.045224792909892564
0.02927401578257438
-0.050143819123519506
-0.060513028914405353
0.1417808980890598
-0.04466517994807795
0.037107507807760065
0.08383912323474085
0.026458811902690726
-0.09359820865597968
0.10240276235625068
-0.06285634704832255
0.05168531023255696
0.028713620756199987
0.011999720455214913
0.03643980545838055
-0.01249170093178087
-0.027462288324585415
0.0203593980283987
0.0203593980283987
0.13204555949274965
0.0688088340488946
-0.07414653786004877
0.022194058573782982
0.0688088340488946
0.01035787819304268
0.09718899306107964
-0.002647647860884561
0.0276177252845331
0.045224792909892564
0.03861575224405023
-0.002647647860884561
0.07586149829868472
0.0344322264021244
0.08799230776265521
-0.10013006587302442
-0.09570667993071069
0.04729149119249154
-0.05282848588680089
0.04048653167530425
-0.022368622754905587
0.0515617796937029
0.0515617796937029
-0.10819102148647719
0.0515617796937029
0.04380656992791998
-0.05983064969141072
0.08759468040243501
0.02773636562208104
-0.03045002278091502
-0.012150300762606037
0.06925574960452696
0.013065356771912562
0.04380656992791998
-0.06258250876081561
0.005082074600808895
0.020446479141682516
0.04995452527457189
0.03994035520780326
0.1417808980890598
0.051344950513199095
-0.03045002278091502
-0.0008948035361102669
-0.050143819123519506
0.04590352204112591
-0.06285634704832255
0.06994395962703592
0.019778644828504
0.08759468040243501
-0.027788545411032928
0.05198789125700998
0.03643980545838055
-0.17661184642248884
-0.01844849936066506
-0.06638125688640528
0.02927401578257438
0.06228267241298191
0.0027859037974478085
0.02773636562208104
0.026005039289207943
-0.012372140541780041
0.02714223291166995
-0.013878349100881593
-0.022821982956040543
-0.008416174423421019
0.08732358904095427
-0.08721982612879486
-0.011743957061684185
-0.009357776553262198
-0.07212958518599066
0.04391937482752173
0.0016709762031741349
0.0515617796937029
0.06925574960452696
0.07382421435571018
-0.007882998007099573
0.026458811902690726
0.04333086414918519
0.025722681761052968
0.01699193585620762
-0.1218059774124729
0.01035787819304268
0.08759468040243501
0.01613403625846388
0.049538360788050184
0.0576314646823306
0.04590352204112591
0.030974972656109045
0.020083040980136246
0.02708189422255458
0.020567585268201682
-0.2546008091448053
-0.17661184642248884
0.011999720455214913
0.02708189422255458
0.013065356771912562
0.030974972656109045
0.0165919313161762
0.08176108754913614
0.04606131559255999
0.012390402416693647
-0.032340875642459466
-0.012372140541780041
0.04823967565580034
0.003822387934753202
0.051344950513199095
-0.07465345378649157
0.06316607709876365
0.0016709762031741349
-0.051670301345440706
0.06292625909621563
0.043334141200254805
0.04299886054755575
-0.007543661478351282
0.01716964896203166
-0.06464003578883037
0.08732358904095427
0.034283772423341574
-0.06109953281700342
0.0027859037974478085
-0.0002495311402075373
-0.0038562351615762935
0.051344950513199095
-0.027789787343500905
0.05425453554333082
-0.018864353824572078
0.03643980545838055
-0.008416174423421019
-0.03045002278091502
0.008505479129739868
0.03643980545838055
-0.012372140541780041
-0.05699148198311299
0.012299756912504733
0.07586149829868472
-0.022821982956040543
0.029794720012301212
0.03861575224405023
0.03863378364598535
-0.07724758378448726
0.023512429278589764
0.0326533364262076
0.08176108754913614
0.09718899306107964
-0.07414653786004877
0.025649122658425227
-0.022821982956040543
-0.019514789449790015
0.025649122658425227
0.045224792909892564
-0.0008948035361102669
0.045224792909892564
-0.05983064969141072
0.011999720455214913
-0.04022536987465397
0.023512429278589764
-0.0489237727198617
0.05182100602750328
0.009856619194733796
-0.051670301345440706
-0.03173275161671363
0.043334141200254805
-0.03133707462365809
-0.06193714350214741
-0.004841918958801372
-0.018864353824572078
0.02708189422255458
0.08732358904095427
0.01579928711915457
-0.03695834061658587
-0.02243129284092049
-0.007317237093852569
0.026653357334457617
-0.007338419158481102
-0.03270475340709922
0.003822387934753202
0.013040071944516285
-0.03917887174705115
0.003822387934753202
-0.047644828679283435
-0.0002868205956847447
-0.007543661478351282
0.01046829599036414
0.025722681761052968
-0.02862716582831837
-0.06053051312501001
0.02432879134386301
0.04823967565580034
-0.05129888770798985
-0.013771885982464482
-0.05416508205116166
-0.009357776553262198
0.013065356771912562
0.0025784297617263974
-0.007882998007099573
0.022821768641877682
-0.03173275161671363
0.15300088602597928
-0.022622356364218277
0.08105492908796386
0.07518071596092746
0.020567585268201682
0.01613403625846388
0.06761705055254463
-0.050143819123519506
-0.05120330655862837
0.04920879849315085
0.07518071596092746
0.03863378364598535
-0.013878349100881593
-0.06258250876081561
0.028713620756199987
-0.019514789449790015
0.0461992712042818
0.04729149119249154
0.05425453554333082
-0.013771885982464482
0.0016709762031741349
0.014471610315426986
-0.05464289541014722
0.04299886054755575
0.04391937482752173
-0.0007657730469858848
0.01661350063361855
-0.022348210496932808
0.014780240742707562
0.11522232211929584
0.01716964896203166
-0.01249170093178087
-0.07075486294590672
0.04283497654615154
0.07518071596092746
0.04048653167530425
-0.0357902826629255
-0.007338419158481102
-0.002647647860884561
0.04799414960212012
0.023560334148108097
0.06292625909621563
0.007058852839625374
0.037107507807760065
-0.013771885982464482
-0.07075486294590672
-0.041376638974308655
0.06228267241298191
0.08799230776265521
0.07518071596092746
0.08176108754913614
-0.10819102148647719
0.056736527751481525
0.07518071596092746
-0.22146034456414654
-0.027393577402978764
-0.01956931117570271
-0.041376638974308655
0.08302714817478662
0.017908695057996304
-0.06193714350214741
0.03643980545838055
-0.03045002278091502
0.0576314646823306
