-0.0549153461639893
0.08080248335888918
-0.06109953281700342
0.05425453554333082
-0.007882998007099573
-0.0011970474263076625
0.013040071944516285
0.06318283133468316
-0.019514789449790015
-0.019514789449790015
-0.013878349100881593
0.041840431302949455
-0.007720686875989813
0.03443624877469453
0.04995452527457189
0.06364954486786978
0.07060672059698447
0.03208636570286316
-0.04126132556270612
0.07586149829868472
0.005082074600808895
0.04391937482752173
-0.0002868205956847447
-0.022368622754905587
0.06228267241298191
0.04380656992791998
-0.032340875642459466
0.03863378364598535
0.022194058573782982
-0.06258250876081561
0.031017376704207678
0.048059232237648075
0.012394543666532698
-0.024170822975695394
-0.17661184642248884
0.0461992712042818
-0.0489237727198617
0.013065356771912562
-0.032259158022980294
-0.018864353824572078
0.01347000313241331
0.023560334148108097
-0.0549153461639893
0.012390402416693647
0.0326533364262076
-0.06193714350214741
0.0278028767684102
0.017908695057996304
0.05425453554333082
-0.010532567714866659
0.07060672059698447
0.051344950513199095
0.02714223291166995
-0.01844849936066506
0.01035787819304268
0.011999720455214913
-0.09359820865597968
-0.017136936568830308
0.047513051758585334
0.0027859037974478085
-0.06258250876081561
0.039209693040964666
0.11522232211929584
-0.03270475340709922
0.043334141200254805
0.04469322213864224
-0.04126132556270612
-0.05416508205116166
0.04391937482752173
0.06605801367827979
0.07518071596092746
-0.06638125688640528
0.08121523150568599
-0.018864353824572078
-0.03133707462365809
-0.047644828679283435
0.02714223291166995
-0.013771885982464482
-0.06193714350214741
-0.0851300246174862
0.08121523150568599
0.011553574399841615
0.0027859037974478085
0.11522232211929584
-0.0038562351615762935
-0.05129888770798985
0.017908695057996304
-0.03458770640829023
0.0041948137923384365
0.02773636562208104
0.08383912323474085
-0.06258250876081561
-0.024170822975695394
0.0688088340488946
0.037453479113841226
0.0216176650818376
-0.10013006587302442
-0.004841918958801372
-0.0038562351615762935
-0.0013205999854228878
0.031017376704207678
0.012394543666532698
0.025722681761052968
-0.010204897362879883
-0.10819102148647719
-0.012150300762606037
0.047513051758585334
-0.050143819123519506
0.012390402416693647
0.04380656992791998
0.020567585268201682
-0.08721982612879486
-0.07724758378448726
0.04371378571481266
-0.005105231073404326
-0.0636718542421022
0.1417808980890598
-0.09570667993071069
0.0027859037974478085
0.023512429278589764
0.02432879134386301
0.01716964896203166
0.0278028767684102
-0.019391257313081667
0.001954162314668828
-0.022622356364218277
-0.0002868205956847447
0.0041948137923384365
-0.014438989348697362
-0.08126108737944548
0.0688088340488946
0.08105492908796386
-0.021161035659430283
-0.047644828679283435
0.06569838178769771
-0.04126132556270612
-0.0002495311402075373
-0.04022536987465397
0.0688088340488946
-0.06193714350214741
-0.02375973362478856
0.047513051758585334
-0.03133707462365809
0.08383912323474085
0.025649122658425227
-0.05416508205116166
0.06364954486786978
-0.06258250876081561
-0.045496030668886966
-0.012150300762606037
-0.050143819123519506
0.04920879849315085
0.005082074600808895
-0.022368622754905587
-0.045496030668886966
-0.0008948035361102669
0.03208636570286316
0.039209693040964666
-0.02375973362478856
-0.06193714350214741
-0.017136936568830308
0.01347000313241331
-0.06193714350214741
0.15300088602597928
0.051344950513199095
-0.004841918958801372
-0.0636718542421022
0.08759468040243501
0.04391937482752173
0.037453479113841226
0.03208636570286316
0.06318283133468316
0.04048653167530425
0.05436809318039337
0.0276177252845331
0.029794720012301212
-0.036421638107813514
-0.05282848588680089
0.13204555949274965
0.04590352204112591
0.06316607709876365
0.06228267241298191
0.0512476844333456
-0.06193714350214741
0.02714223291166995
-0.03695834061658587
0.0576314646823306
0.06567138145123597
-0.041376638974308655
0.03443624877469453
0.0165919313161762
-0.2546008091448053
0.05198789125700998
0.04790976101641675
0.014780240742707562
0.001954162314668828
0.10240276235625068
0.03643980545838055
0.05436809318039337
0.03882682382156144
0.0844852260058202
-0.0008948035361102669
0.0512476844333456
-0.17661184642248884
-0.027393577402978764
0.047513051758585334
0.020083040980136246
0.03443624877469453
-0.021161035659430283
-0.08126108737944548
-0.03695834061658587
0.024801788304586125
0.07060672059698447
-0.060513028914405353
0.0027859037974478085
0.0025784297617263974
0.11840346286310233
-0.01686722086916248
-0.049962429852048906
-0.022348210496932808
0.03443624877469453
-0.051670301345440706
-0.1218059774124729
-0.013878349100881593
0.04729149119249154
0.01716964896203166
0.051344950513199095
0.04995452527457189
0.03994035520780326
0.031017376704207678
0.04823967565580034
0.01716964896203166
0.026005039289207943
-0.050143819123519506
0.04048653167530425
0.08799230776265521
0.04371378571481266
-0.04126132556270612
0.007058852839625374
0.0326533364262076
-0.04022536987465397
-0.010204897362879883
-0.04126132556270612
-0.08126108737944548
-0.07075486294590672
0.001954162314668828
0.0216176650818376
0.02714223291166995
-0.0549153461639893
-0.036421638107813514
0.009856619194733796
0.04283497654615154
-0.0007657730469858848
0.051344950513199095
-0.06258250876081561
-0.03458770640829023
0.06925574960452696
0.03973066370480538
0.06567138145123597
0.04469322213864224
-0.032259158022980294
-0.04126132556270612
0.047513051758585334
-0.0489237727198617
0.13480548385110502
-0.011743957061684185
-0.013771885982464482
-0.009357776553262198
-0.07414653786004877
0.0326533364262076
0.014780240742707562
0.06925574960452696
-0.0636718542421022
-0.05120330655862837
-0.047644828679283435
0.06925574960452696
0.029794720012301212
0.005082074600808895
-0.0002495311402075373
0.05168531023255696
0.08632977574364098
-0.007543661478351282
-0.0849833488167917
0.05799658946616226
-0.01844849936066506
-0.10819102148647719
0.06925574960452696
0.030974972656109045
-0.07212958518599066
-0.050143819123519506
-0.06285634704832255
-0.014438989348697362
-0.0849833488167917
0.01347000313241331
-0.013878349100881593
0.034283772423341574
-0.027462288324585415
0.04823967565580034
-0.06464003578883037
