0.10109672394520075
-0.032340875642459466
0.014471610315426986
-0.027788545411032928
0.06364954486786978
-0.002205271978588108
-0.015144140805206874
-0.05654058267968054
0.06806350229329183
0.01724199139330551
-0.08721982612879486
-0.06109953281700342
0.05799658946616226
-0.0851300246174862
0.05436809318039337
0.009856619194733796
-0.008416174423421019
0.022194058573782982
0.017908695057996304
-0.07465345378649157
-0.06109953281700342
0.049538360788050184
0.026458811902690726
-0.03997727574944321
-0.027789787343500905
0.030974972656109045
0.07382421435571018
0.08302714817478662
-0.22146034456414654
0.0022689688502968153
-0.037433866920196124
0.012394543666532698
-0.08814864178677073
-0.060513028914405353
-0.027393577402978764
0.05198789125700998
-0.2546008091448053
-0.1218059774124729
0.030974972656109045
-0.047644828679283435
-0.017136936568830308
-0.0357902826629255
0.08732358904095427
0.13480548385110502
0.08105492908796386
0.01347000313241331
-0.13034379599603163
-0.024170822975695394
0.1399333926158075
0.05198789125700998
0.03443624877469453
0.08121523150568599
-0.036421638107813514
0.0022689688502968153
-0.01844849936066506
-0.05282848588680089
-0.02243129284092049
0.001954162314668828
0.0025784297617263974
0.018593646962060006
-0.15702055781469149
-0.06109953281700342
-0.02496648159475967
0.10109672394520075
-0.07212958518599066
-0.022898889969576786
-0.017242733713295877
-0.007338419158481102
0.005082074600808895
0.013065356771912562
-0.02243129284092049
0.08732358904095427
-0.0489237727198617
-0.03695834061658587
-0.021161035659430283
0.0344322264021244
-0.0038562351615762935
-0.022368622754905587
0.10109672394520075
0.005082074600808895
0.02432879134386301
0.06316607709876365
-0.1218059774124729
-0.22146034456414654
-0.007720686875989813
-0.05416508205116166
0.08121523150568599
0.026458811902690726
0.034283772423341574
-0.02496648159475967
-0.07414653786004877
0.0216176650818376
-0.022622356364218277
-0.1218059774124729
-0.0357902826629255
-0.032259158022980294
-0.15702055781469149
-0.05416508205116166
0.02927401578257438
-0.07892951287026762
0.08653619008305125
-0.041376638974308655
-0.01844849936066506
-0.06638125688640528
0.028713620756199987
-0.02862716582831837
-0.007882998007099573
0.08080248335888918
-0.05654058267968054
-0.047644828679283435
-0.0849833488167917
0.04920879849315085
-0.03520416182162833
0.06605801367827979
0.05799658946616226
-0.06258250876081561
-0.17661184642248884
-0.06285634704832255
0.06364954486786978
-0.06258250876081561
-0.0013205999854228878
-0.013878349100881593
0.022194058573782982
-0.0008948035361102669
0.04380656992791998
0.043334141200254805
-0.038466866176760206
0.03882682382156144
-0.02243129284092049
-0.005818111085915234
-0.0002495311402075373
0.037107507807760065
-0.05129888770798985
0.03994035520780326
0.08799230776265521
0.09718899306107964
-0.08110299466350668
-0.05699148198311299
0.026005039289207943
-0.0008948035361102669
-0.22146034456414654
-0.08721982612879486
0.04827168718050601
-0.10013006587302442
-0.049962429852048906
0.019778644828504
0.0276177252845331
0.04333086414918519
0.02773636562208104
0.0326533364262076
0.0688088340488946
-0.007338419158481102
0.07382421435571018
0.01661350063361855
0.029794720012301212
-0.05983064969141072
-0.051670301345440706
0.05436809318039337
-0.06638125688640528
0.031017376704207678
-0.017136936568830308
-0.024170822975695394
-0.15702055781469149
-0.01956931117570271
0.01347000313241331
0.0216176650818376
-0.02243129284092049
-0.011743957061684185
-0.022368622754905587
0.014780240742707562
0.01035787819304268
0.030974972656109045
0.08759468040243501
0.0688088340488946
0.13204555949274965
0.04299886054755575
-0.060513028914405353
0.10240276235625068
0.06316607709876365
0.0688088340488946
0.0022689688502968153
0.04135586741642605
0.06316607709876365
-0.02375973362478856
0.023512429278589764
-0.038466866176760206
-0.032259158022980294
-0.03173275161671363
-0.06193714350214741
0.06316607709876365
-0.01844849936066506
-0.08814864178677073
-0.08143178414826124
0.006143668794592827
0.04827168718050601
0.026005039289207943
-0.05416508205116166
-0.005105231073404326
0.0326533364262076
0.028713620756199987
0.037453479113841226
0.05436809318039337
0.04371378571481266
0.13204555949274965
0.030974972656109045
-0.007543661478351282
0.17000938109242547
0.04590352204112591
-0.0007657730469858848
0.015089270086424023
-0.07465345378649157
-0.08126108737944548
0.03643980545838055
-0.027789787343500905
-0.060513028914405353
-0.0013205999854228878
0.039209693040964666
-0.02243129284092049
0.0512476844333456
0.03863378364598535
-0.06638125688640528
0.018593646962060006
0.0216176650818376
-0.03997727574944321
-0.012150300762606037
0.0576314646823306
0.04048653167530425
-0.07892951287026762
0.049538360788050184
0.10109672394520075
0.01699193585620762
-0.12033949778566289
-0.010204897362879883
-0.06053051312501001
-0.05699148198311299
0.08799230776265521
-0.027788545411032928
-0.011743957061684185
0.0216176650818376
0.17000938109242547
0.013109728048770641
-0.03173275161671363
0.02708189422255458
0.06605801367827979
0.08799230776265521
-0.032340875642459466
-0.022348210496932808
-0.03133707462365809
0.06567138145123597
-0.07075486294590672
0.13480548385110502
-0.005105231073404326
0.04469322213864224
-0.005105231073404326
0.15300088602597928
0.012394543666532698
0.03973066370480538
0.02927401578257438
0.03208636570286316
-0.032259158022980294
0.04048653167530425
0.034283772423341574
0.03861575224405023
-0.0038562351615762935
0.01035787819304268
0.04729149119249154
0.031017376704207678
-0.01686722086916248
0.01347000313241331
-0.03133707462365809
-0.04126132556270612
0.08302714817478662
-0.0851300246174862
0.0165919313161762
0.0276177252845331
0.03861575224405023
0.015089270086424023
0.05168531023255696
0.03443624877469453
0.012394543666532698
-0.027788545411032928
0.04135586741642605
0.020446479141682516
0.08759468040243501
0.04665297339942498
0.06318283133468316
0.007058852839625374
0.08080248335888918
-0.024170822975695394
-0.045496030668886966
-0.05120330655862837
0.0216176650818376
-0.05120330655862837
-0.08678886069673908
0.03443624877469453
-0.037433866920196124
0.08176108754913614
0.06761705055254463
-0.014438989348697362
