0.030974972656109045
0.15300088602597928
-0.05120330655862837
-0.02243129284092049
0.03208636570286316
-0.047644828679283435
0.04299886054755575
0.03994035520780326
-0.01956931117570271
0.05799658946616226
0.0326533364262076
-0.032259158022980294
0.037453479113841226
0.01035787819304268
0.06569838178769771
-0.05129888770798985
-0.015144140805206874
-0.07724758378448726
0.01724199139330551
0.06605801367827979
0.08653619008305125
-0.041376638974308655
-0.03520416182162833
-0.08110299466350668
0.006746455834750975
0.04920879849315085
0.0278028767684102
0.04665297339942498
-0.014438989348697362
0.04371378571481266
-0.019391257313081667
-0.15702055781469149
0.023560334148108097
-0.02243129284092049
-0.07892951287026762
0.04790976101641675
0.0022689688502968153
0.05799658946616226
0.1417808980890598
0.04827168718050601
-0.09432889171755221
0.0844852260058202
0.08799230776265521
-0.022821982956040543
-0.03270475340709922
0.02773636562208104
-0.06193714350214741
-0.04022536987465397
-0.06226621690008294
0.04299886054755575
-0.04022536987465397
0.06364954486786978
0.030122729138618354
-0.022368622754905587
-0.06638125688640528
0.04333086414918519
0.039209693040964666
-0.005105231073404326
0.0515617796937029
0.02432879134386301
0.007058852839625374
-0.07724758378448726
0.03863378364598535
0.08632977574364098
0.08383912323474085
0.01613403625846388
-0.009357776553262198
0.06761705055254463
0.04995452527457189
-0.013878349100881593
-0.13034379599603163
-0.019514789449790015
-0.22146034456414654
0.04283497654615154
0.006143668794592827
0.062467374718552904
0.03973066370480538
0.02708189422255458
0.001954162314668828
0.05168531023255696
0.007058852839625374
0.06292625909621563
0.0278028767684102
-0.022368622754905587
-0.09432889171755221
0.001954162314668828
0.01661350063361855
0.025722681761052968
-0.0002868205956847447
-0.004841918958801372
0.0326533364262076
-0.01686722086916248
-0.019391257313081667
0.03863378364598535
0.025722681761052968
0.01347000313241331
-0.05120330655862837
-0.009588853389239205
-0.027393577402978764
-0.041376638974308655
-0.03997727574944321
0.08302714817478662
0.022821768641877682
-0.04022536987465397
0.0278028767684102
-0.010204897362879883
-0.03520416182162833
0.05168531023255696
0.020567585268201682
-0.022348210496932808
-0.0002868205956847447
-0.012372140541780041
-0.0007657730469858848
0.06925574960452696
0.04790976101641675
-0.02862716582831837
0.043334141200254805
-0.08285893181375492
0.07586149829868472
-0.02862716582831837
-0.051670301345440706
0.11840346286310233
-0.05282848588680089
-0.01249170093178087
-0.03173275161671363
0.020567585268201682
0.013109728048770641
-0.009357776553262198
0.023512429278589764
0.0027859037974478085
-0.08678886069673908
-0.047644828679283435
0.04920879849315085
-0.032340875642459466
-0.02243129284092049
0.006746455834750975
0.02714223291166995
0.06569838178769771
0.01347000313241331
0.003822387934753202
-0.005105231073404326
0.06761705055254463
0.01579928711915457
0.018593646962060006
0.020567585268201682
0.08105492908796386
-0.03270475340709922
0.06925574960452696
0.031017376704207678
0.01579928711915457
-0.03520416182162833
0.012299756912504733
-0.002205271978588108
-0.004841918958801372
0.04799414960212012
0.014780240742707562
-0.03695834061658587
0.02714223291166995
0.08383912323474085
-0.022368622754905587
-0.06464003578883037
-0.05586089089844393
0.02520341309711238
0.020567585268201682
0.06567138145123597
-0.013878349100881593
-0.03917887174705115
-0.0851300246174862
0.0027859037974478085
0.026005039289207943
-0.0011970474263076625
0.023512429278589764
0.05168531023255696
-0.02243129284092049
0.06925574960452696
0.13480548385110502
-0.008416174423421019
0.03861575224405023
-0.012372140541780041
-0.22146034456414654
0.03861575224405023
0.04606131559255999
0.04299886054755575
0.06228267241298191
0.05799658946616226
-0.03917887174705115
0.01724199139330551
0.04333086414918519
-0.05282848588680089
-0.05129888770798985
-0.022368622754905587
0.037453479113841226
0.05436809318039337
-0.0005187167995490682
0.0576314646823306
0.1399333926158075
-0.02496648159475967
-0.0489237727198617
-0.03458770640829023
0.01716964896203166
-0.10013006587302442
0.037107507807760065
0.0278028767684102
-0.011743957061684185
0.0016709762031741349
-0.013771885982464482
-0.010532567714866659
0.03208636570286316
0.041840431302949455
0.06806350229329183
-0.022821982956040543
-0.038466866176760206
0.05198789125700998
-0.0005187167995490682
-0.022368622754905587
-0.0549153461639893
-0.010532567714866659
0.001954162314668828
-0.03997727574944321
-0.08678886069673908
-0.01686722086916248
0.015089270086424023
0.007058852839625374
0.03994035520780326
0.02451643163530548
-0.027788545411032928
-0.004841918958801372
-0.0489237727198617
0.003822387934753202
-0.002205271978588108
-0.06464003578883037
-0.05654058267968054
0.02451643163530548
-0.032259158022980294
0.020083040980136246
0.01613403625846388
0.0203593980283987
0.008505479129739868
-0.007543661478351282
-0.17661184642248884
-0.011743957061684185
0.025649122658425227
0.0515617796937029
0.08080248335888918
-0.02496648159475967
-0.05416508205116166
-0.038466866176760206
-0.03045002278091502
-0.08721982612879486
-0.05416508205116166
-0.07892951287026762
0.0016709762031741349
0.03973066370480538
0.13204555949274965
0.15300088602597928
0.0165919313161762
0.006265799221320201
-0.06226621690008294
0.007058852839625374
0.025524068456756588
-0.06193714350214741
-0.01844849936066506
0.026005039289207943
-0.002205271978588108
0.051344950513199095
-0.051670301345440706
0.04590352204112591
-0.017136936568830308
-0.007720686875989813
-0.007543661478351282
-0.06464003578883037
0.007058852839625374
0.048059232237648075
0.07518071596092746
-0.022622356364218277
0.04371378571481266
0.02708189422255458
-0.02375973362478856
0.02773636562208104
-0.07075486294590672
0.02714223291166995
-0.0549153461639893
0.015089270086424023
0.02708189422255458
0.037107507807760065
-0.04022536987465397
-0.022821982956040543
-0.0038562351615762935
-0.013878349100881593
-0.05464289541014722
0.08080248335888918
0.04995452527457189
-0.17661184642248884
0.03973066370480538
-0.036421638107813514
-0.007543661478351282
0.014471610315426986
0.0203593980283987
-0.027788545411032928
