0.001954162314668828
0.09718899306107964
0.04391937482752173
0.04827168718050601
-0.02375973362478856
-0.024170822975695394
0.013065356771912562
0.005173534568482907
-0.041376638974308655
-0.17661184642248884
0.008665176454019985
0.07382421435571018
-0.08285893181375492
-0.022898889969576786
0.04920879849315085
0.012390402416693647
0.1417808980890598
0.04333086414918519
0.041840431302949455
-0.022368622754905587
0.011999720455214913
-0.022368622754905587
0.037453479113841226
-0.019391257313081667
0.006265799221320201
0.03443624877469453
0.05198789125700998
0.01724199139330551
0.04380656992791998
-0.03458770640829023
-0.022821982956040543
0.051344950513199095
0.020083040980136246
-0.013878349100881593
0.04606131559255999
0.06605801367827979
0.07060672059698447
0.07518071596092746
0.019778644828504
-0.06226621690008294
-0.037433866920196124
-0.010204897362879883
0.02432879134386301
0.04665297339942498
-0.07212958518599066
-0.03563356684104946
-0.05699148198311299
0.0515617796937029
0.026653357334457617
-0.011743957061684185
-0.06285634704832255
0.06318283133468316
0.025649122658425227
0.0844852260058202
0.10240276235625068
0.015089270086424023
0.045224792909892564
-0.03917887174705115
-0.2546008091448053
-0.2546008091448053
-0.036421638107813514
0.04590352204112591
0.04920879849315085
0.025649122658425227
0.01613403625846388
-0.09570667993071069
0.11522232211929584
-0.0005187167995490682
-0.013878349100881593
0.08121523150568599
0.0278028767684102
-0.08143178414826124
0.020446479141682516
-0.06720056781523276
-0.017136936568830308
0.030122729138618354
-0.019391257313081667
-0.007720686875989813
0.01699193585620762
0.02520341309711238
-0.005818111085915234
-0.08814864178677073
0.013040071944516285
0.014471610315426986
-0.03045002278091502
0.08176108754913614
0.06806350229329183
0.04590352204112591
-0.08285893181375492
-0.007720686875989813
0.04333086414918519
-0.01686722086916248
0.03861575224405023
-0.032259158022980294
0.02520341309711238
0.04299886054755575
0.01046829599036414
-0.017242733713295877
0.06567138145123597
-0.1218059774124729
0.023560334148108097
-0.002647647860884561
0.04299886054755575
0.011999720455214913
0.011553574399841615
-0.05464289541014722
0.005173534568482907
-0.0008948035361102669
-0.02862716582831837
-0.03520416182162833
-0.047644828679283435
0.048059232237648075
0.02708189422255458
0.022821768641877682
0.030122729138618354
-0.018864353824572078
0.017908695057996304
0.05168531023255696
0.051344950513199095
-0.03045002278091502
0.04606131559255999
-0.05129888770798985
0.026653357334457617
-0.022898889969576786
0.04665297339942498
0.02773636562208104
0.01347000313241331
0.01046829599036414
-0.09570667993071069
0.04606131559255999
-0.03133707462365809
-0.06258250876081561
-0.03270475340709922
-0.01249170093178087
-0.0357902826629255
0.015089270086424023
0.011553574399841615
-0.012150300762606037
0.08302714817478662
0.01716964896203166
0.03861575224405023
0.05198789125700998
0.0326533364262076
0.020083040980136246
0.006143668794592827
0.02927401578257438
-0.12033949778566289
0.0025784297617263974
0.015089270086424023
0.02432879134386301
0.04590352204112591
-0.03458770640829023
-0.08678886069673908
-0.1218059774124729
-0.01686722086916248
-0.028034859824940028
0.0022689688502968153
0.09718899306107964
0.030122729138618354
0.0844852260058202
0.08732358904095427
-0.0489237727198617
-0.0005187167995490682
0.023560334148108097
0.008665176454019985
-0.0008948035361102669
0.01035787819304268
-0.03133707462365809
0.01716964896203166
0.019778644828504
-0.009357776553262198
0.0016709762031741349
-0.03458770640829023
-0.01686722086916248
0.019778644828504
-0.03695834061658587
-0.0002495311402075373
-0.08143178414826124
0.03994035520780326
-0.03270475340709922
-0.04126132556270612
0.005082074600808895
0.0041948137923384365
0.03443624877469453
-0.027789787343500905
0.07382421435571018
0.001954162314668828
0.07586149829868472
0.0165919313161762
-0.049962429852048906
0.013109728048770641
0.06925574960452696
-0.0002495311402075373
-0.009357776553262198
0.01347000313241331
0.023512429278589764
0.049538360788050184
-0.007882998007099573
0.08653619008305125
0.04606131559255999
0.007058852839625374
0.003822387934753202
-0.009357776553262198
0.04995452527457189
-0.05699148198311299
-0.012150300762606037
0.04790976101641675
0.05425453554333082
-0.04022536987465397
0.018593646962060006
0.030974972656109045
-0.08285893181375492
-0.08143178414826124
0.07586149829868472
-0.0849833488167917
-0.024170822975695394
0.06994395962703592
-0.03997727574944321
0.026005039289207943
0.04995452527457189
-0.002647647860884561
0.08080248335888918
-0.03173275161671363
0.018593646962060006
-0.03270475340709922
0.04333086414918519
0.008505479129739868
0.008505479129739868
0.03863378364598535
-0.01686722086916248
0.01724199139330551
0.026005039289207943
-0.05983064969141072
-0.005818111085915234
-0.06638125688640528
-0.05983064969141072
0.030122729138618354
0.017908695057996304
-0.06193714350214741
0.07586149829868472
0.051344950513199095
-0.03133707462365809
0.06567138145123597
0.003822387934753202
0.0025784297617263974
-0.06053051312501001
-0.032259158022980294
-0.021161035659430283
-0.007882998007099573
-0.05416508205116166
0.10240276235625068
-0.032259158022980294
-0.027789787343500905
-0.038466866176760206
-0.03270475340709922
-0.01686722086916248
0.007058852839625374
0.020446479141682516
-0.022622356364218277
0.0515617796937029
0.025649122658425227
0.03208636570286316
-0.010204897362879883
0.06292625909621563
-0.06258250876081561
0.062467374718552904
-0.03563356684104946
-0.024170822975695394
0.0165919313161762
0.04048653167530425
-0.01249170093178087
0.0276177252845331
-0.0489237727198617
0.045224792909892564
0.17000938109242547
0.0461992712042818
0.04606131559255999
0.01579928711915457
0.011999720455214913
0.0576314646823306
0.06925574960452696
0.0344322264021244
0.04827168718050601
0.08799230776265521
-0.049962429852048906
-0.022348210496932808
0.056736527751481525
-0.0002868205956847447
0.05168531023255696
-0.03458770640829023
-0.10819102148647719
-0.12033949778566289
0.02773636562208104
0.04299886054755575
0.04827168718050601
-0.03173275161671363
0.034283772423341574
0.07382421435571018
0.01699193585620762
