0.01579928711915457
-0.037433866920196124
0.06925574960452696
0.006746455834750975
0.10240276235625068
-0.019514789449790015
0.04799414960212012
0.024801788304586125
-0.038466866176760206
0.04469322213864224
-0.022622356364218277
-0.014438989348697362
0.018593646962060006
0.02714223291166995
-0.0849833488167917
0.04391937482752173
-0.1218059774124729
-0.05983064969141072
0.012394543666532698
0.041840431302949455
0.037107507807760065
-0.07892951287026762
0.03973066370480538
-0.004841918958801372
0.043334141200254805
-0.07075486294590672
-0.036421638107813514
-0.004841918958801372
-0.010532567714866659
0.0165919313161762
0.062467374718552904
-0.10819102148647719
-0.05654058267968054
-0.08143178414826124
0.001954162314668828
0.0688088340488946
0.11840346286310233
-0.008416174423421019
0.02520341309711238
0.007058852839625374
-0.037433866920196124
-0.08678886069673908
0.05198789125700998
0.026005039289207943
0.013040071944516285
-0.028034859824940028
-0.0011970474263076625
-0.041376638974308655
0.012390402416693647
0.02927401578257438
0.0025784297617263974
0.02714223291166995
-0.2546008091448053
-0.05586089089844393
0.04048653167530425
0.047513051758585334
-0.08126108737944548
-0.07724758378448726
0.0461992712042818
0.008505479129739868
0.05799658946616226
-0.036421638107813514
-0.0007657730469858848
-0.09570667993071069
0.0022689688502968153
-0.13034379599603163
0.025722681761052968
-0.06226621690008294
-0.013771885982464482
0.06364954486786978
-0.017242733713295877
0.006143668794592827
-0.005818111085915234
-0.0005187167995490682
0.048059232237648075
-0.07892951287026762
0.012299756912504733
-0.07075486294590672
-0.0002495311402075373
-0.07465345378649157
0.012299756912504733
0.05168531023255696
0.037107507807760065
0.0326533364262076
0.051344950513199095
0.07060672059698447
-0.041376638974308655
0.07382421435571018
0.05425453554333082
-0.08143178414826124
0.11522232211929584
-0.041376638974308655
0.03443624877469453
-0.007338419158481102
-0.0357902826629255
0.025649122658425227
0.04823967565580034
-0.06193714350214741
0.012390402416693647
0.017908695057996304
0.10109672394520075
0.043334141200254805
-0.022898889969576786
0.017908695057996304
0.11840346286310233
-0.041376638974308655
0.015089270086424023
0.06292625909621563
-0.051670301345440706
0.014471610315426986
-0.018864353824572078
0.1399333926158075
0.007058852839625374
-0.0013205999854228878
0.04469322213864224
-0.007317237093852569
0.1417808980890598
-0.05120330655862837
0.06925574960452696
-0.13034379599603163
-0.007543661478351282
-0.021161035659430283
-0.036421638107813514
-0.09570667993071069
0.03973066370480538
0.08080248335888918
-0.004841918958801372
0.01347000313241331
-0.08285893181375492
0.0203593980283987
0.06806350229329183
0.026653357334457617
0.03973066370480538
0.07060672059698447
-0.002205271978588108
-0.027789787343500905
0.056736527751481525
0.0844852260058202
-0.05129888770798985
0.04590352204112591
0.03643980545838055
0.037453479113841226
0.006265799221320201
-0.012372140541780041
-0.017136936568830308
-0.0489237727198617
-0.012150300762606037
-0.10013006587302442
-0.027788545411032928
0.04135586741642605
-0.022368622754905587
-0.012372140541780041
0.023560334148108097
0.025524068456756588
0.025722681761052968
-0.037433866920196124
0.03973066370480538
-0.051670301345440706
-0.013878349100881593
0.020083040980136246
-0.0636718542421022
0.08176108754913614
0.04048653167530425
-0.007543661478351282
0.013065356771912562
0.030122729138618354
-0.15702055781469149
-0.03133707462365809
0.04827168718050601
-0.007720686875989813
-0.06109953281700342
0.0203593980283987
-0.02862716582831837
0.04048653167530425
0.17000938109242547
0.019778644828504
0.003822387934753202
-0.012372140541780041
-0.022821982956040543
-0.013878349100881593
0.04391937482752173
-0.007543661478351282
0.024801788304586125
-0.0489237727198617
-0.02375973362478856
-0.08814864178677073
0.0326533364262076
-0.037433866920196124
0.020083040980136246
0.034283772423341574
-0.0005187167995490682
0.0326533364262076
0.04920879849315085
-0.01844849936066506
0.02773636562208104
-0.05416508205116166
-0.06285634704832255
0.0276177252845331
0.048059232237648075
0.014471610315426986
0.06605801367827979
0.03643980545838055
-0.027789787343500905
0.09718899306107964
-0.022368622754905587
-0.05983064969141072
-0.022821982956040543
-0.007317237093852569
0.15300088602597928
0.05198789125700998
-0.050143819123519506
-0.007882998007099573
-0.037433866920196124
0.02773636562208104
-0.03458770640829023
-0.002647647860884561
0.04048653167530425
-0.02496648159475967
-0.007338419158481102
0.007058852839625374
0.06228267241298191
-0.08814864178677073
0.06761705055254463
0.04283497654615154
0.008665176454019985
-0.027462288324585415
0.04283497654615154
-0.08110299466350668
0.0027859037974478085
-0.011743957061684185
-0.013878349100881593
-0.027788545411032928
0.11522232211929584
-0.050143819123519506
-0.012372140541780041
-0.01956931117570271
-0.045496030668886966
0.03973066370480538
-0.13034379599603163
-0.06193714350214741
-0.028034859824940028
0.06567138145123597
0.039209693040964666
-0.0636718542421022
-0.004841918958801372
-0.008416174423421019
0.01724199139330551
0.01035787819304268
0.08080248335888918
-0.011743957061684185
0.03994035520780326
-0.032259158022980294
-0.014438989348697362
0.02708189422255458
0.04391937482752173
0.031017376704207678
0.03882682382156144
0.006265799221320201
-0.03695834061658587
-0.032340875642459466
0.06994395962703592
-0.049962429852048906
0.006143668794592827
0.06925574960452696
0.0041948137923384365
0.022821768641877682
0.10109672394520075
0.02520341309711238
0.018593646962060006
0.0461992712042818
-0.0849833488167917
-0.03458770640829023
0.02927401578257438
0.06316607709876365
-0.060513028914405353
0.0203593980283987
-0.013771885982464482
0.11840346286310233
-0.013878349100881593
-0.009588853389239205
0.04333086414918519
-0.028034859824940028
0.05436809318039337
0.04469322213864224
-0.05586089089844393
-0.01844849936066506
-0.01249170093178087
0.04729149119249154
0.02451643163530548
0.01046829599036414
-0.002205271978588108
-0.022898889969576786
0.1417808980890598
-0.12033949778566289
0.15300088602597928
0.043334141200254805
0.020446479141682516
0.014471610315426986
-0.03563356684104946
