0.10240276235625068
0.051344950513199095
-0.05464289541014722
0.012299756912504733
0.02927401578257438
-0.012150300762606037
0.05799658946616226
-0.0549153461639893
-0.17661184642248884
-0.038466866176760206
0.1399333926158075
0.0165919313161762
0.06806350229329183
-0.12033949778566289
0.08732358904095427
0.020567585268201682
0.0576314646823306
-0.04022536987465397
0.0203593980283987
-0.06285634704832255
0.0016709762031741349
-0.009357776553262198
0.012299756912504733
-0.0357902826629255
-0.027788545411032928
0.022194058573782982
0.001954162314668828
0.07382421435571018
0.056736527751481525
0.09718899306107964
-0.032259158022980294
-0.02375973362478856
0.013109728048770641
-0.007882998007099573
-0.0008948035361102669
-0.027462288324585415
0.08383912323474085
-0.08285893181375492
0.03973066370480538
-0.009357776553262198
-0.01249170093178087
0.014780240742707562
-0.10819102148647719
0.023560334148108097
-0.0008948035361102669
-0.0489237727198617
-0.022821982956040543
0.07060672059698447
0.031017376704207678
0.01613403625846388
-0.0002868205956847447
0.030974972656109045
0.0203593980283987
0.025524068456756588
0.03863378364598535
0.02432879134386301
-0.06226621690008294
0.005173534568482907
0.001954162314668828
0.0515617796937029
0.022194058573782982
-0.013878349100881593
0.01046829599036414
0.01579928711915457
0.04995452527457189
0.04299886054755575
0.04790976101641675
-0.007338419158481102
0.0027859037974478085
0.04469322213864224
0.01035787819304268
0.04920879849315085
-0.002647647860884561
0.06318283133468316
0.04299886054755575
-0.060513028914405353
-0.009357776553262198
-0.027789787343500905
0.04590352204112591
-0.022898889969576786
0.04333086414918519
0.08759468040243501
-0.0011970474263076625
0.04995452527457189
0.012299756912504733
-0.06109953281700342
-0.013771885982464482
0.04469322213864224
0.04790976101641675
0.09718899306107964
-0.0357902826629255
0.017908695057996304
0.15300088602597928
0.08302714817478662
-0.01844849936066506
0.009856619194733796
0.020567585268201682
-0.0851300246174862
0.0344322264021244
0.11522232211929584
0.011999720455214913
0.0461992712042818
-0.06638125688640528
-0.08110299466350668
0.04823967565580034
-0.01686722086916248
0.023512429278589764
0.008665176454019985
0.04823967565580034
-0.038466866176760206
-0.0007657730469858848
0.012394543666532698
-0.010204897362879883
0.006143668794592827
0.0165919313161762
-0.0489237727198617
-0.017136936568830308
-0.08110299466350668
-0.03563356684104946
0.06567138145123597
0.11522232211929584
0.01579928711915457
0.0461992712042818
0.02708189422255458
0.0025784297617263974
-0.03917887174705115
0.06364954486786978
-0.060513028914405353
0.07060672059698447
0.05799658946616226
0.08105492908796386
0.03861575224405023
0.049538360788050184
-0.022898889969576786
-0.05282848588680089
-0.010204897362879883
0.023512429278589764
-0.03917887174705115
0.02708189422255458
0.03208636570286316
0.018593646962060006
-0.008416174423421019
0.0276177252845331
-0.0851300246174862
-0.06638125688640528
0.06605801367827979
0.0844852260058202
-0.010532567714866659
0.011999720455214913
0.06567138145123597
0.06228267241298191
0.03994035520780326
-0.06258250876081561
-0.01686722086916248
0.03863378364598535
-0.05464289541014722
0.062467374718552904
0.025722681761052968
-0.05416508205116166
0.04469322213864224
0.023560334148108097
-0.0357902826629255
-0.032340875642459466
-0.05282848588680089
-0.049962429852048906
0.043334141200254805
0.08383912323474085
0.0025784297617263974
-0.01956931117570271
-0.038466866176760206
0.08653619008305125
-0.08143178414826124
0.05799658946616226
0.06806350229329183
0.1417808980890598
-0.10013006587302442
0.01661350063361855
-0.007882998007099573
0.011553574399841615
0.026653357334457617
0.02432879134386301
0.06994395962703592
-0.041376638974308655
0.08176108754913614
0.01046829599036414
0.0461992712042818
-0.036421638107813514
0.02927401578257438
-0.15702055781469149
0.008665176454019985
-0.015144140805206874
0.041840431302949455
-0.027462288324585415
0.011999720455214913
0.012299756912504733
-0.037433866920196124
-0.0636718542421022
0.028713620756199987
-0.05282848588680089
-0.022898889969576786
0.026458811902690726
0.05425453554333082
0.023560334148108097
-0.0007657730469858848
0.041840431302949455
-0.022898889969576786
-0.007338419158481102
-0.07414653786004877
0.015089270086424023
-0.032259158022980294
-0.022821982956040543
-0.011743957061684185
-0.15702055781469149
-0.09359820865597968
-0.06109953281700342
0.07586149829868472
-0.01249170093178087
0.023512429278589764
-0.06193714350214741
-0.06053051312501001
0.03973066370480538
-0.005818111085915234
-0.007882998007099573
0.06316607709876365
0.0515617796937029
-0.03133707462365809
0.04827168718050601
-0.050143819123519506
0.05168531023255696
0.039209693040964666
0.049538360788050184
-0.0005187167995490682
0.02773636562208104
-0.018864353824572078
-0.013878349100881593
0.025722681761052968
0.06292625909621563
-0.019514789449790015
0.03973066370480538
-0.01686722086916248
0.030122729138618354
0.06761705055254463
0.029794720012301212
-0.036421638107813514
0.005173534568482907
0.025524068456756588
-0.0013205999854228878
-0.060513028914405353
-0.028034859824940028
-0.027789787343500905
-0.007882998007099573
0.03208636570286316
-0.06053051312501001
-0.03563356684104946
-0.05120330655862837
-0.07075486294590672
-0.06109953281700342
-0.050143819123519506
-0.012150300762606037
-0.22146034456414654
0.045224792909892564
-0.032340875642459466
-0.014438989348697362
-0.0002495311402075373
0.15300088602597928
0.0027859037974478085
0.0326533364262076
-0.002205271978588108
0.02927401578257438
-0.027462288324585415
0.04665297339942498
0.0688088340488946
-0.0851300246174862
-0.017136936568830308
-0.06053051312501001
0.04920879849315085
0.08653619008305125
0.014471610315426986
-0.07212958518599066
-0.05983064969141072
0.08302714817478662
0.037453479113841226
-0.03563356684104946
-0.0038562351615762935
0.006143668794592827
0.04380656992791998
-0.05699148198311299
0.11840346286310233
0.013109728048770641
-0.01686722086916248
0.02708189422255458
-0.0636718542421022
-0.03270475340709922
-0.045496030668886966
-0.0549153461639893
0.03994035520780326
0.0278028767684102
0.024801788304586125
0.02432879134386301
