0.08653619008305125
-0.0851300246174862
-0.02375973362478856
-0.06053051312501001
0.01716964896203166
-0.02243129284092049
-0.08285893181375492
0.04729149119249154
-0.07414653786004877
0.012394543666532698
-0.022368622754905587
-0.019514789449790015
0.01724199139330551
0.03861575224405023
0.04333086414918519
0.043334141200254805
-0.06720056781523276
0.08653619008305125
0.025722681761052968
0.0515617796937029
-0.011743957061684185
0.04823967565580034
-0.007338419158481102
0.02432879134386301
0.05425453554333082
-0.0002495311402075373
-0.050143819123519506
-0.0002868205956847447
-0.08126108737944548
-0.027788545411032928
0.04283497654615154
-0.06285634704832255
-0.07892951287026762
0.030122729138618354
0.013040071944516285
0.04823967565580034
-0.050143819123519506
0.04048653167530425
0.023560334148108097
0.008665176454019985
-0.08814864178677073
-0.13034379599603163
0.06605801367827979
0.049538360788050184
0.012299756912504733
0.04790976101641675
0.049538360788050184
-0.0357902826629255
0.01347000313241331
-0.032340875642459466
0.03443624877469453
0.04371378571481266
-0.07075486294590672
0.01699193585620762
-0.03270475340709922
0.045224792909892564
0.04299886054755575
0.015089270086424023
0.0688088340488946
0.0041948137923384365
0.03863378364598535
0.08080248335888918
0.03973066370480538
0.04823967565580034
0.006265799221320201
0.0016709762031741349
0.025649122658425227
0.02708189422255458
0.03208636570286316
-0.038466866176760206
0.018593646962060006
-0.024170822975695394
0.04283497654615154
0.007058852839625374
-0.012372140541780041
0.01716964896203166
-0.02243129284092049
0.04823967565580034
-0.04466517994807795
-0.08678886069673908
-0.03520416182162833
-0.028034859824940028
-0.07075486294590672
-0.047644828679283435
0.006746455834750975
0.03863378364598535
0.020446479141682516
-0.15702055781469149
0.039209693040964666
0.051344950513199095
-0.03997727574944321
0.026653357334457617
0.07060672059698447
0.13204555949274965
-0.06193714350214741
0.011999720455214913
-0.0002495311402075373
-0.22146034456414654
0.0278028767684102
0.014471610315426986
0.051344950513199095
-0.024170822975695394
0.06569838178769771
-0.037433866920196124
-0.027789787343500905
0.018593646962060006
0.08383912323474085
-0.018864353824572078
0.04135586741642605
-0.06464003578883037
0.03643980545838055
-0.02375973362478856
-0.06638125688640528
-0.04126132556270612
-0.05983064969141072
0.04299886054755575
0.03863378364598535
-0.0489237727198617
-0.2546008091448053
-0.010532567714866659
0.005082074600808895
-0.05120330655862837
-0.038466866176760206
-0.022368622754905587
0.0025784297617263974
0.023560334148108097
0.034283772423341574
-0.038466866176760206
-0.013878349100881593
0.07586149829868472
0.0326533364262076
0.012394543666532698
-0.002205271978588108
-0.027788545411032928
0.012299756912504733
0.17000938109242547
-0.0636718542421022
-0.027393577402978764
0.08632977574364098
-0.2546008091448053
0.04333086414918519
-0.03520416182162833
-0.09359820865597968
-0.12033949778566289
0.08759468040243501
0.08632977574364098
0.025524068456756588
-0.03520416182162833
0.05168531023255696
-0.002647647860884561
0.0276177252845331
0.01046829599036414
0.0844852260058202
-0.06638125688640528
-0.007338419158481102
-0.03917887174705115
0.0278028767684102
-0.03520416182162833
0.09718899306107964
0.0022689688502968153
0.025524068456756588
0.0276177252845331
-0.002205271978588108
-0.04126132556270612
-0.02496648159475967
-0.027393577402978764
-0.01686722086916248
-0.03695834061658587
0.10109672394520075
0.0016709762031741349
-0.051670301345440706
0.0022689688502968153
0.06569838178769771
-0.02375973362478856
-0.01686722086916248
-0.007338419158481102
-0.02243129284092049
0.0022689688502968153
0.08080248335888918
0.006746455834750975
-0.008416174423421019
0.0515617796937029
-0.007317237093852569
0.04790976101641675
-0.007882998007099573
0.01613403625846388
-0.07212958518599066
-0.011743957061684185
0.0512476844333456
0.0027859037974478085
0.03208636570286316
-0.04126132556270612
-0.007338419158481102
0.026653357334457617
0.043334141200254805
-0.0008948035361102669
0.014471610315426986
0.03973066370480538
0.0041948137923384365
-0.0005187167995490682
-0.07414653786004877
-0.060513028914405353
-0.002647647860884561
-0.02496648159475967
0.07586149829868472
0.04729149119249154
0.04665297339942498
0.08302714817478662
0.03973066370480538
0.06605801367827979
0.007058852839625374
0.014471610315426986
-0.032340875642459466
-0.017242733713295877
-0.05416508205116166
0.008505479129739868
0.02520341309711238
-0.007882998007099573
-0.032259158022980294
-0.03520416182162833
0.041840431302949455
-0.05129888770798985
0.0278028767684102
-0.06285634704832255
0.07060672059698447
0.029794720012301212
0.056736527751481525
0.0278028767684102
0.04333086414918519
0.023512429278589764
0.13204555949274965
0.023560334148108097
-0.009357776553262198
0.08176108754913614
-0.010532567714866659
0.04371378571481266
0.08653619008305125
0.008665176454019985
-0.06193714350214741
0.08653619008305125
0.006265799221320201
-0.045496030668886966
0.0025784297617263974
-0.017136936568830308
0.012299756912504733
0.037107507807760065
0.06806350229329183
-0.037433866920196124
-0.01844849936066506
-0.07892951287026762
-0.009588853389239205
0.0278028767684102
0.0688088340488946
0.014780240742707562
0.08080248335888918
-0.03133707462365809
-0.05983064969141072
0.0512476844333456
-0.0489237727198617
0.026653357334457617
0.039209693040964666
-0.027393577402978764
0.039209693040964666
-0.037433866920196124
-0.05464289541014722
0.025524068456756588
-0.03997727574944321
0.0022689688502968153
-0.05654058267968054
-0.060513028914405353
-0.032259158022980294
0.02708189422255458
0.0203593980283987
0.0216176650818376
0.06364954486786978
-0.05416508205116166
-0.05129888770798985
0.062467374718552904
-0.021161035659430283
0.13480548385110502
0.08302714817478662
-0.07465345378649157
0.0016709762031741349
-0.0636718542421022
0.017908695057996304
0.037453479113841226
-0.02243129284092049
0.08121523150568599
-0.02862716582831837
0.017908695057996304
-0.009357776553262198
-0.022622356364218277
-0.015144140805206874
0.028713620756199987
0.026653357334457617
0.017908695057996304
-0.028034859824940028
0.006265799221320201
-0.03270475340709922
