0.02927401578257438
-0.07724758378448726
0.06318283133468316
-0.22146034456414654
-0.005818111085915234
-0.01844849936066506
0.08653619008305125
0.006746455834750975
0.013109728048770641
0.0016709762031741349
0.003822387934753202
-0.2546008091448053
0.025524068456756588
0.034283772423341574
-0.022898889969576786
0.014780240742707562
-0.041376638974308655
0.15300088602597928
-0.037433866920196124
0.05182100602750328
-0.010204897362879883
-0.007720686875989813
-0.05282848588680089
0.01579928711915457
0.04469322213864224
-0.0013205999854228878
-0.09359820865597968
-0.024170822975695394
0.025524068456756588
-0.004841918958801372
0.020083040980136246
-0.002205271978588108
0.025524068456756588
-0.002647647860884561
-0.060513028914405353
0.04333086414918519
-0.027462288324585415
-0.05586089089844393
0.043334141200254805
-0.027788545411032928
0.11522232211929584
0.001954162314668828
0.08759468040243501
0.011553574399841615
0.04665297339942498
0.013065356771912562
-0.06464003578883037
0.037453479113841226
-0.03917887174705115
-0.060513028914405353
-0.02243129284092049
0.02773636562208104
-0.004841918958801372
-0.07414653786004877
-0.06109953281700342
-0.08110299466350668
0.04823967565580034
-0.0636718542421022
0.008665176454019985
-0.009357776553262198
0.011553574399841615
0.06567138145123597
-0.03563356684104946
0.06925574960452696
-0.022898889969576786
-0.009357776553262198
-0.06258250876081561
-0.050143819123519506
-0.022821982956040543
-0.008416174423421019
-0.04466517994807795
0.08383912323474085
0.05436809318039337
-0.019391257313081667
0.048059232237648075
0.020083040980136246
0.04135586741642605
0.025722681761052968
0.0203593980283987
-0.017136936568830308
0.025524068456756588
-0.07212958518599066
0.003822387934753202
-0.0489237727198617
-0.07465345378649157
0.06605801367827979
-0.036421638107813514
0.13480548385110502
0.04799414960212012
0.04920879849315085
-0.06464003578883037
0.09718899306107964
0.034283772423341574
-0.009588853389239205
-0.0005187167995490682
0.02520341309711238
-0.08143178414826124
-0.09359820865597968
0.049538360788050184
-0.01249170093178087
0.030122729138618354
-0.019514789449790015
0.06925574960452696
0.0326533364262076
0.05436809318039337
-0.010532567714866659
0.04920879849315085
0.03443624877469453
0.04823967565580034
0.06994395962703592
-0.05654058267968054
0.008665176454019985
0.02432879134386301
-0.01956931117570271
-0.036421638107813514
0.01579928711915457
0.023560334148108097
0.011999720455214913
-0.01249170093178087
-0.10819102148647719
0.04920879849315085
-0.051670301345440706
-0.002205271978588108
0.023512429278589764
-0.002647647860884561
-0.01686722086916248
-0.08110299466350668
-0.07212958518599066
0.001954162314668828
-0.0011970474263076625
-0.06720056781523276
-0.0011970474263076625
0.08302714817478662
0.022821768641877682
0.006143668794592827
0.030122729138618354
0.005173534568482907
0.08105492908796386
-0.02243129284092049
-0.02496648159475967
-0.02375973362478856
0.03208636570286316
-0.028034859824940028
0.015089270086424023
0.01724199139330551
-0.0489237727198617
0.03882682382156144
-0.07465345378649157
0.025524068456756588
0.013065356771912562
-0.05416508205116166
-0.06258250876081561
0.1417808980890598
0.012390402416693647
-0.01844849936066506
-0.04022536987465397
0.17000938109242547
0.13480548385110502
0.04920879849315085
-0.009588853389239205
-0.007338419158481102
-0.03173275161671363
0.06228267241298191
0.08302714817478662
-0.007882998007099573
0.0276177252845331
0.02773636562208104
0.0576314646823306
0.006746455834750975
-0.03173275161671363
0.10240276235625068
-0.06464003578883037
0.06364954486786978
0.07060672059698447
0.013040071944516285
0.03863378364598535
0.0326533364262076
0.022194058573782982
0.04333086414918519
0.06569838178769771
-0.09432889171755221
0.062467374718552904
-0.05654058267968054
0.022194058573782982
0.026005039289207943
0.025649122658425227
0.08383912323474085
-0.05120330655862837
-0.037433866920196124
-0.010532567714866659
0.0276177252845331
-0.036421638107813514
0.02714223291166995
0.0165919313161762
-0.032259158022980294
-0.008416174423421019
0.06228267241298191
0.020446479141682516
0.06316607709876365
0.037453479113841226
0.08632977574364098
-0.05699148198311299
-0.10819102148647719
-0.050143819123519506
0.06292625909621563
-0.02496648159475967
-0.06193714350214741
-0.041376638974308655
0.15300088602597928
0.008505479129739868
-0.060513028914405353
-0.0008948035361102669
0.041840431302949455
-0.019514789449790015
-0.032259158022980294
0.06567138145123597
-0.036421638107813514
0.01347000313241331
-0.01249170093178087
-0.06720056781523276
-0.0636718542421022
0.030974972656109045
0.04590352204112591
0.06364954486786978
0.0027859037974478085
-0.08814864178677073
-0.06193714350214741
0.0022689688502968153
-0.050143819123519506
0.026653357334457617
-0.0357902826629255
-0.07465345378649157
-0.009357776553262198
0.026653357334457617
-0.013771885982464482
-0.022368622754905587
0.0041948137923384365
-0.004841918958801372
0.04606131559255999
-0.02375973362478856
-0.028034859824940028
0.022821768641877682
-0.0357902826629255
0.08759468040243501
0.031017376704207678
-0.013878349100881593
0.07382421435571018
-0.08814864178677073
0.06292625909621563
-0.009588853389239205
-0.0002868205956847447
-0.013771885982464482
-0.03695834061658587
-0.09432889171755221
-0.13034379599603163
0.07060672059698447
-0.022348210496932808
-0.05464289541014722
0.025524068456756588
-0.08814864178677073
0.04729149119249154
-0.03520416182162833
0.08732358904095427
-0.007720686875989813
-0.08285893181375492
-0.05699148198311299
0.0216176650818376
0.06318283133468316
-0.010532567714866659
0.029794720012301212
-0.03695834061658587
0.1417808980890598
0.06292625909621563
-0.05464289541014722
0.006746455834750975
0.028713620756199987
0.022194058573782982
-0.08143178414826124
-0.007338419158481102
0.012394543666532698
-0.03520416182162833
0.07060672059698447
0.049538360788050184
0.022821768641877682
0.08105492908796386
0.04371378571481266
0.05168531023255696
0.024801788304586125
0.07060672059698447
0.06292625909621563
-0.06109953281700342
0.006143668794592827
0.012299756912504733
0.023512429278589764
-0.0005187167995490682
0.025649122658425227
0.0025784297617263974
0.03863378364598535
0.006143668794592827
