6861.3099999999995
7227.45
7170.7
7341.65
7703.1
7927.49
7866.52
7906.6
8035.2
8256.28
8516.02
8144.02
8724.13
8738.72
8465.77
8039.45
7736.07
7630.26
7227.96
7838.22
7832.22
7222.08
7213.44
7532.9
7489.2
8144.16
7641.77
7840.3099999999995
8001.57
8084.88
8043.71
8098.16
7918.53
7739.86
8059.65
7877.1900000000005
7742.53
7137.03
6749.28
5408.52
5572.09
5930.17
6209.71
5715.92
5799.24
5944.87
6335.56
7009.56
7197.5
6814.76
6872.97
6495.15
6369.28
6627.43
6964.01
6446.31
6785.9400000000005
6923.6
7106.01
6947.0599999999995
7041.27
1973.44
1653.95
1688.3200000000002
1606.04
1470.53
1535.65
1410.33
1529.65
1425.16
1500.1
1386.25
1448.49
1669.13
1570.2
1439.05
1435.88
1416.09
1395.79
1333.71
1253.6100000000001
1125.06
997.5
1105.06
1169.57
1386.31
1410.42
1396.1
1363.32
1321.26
1195.37
1125.16
1098.29
1115.78
1050.98
1050.04
1008.64
1058.14
1024.55
1038.07
1080.37
1070.06
1221.1100000000001
1235.3
1201.92
1288.1100000000001
1406.59
1321.26
1487.34
1447.05
1484.46
1433.1100000000001
1562.65
1518.55
1593.6
1564.47
1592.74
1787.25
1809.54
1816.47
1846.9
1992.46
2088.95
1966.29
1865.1100000000001
1964.31
1895.25
1982.9299999999998
1941.4099999999999
1945.8200000000002
2007.12
2086.18
2092.0
2143.52
2135.27
2189.77
2305.64
2310.15
2194.84
2388.33
2329.44
2542.69
2721.7799999999997
2795.3
2976.85
3245.26
3190.12
3229.6
3271.99
3547.35
3682.73
3426.45
3369.14
3597.92
3774.81
3626.88
3617.29
3294.08
3079.99
2969.83
2722.95
2825.89
2415.25
2584.21
2686.52
2612.89
2025.58
1879.87
1974.69
1833.5700000000002
1856.4299999999998
1967.28
2137.59
2458.65
2432.89
2835.11
2852.93
2829.02
2908.24
3097.92
3005.01
2883.21
3078.91
3186.77
3290.68
3266.62
3315.26
3455.24
3593.41
4111.99
4341.74
4002.88
4215.21
3830.49
3784.23
4129.54
4326.76
4286.46
4351.63
4550.53
4366.59
3865.83
4260.41
4290.59
4397.08
4715.64
4938.61
5110.86
5228.84
5062.44
5300.24
5298.72
5219.08
5308.52
5457.82
5672.7
5860.99
6318.61
6642.27
6839.59
7093.42
6763.38
6526.62
6661.4400000000005
6061.8
6197.84
6543.39
6223.37
5984.26
6015.3
6407.52
6514.72
6742.97
6710.4
6826.61
6894.23
7083.49
7268.06
7312.85
7331.73
7276.63
7630.71
7773.92
7993.09
7816.4400000000005
7670.37
7575.15
7573.26
7086.86
6890.9400000000005
7198.85
7060.6
6833.42
6701.36
6729.53
7245.13
7046.57
7500.79
7830.35
8069.81
7773.3099999999995
7677.73
7252.4
6864.87
6861.3099999999995
7227.45
7170.7
7341.65
7703.1
7927.49
7866.52
7906.6
8035.2
8256.28
8516.02
8144.02
8724.13
8738.72
8465.77
8039.45
7736.07
7630.26
7227.96
7838.22
7832.22
7222.08
7213.44
7532.9
7489.2
8144.16
7641.77
7840.3099999999995
8001.57
8084.88
8043.71
8098.16
7918.53
7739.86
8059.65
7877.1900000000005
