-0.022348210496932808
-0.047644828679283435
0.06806350229329183
-0.036421638107813514
0.03994035520780326
-0.0002868205956847447
-0.05983064969141072
0.04995452527457189
-0.07892951287026762
0.031017376704207678
-0.13034379599603163
0.026458811902690726
-0.07075486294590672
0.04299886054755575
0.020083040980136246
0.030122729138618354
0.0276177252845331
0.04823967565580034
-0.013771885982464482
0.08759468040243501
0.02714223291166995
0.018593646962060006
0.08759468040243501
0.005082074600808895
0.017908695057996304
0.02432879134386301
0.028713620756199987
0.030974972656109045
0.03994035520780326
-0.015144140805206874
-0.022821982956040543
0.0461992712042818
0.0512476844333456
0.018593646962060006
0.0461992712042818
0.07586149829868472
-0.03917887174705115
-0.028034859824940028
-0.038466866176760206
-0.06638125688640528
-0.051670301345440706
0.06228267241298191
0.04799414960212012
0.019778644828504
0.019778644828504
-0.0636718542421022
0.023512429278589764
-0.0008948035361102669
0.01724199139330551
0.0027859037974478085
0.048059232237648075
0.02773636562208104
0.17000938109242547
0.04391937482752173
0.006746455834750975
0.0278028767684102
-0.0007657730469858848
0.13204555949274965
0.06761705055254463
0.03882682382156144
0.0216176650818376
-0.05120330655862837
0.013040071944516285
0.020083040980136246
-0.024170822975695394
-0.007317237093852569
-0.03045002278091502
-0.07724758378448726
0.005173534568482907
-0.014438989348697362
0.0512476844333456
0.02708189422255458
0.0844852260058202
0.0276177252845331
-0.037433866920196124
0.08632977574364098
0.07518071596092746
0.0041948137923384365
0.0844852260058202
0.022821768641877682
0.009856619194733796
-0.08285893181375492
0.04799414960212012
-0.027789787343500905
0.04920879849315085
0.0203593980283987
-0.011743957061684185
0.006746455834750975
-0.09432889171755221
0.0512476844333456
-0.024170822975695394
0.04380656992791998
-0.0849833488167917
0.022821768641877682
-0.08814864178677073
0.06569838178769771
0.0461992712042818
0.01613403625846388
0.029794720012301212
0.006746455834750975
0.013065356771912562
0.041840431302949455
0.0576314646823306
0.06925574960452696
-0.005818111085915234
0.05168531023255696
0.0216176650818376
-0.07724758378448726
0.04135586741642605
0.08732358904095427
-0.004841918958801372
0.01579928711915457
0.04790976101641675
0.022821768641877682
0.056736527751481525
0.13204555949274965
-0.037433866920196124
0.005082074600808895
-0.017242733713295877
-0.17661184642248884
-0.08814864178677073
-0.03173275161671363
0.04799414960212012
0.020083040980136246
-0.021161035659430283
0.048059232237648075
0.019778644828504
0.030974972656109045
0.06292625909621563
-0.007720686875989813
-0.01686722086916248
0.08653619008305125
0.04823967565580034
0.012390402416693647
-0.007317237093852569
0.043334141200254805
0.03882682382156144
-0.012372140541780041
-0.018864353824572078
0.08080248335888918
0.07518071596092746
0.04391937482752173
0.030974972656109045
-0.08721982612879486
0.07586149829868472
-0.015144140805206874
-0.04466517994807795
-0.03997727574944321
-0.019514789449790015
-0.02375973362478856
0.0216176650818376
0.062467374718552904
0.06569838178769771
-0.2546008091448053
0.0344322264021244
-0.0357902826629255
-0.05464289541014722
0.08653619008305125
0.020083040980136246
0.10240276235625068
-0.049962429852048906
-0.002205271978588108
-0.0007657730469858848
0.15300088602597928
0.006746455834750975
0.0844852260058202
0.013109728048770641
0.08121523150568599
0.012299756912504733
0.005082074600808895
0.03643980545838055
0.01661350063361855
0.02432879134386301
-0.027462288324585415
-0.2546008091448053
-0.027462288324585415
0.04283497654615154
-0.06464003578883037
-0.04466517994807795
0.037107507807760065
0.037453479113841226
0.009856619194733796
-0.04126132556270612
0.06806350229329183
0.017908695057996304
0.01347000313241331
-0.005818111085915234
-0.05699148198311299
-0.06720056781523276
-0.041376638974308655
0.08759468040243501
0.028713620756199987
0.03208636570286316
0.06605801367827979
-0.08721982612879486
-0.12033949778566289
-0.0011970474263076625
-0.09432889171755221
-0.0549153461639893
-0.03695834061658587
-0.0002495311402075373
0.13480548385110502
-0.08126108737944548
0.03994035520780326
-0.014438989348697362
0.048059232237648075
0.03861575224405023
-0.0005187167995490682
0.009856619194733796
0.020567585268201682
0.012299756912504733
0.01579928711915457
-0.019391257313081667
0.006746455834750975
0.062467374718552904
-0.02375973362478856
0.015089270086424023
-0.041376638974308655
0.006143668794592827
0.031017376704207678
0.11840346286310233
0.0027859037974478085
0.06567138145123597
0.08080248335888918
-0.06285634704832255
-0.09432889171755221
-0.03520416182162833
0.03973066370480538
0.1417808980890598
0.02714223291166995
-0.050143819123519506
-0.0489237727198617
0.15300088602597928
0.0844852260058202
0.041840431302949455
0.051344950513199095
-0.06720056781523276
-0.0007657730469858848
-0.051670301345440706
0.04790976101641675
0.17000938109242547
0.04827168718050601
0.08105492908796386
-0.06226621690008294
0.0276177252845331
0.06364954486786978
0.06316607709876365
-0.022898889969576786
0.015089270086424023
0.037107507807760065
-0.009588853389239205
0.020446479141682516
-0.018864353824572078
0.05425453554333082
0.0025784297617263974
0.04799414960212012
-0.13034379599603163
0.04799414960212012
0.02714223291166995
-0.011743957061684185
0.023560334148108097
-0.022622356364218277
-0.01844849936066506
0.014780240742707562
0.03861575224405023
0.0576314646823306
-0.03917887174705115
0.03863378364598535
-0.041376638974308655
0.008665176454019985
-0.012372140541780041
-0.07465345378649157
-0.05654058267968054
0.0461992712042818
-0.036421638107813514
0.03973066370480538
0.08121523150568599
0.003822387934753202
-0.024170822975695394
0.0016709762031741349
0.0276177252845331
0.03973066370480538
0.01579928711915457
0.003822387934753202
0.006143668794592827
-0.007720686875989813
-0.03997727574944321
0.01661350063361855
0.08383912323474085
0.039209693040964666
0.04380656992791998
0.048059232237648075
0.04799414960212012
-0.007543661478351282
-0.0038562351615762935
0.01661350063361855
0.013065356771912562
0.0216176650818376
0.0203593980283987
