-0.007720686875989813
-0.06109953281700342
0.08632977574364098
0.08653619008305125
0.037453479113841226
0.04135586741642605
0.006265799221320201
-0.041376638974308655
0.05198789125700998
-0.022368622754905587
0.01699193585620762
0.008665176454019985
0.015089270086424023
0.06605801367827979
-0.0038562351615762935
-0.012372140541780041
0.037107507807760065
-0.009588853389239205
0.07382421435571018
-0.06720056781523276
-0.027788545411032928
0.0016709762031741349
0.07518071596092746
0.0278028767684102
0.008665176454019985
0.006746455834750975
0.023512429278589764
0.06316607709876365
-0.04022536987465397
0.006746455834750975
-0.06109953281700342
-0.06285634704832255
-0.004841918958801372
0.013065356771912562
0.026653357334457617
0.006143668794592827
0.006265799221320201
0.012299756912504733
-0.013771885982464482
-0.12033949778566289
0.025649122658425227
0.06316607709876365
-0.017242733713295877
0.023512429278589764
0.03643980545838055
0.0022689688502968153
-0.012150300762606037
-0.09570667993071069
-0.021161035659430283
0.013065356771912562
-0.004841918958801372
0.15300088602597928
0.05168531023255696
0.0278028767684102
-0.04126132556270612
-0.03270475340709922
0.07586149829868472
-0.010532567714866659
-0.038466866176760206
0.05799658946616226
-0.027393577402978764
-0.017136936568830308
0.04371378571481266
0.06292625909621563
0.11522232211929584
0.03208636570286316
0.08732358904095427
-0.009357776553262198
-0.0851300246174862
-0.022821982956040543
0.04920879849315085
-0.007882998007099573
0.02773636562208104
-0.045496030668886966
0.0276177252845331
-0.04126132556270612
0.031017376704207678
-0.08721982612879486
-0.07724758378448726
-0.08814864178677073
-0.037433866920196124
0.04283497654615154
0.02927401578257438
0.13204555949274965
0.04371378571481266
-0.08814864178677073
0.02714223291166995
-0.012372140541780041
0.011553574399841615
0.0216176650818376
-0.08126108737944548
-0.036421638107813514
-0.08126108737944548
0.028713620756199987
0.01347000313241331
0.014780240742707562
0.014471610315426986
-0.045496030668886966
0.025524068456756588
-0.010532567714866659
0.023560334148108097
-0.022348210496932808
0.07586149829868472
-0.005105231073404326
-0.09570667993071069
-0.03917887174705115
-0.007317237093852569
0.02927401578257438
-0.05464289541014722
-0.03173275161671363
0.049538360788050184
-0.051670301345440706
-0.06193714350214741
0.1399333926158075
-0.10013006587302442
-0.008416174423421019
0.08176108754913614
0.013109728048770641
-0.047644828679283435
0.049538360788050184
0.04048653167530425
-0.05120330655862837
0.08176108754913614
-0.007720686875989813
-0.007720686875989813
0.0278028767684102
0.0326533364262076
-0.005818111085915234
0.04920879849315085
0.014780240742707562
0.11840346286310233
-0.011743957061684185
-0.06226621690008294
0.03863378364598535
0.04799414960212012
0.0027859037974478085
0.13480548385110502
0.018593646962060006
0.0278028767684102
0.1399333926158075
0.012390402416693647
0.06316607709876365
0.08383912323474085
0.04380656992791998
0.04920879849315085
0.02927401578257438
-0.03997727574944321
0.014471610315426986
-0.02496648159475967
-0.03045002278091502
-0.03563356684104946
-0.027788545411032928
-0.019514789449790015
-0.005105231073404326
-0.037433866920196124
-0.03997727574944321
0.01716964896203166
-0.037433866920196124
-0.02862716582831837
0.031017376704207678
-0.0011970474263076625
-0.049962429852048906
0.08732358904095427
-0.018864353824572078
-0.005105231073404326
0.03973066370480538
0.023512429278589764
-0.03173275161671363
-0.024170822975695394
0.0688088340488946
0.03994035520780326
0.012299756912504733
-0.024170822975695394
0.08302714817478662
0.012299756912504733
-0.03270475340709922
0.028713620756199987
0.0515617796937029
-0.05699148198311299
-0.010204897362879883
0.04590352204112591
-0.027462288324585415
-0.011743957061684185
0.10240276235625068
0.0278028767684102
0.07586149829868472
0.10109672394520075
0.023560334148108097
-0.004841918958801372
-0.004841918958801372
-0.049962429852048906
0.04729149119249154
0.0203593980283987
-0.009588853389239205
0.0022689688502968153
0.02773636562208104
-0.0549153461639893
0.056736527751481525
-0.03563356684104946
-0.2546008091448053
0.06364954486786978
0.06318283133468316
-0.027462288324585415
-0.02375973362478856
0.02432879134386301
-0.06226621690008294
0.009856619194733796
-0.0038562351615762935
-0.02862716582831837
0.02451643163530548
-0.07892951287026762
0.041840431302949455
0.0326533364262076
-0.02375973362478856
0.01046829599036414
-0.032259158022980294
0.02714223291166995
-0.0851300246174862
-0.02375973362478856
-0.018864353824572078
-0.22146034456414654
0.0461992712042818
0.08799230776265521
-0.0357902826629255
0.04391937482752173
0.04823967565580034
0.047513051758585334
-0.06109953281700342
0.030122729138618354
0.05168531023255696
0.06292625909621563
0.025649122658425227
0.017908695057996304
-0.019514789449790015
-0.02375973362478856
0.011999720455214913
0.05198789125700998
-0.002205271978588108
-0.05416508205116166
-0.05586089089844393
0.08799230776265521
0.013065356771912562
-0.03520416182162833
-0.01956931117570271
0.06364954486786978
-0.04466517994807795
0.026005039289207943
0.062467374718552904
0.03882682382156144
0.051344950513199095
0.02773636562208104
0.04823967565580034
-0.0549153461639893
0.023512429278589764
-0.1218059774124729
-0.06053051312501001
-0.06720056781523276
-0.011743957061684185
-0.017136936568830308
0.026005039289207943
-0.037433866920196124
0.05182100602750328
0.030122729138618354
0.01046829599036414
-0.032259158022980294
0.01661350063361855
-0.032259158022980294
0.05168531023255696
-0.015144140805206874
-0.13034379599603163
0.0515617796937029
-0.050143819123519506
-0.01249170093178087
-0.009357776553262198
0.01046829599036414
0.08732358904095427
0.005082074600808895
0.041840431302949455
0.011553574399841615
0.01046829599036414
0.02708189422255458
0.06806350229329183
-0.0636718542421022
0.005082074600808895
-0.027393577402978764
0.03208636570286316
-0.010204897362879883
-0.05654058267968054
0.02714223291166995
-0.022821982956040543
-0.04466517994807795
0.04283497654615154
-0.011743957061684185
0.0165919313161762
-0.022821982956040543
-0.03045002278091502
0.06806350229329183
0.08799230776265521
-0.0851300246174862
