-0.018864353824572078
0.030974972656109045
-0.0005187167995490682
0.04995452527457189
0.02708189422255458
-0.04022536987465397
0.02927401578257438
-0.03563356684104946
-0.005818111085915234
-0.05464289541014722
-0.08110299466350668
-0.0013205999854228878
-0.002205271978588108
0.037453479113841226
0.062467374718552904
0.07518071596092746
-0.2546008091448053
0.1417808980890598
-0.005818111085915234
0.01046829599036414
0.02708189422255458
-0.032340875642459466
-0.06053051312501001
0.030974972656109045
-0.0013205999854228878
0.01613403625846388
-0.03173275161671363
-0.002205271978588108
-0.03563356684104946
-0.2546008091448053
0.06806350229329183
-0.02496648159475967
0.011999720455214913
-0.027788545411032928
0.17000938109242547
0.020446479141682516
0.02773636562208104
-0.03695834061658587
-0.08126108737944548
0.041840431302949455
-0.027462288324585415
-0.05282848588680089
0.030122729138618354
0.11522232211929584
-0.041376638974308655
-0.0002495311402075373
0.03863378364598535
0.049538360788050184
0.024801788304586125
-0.0002495311402075373
0.011999720455214913
-0.015144140805206874
-0.12033949778566289
-0.060513028914405353
0.01661350063361855
-0.007317237093852569
-0.019514789449790015
-0.0011970474263076625
0.015089270086424023
-0.08721982612879486
-0.021161035659430283
-0.02375973362478856
0.011553574399841615
0.10240276235625068
0.01046829599036414
0.037453479113841226
-0.15702055781469149
0.08759468040243501
-0.08814864178677073
-0.060513028914405353
0.04790976101641675
-0.02375973362478856
-0.0849833488167917
-0.047644828679283435
0.08302714817478662
0.0041948137923384365
0.04920879849315085
0.10109672394520075
-0.060513028914405353
-0.05983064969141072
-0.03520416182162833
-0.07724758378448726
0.08799230776265521
0.0027859037974478085
-0.03520416182162833
0.006746455834750975
0.0326533364262076
-0.06226621690008294
0.08759468040243501
0.07060672059698447
0.001954162314668828
0.04665297339942498
-0.047644828679283435
-0.022898889969576786
0.17000938109242547
0.007058852839625374
0.0203593980283987
-0.05983064969141072
0.012390402416693647
-0.03133707462365809
-0.07075486294590672
-0.13034379599603163
-0.0002495311402075373
-0.0489237727198617
0.0344322264021244
0.01347000313241331
-0.06226621690008294
0.08105492908796386
-0.0489237727198617
-0.045496030668886966
-0.007338419158481102
0.022194058573782982
0.011999720455214913
0.003822387934753202
0.037453479113841226
0.04606131559255999
-0.01844849936066506
0.037453479113841226
0.049538360788050184
-0.10819102148647719
0.012299756912504733
0.04665297339942498
0.023512429278589764
0.025649122658425227
-0.09359820865597968
-0.027788545411032928
0.009856619194733796
0.006265799221320201
0.041840431302949455
0.07586149829868472
-0.06053051312501001
0.0016709762031741349
0.01347000313241331
-0.05699148198311299
0.011553574399841615
-0.05464289541014722
-0.04126132556270612
-0.045496030668886966
0.0016709762031741349
0.04299886054755575
-0.0636718542421022
-0.017242733713295877
0.020567585268201682
0.08383912323474085
0.03973066370480538
0.06316607709876365
0.08121523150568599
-0.05120330655862837
0.08632977574364098
-0.032259158022980294
-0.027393577402978764
0.10240276235625068
-0.010532567714866659
-0.02496648159475967
0.008665176454019985
-0.10013006587302442
0.04283497654615154
-0.03458770640829023
0.01724199139330551
-0.04022536987465397
0.04995452527457189
-0.07724758378448726
0.020567585268201682
0.037107507807760065
0.015089270086424023
-0.010204897362879883
0.047513051758585334
-0.05983064969141072
-0.03695834061658587
0.04799414960212012
-0.041376638974308655
0.03208636570286316
0.0022689688502968153
-0.03917887174705115
-0.17661184642248884
0.06292625909621563
0.011553574399841615
-0.013878349100881593
0.04371378571481266
-0.0851300246174862
0.1399333926158075
-0.05416508205116166
0.051344950513199095
-0.0038562351615762935
-0.010204897362879883
0.06569838178769771
-0.009357776553262198
-0.07414653786004877
0.04995452527457189
0.05168531023255696
0.06318283133468316
-0.0849833488167917
0.031017376704207678
0.01579928711915457
0.06761705055254463
-0.05699148198311299
0.06761705055254463
0.08799230776265521
0.028713620756199987
0.014780240742707562
0.023512429278589764
-0.08285893181375492
0.001954162314668828
0.030122729138618354
0.11840346286310233
0.04469322213864224
0.006746455834750975
0.04048653167530425
-0.0013205999854228878
0.02432879134386301
0.019778644828504
-0.05416508205116166
-0.02243129284092049
-0.005818111085915234
0.008505479129739868
0.11522232211929584
0.04665297339942498
-0.08721982612879486
-0.10819102148647719
0.001954162314668828
0.020083040980136246
-0.007317237093852569
-0.03173275161671363
0.024801788304586125
-0.06053051312501001
-0.008416174423421019
0.13480548385110502
0.022821768641877682
-0.05129888770798985
0.05799658946616226
0.023512429278589764
-0.05120330655862837
-0.2546008091448053
-0.0489237727198617
0.04380656992791998
0.06569838178769771
-0.037433866920196124
-0.06285634704832255
-0.06226621690008294
0.04333086414918519
-0.03458770640829023
-0.007882998007099573
0.03643980545838055
0.10240276235625068
0.024801788304586125
0.018593646962060006
-0.024170822975695394
0.15300088602597928
0.011553574399841615
-0.0008948035361102669
0.07060672059698447
0.017908695057996304
0.0041948137923384365
0.022821768641877682
0.062467374718552904
-0.032340875642459466
0.04283497654615154
0.0203593980283987
0.020567585268201682
0.001954162314668828
0.11840346286310233
-0.0007657730469858848
0.04380656992791998
0.01613403625846388
0.0025784297617263974
0.06364954486786978
0.0688088340488946
0.02927401578257438
0.017908695057996304
0.049538360788050184
0.024801788304586125
0.049538360788050184
-0.028034859824940028
0.049538360788050184
0.04606131559255999
0.06761705055254463
-0.05586089089844393
-0.060513028914405353
-0.02243129284092049
0.01035787819304268
-0.032259158022980294
-0.05120330655862837
0.03643980545838055
0.017908695057996304
0.001954162314668828
-0.09432889171755221
-0.03695834061658587
0.062467374718552904
-0.05983064969141072
-0.036421638107813514
0.005173534568482907
-0.008416174423421019
0.06925574960452696
0.0216176650818376
0.030974972656109045
0.06567138145123597
-0.05129888770798985
0.020567585268201682
-0.03520416182162833
