0.013040071944516285
0.02714223291166995
-0.007882998007099573
-0.0002868205956847447
0.04823967565580034
-0.08678886069673908
0.005173534568482907
-0.08143178414826124
0.012394543666532698
-0.007543661478351282
0.08105492908796386
0.031017376704207678
-0.03563356684104946
0.06292625909621563
0.020083040980136246
0.0216176650818376
0.023560334148108097
-0.008416174423421019
0.026653357334457617
0.04827168718050601
0.012394543666532698
-0.01956931117570271
-0.02862716582831837
-0.01844849936066506
0.020446479141682516
0.01699193585620762
0.008505479129739868
0.01046829599036414
-0.013771885982464482
-0.022368622754905587
-0.0357902826629255
0.04371378571481266
-0.03270475340709922
0.0041948137923384365
0.056736527751481525
-0.22146034456414654
-0.007720686875989813
-0.008416174423421019
0.13480548385110502
-0.018864353824572078
0.0326533364262076
0.06316607709876365
-0.12033949778566289
0.006265799221320201
-0.013878349100881593
0.045224792909892564
-0.08143178414826124
0.051344950513199095
0.04590352204112591
-0.02243129284092049
0.037107507807760065
0.014780240742707562
0.043334141200254805
0.02708189422255458
0.020083040980136246
0.007058852839625374
0.02520341309711238
-0.0002868205956847447
-0.005818111085915234
-0.0007657730469858848
-0.04466517994807795
-0.005105231073404326
0.09718899306107964
-0.0489237727198617
-0.07212958518599066
0.01661350063361855
0.01347000313241331
-0.022368622754905587
-0.012150300762606037
0.030974972656109045
-0.010204897362879883
0.05198789125700998
0.031017376704207678
0.1417808980890598
0.01035787819304268
0.025524068456756588
-0.08126108737944548
-0.013771885982464482
-0.028034859824940028
0.13204555949274965
-0.05416508205116166
0.04380656992791998
0.025722681761052968
-0.08678886069673908
-0.01249170093178087
0.006143668794592827
0.05168531023255696
-0.027393577402978764
0.06316607709876365
-0.06193714350214741
0.0203593980283987
-0.08814864178677073
0.08302714817478662
0.08732358904095427
-0.022348210496932808
0.06605801367827979
-0.03133707462365809
0.04729149119249154
0.01347000313241331
-0.07212958518599066
-0.08285893181375492
0.006265799221320201
0.022821768641877682
0.043334141200254805
0.07518071596092746
-0.09432889171755221
0.025722681761052968
0.01035787819304268
-0.05654058267968054
-0.004841918958801372
0.06316607709876365
-0.04126132556270612
0.037453479113841226
-0.08721982612879486
-0.09570667993071069
0.02773636562208104
0.006143668794592827
0.04827168718050601
0.01613403625846388
0.04823967565580034
-0.01844849936066506
0.047513051758585334
0.019778644828504
-0.03997727574944321
0.02708189422255458
-0.03520416182162833
-0.0002495311402075373
0.0278028767684102
0.0844852260058202
-0.022368622754905587
0.018593646962060006
0.04606131559255999
0.04823967565580034
-0.10819102148647719
0.022821768641877682
0.025722681761052968
-0.007338419158481102
0.08121523150568599
0.034283772423341574
0.04469322213864224
0.02714223291166995
-0.037433866920196124
0.04371378571481266
0.014471610315426986
0.06316607709876365
0.09718899306107964
-0.01844849936066506
0.02714223291166995
-0.017242733713295877
-0.0849833488167917
-0.01844849936066506
0.04799414960212012
0.0165919313161762
0.08105492908796386
-0.08110299466350668
0.01046829599036414
-0.015144140805206874
-0.02496648159475967
-0.04022536987465397
-0.05983064969141072
-0.012150300762606037
-0.2546008091448053
-0.004841918958801372
-0.08678886069673908
0.04790976101641675
0.04371378571481266
0.005173534568482907
0.04827168718050601
-0.005818111085915234
-0.004841918958801372
0.01035787819304268
0.10240276235625068
-0.03917887174705115
0.0844852260058202
0.04606131559255999
-0.01844849936066506
0.04469322213864224
0.0278028767684102
0.04799414960212012
0.025649122658425227
-0.08285893181375492
-0.007338419158481102
0.049538360788050184
0.006746455834750975
-0.012150300762606037
0.06364954486786978
0.008505479129739868
-0.05983064969141072
-0.027788545411032928
-0.019514789449790015
-0.013771885982464482
0.051344950513199095
0.012299756912504733
-0.07075486294590672
0.03861575224405023
0.039209693040964666
0.008665176454019985
0.06318283133468316
0.01661350063361855
-0.012372140541780041
0.0025784297617263974
-0.09359820865597968
-0.002205271978588108
0.05425453554333082
-0.10013006587302442
-0.021161035659430283
0.06761705055254463
0.0326533364262076
-0.011743957061684185
-0.02862716582831837
0.04048653167530425
0.0016709762031741349
-0.05586089089844393
-0.03173275161671363
0.051344950513199095
0.05425453554333082
0.06318283133468316
-0.10013006587302442
0.014780240742707562
0.04135586741642605
-0.01249170093178087
-0.01249170093178087
0.08799230776265521
0.0278028767684102
0.06994395962703592
-0.0008948035361102669
-0.07892951287026762
-0.06193714350214741
0.020083040980136246
0.025649122658425227
-0.007882998007099573
-0.02243129284092049
-0.007338419158481102
-0.03997727574944321
0.0016709762031741349
0.08383912323474085
-0.007338419158481102
0.04995452527457189
-0.05416508205116166
0.05182100602750328
-0.02243129284092049
0.08732358904095427
0.003822387934753202
-0.038466866176760206
0.012299756912504733
-0.019514789449790015
0.025524068456756588
0.045224792909892564
0.08080248335888918
0.043334141200254805
-0.01249170093178087
0.02708189422255458
0.1399333926158075
0.07518071596092746
0.06605801367827979
-0.014438989348697362
-0.07892951287026762
0.049538360788050184
0.06761705055254463
0.10109672394520075
-0.0851300246174862
0.034283772423341574
-0.010532567714866659
0.02773636562208104
0.04790976101641675
0.13204555949274965
-0.019514789449790015
-0.03045002278091502
0.06605801367827979
0.04995452527457189
-0.05416508205116166
-0.07075486294590672
-0.027788545411032928
0.08105492908796386
-0.05416508205116166
-0.0011970474263076625
0.06364954486786978
-0.050143819123519506
-0.047644828679283435
-0.1218059774124729
-0.03270475340709922
0.02432879134386301
-0.007338419158481102
0.01035787819304268
0.012390402416693647
-0.05129888770798985
-0.03917887174705115
0.026005039289207943
0.045224792909892564
0.03443624877469453
-0.050143819123519506
0.08632977574364098
0.08121523150568599
-0.024170822975695394
-0.022622356364218277
0.02708189422255458
0.06228267241298191
-0.01686722086916248
0.043334141200254805
