0.04590352204112591
0.008665176454019985
0.014780240742707562
-0.047644828679283435
0.0344322264021244
0.08121523150568599
-0.04022536987465397
0.04790976101641675
0.003822387934753202
0.011553574399841615
0.04799414960212012
-0.07414653786004877
0.006265799221320201
-0.010204897362879883
-0.028034859824940028
0.08302714817478662
0.020567585268201682
-0.07414653786004877
-0.08285893181375492
0.014471610315426986
0.08799230776265521
-0.15702055781469149
0.03643980545838055
-0.036421638107813514
0.001954162314668828
-0.05654058267968054
-0.01249170093178087
0.10109672394520075
0.012299756912504733
0.02520341309711238
0.06925574960452696
-0.027789787343500905
-0.0549153461639893
0.03882682382156144
0.04729149119249154
-0.002205271978588108
0.009856619194733796
0.0022689688502968153
0.08383912323474085
-0.0002495311402075373
-0.10819102148647719
0.011999720455214913
-0.022821982956040543
-0.06109953281700342
0.06806350229329183
0.023512429278589764
-0.04126132556270612
0.015089270086424023
0.01613403625846388
0.0165919313161762
-0.047644828679283435
-0.041376638974308655
-0.2546008091448053
0.02451643163530548
-0.024170822975695394
0.049538360788050184
-0.049962429852048906
-0.010532567714866659
0.037453479113841226
0.025524068456756588
-0.0489237727198617
0.051344950513199095
0.013109728048770641
-0.027789787343500905
-0.06258250876081561
0.01661350063361855
0.07518071596092746
-0.07414653786004877
-0.019514789449790015
-0.014438989348697362
-0.01249170093178087
0.04823967565580034
0.0278028767684102
-0.02243129284092049
0.04283497654615154
0.07060672059698447
0.08121523150568599
0.02432879134386301
0.031017376704207678
-0.05129888770798985
0.020446479141682516
-0.007543661478351282
0.04380656992791998
0.062467374718552904
0.037453479113841226
-0.05699148198311299
0.05799658946616226
0.04665297339942498
0.013065356771912562
-0.01249170093178087
-0.06109953281700342
-0.007720686875989813
0.08632977574364098
-0.037433866920196124
0.04665297339942498
-0.06193714350214741
0.04333086414918519
0.03208636570286316
0.0844852260058202
0.11522232211929584
-0.007543661478351282
0.022194058573782982
0.025649122658425227
-0.027462288324585415
0.012394543666532698
0.08302714817478662
0.026653357334457617
0.034283772423341574
-0.06285634704832255
0.1399333926158075
-0.05129888770798985
0.06316607709876365
-0.045496030668886966
0.049538360788050184
-0.0636718542421022
-0.0489237727198617
0.005173534568482907
0.08759468040243501
-0.03045002278091502
0.03973066370480538
0.026458811902690726
-0.038466866176760206
0.0344322264021244
-0.03997727574944321
-0.01686722086916248
0.11840346286310233
-0.05983064969141072
-0.17661184642248884
0.08302714817478662
-0.08143178414826124
-0.060513028914405353
0.06569838178769771
-0.03695834061658587
0.0576314646823306
-0.0851300246174862
-0.032340875642459466
-0.007317237093852569
-0.06226621690008294
-0.1218059774124729
0.01613403625846388
0.01724199139330551
-0.009357776553262198
-0.10013006587302442
-0.03270475340709922
-0.027788545411032928
-0.06109953281700342
-0.0849833488167917
-0.027462288324585415
0.06318283133468316
-0.045496030668886966
-0.08126108737944548
0.04799414960212012
-0.032340875642459466
0.01347000313241331
-0.03458770640829023
-0.018864353824572078
-0.021161035659430283
-0.0851300246174862
0.01699193585620762
0.0203593980283987
-0.06053051312501001
0.08632977574364098
-0.08110299466350668
0.04790976101641675
0.030974972656109045
-0.03695834061658587
-0.07414653786004877
-0.03270475340709922
0.011999720455214913
0.05799658946616226
-0.007543661478351282
0.03994035520780326
-0.027788545411032928
-0.005818111085915234
0.0688088340488946
0.04827168718050601
0.039209693040964666
-0.019391257313081667
-0.051670301345440706
-0.022348210496932808
-0.02496648159475967
-0.021161035659430283
-0.2546008091448053
0.07060672059698447
0.05799658946616226
0.08080248335888918
0.029794720012301212
0.06569838178769771
-0.012150300762606037
0.0844852260058202
-0.0851300246174862
0.04823967565580034
-0.0007657730469858848
-0.05464289541014722
-0.0038562351615762935
-0.02375973362478856
-0.010204897362879883
0.037453479113841226
-0.0636718542421022
-0.03563356684104946
0.03443624877469453
0.0515617796937029
0.04920879849315085
0.04380656992791998
-0.05983064969141072
-0.012150300762606037
0.08799230776265521
-0.012150300762606037
0.026458811902690726
0.031017376704207678
-0.050143819123519506
0.024801788304586125
-0.005818111085915234
-0.06285634704832255
-0.027789787343500905
-0.06053051312501001
0.02708189422255458
-0.022622356364218277
-0.002647647860884561
0.02432879134386301
-0.08110299466350668
-0.013878349100881593
-0.09359820865597968
0.13204555949274965
-0.0851300246174862
-0.05120330655862837
0.023560334148108097
0.08121523150568599
-0.036421638107813514
-0.0005187167995490682
0.06925574960452696
0.04995452527457189
-0.013771885982464482
0.0276177252845331
0.037107507807760065
0.02773636562208104
0.0027859037974478085
0.0027859037974478085
0.014471610315426986
0.014780240742707562
-0.0011970474263076625
0.07518071596092746
-0.028034859824940028
0.15300088602597928
0.15300088602597928
0.0844852260058202
0.01699193585620762
0.012390402416693647
-0.027462288324585415
-0.012372140541780041
0.022821768641877682
0.0278028767684102
-0.02862716582831837
-0.011743957061684185
-0.024170822975695394
0.06569838178769771
0.03994035520780326
-0.018864353824572078
0.08732358904095427
-0.02243129284092049
0.026005039289207943
-0.05654058267968054
0.020083040980136246
-0.019514789449790015
-0.060513028914405353
-0.05120330655862837
0.03643980545838055
0.07382421435571018
-0.06285634704832255
-0.0549153461639893
-0.005818111085915234
0.005082074600808895
-0.05654058267968054
0.006265799221320201
0.0276177252845331
0.008665176454019985
0.01347000313241331
0.015089270086424023
0.08302714817478662
0.05198789125700998
-0.037433866920196124
0.08302714817478662
0.15300088602597928
-0.005818111085915234
0.13204555949274965
-0.09432889171755221
0.026458811902690726
-0.05586089089844393
0.008505479129739868
0.07586149829868472
0.0512476844333456
0.062467374718552904
0.11522232211929584
0.043334141200254805
-0.010532567714866659
-0.08143178414826124
-0.01956931117570271
-0.04022536987465397
0.03973066370480538
