-0.17661184642248884
0.1399333926158075
-0.22146034456414654
-0.03520416182162833
-0.002205271978588108
0.03443624877469453
-0.05282848588680089
-0.0002868205956847447
0.023560334148108097
0.0276177252845331
-0.08285893181375492
0.01046829599036414
-0.06193714350214741
-0.06464003578883037
0.023512429278589764
-0.0549153461639893
0.04920879849315085
0.08121523150568599
-0.03173275161671363
0.06292625909621563
0.014471610315426986
-0.07075486294590672
-0.047644828679283435
-0.09432889171755221
-0.06464003578883037
0.056736527751481525
-0.0011970474263076625
0.0276177252845331
-0.032340875642459466
0.07060672059698447
-0.06258250876081561
-0.04466517994807795
-0.09432889171755221
0.045224792909892564
-0.06109953281700342
0.0041948137923384365
-0.050143819123519506
0.012299756912504733
0.041840431302949455
-0.03520416182162833
-0.01844849936066506
-0.012150300762606037
-0.07414653786004877
0.03994035520780326
-0.027789787343500905
0.006143668794592827
0.02773636562208104
0.06761705055254463
0.012390402416693647
0.10109672394520075
0.025722681761052968
-0.004841918958801372
0.05168531023255696
0.048059232237648075
0.013109728048770641
0.17000938109242547
0.049538360788050184
-0.07212958518599066
-0.03270475340709922
0.0022689688502968153
-0.03133707462365809
-0.09359820865597968
0.13480548385110502
-0.03917887174705115
0.031017376704207678
0.07060672059698447
0.012390402416693647
0.04920879849315085
-0.03133707462365809
-0.008416174423421019
0.06292625909621563
-0.0002868205956847447
-0.022821982956040543
0.07518071596092746
-0.0851300246174862
0.09718899306107964
-0.028034859824940028
-0.08110299466350668
0.031017376704207678
0.09718899306107964
-0.017242733713295877
-0.049962429852048906
-0.02243129284092049
0.030122729138618354
0.03863378364598535
0.05436809318039337
-0.10013006587302442
-0.005818111085915234
-0.03133707462365809
-0.045496030668886966
-0.13034379599603163
-0.008416174423421019
-0.06258250876081561
0.003822387934753202
-0.07724758378448726
-0.08143178414826124
-0.0357902826629255
0.06228267241298191
-0.022821982956040543
-0.022622356364218277
0.049538360788050184
0.13480548385110502
0.01699193585620762
0.08732358904095427
0.028713620756199987
-0.027788545411032928
-0.007882998007099573
0.056736527751481525
0.039209693040964666
0.031017376704207678
-0.01956931117570271
-0.01956931117570271
-0.2546008091448053
0.02773636562208104
0.04048653167530425
0.003822387934753202
0.05425453554333082
-0.007882998007099573
0.04299886054755575
-0.011743957061684185
0.02432879134386301
-0.0849833488167917
-0.04022536987465397
0.007058852839625374
0.011553574399841615
-0.22146034456414654
-0.07075486294590672
-0.04466517994807795
-0.08678886069673908
0.01661350063361855
0.04665297339942498
-0.09570667993071069
0.07518071596092746
-0.08110299466350668
-0.0038562351615762935
0.01724199139330551
0.05799658946616226
0.026458811902690726
0.03863378364598535
-0.03917887174705115
0.045224792909892564
-0.047644828679283435
0.01724199139330551
-0.22146034456414654
-0.0013205999854228878
-0.036421638107813514
0.08176108754913614
0.08302714817478662
-0.07075486294590672
-0.022348210496932808
-0.024170822975695394
0.06318283133468316
0.006265799221320201
-0.024170822975695394
-0.12033949778566289
0.15300088602597928
-0.0005187167995490682
-0.010204897362879883
0.04823967565580034
0.05168531023255696
0.0276177252845331
0.07586149829868472
0.07586149829868472
-0.03695834061658587
-0.0849833488167917
0.011553574399841615
0.04333086414918519
0.0461992712042818
-0.01686722086916248
-0.027788545411032928
0.001954162314668828
0.01699193585620762
0.08105492908796386
-0.10013006587302442
-0.08814864178677073
0.11522232211929584
-0.0357902826629255
-0.032340875642459466
0.06292625909621563
0.11522232211929584
0.05425453554333082
-0.03520416182162833
0.06228267241298191
-0.08814864178677073
0.014471610315426986
0.041840431302949455
-0.0357902826629255
-0.04126132556270612
0.0025784297617263974
0.06806350229329183
0.008665176454019985
-0.027788545411032928
-0.002647647860884561
-0.05699148198311299
0.06567138145123597
0.008665176454019985
0.06567138145123597
0.02927401578257438
0.0216176650818376
0.04371378571481266
-0.010204897362879883
-0.007317237093852569
-0.05654058267968054
0.04135586741642605
0.037453479113841226
0.02927401578257438
-0.05416508205116166
0.04995452527457189
-0.04126132556270612
-0.06258250876081561
0.06364954486786978
-0.051670301345440706
0.009856619194733796
-0.08110299466350668
0.028713620756199987
-0.009588853389239205
0.0027859037974478085
-0.0549153461639893
-0.005818111085915234
0.04665297339942498
-0.0038562351615762935
0.008505479129739868
-0.009357776553262198
-0.08143178414826124
0.0844852260058202
0.013065356771912562
-0.02243129284092049
-0.027393577402978764
-0.022348210496932808
-0.01249170093178087
-0.05699148198311299
-0.007882998007099573
-0.027788545411032928
0.037453479113841226
0.04590352204112591
0.022821768641877682
0.024801788304586125
0.0512476844333456
0.01579928711915457
0.13204555949274965
-0.06464003578883037
0.017908695057996304
0.03643980545838055
-0.03520416182162833
-0.050143819123519506
0.07060672059698447
-0.08814864178677073
-0.05983064969141072
0.04333086414918519
0.01046829599036414
-0.08126108737944548
0.10109672394520075
0.01347000313241331
0.0278028767684102
0.07518071596092746
0.0016709762031741349
0.1417808980890598
0.008505479129739868
0.022821768641877682
-0.01844849936066506
-0.07465345378649157
0.06318283133468316
0.0461992712042818
0.08653619008305125
0.013109728048770641
0.06994395962703592
-0.1218059774124729
-0.06258250876081561
-0.017242733713295877
-0.03695834061658587
-0.009588853389239205
-0.07414653786004877
0.0512476844333456
0.04823967565580034
-0.07465345378649157
0.003822387934753202
-0.08126108737944548
0.005082074600808895
0.022821768641877682
0.04995452527457189
-0.0636718542421022
0.01661350063361855
-0.06053051312501001
0.030974972656109045
0.08080248335888918
0.062467374718552904
0.026458811902690726
-0.032259158022980294
0.022821768641877682
0.06364954486786978
-0.010204897362879883
0.04048653167530425
0.0512476844333456
-0.01956931117570271
0.020567585268201682
-0.005105231073404326
-0.032340875642459466
0.0216176650818376
0.07518071596092746
