0.07060672059698447
-0.017136936568830308
-0.010532567714866659
-0.007338419158481102
-0.051670301345440706
-0.08721982612879486
0.012390402416693647
-0.007882998007099573
0.17000938109242547
-0.12033949778566289
-0.03563356684104946
-0.05129888770798985
0.022194058573782982
-0.04466517994807795
0.01716964896203166
0.04920879849315085
-0.01956931117570271
-0.05416508205116166
0.05198789125700998
0.04048653167530425
0.049538360788050184
0.04606131559255999
0.025722681761052968
-0.06226621690008294
0.0022689688502968153
-0.02375973362478856
0.026458811902690726
-0.15702055781469149
0.08105492908796386
0.041840431302949455
0.11840346286310233
0.02714223291166995
-0.041376638974308655
-0.027788545411032928
-0.05129888770798985
0.0216176650818376
-0.015144140805206874
0.1399333926158075
0.04995452527457189
0.056736527751481525
0.006746455834750975
0.045224792909892564
-0.0489237727198617
-0.01956931117570271
0.006746455834750975
0.0025784297617263974
0.03643980545838055
0.11840346286310233
-0.0005187167995490682
0.03994035520780326
-0.22146034456414654
-0.03458770640829023
0.020083040980136246
0.0278028767684102
-0.0636718542421022
0.037107507807760065
-0.17661184642248884
-0.1218059774124729
-0.0489237727198617
-0.027462288324585415
0.11840346286310233
0.037107507807760065
-0.05983064969141072
0.006265799221320201
0.012299756912504733
0.08176108754913614
0.05425453554333082
0.006746455834750975
-0.047644828679283435
0.026005039289207943
0.039209693040964666
0.08653619008305125
-0.02496648159475967
0.06364954486786978
0.022821768641877682
0.013040071944516285
-0.050143819123519506
-0.01249170093178087
-0.0005187167995490682
-0.050143819123519506
-0.04466517994807795
0.048059232237648075
0.05182100602750328
0.03973066370480538
-0.027789787343500905
-0.011743957061684185
-0.005105231073404326
-0.005105231073404326
-0.06226621690008294
0.014780240742707562
-0.12033949778566289
0.13480548385110502
-0.0002495311402075373
0.04920879849315085
-0.008416174423421019
0.02927401578257438
-0.08721982612879486
0.008505479129739868
0.04995452527457189
-0.08126108737944548
-0.12033949778566289
-0.05586089089844393
-0.060513028914405353
-0.04466517994807795
0.10240276235625068
-0.032340875642459466
0.026653357334457617
0.08105492908796386
0.08383912323474085
0.034283772423341574
0.13204555949274965
0.09718899306107964
-0.03458770640829023
-0.007317237093852569
-0.022622356364218277
0.008665176454019985
0.15300088602597928
0.0512476844333456
-0.08814864178677073
0.013065356771912562
-0.007543661478351282
0.045224792909892564
-0.0011970474263076625
0.020446479141682516
0.039209693040964666
0.04299886054755575
0.10109672394520075
-0.0851300246174862
-0.01956931117570271
0.06292625909621563
0.003822387934753202
-0.0008948035361102669
-0.1218059774124729
0.17000938109242547
-0.03173275161671363
-0.02862716582831837
-0.050143819123519506
-0.03133707462365809
0.006746455834750975
0.030122729138618354
-0.03458770640829023
-0.01844849936066506
-0.047644828679283435
0.0576314646823306
-0.021161035659430283
0.03882682382156144
-0.08285893181375492
-0.13034379599603163
0.08653619008305125
0.0688088340488946
-0.009588853389239205
0.02708189422255458
-0.019391257313081667
-0.011743957061684185
-0.02375973362478856
-0.13034379599603163
0.04391937482752173
-0.0636718542421022
-0.045496030668886966
0.08080248335888918
0.04371378571481266
0.08632977574364098
-0.07075486294590672
0.04823967565580034
0.06761705055254463
-0.03045002278091502
0.034283772423341574
0.07518071596092746
0.17000938109242547
-0.032259158022980294
-0.027788545411032928
-0.0007657730469858848
0.02714223291166995
0.024801788304586125
0.043334141200254805
-0.05983064969141072
0.03443624877469453
0.04606131559255999
0.008665176454019985
0.047513051758585334
-0.06053051312501001
0.01579928711915457
0.041840431302949455
0.13204555949274965
0.06228267241298191
0.13204555949274965
-0.027788545411032928
-0.0013205999854228878
-0.0549153461639893
0.06318283133468316
0.028713620756199987
0.012390402416693647
-0.032340875642459466
0.07060672059698447
-0.036421638107813514
-0.02496648159475967
-0.02243129284092049
0.04790976101641675
-0.07414653786004877
0.0276177252845331
0.03994035520780326
0.08176108754913614
-0.09570667993071069
0.0016709762031741349
-0.022348210496932808
0.024801788304586125
-0.06464003578883037
0.06292625909621563
-0.0636718542421022
0.056736527751481525
0.015089270086424023
0.005082074600808895
-0.010204897362879883
0.06761705055254463
0.020567585268201682
0.0016709762031741349
0.04371378571481266
0.05168531023255696
-0.06226621690008294
0.049538360788050184
0.01699193585620762
0.0461992712042818
0.001954162314668828
0.0461992712042818
0.03994035520780326
0.037453479113841226
0.0688088340488946
-0.0038562351615762935
-0.22146034456414654
0.023512429278589764
0.02773636562208104
-0.0005187167995490682
-0.09359820865597968
0.0027859037974478085
0.05425453554333082
-0.041376638974308655
0.11522232211929584
0.13480548385110502
-0.02375973362478856
0.0276177252845331
0.01724199139330551
-0.12033949778566289
-0.019391257313081667
0.041840431302949455
0.08383912323474085
-0.06285634704832255
-0.04022536987465397
-0.050143819123519506
0.06567138145123597
-0.022348210496932808
-0.0489237727198617
0.015089270086424023
-0.08721982612879486
-0.021161035659430283
-0.04126132556270612
-0.014438989348697362
0.04823967565580034
-0.08814864178677073
-0.013771885982464482
0.01046829599036414
0.03208636570286316
-0.07892951287026762
0.0041948137923384365
0.06806350229329183
-0.014438989348697362
-0.05654058267968054
-0.05282848588680089
0.0576314646823306
0.041840431302949455
0.04048653167530425
-0.09570667993071069
-0.007720686875989813
-0.06258250876081561
-0.06720056781523276
0.05168531023255696
0.03882682382156144
0.025722681761052968
0.02708189422255458
-0.08678886069673908
0.03443624877469453
-0.04126132556270612
0.10109672394520075
0.03861575224405023
-0.049962429852048906
0.0344322264021244
0.020567585268201682
0.025722681761052968
0.04823967565580034
0.025722681761052968
0.11840346286310233
-0.08814864178677073
-0.022368622754905587
0.08799230776265521
-0.0013205999854228878
0.0576314646823306
-0.0002868205956847447
-0.06226621690008294
-0.007317237093852569
-0.037433866920196124
