0.04823967565580034
0.10240276235625068
0.020083040980136246
0.04790976101641675
0.012299756912504733
0.005173534568482907
-0.036421638107813514
-0.06258250876081561
-0.05464289541014722
0.031017376704207678
-0.005105231073404326
-0.007338419158481102
-0.017136936568830308
0.01347000313241331
-0.051670301345440706
0.03973066370480538
-0.019391257313081667
0.06364954486786978
-0.06053051312501001
-0.010204897362879883
0.15300088602597928
-0.027393577402978764
0.01716964896203166
-0.017136936568830308
0.03861575224405023
0.11840346286310233
-0.0007657730469858848
-0.005818111085915234
0.01347000313241331
0.04590352204112591
-0.02243129284092049
0.03443624877469453
0.023560334148108097
0.08383912323474085
0.04827168718050601
-0.08126108737944548
-0.17661184642248884
0.11840346286310233
-0.021161035659430283
0.043334141200254805
-0.06226621690008294
-0.06638125688640528
0.04590352204112591
0.01579928711915457
-0.06464003578883037
0.02927401578257438
-0.08110299466350668
-0.08143178414826124
0.0025784297617263974
-0.03917887174705115
-0.03458770640829023
0.08105492908796386
-0.06053051312501001
-0.050143819123519506
0.014780240742707562
0.04371378571481266
0.04380656992791998
0.08383912323474085
0.07586149829868472
-0.04466517994807795
0.08383912323474085
0.009856619194733796
0.0016709762031741349
0.009856619194733796
0.04048653167530425
0.01579928711915457
0.013040071944516285
0.025524068456756588
-0.06720056781523276
0.04590352204112591
0.003822387934753202
0.028713620756199987
0.018593646962060006
0.04823967565580034
-0.10013006587302442
0.06318283133468316
-0.047644828679283435
0.04995452527457189
-0.0008948035361102669
0.08632977574364098
0.011553574399841615
0.020083040980136246
-0.009588853389239205
0.02451643163530548
0.04827168718050601
0.020446479141682516
-0.0011970474263076625
0.047513051758585334
-0.08678886069673908
0.03882682382156144
-0.012150300762606037
-0.08110299466350668
-0.010532567714866659
-0.002647647860884561
-0.032340875642459466
0.01699193585620762
0.026458811902690726
0.07586149829868472
0.0025784297617263974
-0.051670301345440706
-0.050143819123519506
-0.03917887174705115
0.17000938109242547
0.0025784297617263974
-0.0489237727198617
0.07518071596092746
-0.07892951287026762
-0.03695834061658587
0.05182100602750328
-0.017136936568830308
-0.05699148198311299
0.008505479129739868
-0.13034379599603163
0.06292625909621563
0.008665176454019985
-0.0002495311402075373
0.04799414960212012
0.04823967565580034
-0.06285634704832255
0.01661350063361855
0.037453479113841226
0.007058852839625374
-0.07075486294590672
0.014780240742707562
-0.022622356364218277
0.04391937482752173
-0.2546008091448053
0.08176108754913614
0.03994035520780326
0.01046829599036414
0.041840431302949455
-0.0002868205956847447
0.0025784297617263974
0.04799414960212012
-0.049962429852048906
0.08176108754913614
0.03643980545838055
0.04823967565580034
0.0461992712042818
0.17000938109242547
0.07382421435571018
0.08176108754913614
0.0576314646823306
-0.027462288324585415
0.06318283133468316
-0.08814864178677073
-0.027393577402978764
-0.008416174423421019
-0.0549153461639893
0.03882682382156144
-0.08143178414826124
0.012299756912504733
0.15300088602597928
-0.15702055781469149
0.009856619194733796
-0.005105231073404326
0.0576314646823306
-0.08678886069673908
-0.07724758378448726
0.04995452527457189
0.04827168718050601
0.04299886054755575
0.04380656992791998
-0.013878349100881593
-0.07465345378649157
-0.06464003578883037
0.012390402416693647
0.022821768641877682
-0.027788545411032928
0.020083040980136246
-0.04466517994807795
0.039209693040964666
-0.15702055781469149
0.014780240742707562
0.0165919313161762
-0.02496648159475967
-0.03695834061658587
0.07586149829868472
0.0276177252845331
-0.08814864178677073
0.049538360788050184
0.056736527751481525
-0.028034859824940028
-0.0038562351615762935
-0.022622356364218277
-0.10013006587302442
-0.09570667993071069
0.017908695057996304
-0.027788545411032928
-0.05282848588680089
0.018593646962060006
-0.010204897362879883
0.022821768641877682
-0.050143819123519506
0.08759468040243501
0.025722681761052968
-0.022821982956040543
0.0278028767684102
0.06228267241298191
0.03863378364598535
0.056736527751481525
-0.050143819123519506
0.04799414960212012
0.0041948137923384365
-0.09432889171755221
0.01661350063361855
-0.08285893181375492
-0.06053051312501001
0.1417808980890598
-0.021161035659430283
-0.0357902826629255
0.019778644828504
-0.10819102148647719
0.003822387934753202
-0.03695834061658587
0.1417808980890598
0.11522232211929584
0.026653357334457617
0.06316607709876365
-0.022622356364218277
0.014471610315426986
-0.013878349100881593
-0.045496030668886966
0.0016709762031741349
-0.0002868205956847447
0.051344950513199095
0.056736527751481525
-0.022898889969576786
0.012394543666532698
0.05198789125700998
-0.049962429852048906
0.037453479113841226
0.0203593980283987
-0.0549153461639893
0.023512429278589764
0.11840346286310233
-0.06053051312501001
0.006143668794592827
0.01579928711915457
-0.07212958518599066
0.01724199139330551
-0.014438989348697362
-0.08285893181375492
-0.03133707462365809
-0.09432889171755221
0.10240276235625068
0.08799230776265521
-0.01956931117570271
0.005173534568482907
-0.01956931117570271
-0.08721982612879486
0.04380656992791998
-0.03133707462365809
0.006265799221320201
0.025649122658425227
-0.007720686875989813
0.011553574399841615
-0.017136936568830308
0.022821768641877682
-0.03997727574944321
0.0027859037974478085
0.0512476844333456
0.08105492908796386
0.11522232211929584
-0.021161035659430283
-0.09432889171755221
0.05425453554333082
-0.012372140541780041
0.001954162314668828
-0.037433866920196124
-0.024170822975695394
0.02927401578257438
0.01661350063361855
-0.032340875642459466
-0.007882998007099573
0.031017376704207678
0.03443624877469453
-0.010204897362879883
-0.08143178414826124
-0.01956931117570271
0.02432879134386301
0.037453479113841226
-0.027393577402978764
0.0844852260058202
-0.007543661478351282
-0.013771885982464482
-0.04466517994807795
-0.22146034456414654
0.0022689688502968153
0.04823967565580034
0.005082074600808895
0.01046829599036414
0.08653619008305125
0.026458811902690726
0.04299886054755575
0.049538360788050184
0.1417808980890598
-0.08814864178677073
-0.1218059774124729
