0.06761705055254463
-0.0011970474263076625
0.05198789125700998
-0.03695834061658587
-0.06285634704832255
0.012394543666532698
0.02520341309711238
-0.036421638107813514
-0.022368622754905587
0.04790976101641675
-0.027393577402978764
0.06228267241298191
-0.06464003578883037
-0.009357776553262198
-0.0489237727198617
0.0025784297617263974
0.01347000313241331
0.0016709762031741349
-0.08678886069673908
-0.05586089089844393
-0.0005187167995490682
-0.06638125688640528
-0.17661184642248884
0.04665297339942498
0.06605801367827979
0.014471610315426986
-0.17661184642248884
-0.012150300762606037
-0.1218059774124729
0.056736527751481525
-0.2546008091448053
0.0278028767684102
-0.017242733713295877
-0.022368622754905587
-0.028034859824940028
0.05198789125700998
0.07382421435571018
-0.007338419158481102
0.04283497654615154
0.0203593980283987
-0.06258250876081561
0.037453479113841226
0.07586149829868472
-0.0549153461639893
-0.012372140541780041
0.006143668794592827
0.024801788304586125
-0.03270475340709922
-0.04022536987465397
-0.0008948035361102669
0.04790976101641675
-0.005105231073404326
0.045224792909892564
-0.03997727574944321
0.13204555949274965
-0.07075486294590672
0.026653357334457617
0.020446479141682516
0.0216176650818376
-0.010204897362879883
0.06569838178769771
-0.032340875642459466
-0.04022536987465397
0.11522232211929584
-0.038466866176760206
0.030974972656109045
0.03973066370480538
0.001954162314668828
0.018593646962060006
0.056736527751481525
-0.012372140541780041
-0.04126132556270612
-0.019514789449790015
0.05425453554333082
0.0326533364262076
-0.0011970474263076625
0.006265799221320201
0.013040071944516285
-0.05464289541014722
-0.07212958518599066
-0.03458770640829023
-0.009357776553262198
0.06228267241298191
0.04135586741642605
0.04823967565580034
-0.024170822975695394
0.08632977574364098
-0.07892951287026762
-0.07212958518599066
0.018593646962060006
-0.028034859824940028
-0.06258250876081561
0.10240276235625068
0.026458811902690726
0.0016709762031741349
0.023560334148108097
0.05425453554333082
-0.022898889969576786
-0.013771885982464482
0.1417808980890598
0.03861575224405023
0.0326533364262076
0.06994395962703592
-0.06053051312501001
0.025524068456756588
-0.06464003578883037
-0.08143178414826124
0.01724199139330551
0.037107507807760065
0.011999720455214913
-0.05120330655862837
-0.01956931117570271
0.0041948137923384365
-0.08143178414826124
-0.049962429852048906
0.13204555949274965
0.012390402416693647
0.023560334148108097
0.02520341309711238
-0.017242733713295877
0.02708189422255458
-0.022821982956040543
-0.02243129284092049
-0.002205271978588108
-0.06109953281700342
-0.09570667993071069
-0.0011970474263076625
-0.049962429852048906
-0.03695834061658587
0.04371378571481266
-0.1218059774124729
0.13204555949274965
-0.15702055781469149
-0.009357776553262198
0.05799658946616226
0.08799230776265521
0.13480548385110502
0.045224792909892564
0.04920879849315085
0.0027859037974478085
-0.027393577402978764
-0.0038562351615762935
-0.12033949778566289
-0.07212958518599066
0.026653357334457617
-0.05464289541014722
-0.049962429852048906
0.08759468040243501
-0.045496030668886966
0.06925574960452696
0.05198789125700998
-0.0849833488167917
-0.038466866176760206
0.022194058573782982
-0.027462288324585415
0.005082074600808895
0.01579928711915457
-0.03458770640829023
0.017908695057996304
0.024801788304586125
-0.10819102148647719
0.04048653167530425
0.06228267241298191
0.06567138145123597
0.039209693040964666
0.08302714817478662
0.048059232237648075
0.006746455834750975
0.13480548385110502
0.04333086414918519
0.05799658946616226
0.07382421435571018
0.009856619194733796
0.08759468040243501
-0.0357902826629255
-0.05120330655862837
0.025649122658425227
0.04799414960212012
-0.019391257313081667
0.11522232211929584
-0.07892951287026762
-0.022348210496932808
-0.07212958518599066
0.04299886054755575
0.08632977574364098
0.029794720012301212
0.029794720012301212
-0.010204897362879883
-0.04022536987465397
0.0041948137923384365
-0.06285634704832255
-0.010204897362879883
0.05182100602750328
-0.0851300246174862
0.03973066370480538
0.0203593980283987
0.026458811902690726
-0.08285893181375492
0.06567138145123597
-0.0549153461639893
0.0688088340488946
-0.03173275161671363
-0.0549153461639893
0.03208636570286316
0.045224792909892564
0.013065356771912562
0.06316607709876365
0.037453479113841226
0.030974972656109045
-0.01686722086916248
0.07060672059698447
-0.07414653786004877
-0.021161035659430283
-0.013878349100881593
0.08176108754913614
0.04799414960212012
-0.032340875642459466
-0.07212958518599066
0.04790976101641675
-0.07724758378448726
0.056736527751481525
0.08302714817478662
-0.08110299466350668
-0.0851300246174862
-0.06464003578883037
0.039209693040964666
0.08176108754913614
-0.007338419158481102
0.043334141200254805
0.04995452527457189
0.17000938109242547
0.1417808980890598
0.047513051758585334
0.04920879849315085
0.0278028767684102
0.051344950513199095
-0.02862716582831837
-0.09359820865597968
0.10109672394520075
-0.013771885982464482
0.04827168718050601
-0.004841918958801372
-0.06226621690008294
-0.07465345378649157
-0.03997727574944321
0.06318283133468316
0.01046829599036414
-0.2546008091448053
-0.03917887174705115
-0.051670301345440706
0.011553574399841615
0.029794720012301212
-0.013771885982464482
-0.036421638107813514
-0.08678886069673908
0.012299756912504733
-0.06720056781523276
-0.03917887174705115
0.056736527751481525
-0.03045002278091502
0.10240276235625068
0.030122729138618354
0.04469322213864224
0.014471610315426986
0.041840431302949455
-0.0007657730469858848
-0.013771885982464482
-0.022348210496932808
0.0203593980283987
0.04391937482752173
0.05168531023255696
0.030122729138618354
0.01661350063361855
-0.01956931117570271
-0.01844849936066506
0.03443624877469453
-0.08814864178677073
0.0344322264021244
0.043334141200254805
-0.08110299466350668
0.05425453554333082
0.030974972656109045
0.03208636570286316
0.03973066370480538
0.04920879849315085
0.0576314646823306
0.031017376704207678
-0.047644828679283435
-0.10819102148647719
-0.02496648159475967
0.04590352204112591
0.04823967565580034
0.005173534568482907
0.06364954486786978
-0.06226621690008294
-0.06193714350214741
0.11840346286310233
0.023560334148108097
0.030122729138618354
