-0.0007657730469858848
-0.028034859824940028
-0.015144140805206874
0.022194058573782982
-0.08110299466350668
-0.027393577402978764
0.037453479113841226
-0.03997727574944321
0.051344950513199095
0.0203593980283987
-0.01249170093178087
-0.017136936568830308
-0.06258250876081561
0.04920879849315085
0.026458811902690726
-0.019514789449790015
-0.032340875642459466
-0.06720056781523276
0.006143668794592827
-0.02496648159475967
-0.007317237093852569
-0.014438989348697362
0.08759468040243501
-0.004841918958801372
-0.011743957061684185
-0.01844849936066506
0.006265799221320201
-0.03520416182162833
-0.08285893181375492
0.006265799221320201
-0.060513028914405353
0.07518071596092746
0.0326533364262076
-0.028034859824940028
0.08302714817478662
-0.17661184642248884
0.04606131559255999
0.009856619194733796
0.11840346286310233
-0.03045002278091502
0.0844852260058202
0.04135586741642605
-0.06258250876081561
-0.018864353824572078
0.022194058573782982
0.0512476844333456
-0.015144140805206874
-0.05586089089844393
0.008665176454019985
-0.1218059774124729
0.020567585268201682
0.04283497654615154
-0.08814864178677073
0.15300088602597928
0.0016709762031741349
-0.07075486294590672
-0.038466866176760206
-0.032340875642459466
-0.05416508205116166
-0.019391257313081667
-0.008416174423421019
0.04729149119249154
0.04823967565580034
-0.06258250876081561
-0.051670301345440706
0.0216176650818376
0.04371378571481266
-0.032259158022980294
-0.0002868205956847447
-0.028034859824940028
-0.022622356364218277
-0.012372140541780041
-0.05699148198311299
0.05425453554333082
0.09718899306107964
0.04299886054755575
-0.0008948035361102669
0.022194058573782982
0.020567585268201682
-0.08110299466350668
-0.013771885982464482
-0.0007657730469858848
0.0165919313161762
-0.05464289541014722
-0.037433866920196124
0.04790976101641675
-0.051670301345440706
-0.08143178414826124
-0.03458770640829023
0.048059232237648075
-0.03695834061658587
0.01579928711915457
0.013065356771912562
-0.051670301345440706
-0.03173275161671363
-0.03133707462365809
-0.07892951287026762
-0.0549153461639893
0.17000938109242547
0.049538360788050184
-0.05699148198311299
0.039209693040964666
0.02451643163530548
0.08302714817478662
-0.022622356364218277
-0.09359820865597968
0.056736527751481525
-0.014438989348697362
-0.06258250876081561
-0.022898889969576786
-0.07414653786004877
-0.009357776553262198
-0.06720056781523276
-0.047644828679283435
0.009856619194733796
-0.009588853389239205
0.049538360788050184
0.01613403625846388
-0.03133707462365809
0.01579928711915457
0.006265799221320201
-0.013771885982464482
0.01661350063361855
-0.06638125688640528
-0.01686722086916248
-0.019514789449790015
0.011999720455214913
-0.09359820865597968
-0.007317237093852569
-0.010204897362879883
0.03861575224405023
-0.03520416182162833
0.04920879849315085
0.01347000313241331
-0.005105231073404326
-0.013771885982464482
0.08799230776265521
-0.027462288324585415
-0.050143819123519506
0.005082074600808895
0.04299886054755575
0.023560334148108097
0.04371378571481266
-0.015144140805206874
0.005173534568482907
0.0461992712042818
0.02773636562208104
-0.03458770640829023
-0.01686722086916248
0.08080248335888918
0.10109672394520075
-0.0489237727198617
-0.2546008091448053
-0.10013006587302442
-0.03270475340709922
-0.02496648159475967
-0.05586089089844393
0.006265799221320201
0.007058852839625374
0.08799230776265521
0.06806350229329183
0.0041948137923384365
0.026458811902690726
0.028713620756199987
0.011999720455214913
-0.02243129284092049
0.04299886054755575
-0.07212958518599066
0.05168531023255696
0.06292625909621563
0.05168531023255696
-0.002205271978588108
0.08732358904095427
-0.051670301345440706
-0.2546008091448053
-0.03458770640829023
-0.03458770640829023
0.04665297339942498
-0.05282848588680089
0.019778644828504
0.0216176650818376
0.045224792909892564
0.06761705055254463
0.0027859037974478085
-0.03045002278091502
-0.03997727574944321
0.0278028767684102
0.08799230776265521
-0.0489237727198617
0.018593646962060006
-0.0002495311402075373
0.13204555949274965
-0.10013006587302442
0.05198789125700998
0.06605801367827979
-0.027393577402978764
0.014471610315426986
0.08799230776265521
-0.03563356684104946
-0.017136936568830308
0.04920879849315085
-0.06109953281700342
0.06605801367827979
0.03443624877469453
0.006265799221320201
0.08759468040243501
0.037453479113841226
0.04135586741642605
-0.0357902826629255
0.037453479113841226
0.031017376704207678
0.0022689688502968153
-0.07892951287026762
0.031017376704207678
0.02708189422255458
-0.07465345378649157
-0.07724758378448726
0.01035787819304268
0.08121523150568599
-0.019391257313081667
0.02451643163530548
-0.007317237093852569
0.025524068456756588
-0.07892951287026762
0.0276177252845331
0.056736527751481525
-0.06226621690008294
0.11522232211929584
0.05799658946616226
0.06364954486786978
0.023560334148108097
-0.0038562351615762935
-0.019391257313081667
0.0688088340488946
0.06364954486786978
0.020083040980136246
0.026458811902690726
-0.015144140805206874
0.04729149119249154
-0.08285893181375492
0.041840431302949455
0.10109672394520075
-0.019514789449790015
-0.09359820865597968
0.006143668794592827
-0.05120330655862837
0.08176108754913614
0.04799414960212012
-0.010204897362879883
0.04995452527457189
0.01035787819304268
0.04920879849315085
-0.03520416182162833
-0.013771885982464482
0.0344322264021244
-0.007882998007099573
0.020446479141682516
-0.041376638974308655
-0.0002495311402075373
0.011553574399841615
-0.036421638107813514
0.012394543666532698
0.04135586741642605
0.09718899306107964
0.030122729138618354
0.06364954486786978
-0.013771885982464482
-0.08814864178677073
0.08632977574364098
0.05168531023255696
0.0165919313161762
-0.01844849936066506
-0.05983064969141072
0.1417808980890598
-0.03695834061658587
0.01035787819304268
0.017908695057996304
0.012390402416693647
0.04799414960212012
-0.01956931117570271
0.01035787819304268
0.020446479141682516
0.020083040980136246
-0.007543661478351282
-0.005818111085915234
-0.08110299466350668
0.012299756912504733
0.04391937482752173
0.02451643163530548
-0.0013205999854228878
0.030974972656109045
0.013040071944516285
-0.008416174423421019
0.08759468040243501
-0.010532567714866659
-0.012150300762606037
0.049538360788050184
-0.03045002278091502
0.15300088602597928
