-0.018864353824572078
-0.0007657730469858848
-0.008416174423421019
0.04920879849315085
0.03882682382156144
0.051344950513199095
0.08080248335888918
0.04827168718050601
-0.038466866176760206
0.030122729138618354
-0.03520416182162833
0.01661350063361855
0.04606131559255999
0.0276177252845331
0.02714223291166995
-0.010204897362879883
0.11522232211929584
-0.05699148198311299
0.0022689688502968153
-0.004841918958801372
-0.02496648159475967
0.047513051758585334
0.04995452527457189
0.04823967565580034
-0.06285634704832255
-0.012150300762606037
0.06567138145123597
-0.017242733713295877
0.06567138145123597
-0.06285634704832255
-0.022622356364218277
-0.02862716582831837
-0.08814864178677073
-0.0549153461639893
-0.10013006587302442
-0.0002495311402075373
0.04729149119249154
-0.06638125688640528
0.04135586741642605
-0.07075486294590672
-0.07414653786004877
0.0515617796937029
0.03861575224405023
0.01046829599036414
0.025722681761052968
0.037453479113841226
0.04799414960212012
-0.07465345378649157
-0.09359820865597968
-0.03270475340709922
0.01035787819304268
0.056736527751481525
-0.06226621690008294
0.009856619194733796
0.023512429278589764
0.04135586741642605
-0.038466866176760206
0.07586149829868472
-0.05699148198311299
0.04283497654615154
-0.0038562351615762935
0.05436809318039337
0.0278028767684102
0.04283497654615154
0.04333086414918519
0.026005039289207943
0.05436809318039337
0.0022689688502968153
-0.04126132556270612
0.07518071596092746
0.05799658946616226
0.062467374718552904
0.08302714817478662
-0.05416508205116166
0.10240276235625068
0.08176108754913614
-0.0849833488167917
-0.0357902826629255
0.01046829599036414
-0.08285893181375492
0.06925574960452696
0.1399333926158075
-0.01844849936066506
0.04606131559255999
-0.007338419158481102
0.0515617796937029
-0.010532567714866659
-0.002205271978588108
0.006265799221320201
0.03882682382156144
0.04391937482752173
0.023512429278589764
0.04135586741642605
-0.013771885982464482
-0.0549153461639893
0.04920879849315085
-0.013771885982464482
0.04299886054755575
-0.060513028914405353
-0.03695834061658587
-0.04022536987465397
0.17000938109242547
0.1417808980890598
-0.009588853389239205
0.06761705055254463
0.02708189422255458
-0.013878349100881593
0.04920879849315085
0.17000938109242547
-0.004841918958801372
0.001954162314668828
0.020567585268201682
-0.049962429852048906
0.06761705055254463
-0.060513028914405353
0.023512429278589764
0.015089270086424023
-0.013771885982464482
-0.0849833488167917
0.03882682382156144
-0.05699148198311299
0.030974972656109045
0.0203593980283987
0.05168531023255696
0.020446479141682516
0.006143668794592827
-0.002205271978588108
0.020083040980136246
-0.0038562351615762935
0.04391937482752173
-0.0005187167995490682
0.043334141200254805
-0.005105231073404326
-0.013878349100881593
0.08653619008305125
-0.0007657730469858848
0.08176108754913614
-0.02496648159475967
0.1417808980890598
0.06569838178769771
0.006746455834750975
0.04391937482752173
-0.047644828679283435
-0.032340875642459466
0.04135586741642605
0.01579928711915457
0.03643980545838055
0.04391937482752173
-0.05699148198311299
-0.04126132556270612
0.01716964896203166
0.01579928711915457
-0.01249170093178087
-0.007720686875989813
0.041840431302949455
-0.06638125688640528
0.08121523150568599
-0.06638125688640528
0.04799414960212012
0.003822387934753202
-0.022368622754905587
0.026653357334457617
0.08799230776265521
0.0027859037974478085
-0.05464289541014722
0.030122729138618354
-0.002647647860884561
0.013109728048770641
-0.03173275161671363
0.07382421435571018
-0.09570667993071069
-0.0549153461639893
0.05799658946616226
0.01035787819304268
0.04920879849315085
0.0461992712042818
-0.027789787343500905
0.04391937482752173
-0.0008948035361102669
-0.03695834061658587
0.0326533364262076
0.0576314646823306
-0.05699148198311299
0.04333086414918519
0.020083040980136246
-0.07892951287026762
-0.06258250876081561
0.04995452527457189
-0.06464003578883037
0.03443624877469453
0.01046829599036414
0.048059232237648075
-0.06258250876081561
-0.005105231073404326
-0.002205271978588108
0.0461992712042818
0.03443624877469453
0.0688088340488946
-0.07892951287026762
0.0022689688502968153
-0.08814864178677073
0.06806350229329183
0.03863378364598535
-0.051670301345440706
0.03443624877469453
0.08383912323474085
-0.08126108737944548
-0.017242733713295877
-0.03173275161671363
-0.10819102148647719
0.0844852260058202
0.04823967565580034
-0.08285893181375492
0.01347000313241331
-0.03045002278091502
0.06292625909621563
-0.01956931117570271
0.08105492908796386
0.04135586741642605
0.07586149829868472
0.039209693040964666
0.006746455834750975
0.0844852260058202
0.03863378364598535
0.0515617796937029
0.045224792909892564
0.034283772423341574
0.08105492908796386
0.04823967565580034
0.07060672059698447
-0.07212958518599066
-0.22146034456414654
0.062467374718552904
-0.03563356684104946
0.062467374718552904
-0.07414653786004877
-0.05464289541014722
0.01716964896203166
-0.08285893181375492
-0.08814864178677073
0.034283772423341574
-0.022622356364218277
-0.10013006587302442
0.030122729138618354
-0.03520416182162833
-0.012150300762606037
-0.004841918958801372
0.0025784297617263974
0.028713620756199987
-0.05416508205116166
0.06994395962703592
-0.038466866176760206
-0.06109953281700342
0.051344950513199095
-0.049962429852048906
0.017908695057996304
0.01046829599036414
0.031017376704207678
-0.13034379599603163
0.04823967565580034
0.03973066370480538
0.02714223291166995
-0.08678886069673908
-0.04126132556270612
-0.007882998007099573
0.08302714817478662
-0.05129888770798985
-0.005105231073404326
-0.049962429852048906
0.01724199139330551
0.05425453554333082
-0.05586089089844393
0.0276177252845331
0.07586149829868472
0.008665176454019985
0.04391937482752173
-0.06053051312501001
-0.03270475340709922
-0.041376638974308655
0.0027859037974478085
0.026005039289207943
0.07518071596092746
0.06994395962703592
-0.05282848588680089
0.0326533364262076
-0.012150300762606037
-0.2546008091448053
-0.007882998007099573
-0.009588853389239205
0.022194058573782982
-0.06638125688640528
0.011999720455214913
0.0216176650818376
0.0203593980283987
0.034283772423341574
-0.07892951287026762
-0.07465345378649157
0.03973066370480538
0.029794720012301212
