0.0461992712042818
0.08121523150568599
0.014471610315426986
-0.050143819123519506
-0.022348210496932808
0.02773636562208104
-0.03997727574944321
0.04823967565580034
-0.07892951287026762
-0.050143819123519506
0.07586149829868472
-0.03997727574944321
-0.047644828679283435
0.025722681761052968
-0.07075486294590672
-0.032340875642459466
-0.08126108737944548
-0.041376638974308655
0.06316607709876365
-0.07724758378448726
-0.06193714350214741
-0.06464003578883037
0.0326533364262076
-0.09570667993071069
-0.09432889171755221
0.012394543666532698
-0.06720056781523276
0.020567585268201682
0.06994395962703592
0.039209693040964666
-0.007720686875989813
-0.011743957061684185
-0.05416508205116166
0.08632977574364098
-0.005818111085915234
0.04590352204112591
0.020083040980136246
0.017908695057996304
0.07060672059698447
-0.13034379599603163
-0.08143178414826124
0.06318283133468316
-0.036421638107813514
0.026005039289207943
-0.01249170093178087
-0.002205271978588108
0.08759468040243501
-0.01249170093178087
-0.007317237093852569
0.03882682382156144
0.008505479129739868
0.05168531023255696
0.045224792909892564
0.10240276235625068
-0.0005187167995490682
-0.027462288324585415
0.06605801367827979
-0.09570667993071069
-0.007338419158481102
-0.06258250876081561
0.02773636562208104
-0.008416174423421019
0.08302714817478662
-0.041376638974308655
0.030122729138618354
-0.06285634704832255
0.04135586741642605
-0.0011970474263076625
0.05182100602750328
0.05425453554333082
-0.0002495311402075373
0.026458811902690726
0.03994035520780326
0.03973066370480538
-0.0013205999854228878
0.009856619194733796
0.02773636562208104
0.10109672394520075
0.026653357334457617
0.07060672059698447
0.03208636570286316
0.01716964896203166
-0.07465345378649157
0.02520341309711238
-0.03695834061658587
0.022194058573782982
0.15300088602597928
0.011553574399841615
-0.03173275161671363
0.08080248335888918
0.020446479141682516
-0.0007657730469858848
-0.018864353824572078
0.15300088602597928
-0.0489237727198617
-0.015144140805206874
0.07586149829868472
0.017908695057996304
0.04283497654615154
0.034283772423341574
0.039209693040964666
0.062467374718552904
0.05182100602750328
-0.06464003578883037
-0.06720056781523276
0.05182100602750328
0.018593646962060006
0.051344950513199095
0.007058852839625374
-0.051670301345440706
-0.06053051312501001
-0.07724758378448726
0.014780240742707562
0.0688088340488946
0.04333086414918519
-0.019391257313081667
0.022821768641877682
0.013065356771912562
-0.02375973362478856
-0.08721982612879486
0.0461992712042818
0.08799230776265521
-0.06226621690008294
0.04606131559255999
-0.06053051312501001
0.01661350063361855
-0.049962429852048906
0.022194058573782982
0.014780240742707562
0.008665176454019985
0.023512429278589764
0.030122729138618354
0.04391937482752173
0.0041948137923384365
-0.022622356364218277
0.018593646962060006
-0.05120330655862837
-0.018864353824572078
-0.05586089089844393
-0.018864353824572078
-0.0011970474263076625
0.06318283133468316
0.06318283133468316
0.048059232237648075
0.04590352204112591
-0.03917887174705115
0.02714223291166995
-0.02496648159475967
-0.05282848588680089
-0.007317237093852569
0.0276177252845331
0.10240276235625068
0.023560334148108097
0.023512429278589764
0.008505479129739868
-0.07075486294590672
0.003822387934753202
-0.06720056781523276
-0.05699148198311299
-0.08721982612879486
0.0344322264021244
-0.011743957061684185
-0.017136936568830308
0.04283497654615154
0.04799414960212012
-0.007720686875989813
-0.17661184642248884
-0.022898889969576786
0.08653619008305125
-0.051670301345440706
0.04048653167530425
-0.0002868205956847447
-0.04022536987465397
0.05799658946616226
-0.038466866176760206
-0.036421638107813514
-0.050143819123519506
0.04380656992791998
-0.03563356684104946
-0.027393577402978764
0.019778644828504
0.056736527751481525
-0.049962429852048906
0.039209693040964666
-0.22146034456414654
0.034283772423341574
-0.13034379599603163
0.04048653167530425
0.045224792909892564
0.037453479113841226
0.014471610315426986
0.008505479129739868
0.023512429278589764
0.05182100602750328
0.08653619008305125
0.06806350229329183
-0.03133707462365809
0.05168531023255696
0.018593646962060006
-0.13034379599603163
0.039209693040964666
-0.06258250876081561
0.012390402416693647
0.047513051758585334
-0.022898889969576786
0.008665176454019985
0.051344950513199095
0.023560334148108097
0.04665297339942498
-0.07892951287026762
-0.13034379599603163
0.0022689688502968153
-0.045496030668886966
-0.06258250876081561
-0.09432889171755221
-0.01844849936066506
-0.027462288324585415
0.17000938109242547
-0.0002868205956847447
-0.009357776553262198
-0.04126132556270612
0.03863378364598535
-0.06226621690008294
-0.09359820865597968
0.01716964896203166
0.1399333926158075
0.0844852260058202
-0.10819102148647719
0.03861575224405023
0.01035787819304268
0.020083040980136246
-0.0011970474263076625
-0.06638125688640528
-0.02375973362478856
-0.004841918958801372
0.049538360788050184
-0.022898889969576786
0.017908695057996304
-0.03133707462365809
0.08105492908796386
0.030122729138618354
0.07382421435571018
0.03443624877469453
-0.03270475340709922
-0.08143178414826124
0.013040071944516285
0.02708189422255458
-0.03695834061658587
-0.027462288324585415
-0.019391257313081667
0.047513051758585334
0.029794720012301212
0.008665176454019985
0.03863378364598535
-0.06226621690008294
-0.007338419158481102
0.025649122658425227
-0.010204897362879883
0.09718899306107964
-0.013771885982464482
-0.060513028914405353
0.04135586741642605
0.04827168718050601
0.020083040980136246
-0.03997727574944321
0.020567585268201682
-0.05983064969141072
-0.027788545411032928
0.03643980545838055
0.031017376704207678
-0.0005187167995490682
-0.10013006587302442
0.05182100602750328
0.030974972656109045
-0.09570667993071069
0.02773636562208104
-0.032259158022980294
-0.027788545411032928
-0.07892951287026762
-0.013878349100881593
-0.05282848588680089
0.062467374718552904
-0.08110299466350668
-0.0013205999854228878
0.0344322264021244
-0.2546008091448053
-0.05120330655862837
-0.007338419158481102
0.06318283133468316
0.13480548385110502
-0.06638125688640528
0.006143668794592827
0.17000938109242547
0.01724199139330551
0.01579928711915457
-0.041376638974308655
0.045224792909892564
-0.022622356364218277
0.1399333926158075
