0.013065356771912562
0.006746455834750975
-0.0357902826629255
-0.03520416182162833
-0.024170822975695394
0.037453479113841226
-0.06720056781523276
0.015089270086424023
0.03861575224405023
-0.0008948035361102669
0.031017376704207678
0.005173534568482907
0.04995452527457189
0.014471610315426986
0.05436809318039337
0.041840431302949455
-0.01249170093178087
-0.01956931117570271
0.04590352204112591
-0.12033949778566289
-0.049962429852048906
0.0022689688502968153
-0.08285893181375492
0.056736527751481525
-0.09570667993071069
0.051344950513199095
-0.08143178414826124
0.02520341309711238
-0.032340875642459466
0.030122729138618354
-0.027462288324585415
0.012390402416693647
0.001954162314668828
0.04827168718050601
-0.019391257313081667
0.01046829599036414
0.06228267241298191
0.06567138145123597
0.05182100602750328
0.023560334148108097
-0.0005187167995490682
0.02432879134386301
0.03443624877469453
0.08759468040243501
-0.08285893181375492
0.08653619008305125
-0.04466517994807795
-0.08285893181375492
-0.05120330655862837
-0.051670301345440706
0.01347000313241331
0.047513051758585334
-0.010532567714866659
-0.17661184642248884
0.02708189422255458
-0.051670301345440706
-0.05464289541014722
0.05799658946616226
0.04827168718050601
0.06364954486786978
0.08383912323474085
0.08383912323474085
0.023512429278589764
-0.03270475340709922
-0.002647647860884561
-0.07075486294590672
-0.05120330655862837
0.02520341309711238
0.06925574960452696
0.031017376704207678
0.003822387934753202
0.13480548385110502
0.023512429278589764
-0.017136936568830308
-0.03695834061658587
-0.0636718542421022
0.026653357334457617
0.11522232211929584
-0.0007657730469858848
0.020083040980136246
0.04333086414918519
-0.06193714350214741
0.03863378364598535
-0.019514789449790015
0.04469322213864224
-0.041376638974308655
0.08653619008305125
-0.0038562351615762935
-0.009357776553262198
-0.05282848588680089
-0.06193714350214741
0.04391937482752173
0.025649122658425227
0.05436809318039337
0.06994395962703592
0.029794720012301212
0.013065356771912562
0.015089270086424023
0.01661350063361855
0.10109672394520075
-0.06638125688640528
0.04371378571481266
0.039209693040964666
0.031017376704207678
0.02714223291166995
-0.03133707462365809
-0.0357902826629255
-0.007543661478351282
0.01613403625846388
0.06318283133468316
-0.10013006587302442
-0.0038562351615762935
-0.007338419158481102
0.039209693040964666
0.037453479113841226
0.08653619008305125
-0.060513028914405353
0.01613403625846388
0.10109672394520075
-0.03917887174705115
-0.15702055781469149
0.13204555949274965
-0.06285634704832255
-0.08126108737944548
0.025722681761052968
0.023560334148108097
0.06761705055254463
-0.0038562351615762935
-0.019514789449790015
0.012390402416693647
0.062467374718552904
-0.03133707462365809
-0.0357902826629255
-0.012372140541780041
-0.027462288324585415
0.026653357334457617
0.08105492908796386
-0.08143178414826124
0.0515617796937029
-0.0636718542421022
-0.06258250876081561
0.006746455834750975
-0.0851300246174862
-0.09570667993071069
-0.012372140541780041
0.04799414960212012
-0.04126132556270612
0.047513051758585334
0.02451643163530548
0.0344322264021244
-0.027788545411032928
-0.05282848588680089
0.008665176454019985
-0.007882998007099573
-0.07075486294590672
0.043334141200254805
-0.022622356364218277
0.025649122658425227
-0.014438989348697362
-0.004841918958801372
0.011999720455214913
-0.02375973362478856
-0.10819102148647719
0.04283497654615154
-0.02862716582831837
0.020083040980136246
0.04665297339942498
0.03443624877469453
0.07586149829868472
0.037107507807760065
0.041840431302949455
-0.0636718542421022
0.07518071596092746
-0.06258250876081561
-0.0636718542421022
0.04920879849315085
-0.0357902826629255
-0.060513028914405353
0.024801788304586125
0.048059232237648075
0.025649122658425227
-0.0008948035361102669
-0.05586089089844393
0.048059232237648075
0.04920879849315085
-0.007720686875989813
0.011553574399841615
-0.002205271978588108
0.023560334148108097
-0.05983064969141072
-0.032340875642459466
0.07060672059698447
-0.0002495311402075373
-0.08126108737944548
-0.02243129284092049
0.13480548385110502
0.009856619194733796
-0.07414653786004877
-0.0005187167995490682
-0.047644828679283435
0.012390402416693647
0.05168531023255696
-0.027788545411032928
-0.004841918958801372
0.1399333926158075
-0.051670301345440706
0.01699193585620762
-0.03520416182162833
0.05436809318039337
0.04606131559255999
0.02520341309711238
0.039209693040964666
-0.032340875642459466
0.0022689688502968153
-0.009588853389239205
0.07586149829868472
0.022821768641877682
0.06228267241298191
-0.022898889969576786
-0.07724758378448726
0.047513051758585334
0.07518071596092746
-0.022898889969576786
-0.012372140541780041
0.037453479113841226
-0.027393577402978764
0.02708189422255458
0.013040071944516285
0.03882682382156144
0.01661350063361855
0.0276177252845331
-0.0011970474263076625
0.08080248335888918
-0.0357902826629255
-0.019514789449790015
0.08176108754913614
-0.007543661478351282
-0.10819102148647719
-0.0002495311402075373
0.013040071944516285
0.025649122658425227
-0.09359820865597968
0.012299756912504733
0.0016709762031741349
0.006143668794592827
-0.0549153461639893
0.06567138145123597
0.01613403625846388
-0.017242733713295877
0.06806350229329183
-0.049962429852048906
0.0461992712042818
-0.04466517994807795
0.005173534568482907
0.030122729138618354
-0.03270475340709922
0.05168531023255696
0.026005039289207943
-0.05416508205116166
-0.09359820865597968
0.05436809318039337
-0.22146034456414654
-0.009357776553262198
-0.10013006587302442
0.013065356771912562
-0.07212958518599066
0.006143668794592827
-0.08285893181375492
-0.014438989348697362
0.01724199139330551
0.06292625909621563
0.04299886054755575
0.013040071944516285
-0.08143178414826124
0.0844852260058202
0.04799414960212012
-0.032259158022980294
0.04729149119249154
0.037453479113841226
0.020567585268201682
0.031017376704207678
0.08799230776265521
0.013065356771912562
-0.0549153461639893
0.01347000313241331
0.06806350229329183
0.07382421435571018
0.04391937482752173
-0.05699148198311299
-0.03270475340709922
-0.06226621690008294
0.04606131559255999
-0.027462288324585415
0.04590352204112591
-0.06053051312501001
0.006265799221320201
0.05168531023255696
0.01035787819304268
0.045224792909892564
