-0.04022536987465397
-0.0636718542421022
0.011553574399841615
0.04590352204112591
0.13204555949274965
-0.03133707462365809
-0.07075486294590672
0.026653357334457617
0.003822387934753202
-0.027462288324585415
-0.03133707462365809
-0.0038562351615762935
0.026005039289207943
0.08632977574364098
-0.03563356684104946
-0.027788545411032928
-0.08721982612879486
-0.22146034456414654
0.014780240742707562
-0.0007657730469858848
0.026458811902690726
-0.08126108737944548
-0.0011970474263076625
-0.015144140805206874
0.06605801367827979
-0.060513028914405353
0.0025784297617263974
-0.019391257313081667
0.06806350229329183
0.06292625909621563
0.03973066370480538
0.0515617796937029
0.008665176454019985
0.06318283133468316
-0.09570667993071069
0.08080248335888918
0.020083040980136246
0.15300088602597928
0.15300088602597928
0.022821768641877682
-0.022348210496932808
0.024801788304586125
-0.03997727574944321
0.049538360788050184
-0.0357902826629255
0.03443624877469453
0.04048653167530425
0.02708189422255458
0.0278028767684102
0.0844852260058202
0.08105492908796386
0.007058852839625374
-0.028034859824940028
0.014780240742707562
-0.049962429852048906
0.06316607709876365
0.0165919313161762
-0.027462288324585415
-0.03997727574944321
0.0515617796937029
0.04135586741642605
-0.045496030668886966
-0.05983064969141072
0.0016709762031741349
-0.05120330655862837
0.05799658946616226
0.08632977574364098
0.07586149829868472
0.0216176650818376
0.04729149119249154
-0.009357776553262198
-0.07414653786004877
0.11840346286310233
-0.06053051312501001
0.0027859037974478085
0.03861575224405023
0.028713620756199987
-0.032259158022980294
-0.0002868205956847447
0.047513051758585334
0.05182100602750328
-0.06226621690008294
0.10240276235625068
0.07382421435571018
-0.09570667993071069
-0.06258250876081561
-0.027462288324585415
0.13480548385110502
0.02773636562208104
0.026005039289207943
-0.032259158022980294
-0.05120330655862837
0.019778644828504
0.03208636570286316
0.05182100602750328
0.15300088602597928
0.0203593980283987
0.05425453554333082
0.02520341309711238
0.08759468040243501
0.01716964896203166
0.005173534568482907
0.01347000313241331
0.17000938109242547
0.01661350063361855
-0.13034379599603163
-0.010204897362879883
0.0326533364262076
0.024801788304586125
0.02708189422255458
0.03994035520780326
0.04729149119249154
0.03994035520780326
-0.022348210496932808
-0.08721982612879486
-0.009588853389239205
0.0041948137923384365
-0.037433866920196124
0.07586149829868472
0.13204555949274965
0.0276177252845331
-0.05129888770798985
-0.12033949778566289
0.0025784297617263974
0.0027859037974478085
-0.08126108737944548
-0.005105231073404326
0.006746455834750975
-0.03133707462365809
-0.04022536987465397
0.037107507807760065
-0.07465345378649157
0.0016709762031741349
0.04799414960212012
0.1417808980890598
0.0576314646823306
0.08383912323474085
0.01724199139330551
0.013040071944516285
-0.045496030668886966
-0.03695834061658587
0.06569838178769771
0.04827168718050601
0.04827168718050601
0.005173534568482907
-0.041376638974308655
-0.05416508205116166
0.025524068456756588
0.11522232211929584
0.06567138145123597
0.026653357334457617
-0.0011970474263076625
-0.09570667993071069
0.034283772423341574
-0.0011970474263076625
-0.027462288324585415
-0.060513028914405353
-0.010204897362879883
0.08302714817478662
0.05198789125700998
0.025722681761052968
-0.05120330655862837
0.17000938109242547
0.10109672394520075
-0.045496030668886966
-0.0038562351615762935
0.08653619008305125
0.11840346286310233
-0.007543661478351282
0.06605801367827979
0.06761705055254463
-0.049962429852048906
-0.024170822975695394
0.07518071596092746
0.03994035520780326
0.06605801367827979
0.10109672394520075
0.04665297339942498
0.062467374718552904
0.022194058573782982
0.05182100602750328
0.008505479129739868
-0.014438989348697362
-0.15702055781469149
0.013040071944516285
0.01699193585620762
-0.07075486294590672
0.06567138145123597
0.039209693040964666
0.047513051758585334
-0.05654058267968054
0.011999720455214913
0.007058852839625374
-0.09570667993071069
-0.03270475340709922
-0.0357902826629255
-0.04466517994807795
0.06292625909621563
0.007058852839625374
-0.022622356364218277
-0.07724758378448726
-0.050143819123519506
0.019778644828504
0.030122729138618354
0.005173534568482907
0.03973066370480538
0.030122729138618354
-0.037433866920196124
-0.03520416182162833
0.0278028767684102
0.02432879134386301
0.01661350063361855
0.0022689688502968153
0.005082074600808895
-0.017136936568830308
-0.05654058267968054
0.013040071944516285
-0.1218059774124729
0.04790976101641675
-0.06285634704832255
0.01699193585620762
-0.03997727574944321
0.08653619008305125
0.0344322264021244
-0.021161035659430283
0.047513051758585334
0.04827168718050601
-0.007543661478351282
-0.06258250876081561
0.024801788304586125
-0.022348210496932808
0.03861575224405023
0.0344322264021244
-0.036421638107813514
-0.0011970474263076625
-0.050143819123519506
-0.007720686875989813
-0.06258250876081561
0.005173534568482907
0.0016709762031741349
-0.09570667993071069
-0.036421638107813514
-0.03458770640829023
0.001954162314668828
0.022194058573782982
0.08080248335888918
0.0515617796937029
0.02432879134386301
0.0041948137923384365
-0.009357776553262198
0.025649122658425227
-0.07892951287026762
-0.05699148198311299
-0.0005187167995490682
-0.05464289541014722
0.13204555949274965
-0.03520416182162833
-0.009357776553262198
-0.08814864178677073
0.0688088340488946
0.04469322213864224
0.05425453554333082
-0.007543661478351282
-0.06720056781523276
-0.03173275161671363
0.026653357334457617
0.02714223291166995
-0.07414653786004877
0.008665176454019985
-0.12033949778566289
-0.07212958518599066
0.11840346286310233
-0.007882998007099573
0.014471610315426986
0.003822387934753202
-0.01844849936066506
-0.038466866176760206
-0.018864353824572078
-0.10013006587302442
0.01046829599036414
-0.004841918958801372
0.014471610315426986
0.005173534568482907
0.08176108754913614
0.014780240742707562
-0.05282848588680089
0.020446479141682516
-0.010532567714866659
0.05168531023255696
0.0512476844333456
0.03208636570286316
0.08653619008305125
0.05168531023255696
0.01724199139330551
-0.0008948035361102669
-0.06285634704832255
-0.024170822975695394
-0.0549153461639893
-0.014438989348697362
