-0.012372140541780041
0.07518071596092746
-0.04022536987465397
-0.06720056781523276
0.028713620756199987
-0.0013205999854228878
-0.027788545411032928
-0.022821982956040543
0.08799230776265521
0.07518071596092746
-0.037433866920196124
0.020446479141682516
0.02520341309711238
0.0027859037974478085
0.056736527751481525
-0.005105231073404326
0.1417808980890598
-0.032340875642459466
0.05168531023255696
-0.08814864178677073
-0.04466517994807795
0.10109672394520075
0.01579928711915457
0.06228267241298191
0.0326533364262076
-0.047644828679283435
-0.08814864178677073
0.0276177252845331
0.06228267241298191
-0.022622356364218277
0.04590352204112591
0.062467374718552904
0.05436809318039337
-0.04466517994807795
0.0022689688502968153
0.06605801367827979
-0.012150300762606037
-0.060513028914405353
0.08121523150568599
0.03643980545838055
0.13204555949274965
-0.036421638107813514
-0.0489237727198617
0.025722681761052968
0.05425453554333082
0.01724199139330551
-0.009588853389239205
0.006143668794592827
-0.03695834061658587
-0.02375973362478856
0.030974972656109045
0.0016709762031741349
0.08080248335888918
0.06364954486786978
0.0027859037974478085
0.08080248335888918
0.020567585268201682
-0.0005187167995490682
0.02432879134386301
0.06994395962703592
-0.032340875642459466
0.1417808980890598
-0.019391257313081667
-0.02375973362478856
-0.004841918958801372
-0.012150300762606037
-0.049962429852048906
-0.04126132556270612
0.022821768641877682
-0.013878349100881593
0.005173534568482907
0.03863378364598535
-0.03997727574944321
0.01613403625846388
0.08732358904095427
-0.015144140805206874
0.030122729138618354
-0.01249170093178087
0.013109728048770641
0.017908695057996304
0.01661350063361855
0.018593646962060006
-0.012372140541780041
-0.004841918958801372
0.02451643163530548
0.06605801367827979
0.045224792909892564
0.0512476844333456
-0.08721982612879486
0.025524068456756588
-0.03917887174705115
-0.03173275161671363
-0.032340875642459466
-0.0851300246174862
0.012394543666532698
0.01716964896203166
0.0016709762031741349
0.05182100602750328
0.02520341309711238
-0.0005187167995490682
-0.002205271978588108
0.06318283133468316
-0.018864353824572078
0.06364954486786978
0.026653357334457617
0.0022689688502968153
0.07586149829868472
0.03861575224405023
0.034283772423341574
0.04391937482752173
0.018593646962060006
0.031017376704207678
-0.09570667993071069
-0.021161035659430283
0.031017376704207678
-0.004841918958801372
0.005082074600808895
0.0512476844333456
0.023560334148108097
0.03861575224405023
0.026458811902690726
-0.013878349100881593
-0.06226621690008294
-0.10013006587302442
-0.022898889969576786
0.02432879134386301
0.025649122658425227
-0.02496648159475967
0.13204555949274965
-0.013878349100881593
0.06364954486786978
0.006143668794592827
-0.019391257313081667
0.04665297339942498
-0.05416508205116166
-0.06464003578883037
0.04299886054755575
0.0326533364262076
-0.051670301345440706
-0.010532567714866659
0.03863378364598535
-0.03520416182162833
-0.01956931117570271
-0.15702055781469149
-0.03917887174705115
-0.018864353824572078
-0.05129888770798985
0.02708189422255458
-0.022622356364218277
0.04048653167530425
0.051344950513199095
-0.05416508205116166
-0.0849833488167917
0.008505479129739868
-0.1218059774124729
0.007058852839625374
0.05436809318039337
0.001954162314668828
-0.014438989348697362
0.06605801367827979
-0.041376638974308655
0.015089270086424023
-0.02243129284092049
0.07382421435571018
-0.002205271978588108
0.06292625909621563
0.05425453554333082
0.03643980545838055
0.02451643163530548
0.0688088340488946
0.01661350063361855
-0.032340875642459466
0.025649122658425227
-0.019391257313081667
0.047513051758585334
0.01046829599036414
0.034283772423341574
0.04823967565580034
0.019778644828504
0.04995452527457189
0.043334141200254805
0.04823967565580034
0.022821768641877682
-0.04466517994807795
-0.07212958518599066
-0.007543661478351282
0.006143668794592827
0.07586149829868472
0.0216176650818376
-0.0008948035361102669
-0.03133707462365809
-0.08285893181375492
0.02708189422255458
0.0844852260058202
0.018593646962060006
0.005173534568482907
0.0025784297617263974
0.04590352204112591
0.06567138145123597
-0.018864353824572078
-0.07892951287026762
0.01661350063361855
0.05198789125700998
0.05182100602750328
0.04665297339942498
0.04995452527457189
0.031017376704207678
0.03643980545838055
0.04283497654615154
0.01613403625846388
-0.027393577402978764
0.049538360788050184
0.030122729138618354
-0.03695834061658587
-0.07465345378649157
0.08302714817478662
-0.0013205999854228878
0.006265799221320201
0.023560334148108097
0.025649122658425227
-0.07075486294590672
-0.005818111085915234
0.006143668794592827
-0.017242733713295877
0.1417808980890598
0.04283497654615154
-0.0549153461639893
0.031017376704207678
0.08759468040243501
-0.027462288324585415
0.01716964896203166
-0.007720686875989813
0.13204555949274965
0.1417808980890598
0.04827168718050601
0.014780240742707562
-0.05586089089844393
0.0041948137923384365
0.04790976101641675
-0.17661184642248884
0.0216176650818376
-0.06226621690008294
-0.1218059774124729
0.025649122658425227
-0.03563356684104946
0.03861575224405023
0.04299886054755575
-0.0013205999854228878
-0.05129888770798985
-0.022821982956040543
0.047513051758585334
0.012394543666532698
0.08632977574364098
0.06806350229329183
0.007058852839625374
-0.03270475340709922
-0.05282848588680089
0.04333086414918519
0.04590352204112591
-0.05282848588680089
0.05436809318039337
-0.024170822975695394
-0.005818111085915234
0.041840431302949455
0.03861575224405023
0.02451643163530548
-0.09570667993071069
-0.05699148198311299
0.08302714817478662
-0.01844849936066506
0.02773636562208104
0.04283497654615154
-0.005818111085915234
-0.05464289541014722
0.04920879849315085
0.07382421435571018
0.0461992712042818
0.03643980545838055
0.08105492908796386
-0.018864353824572078
-0.0002495311402075373
-0.024170822975695394
-0.17661184642248884
-0.022622356364218277
-0.045496030668886966
0.039209693040964666
0.020567585268201682
0.06228267241298191
-0.12033949778566289
-0.03458770640829023
0.04823967565580034
0.05198789125700998
-0.032340875642459466
0.0844852260058202
-0.03133707462365809
0.06318283133468316
-0.06053051312501001
0.037453479113841226
-0.0013205999854228878
