-0.024170822975695394
0.062467374718552904
-0.07212958518599066
-0.08721982612879486
-0.0008948035361102669
-0.03133707462365809
-0.0636718542421022
0.09718899306107964
0.04995452527457189
0.008505479129739868
0.022821768641877682
-0.07414653786004877
-0.015144140805206874
-0.07075486294590672
-0.027462288324585415
0.05425453554333082
0.07382421435571018
-0.1218059774124729
-0.03173275161671363
0.05198789125700998
-0.01844849936066506
0.03882682382156144
0.06925574960452696
-0.12033949778566289
-0.02243129284092049
-0.027788545411032928
0.07382421435571018
0.005082074600808895
-0.09432889171755221
-0.036421638107813514
0.037107507807760065
-0.0849833488167917
0.014471610315426986
0.10240276235625068
0.06569838178769771
0.012299756912504733
0.07060672059698447
-0.03173275161671363
0.012394543666532698
-0.03173275161671363
0.013040071944516285
0.07518071596092746
-0.05654058267968054
-0.0849833488167917
0.01046829599036414
0.022194058573782982
-0.05282848588680089
0.020083040980136246
-0.0008948035361102669
0.06316607709876365
-0.009357776553262198
0.025649122658425227
-0.0008948035361102669
0.0278028767684102
0.08632977574364098
0.04590352204112591
-0.05586089089844393
-0.0011970474263076625
0.028713620756199987
0.06364954486786978
-0.05699148198311299
-0.005818111085915234
0.1417808980890598
0.06364954486786978
0.020567585268201682
0.09718899306107964
-0.02496648159475967
0.13204555949274965
0.05168531023255696
-0.019391257313081667
0.06806350229329183
-0.03917887174705115
-0.03997727574944321
-0.13034379599603163
-0.041376638974308655
-0.010204897362879883
0.13480548385110502
-0.12033949778566289
-0.011743957061684185
0.0025784297617263974
0.03443624877469453
0.01716964896203166
0.08759468040243501
0.07382421435571018
-0.022898889969576786
0.0688088340488946
0.06761705055254463
-0.049962429852048906
0.026458811902690726
0.08732358904095427
0.009856619194733796
-0.06464003578883037
-0.027789787343500905
0.051344950513199095
-0.12033949778566289
-0.06109953281700342
0.001954162314668828
-0.1218059774124729
0.01699193585620762
0.17000938109242547
0.011999720455214913
-0.0002868205956847447
0.012390402416693647
-0.08814864178677073
0.013040071944516285
-0.06720056781523276
0.02451643163530548
0.05799658946616226
-0.06638125688640528
-0.007338419158481102
-0.015144140805206874
-0.0851300246174862
-0.045496030668886966
-0.05983064969141072
0.08653619008305125
-0.0038562351615762935
0.05799658946616226
0.039209693040964666
0.11840346286310233
-0.01249170093178087
-0.038466866176760206
-0.008416174423421019
0.04590352204112591
0.025649122658425227
0.051344950513199095
-0.032259158022980294
0.04333086414918519
0.08732358904095427
0.006746455834750975
-0.10013006587302442
0.05799658946616226
0.020567585268201682
0.030974972656109045
-0.05120330655862837
0.0515617796937029
0.04590352204112591
0.04469322213864224
0.05425453554333082
-0.0357902826629255
-0.09432889171755221
-0.04022536987465397
0.04135586741642605
0.030974972656109045
0.056736527751481525
0.01035787819304268
0.011553574399841615
-0.047644828679283435
0.030122729138618354
0.013109728048770641
0.06292625909621563
0.011999720455214913
-0.0038562351615762935
-0.018864353824572078
0.008505479129739868
0.0276177252845331
0.022194058573782982
-0.022348210496932808
0.06364954486786978
0.045224792909892564
-0.08285893181375492
0.06318283133468316
0.03861575224405023
0.01347000313241331
0.04729149119249154
0.011553574399841615
-0.027789787343500905
-0.01686722086916248
-0.009588853389239205
0.17000938109242547
-0.0489237727198617
0.04920879849315085
-0.045496030668886966
0.06569838178769771
-0.04126132556270612
0.03861575224405023
0.006265799221320201
-0.04466517994807795
-0.03997727574944321
0.034283772423341574
0.06364954486786978
-0.022821982956040543
0.020083040980136246
-0.018864353824572078
-0.032340875642459466
-0.002647647860884561
-0.022348210496932808
0.0027859037974478085
-0.09359820865597968
-0.08721982612879486
0.04827168718050601
-0.007720686875989813
0.05198789125700998
-0.07075486294590672
-0.05282848588680089
-0.07724758378448726
-0.013771885982464482
0.0576314646823306
-0.06720056781523276
-0.017242733713295877
-0.12033949778566289
-0.02375973362478856
-0.05129888770798985
0.0688088340488946
0.022821768641877682
-0.027789787343500905
0.06569838178769771
0.008665176454019985
-0.045496030668886966
-0.07212958518599066
0.0461992712042818
0.029794720012301212
0.011553574399841615
-0.024170822975695394
0.08080248335888918
-0.004841918958801372
-0.05983064969141072
-0.032259158022980294
0.08632977574364098
0.08632977574364098
-0.012372140541780041
-0.0013205999854228878
0.08732358904095427
0.039209693040964666
-0.038466866176760206
-0.06720056781523276
-0.07724758378448726
0.04391937482752173
-0.01956931117570271
-0.002647647860884561
0.11840346286310233
-0.010532567714866659
0.10109672394520075
0.023560334148108097
0.15300088602597928
-0.017136936568830308
-0.0849833488167917
-0.007338419158481102
0.023560334148108097
-0.012372140541780041
0.0515617796937029
0.062467374718552904
-0.0489237727198617
0.06567138145123597
-0.02243129284092049
-0.03563356684104946
-0.022622356364218277
0.020567585268201682
-0.04022536987465397
0.011999720455214913
0.020567585268201682
-0.07075486294590672
0.06364954486786978
0.0203593980283987
0.02714223291166995
0.04048653167530425
0.05168531023255696
-0.0636718542421022
0.04590352204112591
-0.0008948035361102669
-0.08143178414826124
0.08105492908796386
0.03994035520780326
-0.041376638974308655
0.06605801367827979
0.048059232237648075
0.06994395962703592
0.039209693040964666
-0.002205271978588108
-0.017242733713295877
0.06364954486786978
0.05436809318039337
-0.019514789449790015
0.04823967565580034
0.07518071596092746
0.022821768641877682
0.04823967565580034
0.01046829599036414
-0.03045002278091502
0.1399333926158075
-0.036421638107813514
0.08176108754913614
0.09718899306107964
-0.047644828679283435
0.08653619008305125
-0.019391257313081667
0.05168531023255696
-0.03045002278091502
-0.036421638107813514
-0.06226621690008294
0.0278028767684102
0.0027859037974478085
0.051344950513199095
0.026653357334457617
0.04299886054755575
-0.045496030668886966
0.008665176454019985
-0.027788545411032928
0.020446479141682516
-0.13034379599603163
