-0.005105231073404326
0.030974972656109045
0.05168531023255696
0.01699193585620762
0.008665176454019985
0.018593646962060006
-0.08814864178677073
-0.015144140805206874
0.0515617796937029
-0.038466866176760206
-0.027462288324585415
0.001954162314668828
-0.0002868205956847447
-0.03045002278091502
-0.09432889171755221
-0.06053051312501001
-0.027788545411032928
-0.02375973362478856
0.007058852839625374
0.05425453554333082
0.02714223291166995
0.001954162314668828
0.10240276235625068
0.04391937482752173
0.045224792909892564
-0.017242733713295877
-0.05282848588680089
0.051344950513199095
0.013040071944516285
0.02520341309711238
-0.0038562351615762935
0.0216176650818376
-0.06226621690008294
0.11840346286310233
0.03443624877469453
0.0216176650818376
0.025524068456756588
0.008505479129739868
-0.05654058267968054
0.07060672059698447
0.026458811902690726
0.02451643163530548
-0.09359820865597968
0.08121523150568599
0.0512476844333456
-0.03173275161671363
0.0344322264021244
-0.002647647860884561
-0.08285893181375492
0.039209693040964666
0.01046829599036414
0.023512429278589764
0.011553574399841615
0.03861575224405023
-0.002205271978588108
0.08799230776265521
0.04283497654615154
0.020567585268201682
0.0688088340488946
0.03882682382156144
-0.09570667993071069
0.05182100602750328
0.020083040980136246
0.0688088340488946
-0.004841918958801372
-0.014438989348697362
-0.014438989348697362
-0.009357776553262198
0.025649122658425227
0.08121523150568599
-0.03045002278091502
0.04299886054755575
0.013040071944516285
0.04469322213864224
0.048059232237648075
0.04590352204112591
-0.010204897362879883
0.04827168718050601
0.0688088340488946
-0.051670301345440706
0.01613403625846388
0.0041948137923384365
-0.041376638974308655
-0.06226621690008294
0.08121523150568599
0.047513051758585334
0.006143668794592827
-0.019391257313081667
0.006265799221320201
0.006143668794592827
0.0515617796937029
-0.041376638974308655
0.08121523150568599
0.06761705055254463
-0.07212958518599066
0.01579928711915457
0.023512429278589764
-0.022898889969576786
0.02520341309711238
0.08799230776265521
0.008505479129739868
0.025649122658425227
0.023560334148108097
0.01579928711915457
-0.05129888770798985
0.1399333926158075
0.06761705055254463
0.013065356771912562
-0.047644828679283435
-0.049962429852048906
-0.032340875642459466
0.06761705055254463
0.025524068456756588
-0.027788545411032928
0.08732358904095427
0.08759468040243501
-0.07724758378448726
0.04827168718050601
-0.06638125688640528
0.0844852260058202
0.06292625909621563
-0.007720686875989813
0.01661350063361855
0.04790976101641675
-0.07892951287026762
0.048059232237648075
0.01347000313241331
0.012394543666532698
0.026653357334457617
0.06605801367827979
0.15300088602597928
0.09718899306107964
0.03443624877469453
0.009856619194733796
0.10109672394520075
0.0016709762031741349
-0.012372140541780041
0.056736527751481525
-0.02496648159475967
-0.0011970474263076625
-0.0011970474263076625
0.043334141200254805
-0.047644828679283435
-0.1218059774124729
-0.002205271978588108
-0.014438989348697362
-0.15702055781469149
0.08121523150568599
0.030974972656109045
0.06316607709876365
-0.007543661478351282
-0.022898889969576786
-0.0008948035361102669
-0.04126132556270612
0.07586149829868472
-0.06109953281700342
-0.0038562351615762935
-0.019391257313081667
-0.1218059774124729
0.012299756912504733
0.04135586741642605
0.04391937482752173
-0.03173275161671363
0.13480548385110502
-0.08126108737944548
-0.07892951287026762
-0.0007657730469858848
0.04823967565580034
0.06806350229329183
-0.0007657730469858848
-0.019514789449790015
-0.027789787343500905
0.11840346286310233
-0.06285634704832255
0.0276177252845331
-0.08678886069673908
-0.007338419158481102
-0.019514789449790015
0.04371378571481266
-0.07075486294590672
0.08653619008305125
-0.018864353824572078
0.0216176650818376
0.008665176454019985
-0.02496648159475967
0.056736527751481525
-0.010204897362879883
0.03443624877469453
0.062467374718552904
0.006143668794592827
-0.011743957061684185
0.04665297339942498
0.06925574960452696
0.049538360788050184
0.04380656992791998
0.008505479129739868
-0.015144140805206874
0.0276177252845331
0.043334141200254805
-0.012150300762606037
0.029794720012301212
-0.0008948035361102669
0.02451643163530548
0.014780240742707562
-0.13034379599603163
-0.13034379599603163
-0.06258250876081561
0.014780240742707562
-0.12033949778566289
0.05182100602750328
0.0022689688502968153
0.014780240742707562
0.02432879134386301
-0.01844849936066506
-0.0636718542421022
-0.009357776553262198
-0.05586089089844393
-0.027788545411032928
0.0203593980283987
0.13480548385110502
0.012299756912504733
0.10109672394520075
-0.027462288324585415
0.02773636562208104
0.09718899306107964
0.04665297339942498
-0.07075486294590672
0.018593646962060006
-0.005818111085915234
-0.09432889171755221
-0.05699148198311299
-0.007543661478351282
-0.019514789449790015
0.037107507807760065
-0.0013205999854228878
0.015089270086424023
-0.0849833488167917
-0.009357776553262198
0.025649122658425227
-0.013771885982464482
0.04391937482752173
0.005082074600808895
0.09718899306107964
0.08732358904095427
0.07586149829868472
-0.05699148198311299
-0.011743957061684185
-0.08110299466350668
-0.0851300246174862
-0.08721982612879486
0.03443624877469453
0.10109672394520075
-0.024170822975695394
-0.03997727574944321
0.17000938109242547
0.037453479113841226
0.04827168718050601
0.03643980545838055
0.020083040980136246
0.013109728048770641
0.06364954486786978
-0.08126108737944548
-0.022368622754905587
0.012394543666532698
0.08759468040243501
0.06806350229329183
-0.06226621690008294
0.0512476844333456
0.01661350063361855
0.08799230776265521
0.022821768641877682
0.006746455834750975
-0.021161035659430283
0.04590352204112591
0.0844852260058202
-0.01249170093178087
-0.024170822975695394
-0.012372140541780041
0.037107507807760065
-0.0851300246174862
-0.0489237727198617
0.028713620756199987
-0.022622356364218277
-0.002205271978588108
0.10109672394520075
0.05198789125700998
-0.007882998007099573
-0.019391257313081667
-0.005105231073404326
-0.002205271978588108
0.04048653167530425
0.06364954486786978
-0.02496648159475967
-0.018864353824572078
0.04371378571481266
-0.03520416182162833
0.037453479113841226
-0.004841918958801372
-0.05464289541014722
