0.06806350229329183
-0.02243129284092049
0.01046829599036414
0.04048653167530425
-0.08110299466350668
0.013109728048770641
-0.0002495311402075373
0.0688088340488946
0.06605801367827979
0.1399333926158075
0.019778644828504
0.0844852260058202
0.008505479129739868
-0.08143178414826124
0.02432879134386301
-0.03917887174705115
-0.03563356684104946
-0.0489237727198617
-0.07212958518599066
-0.06720056781523276
-0.05282848588680089
-0.03045002278091502
0.02708189422255458
-0.04022536987465397
-0.0038562351615762935
0.008505479129739868
-0.045496030668886966
-0.08721982612879486
0.10109672394520075
-0.03045002278091502
0.05168531023255696
0.06228267241298191
-0.036421638107813514
0.062467374718552904
-0.008416174423421019
0.04995452527457189
0.041840431302949455
0.02773636562208104
-0.0489237727198617
-0.03695834061658587
-0.17661184642248884
-0.15702055781469149
0.045224792909892564
0.17000938109242547
-0.009357776553262198
0.06994395962703592
0.08105492908796386
0.08302714817478662
0.030974972656109045
0.06316607709876365
0.034283772423341574
-0.012372140541780041
-0.02496648159475967
0.13204555949274965
0.07586149829868472
0.04729149119249154
0.02708189422255458
-0.06109953281700342
0.015089270086424023
0.0027859037974478085
0.0512476844333456
0.01579928711915457
-0.06226621690008294
0.17000938109242547
0.05425453554333082
0.03643980545838055
-0.07465345378649157
0.056736527751481525
0.07586149829868472
0.03443624877469453
0.04729149119249154
0.034283772423341574
0.02520341309711238
0.03994035520780326
0.04920879849315085
0.03208636570286316
0.06364954486786978
0.01035787819304268
-0.02496648159475967
0.0461992712042818
-0.07414653786004877
0.020567585268201682
-0.07414653786004877
-0.0002868205956847447
-0.032259158022980294
0.04665297339942498
-0.045496030668886966
-0.032259158022980294
-0.05120330655862837
-0.04466517994807795
-0.02375973362478856
0.15300088602597928
0.030122729138618354
-0.01844849936066506
-0.010532567714866659
0.02520341309711238
0.08799230776265521
0.045224792909892564
0.0576314646823306
0.04606131559255999
0.0276177252845331
-0.007720686875989813
-0.0636718542421022
-0.012372140541780041
-0.022348210496932808
0.020567585268201682
0.022194058573782982
-0.15702055781469149
-0.041376638974308655
-0.019514789449790015
-0.008416174423421019
-0.06258250876081561
0.03973066370480538
0.06316607709876365
0.034283772423341574
0.020446479141682516
0.03861575224405023
-0.050143819123519506
0.031017376704207678
0.043334141200254805
0.04823967565580034
0.011999720455214913
0.1399333926158075
0.05436809318039337
0.08799230776265521
0.04606131559255999
0.06925574960452696
-0.03563356684104946
-0.1218059774124729
-0.0005187167995490682
0.04380656992791998
-0.02243129284092049
-0.15702055781469149
0.0216176650818376
0.07060672059698447
0.08632977574364098
0.034283772423341574
-0.01686722086916248
0.018593646962060006
-0.012372140541780041
0.0276177252845331
-0.1218059774124729
-0.03045002278091502
0.034283772423341574
-0.0002868205956847447
0.0461992712042818
-0.01956931117570271
0.056736527751481525
0.020446479141682516
-0.06053051312501001
-0.012372140541780041
0.006143668794592827
0.04729149119249154
-0.002647647860884561
-0.05586089089844393
0.0027859037974478085
0.0276177252845331
0.0515617796937029
0.07586149829868472
0.04048653167530425
-0.03173275161671363
0.03882682382156144
0.0025784297617263974
0.07060672059698447
-0.0013205999854228878
-0.012372140541780041
-0.07212958518599066
0.08176108754913614
-0.03997727574944321
0.08176108754913614
0.04135586741642605
0.022821768641877682
-0.060513028914405353
0.08759468040243501
0.01613403625846388
-0.022348210496932808
0.0022689688502968153
0.037453479113841226
0.022194058573782982
0.014471610315426986
0.06567138145123597
0.0027859037974478085
-0.019514789449790015
-0.037433866920196124
0.017908695057996304
-0.09432889171755221
0.01716964896203166
-0.06053051312501001
-0.032259158022980294
0.17000938109242547
-0.0013205999854228878
0.06605801367827979
-0.03520416182162833
0.028713620756199987
-0.045496030668886966
0.047513051758585334
0.05168531023255696
0.048059232237648075
-0.011743957061684185
-0.060513028914405353
0.013109728048770641
0.011553574399841615
-0.036421638107813514
0.08121523150568599
0.025722681761052968
0.08759468040243501
-0.017242733713295877
-0.032340875642459466
0.006265799221320201
0.009856619194733796
-0.08678886069673908
0.08302714817478662
-0.03520416182162833
-0.022821982956040543
0.04380656992791998
0.04729149119249154
-0.009357776553262198
0.02432879134386301
-0.08678886069673908
0.05799658946616226
-0.012150300762606037
-0.08110299466350668
0.0344322264021244
-0.05120330655862837
-0.022821982956040543
0.04729149119249154
0.04799414960212012
0.056736527751481525
0.04665297339942498
0.0022689688502968153
0.0216176650818376
0.07382421435571018
-0.0002495311402075373
0.0278028767684102
-0.038466866176760206
-0.027788545411032928
0.030122729138618354
-0.06720056781523276
-0.05464289541014722
-0.06109953281700342
0.03443624877469453
0.03882682382156144
-0.027462288324585415
0.008505479129739868
-0.017136936568830308
-0.05129888770798985
0.02520341309711238
-0.036421638107813514
0.0216176650818376
0.03443624877469453
-0.027393577402978764
0.01613403625846388
0.01699193585620762
-0.06258250876081561
-0.049962429852048906
0.03643980545838055
0.012299756912504733
0.08302714817478662
-0.032340875642459466
0.012299756912504733
-0.018864353824572078
0.1399333926158075
-0.02862716582831837
-0.02862716582831837
0.07586149829868472
0.0515617796937029
-0.027393577402978764
-0.017242733713295877
0.06925574960452696
0.0216176650818376
0.04391937482752173
-0.010532567714866659
0.06292625909621563
-0.036421638107813514
-0.008416174423421019
-0.0038562351615762935
-0.002205271978588108
0.0027859037974478085
-0.0038562351615762935
0.030122729138618354
0.039209693040964666
-0.07212958518599066
0.006265799221320201
-0.050143819123519506
-0.07465345378649157
0.04799414960212012
0.025722681761052968
-0.038466866176760206
0.04333086414918519
0.0022689688502968153
0.015089270086424023
-0.1218059774124729
-0.007543661478351282
0.020567585268201682
0.0025784297617263974
0.041840431302949455
-0.0357902826629255
0.04333086414918519
-0.0002495311402075373
