0.025524068456756588
0.06925574960452696
-0.005105231073404326
-0.0005187167995490682
0.06569838178769771
0.01724199139330551
-0.10013006587302442
0.0326533364262076
0.020567585268201682
0.06316607709876365
0.08176108754913614
-0.005105231073404326
-0.03133707462365809
0.0576314646823306
0.04371378571481266
0.05425453554333082
-0.045496030668886966
-0.03997727574944321
0.04920879849315085
0.08653619008305125
0.014780240742707562
-0.02862716582831837
-0.032259158022980294
0.04371378571481266
-0.08285893181375492
-0.09432889171755221
-0.010532567714866659
0.041840431302949455
-0.05654058267968054
-0.007317237093852569
-0.050143819123519506
-0.0357902826629255
0.0512476844333456
-0.027462288324585415
-0.022898889969576786
0.06318283133468316
0.04790976101641675
0.04391937482752173
-0.050143819123519506
0.07382421435571018
0.0688088340488946
-0.017136936568830308
-0.2546008091448053
-0.05586089089844393
-0.041376638974308655
0.09718899306107964
0.07382421435571018
0.037453479113841226
-0.06720056781523276
-0.007882998007099573
0.07382421435571018
-0.013878349100881593
0.020446479141682516
-0.019514789449790015
-0.1218059774124729
0.015089270086424023
-0.09432889171755221
-0.04126132556270612
0.030122729138618354
-0.08126108737944548
0.048059232237648075
-0.004841918958801372
0.05198789125700998
0.0016709762031741349
-0.02375973362478856
0.03208636570286316
-0.03520416182162833
0.0576314646823306
0.030974972656109045
0.025524068456756588
0.04590352204112591
-0.06464003578883037
0.023560334148108097
-0.04466517994807795
0.11522232211929584
0.08176108754913614
-0.05983064969141072
-0.022821982956040543
-0.05699148198311299
0.024801788304586125
-0.036421638107813514
0.06605801367827979
-0.08721982612879486
-0.07724758378448726
0.001954162314668828
-0.011743957061684185
-0.002647647860884561
0.03994035520780326
-0.0007657730469858848
-0.011743957061684185
-0.12033949778566289
-0.07075486294590672
0.06925574960452696
0.17000938109242547
0.037453479113841226
0.04995452527457189
0.15300088602597928
0.1399333926158075
-0.05464289541014722
-0.050143819123519506
-0.03045002278091502
-0.03997727574944321
0.05168531023255696
-0.009588853389239205
-0.10013006587302442
-0.03997727574944321
-0.15702055781469149
0.041840431302949455
-0.05699148198311299
0.08176108754913614
-0.0011970474263076625
0.04799414960212012
-0.07212958518599066
0.0512476844333456
0.049538360788050184
-0.03695834061658587
0.08383912323474085
0.0515617796937029
0.0688088340488946
-0.027788545411032928
-0.10819102148647719
0.062467374718552904
0.08653619008305125
-0.0013205999854228878
-0.041376638974308655
-0.05586089089844393
0.08799230776265521
0.06318283133468316
0.028713620756199987
-0.07892951287026762
-0.06464003578883037
-0.03270475340709922
-0.06109953281700342
0.01699193585620762
0.07382421435571018
-0.03917887174705115
0.08732358904095427
0.07518071596092746
0.03443624877469453
0.01046829599036414
-0.0013205999854228878
0.006265799221320201
0.014780240742707562
0.08759468040243501
-0.050143819123519506
0.026005039289207943
0.04135586741642605
0.06806350229329183
-0.041376638974308655
-0.009357776553262198
-0.03270475340709922
-0.022348210496932808
-0.047644828679283435
-0.06638125688640528
-0.019391257313081667
0.0688088340488946
-0.08678886069673908
-0.06053051312501001
-0.032340875642459466
-0.022898889969576786
-0.04022536987465397
-0.01956931117570271
0.05425453554333082
-0.015144140805206874
0.05436809318039337
-0.047644828679283435
0.03861575224405023
0.018593646962060006
-0.02375973362478856
-0.0357902826629255
-0.022368622754905587
-0.007543661478351282
0.0165919313161762
0.0278028767684102
-0.0038562351615762935
-0.06053051312501001
-0.06464003578883037
-0.0011970474263076625
0.023560334148108097
-0.04126132556270612
0.01035787819304268
-0.0007657730469858848
0.1417808980890598
-0.041376638974308655
-0.007882998007099573
-0.036421638107813514
-0.0002868205956847447
0.04790976101641675
0.02708189422255458
-0.011743957061684185
-0.04466517994807795
-0.03917887174705115
0.01661350063361855
0.06364954486786978
0.04371378571481266
-0.011743957061684185
-0.010204897362879883
-0.017136936568830308
-0.019514789449790015
0.013109728048770641
0.08080248335888918
-0.004841918958801372
0.013109728048770641
-0.013878349100881593
0.06761705055254463
-0.05983064969141072
0.13204555949274965
0.04790976101641675
0.023560334148108097
-0.07212958518599066
-0.0357902826629255
-0.10013006587302442
-0.0549153461639893
0.10240276235625068
0.037453479113841226
0.062467374718552904
-0.06193714350214741
-0.028034859824940028
0.06569838178769771
-0.05282848588680089
-0.022821982956040543
0.01699193585620762
-0.022368622754905587
0.11840346286310233
0.04827168718050601
0.006265799221320201
-0.02375973362478856
0.07060672059698447
-0.022368622754905587
-0.07724758378448726
0.0203593980283987
-0.03173275161671363
0.01724199139330551
-0.08126108737944548
-0.04466517994807795
0.043334141200254805
-0.0636718542421022
0.051344950513199095
0.0276177252845331
-0.0038562351615762935
0.048059232237648075
0.05168531023255696
0.03208636570286316
0.02714223291166995
-0.0008948035361102669
0.05182100602750328
0.10109672394520075
0.026653357334457617
-0.041376638974308655
-0.07075486294590672
0.029794720012301212
-0.041376638974308655
-0.0038562351615762935
-0.01956931117570271
0.0688088340488946
0.020083040980136246
0.04391937482752173
-0.0002868205956847447
0.0278028767684102
0.006143668794592827
-0.1218059774124729
-0.007720686875989813
0.047513051758585334
0.009856619194733796
-0.0489237727198617
0.08653619008305125
0.062467374718552904
-0.012372140541780041
-0.05464289541014722
0.0278028767684102
0.0461992712042818
0.04799414960212012
-0.007317237093852569
0.03863378364598535
0.008505479129739868
0.04391937482752173
0.01699193585620762
0.0203593980283987
-0.04466517994807795
-0.13034379599603163
0.006143668794592827
0.034283772423341574
-0.004841918958801372
-0.09570667993071069
-0.028034859824940028
0.06806350229329183
0.05182100602750328
0.10109672394520075
-0.041376638974308655
0.045224792909892564
0.0461992712042818
0.07060672059698447
0.01347000313241331
0.062467374718552904
-0.01956931117570271
0.031017376704207678
-0.0002495311402075373
-0.027788545411032928
0.07518071596092746
