0.06228267241298191
0.025524068456756588
0.008505479129739868
0.04729149119249154
0.07586149829868472
-0.024170822975695394
-0.013878349100881593
-0.06638125688640528
-0.02496648159475967
0.05425453554333082
0.04048653167530425
0.025722681761052968
-0.011743957061684185
0.041840431302949455
-0.03520416182162833
0.02714223291166995
-0.07212958518599066
-0.0489237727198617
0.06364954486786978
0.06605801367827979
0.08632977574364098
-0.0038562351615762935
-0.013771885982464482
0.023512429278589764
-0.06109953281700342
0.022194058573782982
-0.022898889969576786
-0.002647647860884561
0.01347000313241331
-0.03695834061658587
0.030974972656109045
-0.018864353824572078
0.012299756912504733
0.04729149119249154
-0.007720686875989813
0.02432879134386301
-0.009588853389239205
0.02773636562208104
0.03443624877469453
-0.05586089089844393
0.11522232211929584
0.09718899306107964
0.04790976101641675
0.13204555949274965
0.08176108754913614
0.06925574960452696
0.005082074600808895
0.07518071596092746
-0.005105231073404326
-0.027393577402978764
-0.060513028914405353
0.08653619008305125
0.08121523150568599
-0.011743957061684185
0.01035787819304268
0.05198789125700998
0.05168531023255696
-0.045496030668886966
-0.008416174423421019
0.020446479141682516
-0.013771885982464482
0.003822387934753202
-0.07075486294590672
-0.007720686875989813
0.022821768641877682
-0.08126108737944548
0.003822387934753202
-0.021161035659430283
0.012394543666532698
-0.05654058267968054
-0.050143819123519506
-0.022898889969576786
-0.08678886069673908
0.006265799221320201
0.001954162314668828
-0.04466517994807795
-0.021161035659430283
0.08176108754913614
-0.002205271978588108
0.07518071596092746
-0.002205271978588108
0.012394543666532698
-0.03917887174705115
0.006143668794592827
-0.0011970474263076625
0.04995452527457189
0.03973066370480538
-0.0002868205956847447
0.04135586741642605
0.06364954486786978
-0.0007657730469858848
-0.0011970474263076625
0.08759468040243501
-0.022622356364218277
-0.01844849936066506
0.04790976101641675
-0.022821982956040543
0.0344322264021244
-0.0013205999854228878
0.05182100602750328
-0.03520416182162833
0.01699193585620762
-0.08678886069673908
0.02432879134386301
0.029794720012301212
0.025722681761052968
0.041840431302949455
-0.05464289541014722
-0.0007657730469858848
-0.022821982956040543
0.01579928711915457
0.04283497654615154
-0.02375973362478856
0.001954162314668828
0.039209693040964666
0.06316607709876365
0.03861575224405023
0.04333086414918519
0.0688088340488946
0.006143668794592827
0.0025784297617263974
-0.028034859824940028
0.0461992712042818
0.03863378364598535
0.06605801367827979
0.028713620756199987
-0.08721982612879486
-0.0011970474263076625
-0.013878349100881593
0.06761705055254463
-0.06638125688640528
0.034283772423341574
0.041840431302949455
0.0203593980283987
0.0276177252845331
0.04135586741642605
0.006265799221320201
0.0216176650818376
0.005173534568482907
-0.027789787343500905
0.08080248335888918
0.04333086414918519
-0.05416508205116166
0.11840346286310233
-0.03133707462365809
0.03443624877469453
0.047513051758585334
-0.07892951287026762
0.001954162314668828
-0.005818111085915234
-0.050143819123519506
0.08105492908796386
-0.019391257313081667
-0.0011970474263076625
-0.04022536987465397
0.05436809318039337
0.013065356771912562
-0.0002495311402075373
0.015089270086424023
-0.028034859824940028
-0.010532567714866659
-0.01686722086916248
-0.03917887174705115
-0.03695834061658587
-0.019514789449790015
0.08732358904095427
0.04283497654615154
0.013065356771912562
-0.0013205999854228878
-0.03563356684104946
-0.022821982956040543
0.0688088340488946
0.006143668794592827
0.013109728048770641
0.025524068456756588
-0.03045002278091502
0.031017376704207678
-0.03045002278091502
-0.06285634704832255
-0.005105231073404326
0.13204555949274965
0.04135586741642605
0.13204555949274965
0.10240276235625068
-0.05464289541014722
-0.0008948035361102669
0.17000938109242547
0.08105492908796386
0.023560334148108097
0.05182100602750328
0.01613403625846388
0.07382421435571018
0.030974972656109045
0.1417808980890598
0.08799230776265521
0.045224792909892564
-0.011743957061684185
-0.09570667993071069
0.011999720455214913
-0.060513028914405353
-0.04022536987465397
0.043334141200254805
-0.027788545411032928
0.04823967565580034
0.11840346286310233
-0.022348210496932808
0.0844852260058202
-0.060513028914405353
-0.010204897362879883
0.06605801367827979
0.005173534568482907
-0.0038562351615762935
0.018593646962060006
0.02773636562208104
-0.06638125688640528
0.03443624877469453
0.008505479129739868
-0.022898889969576786
0.0515617796937029
0.05198789125700998
-0.03917887174705115
-0.08285893181375492
0.009856619194733796
-0.060513028914405353
0.007058852839625374
-0.07724758378448726
-0.08814864178677073
-0.0851300246174862
0.04135586741642605
-0.027788545411032928
-0.017242733713295877
0.04790976101641675
-0.04126132556270612
-0.06258250876081561
0.1417808980890598
0.026458811902690726
-0.007720686875989813
0.005173534568482907
-0.036421638107813514
0.07518071596092746
0.06364954486786978
0.06806350229329183
-0.009357776553262198
0.003822387934753202
0.0216176650818376
0.04790976101641675
-0.08721982612879486
-0.09359820865597968
0.041840431302949455
0.04469322213864224
-0.13034379599603163
0.04283497654615154
0.0025784297617263974
-0.02862716582831837
0.08302714817478662
0.0016709762031741349
0.08121523150568599
-0.007338419158481102
0.062467374718552904
-0.2546008091448053
-0.02375973362478856
0.06925574960452696
0.014471610315426986
-0.05129888770798985
-0.005105231073404326
0.01661350063361855
-0.036421638107813514
-0.036421638107813514
0.026458811902690726
0.0025784297617263974
0.0515617796937029
-0.10819102148647719
0.01661350063361855
0.06925574960452696
-0.06109953281700342
0.0276177252845331
0.019778644828504
-0.03997727574944321
0.07382421435571018
-0.012150300762606037
0.08176108754913614
-0.002647647860884561
-0.002647647860884561
-0.08285893181375492
0.03443624877469453
0.0278028767684102
-0.06258250876081561
-0.06258250876081561
-0.022368622754905587
0.022194058573782982
-0.03997727574944321
-0.010204897362879883
-0.06285634704832255
0.02773636562208104
-0.007882998007099573
0.06316607709876365
-0.049962429852048906
0.04590352204112591
-0.04466517994807795
