-0.032259158022980294
-0.12033949778566289
0.026005039289207943
0.03443624877469453
-0.08814864178677073
0.031017376704207678
-0.01686722086916248
-0.045496030668886966
-0.08285893181375492
0.022194058573782982
0.005173534568482907
-0.01686722086916248
-0.0005187167995490682
0.06761705055254463
0.031017376704207678
-0.09570667993071069
-0.009588853389239205
0.10240276235625068
-0.0038562351615762935
-0.017242733713295877
0.04920879849315085
0.01724199139330551
-0.03520416182162833
0.08632977574364098
0.06567138145123597
0.06364954486786978
0.08759468040243501
-0.032259158022980294
0.0216176650818376
-0.036421638107813514
-0.021161035659430283
0.08176108754913614
-0.07724758378448726
0.023560334148108097
-0.01686722086916248
0.045224792909892564
-0.05129888770798985
-0.07075486294590672
0.04606131559255999
-0.12033949778566289
0.08383912323474085
-0.022622356364218277
0.04995452527457189
-0.08110299466350668
-0.018864353824572078
0.02773636562208104
0.01613403625846388
-0.01249170093178087
0.025649122658425227
0.04827168718050601
-0.1218059774124729
-0.08285893181375492
-0.07414653786004877
-0.007543661478351282
0.08759468040243501
0.023560334148108097
-0.017136936568830308
0.06569838178769771
0.043334141200254805
0.022821768641877682
0.0278028767684102
-0.01249170093178087
-0.08678886069673908
0.006746455834750975
0.003822387934753202
0.0027859037974478085
0.03994035520780326
0.04799414960212012
0.009856619194733796
0.01613403625846388
0.08105492908796386
-0.009357776553262198
-0.05699148198311299
0.0344322264021244
0.0022689688502968153
0.013109728048770641
0.04823967565580034
-0.019391257313081667
-0.06285634704832255
-0.07724758378448726
0.10240276235625068
-0.022348210496932808
-0.027788545411032928
0.05799658946616226
-0.08814864178677073
-0.04022536987465397
-0.05464289541014722
0.08105492908796386
0.11840346286310233
0.028713620756199987
-0.0002495311402075373
0.051344950513199095
0.05799658946616226
0.08105492908796386
0.08176108754913614
-0.024170822975695394
-0.007543661478351282
0.001954162314668828
-0.03458770640829023
0.17000938109242547
-0.03917887174705115
0.020446479141682516
-0.0489237727198617
0.062467374718552904
-0.01956931117570271
0.07382421435571018
-0.0008948035361102669
0.015089270086424023
-0.08126108737944548
-0.06109953281700342
0.05168531023255696
-0.08814864178677073
0.0515617796937029
-0.028034859824940028
0.04048653167530425
-0.004841918958801372
-0.0002495311402075373
-0.015144140805206874
0.025524068456756588
0.006265799221320201
-0.038466866176760206
0.03973066370480538
-0.007317237093852569
0.06761705055254463
-0.007882998007099573
-0.002205271978588108
0.009856619194733796
-0.015144140805206874
0.030122729138618354
-0.0038562351615762935
0.04606131559255999
0.025722681761052968
-0.08814864178677073
0.014471610315426986
-0.0002868205956847447
-0.05282848588680089
-0.03695834061658587
-0.06285634704832255
-0.018864353824572078
0.020083040980136246
-0.10013006587302442
-0.0008948035361102669
-0.0038562351615762935
-0.0636718542421022
-0.0849833488167917
0.04333086414918519
0.11840346286310233
0.028713620756199987
-0.06193714350214741
-0.007543661478351282
-0.15702055781469149
0.08653619008305125
0.03643980545838055
0.05182100602750328
-0.050143819123519506
0.07060672059698447
-0.0005187167995490682
0.04391937482752173
0.08799230776265521
-0.009357776553262198
-0.04022536987465397
-0.010532567714866659
-0.03695834061658587
-0.1218059774124729
0.04995452527457189
0.0025784297617263974
0.01579928711915457
0.013065356771912562
0.06316607709876365
0.06994395962703592
0.012394543666532698
0.014780240742707562
0.008505479129739868
-0.1218059774124729
-0.024170822975695394
0.01035787819304268
-0.0549153461639893
0.0276177252845331
-0.13034379599603163
-0.10013006587302442
-0.02862716582831837
0.025649122658425227
0.0203593980283987
-0.005818111085915234
-0.06193714350214741
0.0688088340488946
-0.007317237093852569
-0.012372140541780041
-0.08678886069673908
-0.04126132556270612
-0.036421638107813514
0.01661350063361855
0.04606131559255999
0.03863378364598535
0.03208636570286316
-0.03173275161671363
0.014780240742707562
-0.011743957061684185
-0.01844849936066506
-0.002647647860884561
0.09718899306107964
-0.07414653786004877
0.06569838178769771
0.020446479141682516
0.04380656992791998
0.04469322213864224
0.08383912323474085
0.02520341309711238
-0.007882998007099573
0.048059232237648075
0.037107507807760065
-0.041376638974308655
-0.05699148198311299
0.04283497654615154
0.023560334148108097
0.0203593980283987
0.08799230776265521
-0.04126132556270612
0.08302714817478662
-0.036421638107813514
-0.09432889171755221
0.037107507807760065
-0.0007657730469858848
0.025722681761052968
0.07518071596092746
-0.07414653786004877
0.04590352204112591
0.05198789125700998
0.04920879849315085
0.08080248335888918
-0.007882998007099573
-0.0002495311402075373
-0.038466866176760206
0.06994395962703592
0.031017376704207678
-0.01844849936066506
0.06318283133468316
0.08105492908796386
-0.027789787343500905
0.05182100602750328
0.04135586741642605
0.08383912323474085
0.02714223291166995
0.06318283133468316
0.029794720012301212
0.01613403625846388
0.003822387934753202
-0.017136936568830308
0.013040071944516285
0.012299756912504733
-0.011743957061684185
0.07518071596092746
0.1399333926158075
-0.017242733713295877
-0.0005187167995490682
0.026458811902690726
-0.009588853389239205
0.011999720455214913
0.08302714817478662
0.05198789125700998
-0.06226621690008294
0.045224792909892564
0.0165919313161762
0.034283772423341574
-0.017242733713295877
0.04391937482752173
0.08653619008305125
0.022194058573782982
-0.050143819123519506
-0.08721982612879486
0.05425453554333082
-0.007543661478351282
0.07518071596092746
0.022821768641877682
-0.051670301345440706
0.01579928711915457
-0.09570667993071069
-0.02862716582831837
0.018593646962060006
0.04333086414918519
0.03643980545838055
-0.022368622754905587
0.047513051758585334
0.0027859037974478085
0.0326533364262076
-0.07212958518599066
0.1399333926158075
-0.0002868205956847447
-0.032259158022980294
0.02451643163530548
-0.07075486294590672
0.15300088602597928
0.04380656992791998
0.01613403625846388
0.04380656992791998
0.045224792909892564
0.07518071596092746
0.03882682382156144
-0.0489237727198617
