0.0576314646823306
-0.012372140541780041
-0.002205271978588108
-0.04022536987465397
0.006746455834750975
-0.07724758378448726
-0.012150300762606037
0.024801788304586125
-0.019391257313081667
-0.010204897362879883
0.043334141200254805
-0.03917887174705115
0.05182100602750328
0.0515617796937029
0.062467374718552904
-0.038466866176760206
0.0844852260058202
-0.027789787343500905
0.026458811902690726
0.008505479129739868
-0.09359820865597968
-0.03917887174705115
0.05168531023255696
-0.05282848588680089
0.04333086414918519
-0.08126108737944548
-0.08814864178677073
-0.08678886069673908
0.06761705055254463
-0.027393577402978764
-0.007543661478351282
0.02927401578257438
0.03994035520780326
0.04283497654615154
-0.02496648159475967
0.012299756912504733
0.051344950513199095
0.04391937482752173
-0.06053051312501001
0.02432879134386301
-0.02496648159475967
-0.03045002278091502
-0.0005187167995490682
0.018593646962060006
0.003822387934753202
0.020567585268201682
0.06761705055254463
-0.10819102148647719
-0.0008948035361102669
0.006746455834750975
0.13480548385110502
-0.06109953281700342
-0.007720686875989813
0.02520341309711238
0.0844852260058202
-0.01956931117570271
0.005082074600808895
-0.06226621690008294
0.05436809318039337
-0.007720686875989813
0.13480548385110502
0.022194058573782982
0.02927401578257438
0.020446479141682516
0.07518071596092746
0.10240276235625068
-0.0002868205956847447
0.031017376704207678
-0.03133707462365809
0.08105492908796386
-0.13034379599603163
0.0203593980283987
-0.027789787343500905
-0.0636718542421022
0.06569838178769771
0.009856619194733796
0.01716964896203166
0.17000938109242547
0.02432879134386301
0.03861575224405023
0.04823967565580034
-0.07414653786004877
0.06994395962703592
0.04380656992791998
0.02451643163530548
-0.03173275161671363
-0.15702055781469149
0.04920879849315085
0.04590352204112591
0.022194058573782982
0.04391937482752173
0.003822387934753202
0.05436809318039337
0.026458811902690726
-0.04466517994807795
-0.08678886069673908
-0.004841918958801372
0.02773636562208104
0.01347000313241331
-0.0011970474263076625
0.04371378571481266
0.014471610315426986
0.02773636562208104
0.019778644828504
0.028713620756199987
-0.07892951287026762
-0.014438989348697362
0.0165919313161762
0.01613403625846388
0.05168531023255696
-0.05282848588680089
-0.07075486294590672
-0.009357776553262198
0.008505479129739868
0.022821768641877682
-0.15702055781469149
0.04333086414918519
-0.01844849936066506
0.15300088602597928
0.0203593980283987
-0.08814864178677073
0.05436809318039337
0.02773636562208104
-0.005818111085915234
0.009856619194733796
0.030122729138618354
-0.01686722086916248
-0.01844849936066506
0.013109728048770641
0.02708189422255458
0.048059232237648075
0.04827168718050601
-0.05654058267968054
0.022821768641877682
0.0576314646823306
0.015089270086424023
0.07060672059698447
-0.032259158022980294
0.001954162314668828
-0.10819102148647719
-0.002647647860884561
0.0515617796937029
0.020567585268201682
0.08302714817478662
0.030122729138618354
-0.013771885982464482
0.018593646962060006
-0.028034859824940028
0.05425453554333082
0.0025784297617263974
0.02708189422255458
-0.007543661478351282
-0.01249170093178087
-0.027788545411032928
0.013065356771912562
-0.028034859824940028
-0.22146034456414654
-0.05699148198311299
-0.07414653786004877
-0.014438989348697362
0.018593646962060006
0.05436809318039337
0.025649122658425227
-0.01844849936066506
0.06994395962703592
0.04380656992791998
-0.007882998007099573
-0.05654058267968054
-0.051670301345440706
0.04823967565580034
0.07518071596092746
0.034283772423341574
0.039209693040964666
0.009856619194733796
0.06228267241298191
0.0022689688502968153
-0.1218059774124729
0.03863378364598535
-0.03045002278091502
0.06228267241298191
0.13480548385110502
0.04827168718050601
-0.08285893181375492
-0.047644828679283435
0.006265799221320201
-0.02862716582831837
0.11840346286310233
-0.050143819123519506
0.03863378364598535
0.05799658946616226
-0.07212958518599066
0.041840431302949455
-0.032259158022980294
0.06364954486786978
-0.06638125688640528
-0.05699148198311299
0.0326533364262076
0.02451643163530548
-0.0489237727198617
-0.03458770640829023
-0.045496030668886966
-0.01249170093178087
-0.08721982612879486
-0.03173275161671363
-0.05586089089844393
-0.013771885982464482
0.01579928711915457
0.03863378364598535
0.11840346286310233
0.02520341309711238
-0.1218059774124729
-0.03520416182162833
0.04333086414918519
-0.07414653786004877
-0.007317237093852569
0.022821768641877682
0.06994395962703592
0.0461992712042818
0.0041948137923384365
-0.009357776553262198
0.06994395962703592
0.01699193585620762
0.006143668794592827
-0.01844849936066506
0.04790976101641675
-0.015144140805206874
-0.010204897362879883
0.1417808980890598
-0.06464003578883037
0.006143668794592827
0.025524068456756588
-0.03458770640829023
0.08302714817478662
-0.03695834061658587
0.03994035520780326
0.028713620756199987
-0.041376638974308655
0.017908695057996304
0.020567585268201682
0.06567138145123597
0.0576314646823306
0.08799230776265521
-0.022898889969576786
0.012394543666532698
-0.007543661478351282
0.015089270086424023
-0.06258250876081561
0.017908695057996304
0.06925574960452696
0.02451643163530548
0.05425453554333082
-0.07075486294590672
-0.021161035659430283
0.02714223291166995
-0.03133707462365809
-0.005818111085915234
0.008665176454019985
0.11522232211929584
-0.018864353824572078
0.01046829599036414
0.013065356771912562
0.007058852839625374
-0.05120330655862837
0.08302714817478662
-0.08721982612879486
0.0326533364262076
-0.012372140541780041
0.0216176650818376
-0.02375973362478856
-0.03520416182162833
0.04606131559255999
-0.06258250876081561
0.0016709762031741349
0.023512429278589764
-0.022368622754905587
0.04606131559255999
-0.011743957061684185
-0.0038562351615762935
0.03882682382156144
0.08176108754913614
-0.0549153461639893
0.013109728048770641
-0.037433866920196124
-0.06720056781523276
0.0203593980283987
-0.007720686875989813
0.005082074600808895
0.06316607709876365
0.06605801367827979
0.11840346286310233
0.041840431302949455
-0.0008948035361102669
0.01613403625846388
0.0165919313161762
-0.01844849936066506
-0.05120330655862837
0.13480548385110502
0.013065356771912562
-0.002647647860884561
