-0.007338419158481102
0.022194058573782982
-0.007317237093852569
0.006265799221320201
0.037453479113841226
0.028713620756199987
-0.012150300762606037
0.01035787819304268
0.020446479141682516
0.05799658946616226
-0.0489237727198617
0.009856619194733796
0.13480548385110502
-0.07414653786004877
0.04371378571481266
0.012390402416693647
0.03882682382156144
-0.002205271978588108
-0.022821982956040543
0.0025784297617263974
0.08105492908796386
0.056736527751481525
0.043334141200254805
0.025722681761052968
0.0025784297617263974
0.017908695057996304
0.047513051758585334
0.02451643163530548
-0.08143178414826124
-0.10013006587302442
0.019778644828504
0.06318283133468316
0.02451643163530548
0.012394543666532698
0.1417808980890598
-0.06464003578883037
-0.050143819123519506
0.051344950513199095
0.0203593980283987
0.04283497654615154
0.06761705055254463
0.014471610315426986
0.1399333926158075
0.05799658946616226
0.026458811902690726
0.0576314646823306
0.013040071944516285
-0.027462288324585415
0.02708189422255458
-0.007543661478351282
-0.038466866176760206
-0.10819102148647719
-0.028034859824940028
0.06761705055254463
-0.037433866920196124
0.03208636570286316
-0.004841918958801372
0.026458811902690726
0.018593646962060006
0.0278028767684102
-0.012372140541780041
0.04790976101641675
-0.027462288324585415
0.0203593980283987
0.05168531023255696
-0.060513028914405353
-0.08143178414826124
0.023512429278589764
0.08732358904095427
0.0041948137923384365
-0.06638125688640528
-0.041376638974308655
-0.06053051312501001
-0.009588853389239205
-0.07075486294590672
-0.08721982612879486
0.030122729138618354
0.05168531023255696
0.04283497654615154
0.10109672394520075
-0.02862716582831837
-0.02496648159475967
-0.005818111085915234
0.009856619194733796
-0.06226621690008294
0.014780240742707562
0.04283497654615154
-0.019391257313081667
0.01046829599036414
-0.022368622754905587
0.01699193585620762
-0.019514789449790015
0.025524068456756588
-0.03458770640829023
0.006746455834750975
0.01661350063361855
-0.0011970474263076625
0.0041948137923384365
0.04799414960212012
0.04995452527457189
0.024801788304586125
-0.09359820865597968
0.0844852260058202
0.04799414960212012
-0.060513028914405353
-0.028034859824940028
-0.07075486294590672
0.0203593980283987
-0.06720056781523276
0.011999720455214913
-0.0489237727198617
-0.07414653786004877
0.1417808980890598
-0.01686722086916248
-0.09570667993071069
-0.08721982612879486
-0.05416508205116166
-0.007720686875989813
-0.2546008091448053
-0.05586089089844393
-0.007543661478351282
-0.019391257313081667
-0.08143178414826124
0.01613403625846388
0.06316607709876365
0.01724199139330551
-0.05120330655862837
-0.07724758378448726
-0.024170822975695394
0.014780240742707562
-0.005105231073404326
0.030974972656109045
0.08632977574364098
-0.03520416182162833
-0.10013006587302442
-0.06053051312501001
0.007058852839625374
0.003822387934753202
0.006746455834750975
0.04823967565580034
-0.007882998007099573
0.0041948137923384365
-0.07075486294590672
-0.09570667993071069
0.06292625909621563
0.011553574399841615
0.008665176454019985
-0.05129888770798985
0.01699193585620762
-0.05282848588680089
0.0688088340488946
0.06925574960452696
-0.09570667993071069
-0.007338419158481102
0.13204555949274965
0.043334141200254805
-0.05282848588680089
-0.019514789449790015
0.007058852839625374
-0.06638125688640528
-0.06226621690008294
-0.13034379599603163
-0.032259158022980294
-0.08814864178677073
0.062467374718552904
0.025649122658425227
0.006265799221320201
-0.022622356364218277
0.025524068456756588
0.04823967565580034
-0.02496648159475967
-0.05699148198311299
0.0688088340488946
-0.0636718542421022
0.025649122658425227
0.04299886054755575
0.049538360788050184
-0.022898889969576786
0.04606131559255999
0.012390402416693647
-0.03520416182162833
-0.06464003578883037
0.04823967565580034
0.1417808980890598
-0.007720686875989813
0.02451643163530548
0.04380656992791998
0.11840346286310233
0.08302714817478662
0.08759468040243501
-0.051670301345440706
-0.07724758378448726
0.01347000313241331
0.05168531023255696
0.051344950513199095
0.05198789125700998
0.0203593980283987
0.051344950513199095
-0.032259158022980294
0.0203593980283987
-0.03917887174705115
0.04823967565580034
-0.013878349100881593
0.07586149829868472
0.06806350229329183
0.019778644828504
-0.03917887174705115
-0.005105231073404326
-0.07724758378448726
0.026458811902690726
0.08383912323474085
-0.007338419158481102
0.01716964896203166
-0.0008948035361102669
-0.03173275161671363
0.03443624877469453
0.02708189422255458
-0.010204897362879883
-0.045496030668886966
0.056736527751481525
-0.009357776553262198
0.04590352204112591
-0.03045002278091502
-0.01844849936066506
0.07060672059698447
0.13204555949274965
-0.051670301345440706
0.0276177252845331
0.06569838178769771
0.011999720455214913
-0.051670301345440706
-0.008416174423421019
-0.06720056781523276
0.026458811902690726
-0.06720056781523276
-0.05464289541014722
0.11840346286310233
0.02927401578257438
0.014780240742707562
-0.06226621690008294
-0.050143819123519506
-0.0002868205956847447
-0.06053051312501001
-0.06720056781523276
-0.0549153461639893
-0.027462288324585415
-0.0013205999854228878
0.022821768641877682
-0.04466517994807795
-0.027789787343500905
0.02432879134386301
-0.07724758378448726
-0.007317237093852569
0.02708189422255458
0.09718899306107964
-0.22146034456414654
0.048059232237648075
-0.009588853389239205
0.0512476844333456
-0.05416508205116166
-0.03563356684104946
-0.050143819123519506
-0.008416174423421019
-0.01956931117570271
0.08732358904095427
0.1417808980890598
0.04380656992791998
-0.036421638107813514
0.08105492908796386
0.0203593980283987
-0.008416174423421019
0.04799414960212012
0.05168531023255696
-0.10819102148647719
0.02451643163530548
-0.011743957061684185
-0.02375973362478856
0.0461992712042818
-0.08814864178677073
0.1399333926158075
0.03994035520780326
0.026653357334457617
0.0344322264021244
-0.17661184642248884
0.05168531023255696
-0.0007657730469858848
0.02773636562208104
-0.009588853389239205
-0.05983064969141072
0.04135586741642605
0.07518071596092746
0.009856619194733796
-0.0002868205956847447
0.014780240742707562
-0.08721982612879486
0.014780240742707562
-0.038466866176760206
0.056736527751481525
0.04135586741642605
