-0.06285634704832255
0.017908695057996304
-0.06258250876081561
-0.011743957061684185
0.06925574960452696
-0.013878349100881593
0.011999720455214913
0.013109728048770641
0.001954162314668828
0.04790976101641675
-0.13034379599603163
0.0027859037974478085
-0.06464003578883037
-0.03173275161671363
-0.22146034456414654
0.03208636570286316
-0.027462288324585415
0.037453479113841226
0.1417808980890598
-0.037433866920196124
0.06567138145123597
0.02520341309711238
-0.010532567714866659
-0.041376638974308655
0.03863378364598535
0.037107507807760065
0.020567585268201682
0.03994035520780326
-0.0002868205956847447
0.023560334148108097
0.06806350229329183
0.029794720012301212
-0.022348210496932808
0.006143668794592827
0.030122729138618354
-0.0038562351615762935
-0.06638125688640528
0.06994395962703592
-0.005105231073404326
0.006265799221320201
0.04299886054755575
0.051344950513199095
-0.002205271978588108
-0.03173275161671363
0.020083040980136246
-0.10013006587302442
-0.036421638107813514
0.0844852260058202
-0.05654058267968054
0.04665297339942498
0.07060672059698447
0.011999720455214913
-0.0011970474263076625
-0.017242733713295877
-0.0489237727198617
-0.05654058267968054
-0.03997727574944321
-0.10013006587302442
-0.03133707462365809
0.008665176454019985
0.026005039289207943
-0.1218059774124729
-0.047644828679283435
0.06605801367827979
-0.05699148198311299
-0.015144140805206874
0.02714223291166995
0.05425453554333082
0.0041948137923384365
-0.028034859824940028
0.0576314646823306
0.039209693040964666
-0.05416508205116166
-0.03133707462365809
-0.038466866176760206
-0.0002868205956847447
-0.0849833488167917
-0.0011970474263076625
-0.06053051312501001
0.01724199139330551
-0.005105231073404326
0.01347000313241331
0.006143668794592827
-0.17661184642248884
0.0041948137923384365
-0.05416508205116166
0.06761705055254463
0.04729149119249154
0.020446479141682516
0.005173534568482907
-0.009588853389239205
-0.03997727574944321
-0.017136936568830308
-0.07414653786004877
0.04729149119249154
0.06806350229329183
0.07586149829868472
0.020567585268201682
0.0165919313161762
-0.007882998007099573
-0.004841918958801372
-0.011743957061684185
0.05436809318039337
0.06364954486786978
-0.0005187167995490682
-0.08143178414826124
0.06605801367827979
0.0016709762031741349
-0.017136936568830308
-0.032340875642459466
0.02927401578257438
-0.01844849936066506
0.037107507807760065
0.051344950513199095
0.10109672394520075
0.024801788304586125
0.07382421435571018
-0.06464003578883037
0.005173534568482907
0.02432879134386301
-0.05654058267968054
0.017908695057996304
0.11522232211929584
-0.060513028914405353
-0.09432889171755221
-0.12033949778566289
0.1417808980890598
0.01699193585620762
0.08799230776265521
0.028713620756199987
0.08176108754913614
0.022194058573782982
0.08121523150568599
-0.015144140805206874
0.019778644828504
-0.041376638974308655
-0.002205271978588108
0.020567585268201682
0.10240276235625068
0.0344322264021244
0.0165919313161762
0.062467374718552904
-0.06226621690008294
0.08176108754913614
0.1417808980890598
0.020446479141682516
0.062467374718552904
0.01035787819304268
-0.02243129284092049
0.026005039289207943
0.0022689688502968153
0.02432879134386301
-0.10013006587302442
0.04391937482752173
0.1399333926158075
0.012394543666532698
-0.01844849936066506
-0.05654058267968054
0.05182100602750328
-0.022368622754905587
0.026005039289207943
0.06292625909621563
-0.06720056781523276
-0.010532567714866659
-0.15702055781469149
0.15300088602597928
0.02927401578257438
0.13204555949274965
0.08732358904095427
-0.06053051312501001
-0.024170822975695394
-0.0849833488167917
0.014471610315426986
0.018593646962060006
-0.06193714350214741
0.0041948137923384365
0.04333086414918519
-0.10013006587302442
-0.10013006587302442
-0.010204897362879883
-0.022348210496932808
-0.05129888770798985
-0.07075486294590672
0.03861575224405023
-0.05654058267968054
0.06228267241298191
0.012390402416693647
-0.03997727574944321
0.07586149829868472
-0.009357776553262198
0.04299886054755575
-0.017136936568830308
-0.03173275161671363
0.034283772423341574
0.030974972656109045
0.06364954486786978
-0.051670301345440706
-0.017242733713295877
-0.0038562351615762935
-0.08814864178677073
0.030122729138618354
0.05799658946616226
0.006265799221320201
0.04799414960212012
-0.06053051312501001
0.022821768641877682
0.07586149829868472
-0.0849833488167917
0.05182100602750328
0.0326533364262076
0.10109672394520075
-0.10819102148647719
0.05198789125700998
0.013040071944516285
0.026653357334457617
-0.041376638974308655
0.031017376704207678
0.06761705055254463
0.025649122658425227
0.03882682382156144
-0.03997727574944321
-0.05129888770798985
-0.021161035659430283
0.02773636562208104
-0.06193714350214741
0.01613403625846388
0.0344322264021244
0.06605801367827979
0.026005039289207943
-0.007317237093852569
0.0512476844333456
0.03863378364598535
-0.09359820865597968
0.04283497654615154
-0.13034379599603163
-0.007720686875989813
0.005082074600808895
0.026005039289207943
0.01716964896203166
-0.0007657730469858848
0.08080248335888918
-0.03173275161671363
0.06605801367827979
0.04333086414918519
-0.007317237093852569
-0.01686722086916248
-0.024170822975695394
0.020567585268201682
-0.050143819123519506
0.08632977574364098
-0.01844849936066506
0.08759468040243501
0.020567585268201682
-0.027393577402978764
0.0688088340488946
-0.0636718542421022
-0.06464003578883037
-0.009357776553262198
0.023560334148108097
-0.0002868205956847447
0.014780240742707562
0.11840346286310233
0.030122729138618354
-0.0851300246174862
0.030122729138618354
-0.041376638974308655
-0.049962429852048906
-0.05654058267968054
0.048059232237648075
0.05436809318039337
-0.012150300762606037
0.04995452527457189
-0.027393577402978764
-0.03563356684104946
-0.04466517994807795
-0.050143819123519506
0.10240276235625068
0.01046829599036414
0.034283772423341574
0.04790976101641675
0.04299886054755575
-0.0038562351615762935
0.04469322213864224
0.025722681761052968
-0.05983064969141072
-0.012372140541780041
-0.0851300246174862
0.008665176454019985
-0.03520416182162833
-0.038466866176760206
0.05182100602750328
-0.024170822975695394
-0.06193714350214741
0.025722681761052968
-0.015144140805206874
-0.08110299466350668
0.11522232211929584
-0.08678886069673908
0.051344950513199095
