0.10240276235625068
0.01661350063361855
0.05436809318039337
-0.22146034456414654
-0.09570667993071069
0.07382421435571018
0.04823967565580034
0.028713620756199987
0.08759468040243501
0.026005039289207943
-0.060513028914405353
0.04333086414918519
0.030974972656109045
0.04920879849315085
0.003822387934753202
0.03861575224405023
0.01046829599036414
0.08302714817478662
-0.05120330655862837
-0.051670301345440706
0.03863378364598535
0.09718899306107964
-0.027788545411032928
0.020083040980136246
-0.015144140805206874
0.13480548385110502
0.015089270086424023
0.0203593980283987
-0.0636718542421022
0.026653357334457617
0.08176108754913614
0.0844852260058202
0.04827168718050601
0.02451643163530548
0.08632977574364098
0.03443624877469453
-0.2546008091448053
-0.037433866920196124
0.0165919313161762
-0.022622356364218277
0.07382421435571018
0.02451643163530548
0.1399333926158075
0.04590352204112591
-0.06464003578883037
0.025722681761052968
-0.03695834061658587
-0.03458770640829023
-0.019514789449790015
-0.06053051312501001
0.012390402416693647
0.11522232211929584
0.04606131559255999
0.01347000313241331
0.0165919313161762
0.037453479113841226
-0.036421638107813514
-0.07724758378448726
0.03994035520780326
-0.09359820865597968
0.0278028767684102
0.06567138145123597
-0.07212958518599066
0.056736527751481525
0.056736527751481525
0.022821768641877682
0.031017376704207678
-0.027393577402978764
-0.09570667993071069
0.08732358904095427
0.06292625909621563
-0.0489237727198617
-0.01844849936066506
-0.013878349100881593
-0.049962429852048906
0.03443624877469453
0.04729149119249154
0.06605801367827979
0.02708189422255458
0.056736527751481525
-0.04126132556270612
0.05168531023255696
-0.041376638974308655
-0.02375973362478856
-0.009588853389239205
-0.07414653786004877
-0.007882998007099573
0.07060672059698447
-0.08110299466350668
0.01035787819304268
0.08799230776265521
0.06925574960452696
-0.2546008091448053
-0.05983064969141072
0.04995452527457189
0.037453479113841226
0.0461992712042818
-0.08126108737944548
0.04333086414918519
-0.007338419158481102
-0.12033949778566289
0.048059232237648075
-0.17661184642248884
0.0278028767684102
0.0203593980283987
0.08080248335888918
-0.22146034456414654
-0.050143819123519506
-0.0002495311402075373
-0.05654058267968054
0.0276177252845331
-0.04466517994807795
-0.08110299466350668
-0.027789787343500905
-0.08814864178677073
-0.06285634704832255
0.018593646962060006
0.03643980545838055
-0.02862716582831837
0.01347000313241331
0.014471610315426986
-0.09359820865597968
-0.051670301345440706
0.056736527751481525
-0.0013205999854228878
0.020446479141682516
0.04590352204112591
0.01046829599036414
-0.012150300762606037
-0.045496030668886966
0.013040071944516285
0.026653357334457617
0.08653619008305125
0.024801788304586125
0.012390402416693647
0.05425453554333082
0.02520341309711238
0.11840346286310233
0.04380656992791998
0.04371378571481266
0.019778644828504
0.0688088340488946
0.030122729138618354
0.04606131559255999
0.08759468040243501
-0.0008948035361102669
-0.0636718542421022
-0.03173275161671363
-0.010532567714866659
-0.024170822975695394
0.05425453554333082
-0.05699148198311299
0.08632977574364098
0.03861575224405023
0.01347000313241331
-0.03045002278091502
0.04391937482752173
0.1417808980890598
0.009856619194733796
0.0041948137923384365
-0.08285893181375492
0.04665297339942498
-0.0007657730469858848
-0.08814864178677073
0.08653619008305125
0.026653357334457617
0.06318283133468316
0.06364954486786978
0.08302714817478662
0.022821768641877682
-0.03997727574944321
0.06292625909621563
0.01724199139330551
0.006746455834750975
0.0326533364262076
0.04048653167530425
0.029794720012301212
0.0203593980283987
0.04380656992791998
0.003822387934753202
0.0022689688502968153
0.020083040980136246
0.11840346286310233
0.06761705055254463
-0.004841918958801372
0.037453479113841226
0.17000938109242547
0.009856619194733796
0.023560334148108097
0.0016709762031741349
-0.06053051312501001
0.037107507807760065
0.039209693040964666
0.001954162314668828
-0.051670301345440706
0.0688088340488946
0.056736527751481525
0.019778644828504
0.02432879134386301
-0.050143819123519506
0.05436809318039337
0.04606131559255999
0.013040071944516285
0.05436809318039337
-0.049962429852048906
-0.022898889969576786
-0.09359820865597968
-0.002647647860884561
0.008505479129739868
0.06567138145123597
-0.2546008091448053
0.01716964896203166
-0.06053051312501001
0.06228267241298191
0.08121523150568599
-0.032340875642459466
-0.007882998007099573
0.012394543666532698
-0.009357776553262198
0.025649122658425227
0.012394543666532698
0.04790976101641675
0.01347000313241331
-0.15702055781469149
0.037453479113841226
-0.04126132556270612
-0.060513028914405353
-0.05654058267968054
-0.05129888770798985
0.006746455834750975
-0.0549153461639893
0.02432879134386301
0.11840346286310233
0.0576314646823306
-0.005818111085915234
-0.05983064969141072
0.11522232211929584
-0.010532567714866659
0.03861575224405023
0.0576314646823306
-0.15702055781469149
0.04391937482752173
-0.06053051312501001
-0.028034859824940028
-0.06109953281700342
0.0326533364262076
0.026458811902690726
0.0022689688502968153
-0.05699148198311299
-0.03917887174705115
-0.0011970474263076625
0.03208636570286316
0.10109672394520075
0.012390402416693647
-0.02243129284092049
0.020083040980136246
0.03443624877469453
-0.08143178414826124
0.04135586741642605
0.11840346286310233
0.02520341309711238
0.012390402416693647
0.01699193585620762
-0.007882998007099573
0.03882682382156144
-0.005105231073404326
0.03208636570286316
0.13480548385110502
-0.03458770640829023
0.006143668794592827
-0.002647647860884561
-0.03520416182162833
0.0461992712042818
-0.0849833488167917
-0.022898889969576786
-0.027788545411032928
0.10109672394520075
-0.028034859824940028
0.0326533364262076
-0.0008948035361102669
-0.051670301345440706
-0.027462288324585415
0.1399333926158075
-0.024170822975695394
0.02773636562208104
-0.01844849936066506
-0.049962429852048906
-0.0849833488167917
0.06292625909621563
-0.02496648159475967
0.01724199139330551
-0.04126132556270612
-0.032340875642459466
0.049538360788050184
-0.03270475340709922
0.03863378364598535
0.05799658946616226
-0.06193714350214741
0.04799414960212012
