0.023560334148108097
0.06605801367827979
-0.012372140541780041
-0.018864353824572078
0.04391937482752173
-0.07212958518599066
-0.0007657730469858848
0.029794720012301212
-0.04466517994807795
-0.038466866176760206
0.04790976101641675
-0.0636718542421022
-0.024170822975695394
-0.002205271978588108
0.07586149829868472
-0.01956931117570271
0.01035787819304268
0.10240276235625068
0.02451643163530548
-0.012150300762606037
0.01347000313241331
0.04048653167530425
0.023512429278589764
-0.007543661478351282
0.005173534568482907
0.005173534568482907
0.030122729138618354
-0.0549153461639893
0.08080248335888918
-0.06053051312501001
0.04827168718050601
0.03882682382156144
0.08632977574364098
-0.03133707462365809
-0.012150300762606037
-0.02375973362478856
0.06806350229329183
-0.010532567714866659
-0.005105231073404326
-0.007720686875989813
-0.032259158022980294
-0.019514789449790015
0.09718899306107964
-0.05120330655862837
-0.060513028914405353
0.008665176454019985
-0.019514789449790015
-0.032259158022980294
-0.03917887174705115
-0.09432889171755221
-0.06053051312501001
-0.08814864178677073
0.03208636570286316
0.017908695057996304
-0.08721982612879486
0.023560334148108097
-0.0013205999854228878
-0.17661184642248884
-0.027788545411032928
-0.037433866920196124
0.04665297339942498
-0.009357776553262198
0.020567585268201682
0.02520341309711238
-0.028034859824940028
0.020446479141682516
0.06994395962703592
0.041840431302949455
-0.022821982956040543
0.05425453554333082
0.06994395962703592
0.0216176650818376
-0.08285893181375492
0.04333086414918519
0.006265799221320201
0.01613403625846388
0.01699193585620762
0.062467374718552904
0.018593646962060006
0.020083040980136246
0.029794720012301212
-0.021161035659430283
-0.013771885982464482
0.05182100602750328
0.13204555949274965
-0.05983064969141072
-0.06720056781523276
0.031017376704207678
0.08080248335888918
0.048059232237648075
0.025524068456756588
-0.007317237093852569
-0.22146034456414654
0.015089270086424023
0.09718899306107964
0.01613403625846388
0.012299756912504733
-0.03520416182162833
0.01035787819304268
0.03643980545838055
0.0165919313161762
0.017908695057996304
0.02773636562208104
-0.08143178414826124
-0.03270475340709922
0.01579928711915457
-0.01249170093178087
-0.02243129284092049
-0.022368622754905587
0.06318283133468316
-0.06226621690008294
-0.007317237093852569
-0.041376638974308655
0.011553574399841615
0.015089270086424023
0.04048653167530425
-0.018864353824572078
-0.0007657730469858848
0.03861575224405023
0.07518071596092746
0.037453479113841226
0.04283497654615154
0.04299886054755575
0.01347000313241331
-0.013771885982464482
-0.01249170093178087
-0.017136936568830308
0.01035787819304268
0.01046829599036414
0.04920879849315085
0.04048653167530425
-0.03173275161671363
0.024801788304586125
0.041840431302949455
0.0512476844333456
0.04380656992791998
0.025649122658425227
0.014471610315426986
0.04729149119249154
-0.03695834061658587
0.025649122658425227
-0.04466517994807795
0.013065356771912562
0.08653619008305125
0.013109728048770641
-0.014438989348697362
-0.08143178414826124
0.04823967565580034
0.01347000313241331
-0.05586089089844393
0.015089270086424023
0.03208636570286316
0.028713620756199987
0.022821768641877682
-0.06109953281700342
-0.07724758378448726
0.0515617796937029
-0.1218059774124729
0.07060672059698447
0.06292625909621563
-0.07212958518599066
-0.05586089089844393
0.10109672394520075
-0.09570667993071069
0.08383912323474085
0.019778644828504
0.06228267241298191
0.03863378364598535
-0.013878349100881593
0.04299886054755575
-0.004841918958801372
-0.05282848588680089
-0.08814864178677073
-0.013878349100881593
-0.01844849936066506
0.030974972656109045
0.02927401578257438
0.1399333926158075
-0.07075486294590672
0.02714223291166995
-0.017242733713295877
-0.013878349100881593
-0.12033949778566289
0.02432879134386301
0.011999720455214913
0.13480548385110502
-0.0002495311402075373
-0.05129888770798985
-0.027462288324585415
-0.009588853389239205
-0.027789787343500905
0.08383912323474085
0.047513051758585334
-0.027462288324585415
-0.07075486294590672
0.02451643163530548
-0.05120330655862837
0.02714223291166995
-0.03045002278091502
-0.06258250876081561
0.011999720455214913
-0.005818111085915234
-0.07075486294590672
-0.07724758378448726
-0.06258250876081561
0.0688088340488946
0.056736527751481525
0.02708189422255458
0.08632977574364098
-0.050143819123519506
0.025722681761052968
-0.01686722086916248
-0.0636718542421022
0.011999720455214913
0.04469322213864224
-0.011743957061684185
-0.04466517994807795
0.04371378571481266
-0.004841918958801372
-0.01249170093178087
0.03882682382156144
-0.024170822975695394
-0.03173275161671363
-0.010204897362879883
0.04283497654615154
-0.004841918958801372
0.02714223291166995
0.039209693040964666
0.04606131559255999
0.0576314646823306
0.02714223291166995
0.06925574960452696
0.11840346286310233
-0.0008948035361102669
-0.007882998007099573
-0.03173275161671363
0.03861575224405023
0.037107507807760065
0.15300088602597928
-0.03563356684104946
0.015089270086424023
-0.005105231073404326
0.01035787819304268
0.0022689688502968153
0.04135586741642605
-0.007317237093852569
-0.05120330655862837
0.04790976101641675
-0.012372140541780041
-0.05654058267968054
0.045224792909892564
0.015089270086424023
-0.060513028914405353
-0.10819102148647719
-0.022622356364218277
-0.024170822975695394
0.02708189422255458
0.08383912323474085
0.03863378364598535
0.030122729138618354
0.04380656992791998
0.05799658946616226
0.04333086414918519
0.005173534568482907
-0.07414653786004877
-0.015144140805206874
0.026653357334457617
0.03208636570286316
-0.03458770640829023
0.0203593980283987
-0.01249170093178087
-0.047644828679283435
-0.051670301345440706
0.04827168718050601
0.005173534568482907
0.045224792909892564
-0.06226621690008294
-0.1218059774124729
0.11840346286310233
0.0515617796937029
-0.10819102148647719
0.014471610315426986
0.062467374718552904
0.01661350063361855
-0.05120330655862837
0.05198789125700998
0.07060672059698447
-0.03997727574944321
-0.022622356364218277
0.023512429278589764
0.05425453554333082
0.018593646962060006
0.04995452527457189
0.05425453554333082
0.01579928711915457
0.03643980545838055
-0.0357902826629255
0.0027859037974478085
0.0025784297617263974
