-0.0038562351615762935
0.008505479129739868
0.024801788304586125
-0.008416174423421019
-0.08678886069673908
-0.027789787343500905
-0.01249170093178087
0.08732358904095427
-0.03045002278091502
-0.06193714350214741
0.013109728048770641
0.07518071596092746
-0.019514789449790015
0.0016709762031741349
0.04665297339942498
-0.0005187167995490682
0.17000938109242547
0.01035787819304268
-0.045496030668886966
-0.15702055781469149
0.045224792909892564
0.08302714817478662
-0.06285634704832255
-0.0549153461639893
-0.03563356684104946
-0.06193714350214741
-0.019514789449790015
0.043334141200254805
0.03973066370480538
0.02432879134386301
-0.17661184642248884
0.17000938109242547
0.0278028767684102
-0.014438989348697362
0.08653619008305125
0.037107507807760065
0.023560334148108097
0.0016709762031741349
-0.03997727574944321
-0.04466517994807795
0.03882682382156144
0.13480548385110502
0.02773636562208104
-0.05654058267968054
-0.15702055781469149
0.01035787819304268
0.014471610315426986
0.011999720455214913
-0.15702055781469149
0.0515617796937029
0.041840431302949455
0.02773636562208104
0.0344322264021244
-0.08110299466350668
0.003822387934753202
0.04995452527457189
-0.002205271978588108
-0.05416508205116166
-0.08126108737944548
-0.02375973362478856
-0.03563356684104946
0.04469322213864224
-0.06464003578883037
0.02451643163530548
0.03882682382156144
-0.08110299466350668
0.05436809318039337
-0.02375973362478856
-0.050143819123519506
-0.027393577402978764
-0.02862716582831837
-0.038466866176760206
-0.08143178414826124
0.01661350063361855
0.014780240742707562
-0.05699148198311299
0.02773636562208104
0.012299756912504733
0.03994035520780326
-0.038466866176760206
0.08105492908796386
-0.007317237093852569
-0.041376638974308655
-0.019514789449790015
-0.08814864178677073
-0.08110299466350668
-0.002205271978588108
0.005173534568482907
0.009856619194733796
0.001954162314668828
0.05198789125700998
0.06292625909621563
-0.007543661478351282
-0.06720056781523276
-0.08143178414826124
0.05425453554333082
0.11522232211929584
-0.07724758378448726
0.0216176650818376
-0.007543661478351282
-0.037433866920196124
0.06806350229329183
0.001954162314668828
-0.047644828679283435
0.006143668794592827
0.0278028767684102
-0.03563356684104946
-0.022622356364218277
-0.09359820865597968
0.048059232237648075
-0.06285634704832255
0.06605801367827979
0.024801788304586125
0.06567138145123597
0.04995452527457189
-0.03045002278091502
-0.045496030668886966
0.01716964896203166
0.08105492908796386
0.08759468040243501
-0.002205271978588108
-0.12033949778566289
0.06806350229329183
0.024801788304586125
0.04729149119249154
0.007058852839625374
0.026005039289207943
0.11522232211929584
-0.0357902826629255
0.07586149829868472
0.028713620756199987
-0.019391257313081667
0.01699193585620762
-0.010204897362879883
-0.03997727574944321
0.05168531023255696
-0.007338419158481102
-0.007317237093852569
-0.08110299466350668
0.0041948137923384365
0.08799230776265521
0.012299756912504733
-0.07414653786004877
-0.03520416182162833
0.0027859037974478085
0.013109728048770641
0.025722681761052968
0.05198789125700998
-0.05416508205116166
0.04799414960212012
-0.05983064969141072
0.025649122658425227
0.041840431302949455
0.08759468040243501
0.011553574399841615
-0.08721982612879486
-0.05282848588680089
0.0344322264021244
-0.03270475340709922
0.08383912323474085
-0.047644828679283435
0.006746455834750975
-0.022622356364218277
0.0278028767684102
0.0515617796937029
-0.07724758378448726
0.006265799221320201
0.08383912323474085
-0.07075486294590672
-0.060513028914405353
-0.03563356684104946
0.0022689688502968153
0.01347000313241331
0.05182100602750328
-0.05654058267968054
-0.08126108737944548
0.03861575224405023
0.037453479113841226
-0.0007657730469858848
0.11522232211929584
-0.05654058267968054
-0.08143178414826124
-0.08126108737944548
0.13204555949274965
-0.06638125688640528
0.04299886054755575
-0.0005187167995490682
-0.03695834061658587
0.03994035520780326
-0.007338419158481102
-0.047644828679283435
-0.027789787343500905
0.0844852260058202
-0.007543661478351282
0.062467374718552904
0.05799658946616226
-0.027789787343500905
-0.07465345378649157
-0.02496648159475967
-0.012150300762606037
0.08732358904095427
-0.05983064969141072
-0.005105231073404326
-0.017242733713295877
0.05168531023255696
0.04333086414918519
-0.13034379599603163
0.0165919313161762
0.01716964896203166
0.05182100602750328
0.08732358904095427
0.0278028767684102
-0.0002868205956847447
0.005173534568482907
0.06228267241298191
-0.05654058267968054
-0.03045002278091502
-0.06193714350214741
0.04299886054755575
-0.05120330655862837
-0.06285634704832255
0.02520341309711238
-0.05699148198311299
-0.027393577402978764
0.043334141200254805
0.0203593980283987
-0.07465345378649157
-0.07212958518599066
0.08653619008305125
0.029794720012301212
0.13204555949274965
-0.1218059774124729
0.04827168718050601
0.020446479141682516
-0.06053051312501001
0.06925574960452696
0.08302714817478662
0.05799658946616226
-0.08814864178677073
0.02451643163530548
0.03882682382156144
-0.05586089089844393
0.04790976101641675
0.04606131559255999
0.023512429278589764
-0.0038562351615762935
0.0326533364262076
0.04606131559255999
-0.010204897362879883
-0.0005187167995490682
-0.009588853389239205
-0.041376638974308655
0.029794720012301212
-0.009588853389239205
-0.07724758378448726
0.006746455834750975
-0.08721982612879486
0.0025784297617263974
-0.07892951287026762
0.037107507807760065
0.025649122658425227
-0.07892951287026762
0.04048653167530425
0.05168531023255696
0.045224792909892564
0.0278028767684102
0.0027859037974478085
-0.05282848588680089
0.04729149119249154
-0.017242733713295877
0.08653619008305125
-0.04466517994807795
0.05425453554333082
0.01046829599036414
-0.0851300246174862
0.01046829599036414
0.04606131559255999
-0.03520416182162833
0.014780240742707562
-0.0357902826629255
-0.0851300246174862
-0.005105231073404326
0.01661350063361855
0.03208636570286316
0.019778644828504
0.013065356771912562
0.05182100602750328
0.006143668794592827
0.026458811902690726
0.10109672394520075
-0.05464289541014722
0.008505479129739868
0.024801788304586125
0.06364954486786978
0.03863378364598535
0.1399333926158075
0.06994395962703592
0.05198789125700998
-0.0849833488167917
