-0.021161035659430283
0.007058852839625374
0.0344322264021244
0.15300088602597928
-0.037433866920196124
0.08302714817478662
-0.022622356364218277
0.026005039289207943
-0.018864353824572078
-0.010204897362879883
0.01046829599036414
-0.03045002278091502
-0.09359820865597968
0.17000938109242547
0.0216176650818376
-0.06285634704832255
0.049538360788050184
0.062467374718552904
0.04729149119249154
0.06567138145123597
0.009856619194733796
-0.06193714350214741
0.04590352204112591
-0.02243129284092049
0.03973066370480538
0.013040071944516285
0.05168531023255696
-0.06258250876081561
0.02451643163530548
0.17000938109242547
-0.014438989348697362
0.08653619008305125
-0.08285893181375492
0.06994395962703592
0.008505479129739868
0.013109728048770641
0.0027859037974478085
0.04135586741642605
0.04469322213864224
-0.027393577402978764
0.04048653167530425
-0.027393577402978764
0.020083040980136246
0.014780240742707562
-0.007338419158481102
-0.22146034456414654
-0.03458770640829023
0.04606131559255999
-0.0011970474263076625
-0.007338419158481102
-0.03458770640829023
0.01716964896203166
0.06318283133468316
0.0022689688502968153
-0.05464289541014722
-0.028034859824940028
-0.03133707462365809
-0.0005187167995490682
-0.01686722086916248
-0.03997727574944321
-0.009588853389239205
0.015089270086424023
0.08732358904095427
-0.010204897362879883
-0.019391257313081667
-0.02496648159475967
0.018593646962060006
-0.017136936568830308
-0.08814864178677073
-0.009357776553262198
0.056736527751481525
0.06318283133468316
-0.01686722086916248
-0.0005187167995490682
0.06567138145123597
0.023560334148108097
-0.049962429852048906
0.08080248335888918
-0.019391257313081667
0.08121523150568599
0.02520341309711238
0.0165919313161762
0.05198789125700998
-0.0002495311402075373
-0.0357902826629255
-0.022368622754905587
0.051344950513199095
0.0461992712042818
-0.027789787343500905
-0.06109953281700342
-0.05416508205116166
-0.0007657730469858848
0.04283497654615154
0.005173534568482907
-0.08110299466350668
-0.07414653786004877
0.031017376704207678
0.02451643163530548
-0.05282848588680089
-0.08126108737944548
0.01699193585620762
-0.047644828679283435
0.13204555949274965
0.02773636562208104
-0.0636718542421022
-0.041376638974308655
0.01046829599036414
-0.05129888770798985
-0.007543661478351282
-0.0549153461639893
-0.010204897362879883
0.07586149829868472
-0.02243129284092049
0.05198789125700998
-0.010532567714866659
-0.004841918958801372
-0.05129888770798985
0.08176108754913614
-0.05120330655862837
0.024801788304586125
0.028713620756199987
-0.08285893181375492
0.041840431302949455
-0.13034379599603163
0.07586149829868472
-0.032259158022980294
0.04469322213864224
0.003822387934753202
0.08759468040243501
0.04790976101641675
0.15300088602597928
0.17000938109242547
-0.010532567714866659
0.06292625909621563
-0.013878349100881593
0.001954162314668828
0.0025784297617263974
-0.08678886069673908
0.02773636562208104
0.0041948137923384365
0.05168531023255696
0.05799658946616226
0.01613403625846388
0.04790976101641675
0.04590352204112591
-0.03173275161671363
0.009856619194733796
0.01046829599036414
0.012394543666532698
0.05198789125700998
-0.10013006587302442
-0.007882998007099573
-0.03520416182162833
-0.007543661478351282
-0.027462288324585415
-0.03133707462365809
-0.036421638107813514
0.07518071596092746
0.03863378364598535
0.0027859037974478085
-0.06109953281700342
-0.06638125688640528
-0.032259158022980294
0.06364954486786978
0.10240276235625068
-0.06109953281700342
-0.004841918958801372
0.08176108754913614
-0.01686722086916248
-0.024170822975695394
-0.06109953281700342
0.0326533364262076
-0.05464289541014722
0.018593646962060006
-0.02243129284092049
-0.012372140541780041
0.04823967565580034
0.05168531023255696
-0.021161035659430283
0.022821768641877682
0.030974972656109045
0.0344322264021244
0.10109672394520075
-0.0636718542421022
-0.049962429852048906
-0.06258250876081561
-0.17661184642248884
0.08383912323474085
-0.032259158022980294
0.005173534568482907
-0.024170822975695394
0.049538360788050184
-0.10819102148647719
-0.027788545411032928
0.04333086414918519
0.0027859037974478085
0.04995452527457189
0.008665176454019985
-0.0851300246174862
0.17000938109242547
0.04729149119249154
0.15300088602597928
-0.02375973362478856
0.04799414960212012
-0.0038562351615762935
0.020083040980136246
-0.03695834061658587
0.0515617796937029
0.005173534568482907
-0.05416508205116166
-0.01686722086916248
0.08176108754913614
-0.08110299466350668
-0.1218059774124729
0.01716964896203166
-0.010532567714866659
0.020083040980136246
0.06318283133468316
0.04135586741642605
0.007058852839625374
0.048059232237648075
-0.022368622754905587
0.04606131559255999
-0.013771885982464482
0.09718899306107964
0.04391937482752173
0.05198789125700998
-0.022622356364218277
0.04827168718050601
-0.07212958518599066
0.06994395962703592
0.04590352204112591
-0.03045002278091502
-0.012150300762606037
0.045224792909892564
-0.045496030668886966
0.06761705055254463
0.03861575224405023
0.04920879849315085
0.012299756912504733
0.08105492908796386
0.06806350229329183
-0.06464003578883037
0.01347000313241331
-0.13034379599603163
0.06806350229329183
-0.07724758378448726
-0.015144140805206874
-0.0011970474263076625
0.08121523150568599
-0.045496030668886966
-0.06226621690008294
0.08121523150568599
0.02708189422255458
0.0688088340488946
0.013109728048770641
0.0576314646823306
-0.007317237093852569
0.03994035520780326
0.001954162314668828
0.02432879134386301
-0.10013006587302442
0.031017376704207678
-0.06226621690008294
0.07586149829868472
0.06925574960452696
0.04299886054755575
-0.027462288324585415
0.04135586741642605
0.03882682382156144
-0.03917887174705115
-0.02243129284092049
0.02773636562208104
-0.22146034456414654
-0.03458770640829023
0.0027859037974478085
-0.0357902826629255
-0.06053051312501001
-0.014438989348697362
0.04827168718050601
0.04995452527457189
-0.08126108737944548
-0.06285634704832255
0.13204555949274965
0.06364954486786978
0.04799414960212012
0.0512476844333456
0.08302714817478662
-0.012150300762606037
0.08383912323474085
-0.1218059774124729
-0.03173275161671363
0.031017376704207678
0.06292625909621563
0.08653619008305125
-0.032340875642459466
0.018593646962060006
-0.0489237727198617
-0.07075486294590672
