-0.0636718542421022
0.017908695057996304
-0.007317237093852569
-0.0007657730469858848
-0.017242733713295877
0.0025784297617263974
0.0216176650818376
-0.022368622754905587
-0.013771885982464482
-0.08678886069673908
-0.0636718542421022
-0.09570667993071069
0.04469322213864224
-0.0489237727198617
-0.05654058267968054
-0.024170822975695394
0.05425453554333082
0.02773636562208104
-0.03133707462365809
0.017908695057996304
-0.011743957061684185
-0.2546008091448053
0.0022689688502968153
0.051344950513199095
0.04299886054755575
0.0844852260058202
-0.05464289541014722
0.0576314646823306
0.02451643163530548
0.0844852260058202
0.03861575224405023
0.0515617796937029
0.06292625909621563
-0.06285634704832255
-0.0357902826629255
0.09718899306107964
0.0276177252845331
0.043334141200254805
0.017908695057996304
-0.0007657730469858848
0.01035787819304268
0.04333086414918519
0.08732358904095427
-0.2546008091448053
0.04333086414918519
0.0016709762031741349
-0.0007657730469858848
0.013109728048770641
-0.09359820865597968
-0.007882998007099573
0.06567138145123597
-0.06258250876081561
0.043334141200254805
0.04333086414918519
0.030974972656109045
0.03861575224405023
-0.007720686875989813
-0.038466866176760206
0.04371378571481266
0.030974972656109045
0.025524068456756588
0.018593646962060006
-0.014438989348697362
0.005173534568482907
-0.03563356684104946
-0.08110299466350668
0.047513051758585334
-0.0002495311402075373
0.0027859037974478085
0.04790976101641675
-0.01686722086916248
0.051344950513199095
-0.015144140805206874
0.0027859037974478085
-0.08285893181375492
-0.012372140541780041
-0.013771885982464482
-0.021161035659430283
0.03208636570286316
-0.024170822975695394
-0.022898889969576786
0.0216176650818376
-0.1218059774124729
-0.038466866176760206
-0.0008948035361102669
0.08176108754913614
-0.07075486294590672
0.04391937482752173
-0.03997727574944321
-0.036421638107813514
-0.06258250876081561
-0.0002868205956847447
-0.07892951287026762
0.0022689688502968153
-0.05416508205116166
0.02520341309711238
0.0515617796937029
0.03208636570286316
-0.004841918958801372
-0.047644828679283435
-0.051670301345440706
0.0041948137923384365
-0.03270475340709922
0.06318283133468316
0.1417808980890598
-0.22146034456414654
-0.010204897362879883
0.02927401578257438
-0.07724758378448726
-0.01249170093178087
-0.05983064969141072
-0.0008948035361102669
-0.1218059774124729
0.11840346286310233
0.0165919313161762
0.13204555949274965
0.049538360788050184
-0.08285893181375492
-0.045496030668886966
-0.08814864178677073
0.02520341309711238
0.04729149119249154
-0.07212958518599066
0.04590352204112591
0.11522232211929584
0.01661350063361855
-0.018864353824572078
0.01724199139330551
-0.019391257313081667
-0.004841918958801372
-0.01249170093178087
-0.012372140541780041
0.006746455834750975
-0.021161035659430283
0.0203593980283987
-0.06638125688640528
0.014471610315426986
-0.017136936568830308
0.01579928711915457
0.0461992712042818
0.08632977574364098
-0.07212958518599066
0.03443624877469453
0.03882682382156144
0.030122729138618354
0.06567138145123597
0.06994395962703592
-0.02862716582831837
-0.022622356364218277
0.08080248335888918
-0.08110299466350668
0.0041948137923384365
-0.0851300246174862
0.005173534568482907
0.07382421435571018
0.04606131559255999
0.02927401578257438
0.01724199139330551
-0.0011970474263076625
0.04606131559255999
-0.0008948035361102669
0.0165919313161762
-0.015144140805206874
0.034283772423341574
0.08632977574364098
0.04380656992791998
-0.049962429852048906
0.034283772423341574
-0.06193714350214741
0.15300088602597928
0.04995452527457189
-0.010532567714866659
0.01724199139330551
-0.047644828679283435
0.01046829599036414
0.011553574399841615
0.031017376704207678
0.1399333926158075
0.04371378571481266
-0.04022536987465397
0.08759468040243501
0.022821768641877682
0.006265799221320201
0.06318283133468316
-0.047644828679283435
-0.0002495311402075373
-0.007882998007099573
-0.09570667993071069
0.0022689688502968153
-0.02862716582831837
0.025649122658425227
0.04790976101641675
-0.03520416182162833
0.0027859037974478085
-0.022368622754905587
0.01035787819304268
0.08732358904095427
0.007058852839625374
0.07382421435571018
-0.06258250876081561
0.0512476844333456
-0.01249170093178087
-0.03045002278091502
-0.027788545411032928
-0.02496648159475967
-0.03695834061658587
0.04371378571481266
-0.10013006587302442
0.0216176650818376
0.02773636562208104
0.03861575224405023
0.045224792909892564
0.0041948137923384365
-0.06226621690008294
0.014471610315426986
0.026458811902690726
0.04790976101641675
0.04135586741642605
0.029794720012301212
0.02708189422255458
-0.038466866176760206
-0.03917887174705115
0.026458811902690726
-0.012150300762606037
-0.019391257313081667
0.02708189422255458
-0.050143819123519506
0.08632977574364098
-0.07892951287026762
0.043334141200254805
0.037453479113841226
0.04135586741642605
0.06605801367827979
-0.10819102148647719
0.04823967565580034
-0.005818111085915234
0.09718899306107964
-0.12033949778566289
-0.03270475340709922
-0.03997727574944321
0.08799230776265521
0.02714223291166995
0.0344322264021244
0.022821768641877682
-0.05129888770798985
-0.017136936568830308
-0.04022536987465397
0.01724199139330551
-0.06285634704832255
0.08759468040243501
-0.06193714350214741
-0.03045002278091502
0.10240276235625068
-0.032259158022980294
0.04380656992791998
0.08632977574364098
-0.0002495311402075373
0.0216176650818376
-0.06193714350214741
0.023560334148108097
0.04995452527457189
0.018593646962060006
0.02773636562208104
0.028713620756199987
0.015089270086424023
-0.04466517994807795
-0.08678886069673908
0.014471610315426986
0.013109728048770641
0.056736527751481525
0.04048653167530425
0.0344322264021244
0.03882682382156144
-0.03563356684104946
-0.032340875642459466
-0.038466866176760206
0.08383912323474085
-0.09359820865597968
0.05799658946616226
0.08105492908796386
0.06925574960452696
-0.07075486294590672
-0.022622356364218277
-0.021161035659430283
-0.03520416182162833
0.0844852260058202
0.008505479129739868
0.0576314646823306
-0.09359820865597968
0.08176108754913614
0.009856619194733796
0.02773636562208104
0.01716964896203166
-0.032259158022980294
-0.009357776553262198
0.013065356771912562
-0.03563356684104946
0.08080248335888918
0.04380656992791998
