-0.018864353824572078
0.08653619008305125
-0.08126108737944548
0.013109728048770641
-0.027788545411032928
0.017908695057996304
0.06806350229329183
0.006265799221320201
-0.022622356364218277
-0.05654058267968054
0.0688088340488946
0.011553574399841615
0.10240276235625068
-0.022898889969576786
-0.01249170093178087
-0.06464003578883037
0.020446479141682516
-0.0851300246174862
0.03863378364598535
-0.06109953281700342
-0.06193714350214741
-0.04022536987465397
-0.0849833488167917
0.020083040980136246
0.08383912323474085
0.008665176454019985
-0.005818111085915234
0.04299886054755575
-0.09432889171755221
0.07060672059698447
0.08302714817478662
-0.06720056781523276
0.03643980545838055
-0.06464003578883037
0.030122729138618354
-0.0007657730469858848
-0.012150300762606037
0.13204555949274965
0.04469322213864224
-0.07414653786004877
0.0025784297617263974
0.006143668794592827
-0.05416508205116166
-0.012372140541780041
0.045224792909892564
-0.022348210496932808
0.020446479141682516
0.04371378571481266
0.023512429278589764
-0.08143178414826124
-0.06109953281700342
-0.0005187167995490682
0.06316607709876365
0.08759468040243501
-0.007882998007099573
0.08759468040243501
-0.027788545411032928
-0.0636718542421022
0.0844852260058202
-0.032340875642459466
0.04380656992791998
0.03643980545838055
0.01661350063361855
-0.007543661478351282
0.08732358904095427
0.13204555949274965
0.06569838178769771
0.04299886054755575
0.05436809318039337
-0.2546008091448053
0.04590352204112591
0.1417808980890598
0.037453479113841226
0.04048653167530425
0.041840431302949455
0.0022689688502968153
0.014780240742707562
-0.028034859824940028
-0.08721982612879486
0.04380656992791998
0.04995452527457189
0.08080248335888918
-0.036421638107813514
0.10240276235625068
-0.0357902826629255
0.04135586741642605
-0.0002868205956847447
0.017908695057996304
0.020567585268201682
0.10109672394520075
0.0165919313161762
-0.07724758378448726
-0.0013205999854228878
0.04606131559255999
0.06569838178769771
0.03443624877469453
-0.0851300246174862
-0.12033949778566289
-0.01956931117570271
0.04920879849315085
0.025722681761052968
0.04371378571481266
0.03861575224405023
-0.0636718542421022
0.02714223291166995
-0.06464003578883037
0.0461992712042818
-0.07075486294590672
0.03208636570286316
-0.0002495311402075373
0.04590352204112591
0.012394543666532698
-0.007543661478351282
0.02432879134386301
0.03994035520780326
0.005082074600808895
0.0326533364262076
0.06228267241298191
-0.0038562351615762935
-0.06464003578883037
0.0461992712042818
0.008665176454019985
0.06925574960452696
0.08302714817478662
0.02927401578257438
-0.012372140541780041
0.0016709762031741349
0.0512476844333456
0.06761705055254463
0.04790976101641675
-0.05464289541014722
-0.060513028914405353
-0.03270475340709922
0.026653357334457617
0.03443624877469453
-0.03133707462365809
-0.008416174423421019
0.037453479113841226
0.011999720455214913
0.10240276235625068
0.018593646962060006
0.011553574399841615
0.037107507807760065
0.0016709762031741349
-0.05654058267968054
0.0027859037974478085
0.028713620756199987
-0.03045002278091502
0.018593646962060006
0.025649122658425227
0.04790976101641675
0.048059232237648075
-0.0851300246174862
0.02927401578257438
-0.010204897362879883
-0.014438989348697362
-0.03045002278091502
0.012299756912504733
0.018593646962060006
-0.07465345378649157
-0.03133707462365809
0.045224792909892564
-0.13034379599603163
-0.03520416182162833
0.014471610315426986
-0.0851300246174862
-0.10013006587302442
-0.03270475340709922
-0.0851300246174862
-0.008416174423421019
0.007058852839625374
0.06316607709876365
-0.009357776553262198
-0.03458770640829023
0.08632977574364098
0.04590352204112591
-0.007720686875989813
0.008665176454019985
-0.022622356364218277
0.04995452527457189
-0.045496030668886966
-0.22146034456414654
-0.007882998007099573
-0.07724758378448726
-0.012150300762606037
0.045224792909892564
0.04283497654615154
-0.06109953281700342
-0.05120330655862837
0.06806350229329183
0.04799414960212012
-0.0013205999854228878
0.06925574960452696
-0.007543661478351282
0.05198789125700998
-0.05120330655862837
0.030974972656109045
-0.05464289541014722
0.07382421435571018
-0.13034379599603163
-0.045496030668886966
-0.009357776553262198
0.10240276235625068
-0.22146034456414654
0.10109672394520075
0.07382421435571018
0.08759468040243501
-0.05983064969141072
0.04799414960212012
0.03863378364598535
-0.015144140805206874
-0.004841918958801372
0.008505479129739868
0.04391937482752173
0.0844852260058202
0.041840431302949455
0.01661350063361855
0.08732358904095427
-0.10013006587302442
0.056736527751481525
0.056736527751481525
-0.05416508205116166
0.008665176454019985
-0.03133707462365809
0.07382421435571018
-0.22146034456414654
0.08105492908796386
0.04299886054755575
-0.007720686875989813
-0.06109953281700342
0.026653357334457617
0.006746455834750975
-0.005818111085915234
-0.1218059774124729
0.06316607709876365
0.06994395962703592
-0.01249170093178087
-0.010532567714866659
0.025722681761052968
0.025722681761052968
-0.01844849936066506
0.011999720455214913
0.01699193585620762
-0.045496030668886966
-0.07892951287026762
-0.007317237093852569
-0.002647647860884561
0.006746455834750975
-0.0002495311402075373
-0.007317237093852569
-0.06193714350214741
0.025649122658425227
0.030974972656109045
-0.022368622754905587
-0.041376638974308655
0.09718899306107964
0.07586149829868472
-0.13034379599603163
0.026653357334457617
-0.0011970474263076625
-0.022821982956040543
-0.03520416182162833
-0.007543661478351282
-0.0489237727198617
0.07586149829868472
0.043334141200254805
0.015089270086424023
-0.010532567714866659
0.11840346286310233
-0.13034379599603163
-0.10013006587302442
-0.07212958518599066
-0.027788545411032928
-0.22146034456414654
0.0216176650818376
0.02432879134386301
0.013040071944516285
0.08080248335888918
0.031017376704207678
0.007058852839625374
0.049538360788050184
0.0326533364262076
-0.03917887174705115
-0.050143819123519506
0.05436809318039337
-0.03520416182162833
0.05168531023255696
0.03861575224405023
-0.010204897362879883
-0.0007657730469858848
0.06925574960452696
0.03882682382156144
-0.07892951287026762
-0.01249170093178087
-0.01686722086916248
-0.04022536987465397
0.011999720455214913
-0.03520416182162833
-0.02496648159475967
