-0.03458770640829023
0.04283497654615154
-0.032340875642459466
-0.009357776553262198
-0.02862716582831837
-0.01956931117570271
-0.15702055781469149
0.005082074600808895
0.04995452527457189
0.037107507807760065
0.0016709762031741349
-0.07724758378448726
0.04590352204112591
-0.0489237727198617
0.029794720012301212
0.01613403625846388
0.0041948137923384365
-0.013771885982464482
-0.022622356364218277
-0.07075486294590672
0.049538360788050184
-0.011743957061684185
0.034283772423341574
0.0576314646823306
0.08759468040243501
0.0203593980283987
-0.12033949778566289
0.08653619008305125
0.01661350063361855
0.04391937482752173
0.08653619008305125
0.0461992712042818
-0.03917887174705115
-0.0005187167995490682
0.02927401578257438
0.037107507807760065
0.0576314646823306
-0.027789787343500905
0.0025784297617263974
-0.009588853389239205
0.020446479141682516
-0.032259158022980294
0.023512429278589764
0.0276177252845331
0.0165919313161762
0.02708189422255458
0.06569838178769771
-0.13034379599603163
0.0688088340488946
0.026005039289207943
0.06994395962703592
0.04920879849315085
0.06605801367827979
0.06994395962703592
-0.01956931117570271
0.019778644828504
0.08105492908796386
0.03863378364598535
0.051344950513199095
0.06925574960452696
-0.03458770640829023
0.020083040980136246
-0.01249170093178087
-0.060513028914405353
0.025649122658425227
0.020083040980136246
-0.0636718542421022
-0.10013006587302442
0.02773636562208104
-0.009357776553262198
0.04823967565580034
0.01035787819304268
-0.01844849936066506
0.05168531023255696
0.05436809318039337
0.015089270086424023
0.04995452527457189
0.03861575224405023
0.05198789125700998
-0.07414653786004877
-0.06720056781523276
-0.051670301345440706
0.020083040980136246
0.015089270086424023
-0.005818111085915234
-0.07892951287026762
-0.01956931117570271
0.01613403625846388
-0.0038562351615762935
0.05168531023255696
0.007058852839625374
-0.041376638974308655
-0.022622356364218277
-0.0007657730469858848
-0.07724758378448726
-0.05983064969141072
-0.06053051312501001
0.009856619194733796
-0.022622356364218277
0.013109728048770641
-0.036421638107813514
0.08105492908796386
0.06806350229329183
-0.06226621690008294
-0.036421638107813514
-0.13034379599603163
-0.012150300762606037
0.06569838178769771
-0.027789787343500905
0.026005039289207943
0.02432879134386301
0.02520341309711238
0.011999720455214913
0.11522232211929584
-0.036421638107813514
0.014780240742707562
0.04665297339942498
-0.01956931117570271
0.0025784297617263974
-0.07414653786004877
-0.05464289541014722
0.013040071944516285
0.05182100602750328
0.028713620756199987
0.006265799221320201
-0.05282848588680089
0.019778644828504
-0.017242733713295877
0.01347000313241331
0.02708189422255458
0.0278028767684102
-0.03917887174705115
-0.05120330655862837
0.006265799221320201
0.017908695057996304
-0.12033949778566289
0.04299886054755575
0.03863378364598535
0.006746455834750975
0.04827168718050601
0.024801788304586125
-0.06464003578883037
0.049538360788050184
-0.011743957061684185
-0.007882998007099573
0.013065356771912562
-0.02243129284092049
0.0025784297617263974
0.023560334148108097
-0.08110299466350668
0.06316607709876365
-0.06109953281700342
0.11840346286310233
0.06761705055254463
-0.013771885982464482
0.11522232211929584
0.02432879134386301
-0.1218059774124729
0.013109728048770641
0.11522232211929584
0.05198789125700998
0.056736527751481525
-0.2546008091448053
-0.03997727574944321
-0.027789787343500905
0.06318283133468316
0.037453479113841226
0.02708189422255458
0.04665297339942498
0.06605801367827979
0.013040071944516285
-0.08110299466350668
0.0461992712042818
-0.06226621690008294
0.02520341309711238
0.06292625909621563
-0.07414653786004877
0.04790976101641675
-0.09359820865597968
-0.009588853389239205
-0.08143178414826124
-0.05983064969141072
-0.0357902826629255
0.06925574960452696
0.015089270086424023
-0.08814864178677073
0.06292625909621563
-0.02862716582831837
0.04135586741642605
-0.22146034456414654
0.0515617796937029
-0.08143178414826124
-0.03133707462365809
0.019778644828504
0.0027859037974478085
0.1417808980890598
-0.0357902826629255
0.08105492908796386
0.015089270086424023
0.03861575224405023
0.017908695057996304
-0.01249170093178087
-0.0008948035361102669
0.048059232237648075
-0.06109953281700342
-0.05586089089844393
-0.0005187167995490682
-0.027462288324585415
0.003822387934753202
0.01699193585620762
0.06569838178769771
0.026458811902690726
0.03994035520780326
-0.04022536987465397
0.0216176650818376
-0.032259158022980294
-0.060513028914405353
-0.0851300246174862
0.014780240742707562
0.05436809318039337
0.08121523150568599
-0.06464003578883037
0.0165919313161762
0.026005039289207943
0.15300088602597928
-0.0002495311402075373
0.043334141200254805
0.01716964896203166
0.01035787819304268
0.0276177252845331
0.034283772423341574
-0.037433866920196124
-0.041376638974308655
0.04920879849315085
0.056736527751481525
0.048059232237648075
0.06318283133468316
-0.03695834061658587
0.012299756912504733
0.04823967565580034
-0.047644828679283435
-0.03133707462365809
0.01046829599036414
-0.01686722086916248
-0.022622356364218277
-0.10819102148647719
0.06292625909621563
0.0326533364262076
0.06318283133468316
-0.02862716582831837
0.01716964896203166
0.06316607709876365
-0.08285893181375492
0.04995452527457189
-0.017242733713295877
-0.008416174423421019
-0.06720056781523276
0.012394543666532698
0.006746455834750975
0.014780240742707562
-0.0849833488167917
0.08383912323474085
-0.09432889171755221
-0.041376638974308655
-0.03997727574944321
0.0022689688502968153
-0.017136936568830308
0.06569838178769771
0.01347000313241331
-0.037433866920196124
-0.05120330655862837
0.0276177252845331
0.014471610315426986
0.02520341309711238
-0.022368622754905587
-0.014438989348697362
0.13204555949274965
0.0025784297617263974
0.007058852839625374
-0.014438989348697362
0.04729149119249154
-0.017242733713295877
0.023512429278589764
0.043334141200254805
-0.08678886069673908
0.08632977574364098
0.11840346286310233
-0.049962429852048906
-0.010532567714866659
0.013040071944516285
0.022194058573782982
-0.014438989348697362
-0.05416508205116166
0.06364954486786978
-0.004841918958801372
0.03882682382156144
-0.051670301345440706
-0.0005187167995490682
-0.22146034456414654
