0.08799230776265521
0.02708189422255458
0.028713620756199987
0.05168531023255696
0.04283497654615154
0.01716964896203166
0.06925574960452696
0.062467374718552904
-0.005818111085915234
0.047513051758585334
0.08383912323474085
0.01579928711915457
-0.1218059774124729
0.08383912323474085
0.02773636562208104
0.04665297339942498
0.07382421435571018
-0.06285634704832255
0.08799230776265521
0.04729149119249154
0.026458811902690726
0.1399333926158075
-0.08721982612879486
-0.012372140541780041
-0.0007657730469858848
-0.009357776553262198
0.05425453554333082
0.08176108754913614
0.001954162314668828
0.06605801367827979
0.08121523150568599
0.0203593980283987
0.049538360788050184
0.020083040980136246
-0.0005187167995490682
0.01347000313241331
-0.0038562351615762935
0.008665176454019985
0.04606131559255999
-0.050143819123519506
-0.007882998007099573
0.043334141200254805
0.04823967565580034
-0.0851300246174862
-0.13034379599603163
0.08383912323474085
-0.022368622754905587
0.05425453554333082
-0.07892951287026762
-0.032340875642459466
0.024801788304586125
-0.015144140805206874
-0.0002495311402075373
0.001954162314668828
-0.010532567714866659
0.02432879134386301
0.02714223291166995
-0.05586089089844393
-0.05416508205116166
0.04827168718050601
0.0276177252845331
-0.022898889969576786
0.051344950513199095
0.0016709762031741349
-0.04466517994807795
0.01579928711915457
-0.15702055781469149
0.026458811902690726
-0.07212958518599066
0.009856619194733796
0.0025784297617263974
-0.009357776553262198
0.02927401578257438
0.037453479113841226
0.008665176454019985
-0.04022536987465397
0.04135586741642605
0.037453479113841226
-0.04466517994807795
-0.06193714350214741
-0.032259158022980294
0.012299756912504733
0.11840346286310233
0.020567585268201682
0.02714223291166995
-0.05129888770798985
-0.08814864178677073
0.08732358904095427
0.08799230776265521
-0.15702055781469149
-0.08285893181375492
-0.0013205999854228878
0.026458811902690726
-0.17661184642248884
-0.03270475340709922
0.003822387934753202
0.08383912323474085
0.037453479113841226
0.05799658946616226
0.0844852260058202
0.012394543666532698
-0.05120330655862837
-0.09359820865597968
0.06925574960452696
0.06228267241298191
-0.002647647860884561
0.0576314646823306
0.008665176454019985
-0.07212958518599066
0.013040071944516285
-0.022368622754905587
0.012394543666532698
0.006265799221320201
-0.019391257313081667
0.04799414960212012
-0.021161035659430283
-0.06258250876081561
0.08632977574364098
-0.01686722086916248
0.01579928711915457
0.020567585268201682
-0.005105231073404326
-0.0002495311402075373
-0.01956931117570271
-0.014438989348697362
-0.06720056781523276
0.0688088340488946
-0.06109953281700342
-0.0851300246174862
0.008505479129739868
-0.02375973362478856
-0.0636718542421022
0.01046829599036414
-0.06109953281700342
-0.009357776553262198
0.01724199139330551
0.06364954486786978
0.0022689688502968153
0.0326533364262076
0.01724199139330551
-0.0005187167995490682
0.034283772423341574
-0.02375973362478856
-0.008416174423421019
-0.2546008091448053
0.1399333926158075
0.043334141200254805
0.05425453554333082
-0.07414653786004877
0.04048653167530425
-0.08110299466350668
-0.021161035659430283
0.001954162314668828
-0.010204897362879883
0.08759468040243501
-0.02496648159475967
0.0688088340488946
-0.028034859824940028
-0.06226621690008294
-0.05416508205116166
-0.002205271978588108
0.0203593980283987
-0.005105231073404326
0.04299886054755575
0.08383912323474085
0.014780240742707562
-0.04022536987465397
-0.004841918958801372
-0.08814864178677073
-0.049962429852048906
0.029794720012301212
0.06364954486786978
-0.1218059774124729
0.001954162314668828
-0.007720686875989813
-0.15702055781469149
-0.047644828679283435
-0.032340875642459466
0.023512429278589764
0.001954162314668828
0.023560334148108097
0.02714223291166995
0.07518071596092746
0.04333086414918519
0.04283497654615154
0.008665176454019985
-0.032340875642459466
0.01716964896203166
0.04380656992791998
-0.022348210496932808
0.0027859037974478085
0.06318283133468316
-0.0013205999854228878
0.08121523150568599
-0.038466866176760206
0.02451643163530548
0.01724199139330551
-0.01844849936066506
0.028713620756199987
-0.09432889171755221
-0.051670301345440706
0.04299886054755575
0.013109728048770641
0.03643980545838055
-0.005818111085915234
0.025649122658425227
0.0027859037974478085
-0.017242733713295877
0.0326533364262076
-0.17661184642248884
-0.022622356364218277
0.003822387934753202
0.02520341309711238
-0.051670301345440706
0.06806350229329183
-0.022368622754905587
-0.05416508205116166
-0.049962429852048906
-0.0005187167995490682
-0.018864353824572078
0.013065356771912562
-0.05416508205116166
0.04391937482752173
0.04606131559255999
0.11840346286310233
-0.0007657730469858848
0.013065356771912562
0.034283772423341574
0.0276177252845331
-0.007720686875989813
0.030974972656109045
0.04371378571481266
0.0844852260058202
0.07518071596092746
0.025722681761052968
-0.12033949778566289
-0.015144140805206874
0.005173534568482907
0.01579928711915457
0.0025784297617263974
0.05182100602750328
0.04665297339942498
0.04729149119249154
0.022821768641877682
0.15300088602597928
0.03443624877469453
-0.08285893181375492
-0.017242733713295877
0.012299756912504733
-0.2546008091448053
-0.05586089089844393
0.07518071596092746
-0.0002495311402075373
0.017908695057996304
-0.09359820865597968
-0.021161035659430283
-0.10013006587302442
0.07586149829868472
0.11840346286310233
-0.03458770640829023
-0.07212958518599066
0.006143668794592827
0.001954162314668828
0.04827168718050601
0.014780240742707562
0.003822387934753202
-0.012372140541780041
-0.05464289541014722
0.028713620756199987
-0.049962429852048906
0.043334141200254805
0.08080248335888918
0.1399333926158075
-0.009588853389239205
-0.032259158022980294
-0.03520416182162833
0.05182100602750328
0.049538360788050184
-0.018864353824572078
0.01046829599036414
-0.010532567714866659
-0.22146034456414654
0.04799414960212012
0.01724199139330551
0.025649122658425227
-0.0011970474263076625
0.08383912323474085
0.04371378571481266
0.02432879134386301
0.06316607709876365
0.0022689688502968153
-0.0002868205956847447
-0.06053051312501001
0.04371378571481266
0.011999720455214913
0.0844852260058202
0.030974972656109045
-0.09570667993071069
0.026005039289207943
