0.05425453554333082
-0.03270475340709922
0.02714223291166995
-0.06285634704832255
-0.015144140805206874
-0.027393577402978764
-0.027789787343500905
0.0688088340488946
-0.05464289541014722
0.006265799221320201
-0.07892951287026762
0.06567138145123597
-0.0489237727198617
0.01035787819304268
0.06994395962703592
0.08653619008305125
0.08383912323474085
0.025649122658425227
0.05182100602750328
0.01579928711915457
0.014780240742707562
-0.07212958518599066
0.019778644828504
-0.08678886069673908
-0.04126132556270612
0.012394543666532698
-0.022348210496932808
0.04299886054755575
-0.032340875642459466
0.020567585268201682
0.04371378571481266
-0.07724758378448726
-0.02496648159475967
-0.0851300246174862
-0.08285893181375492
-0.22146034456414654
0.039209693040964666
-0.032340875642459466
0.029794720012301212
-0.08285893181375492
0.1417808980890598
0.0844852260058202
-0.011743957061684185
0.04729149119249154
0.047513051758585334
-0.05654058267968054
0.041840431302949455
0.08759468040243501
0.07518071596092746
0.028713620756199987
-0.0002868205956847447
0.048059232237648075
0.03443624877469453
0.01579928711915457
-0.06638125688640528
0.047513051758585334
-0.05464289541014722
0.043334141200254805
0.047513051758585334
-0.07212958518599066
0.08632977574364098
0.01661350063361855
-0.07724758378448726
-0.09432889171755221
-0.06258250876081561
0.030122729138618354
0.039209693040964666
0.11522232211929584
0.034283772423341574
0.15300088602597928
-0.022368622754905587
-0.0357902826629255
0.1399333926158075
0.006143668794592827
-0.012150300762606037
0.10240276235625068
0.006143668794592827
-0.012150300762606037
0.04823967565580034
0.02520341309711238
0.08632977574364098
-0.05129888770798985
0.06567138145123597
-0.0002495311402075373
-0.038466866176760206
0.048059232237648075
0.006746455834750975
0.08383912323474085
-0.041376638974308655
-0.03917887174705115
0.045224792909892564
0.0216176650818376
0.02520341309711238
0.01716964896203166
0.030122729138618354
0.09718899306107964
0.04380656992791998
0.0025784297617263974
-0.06464003578883037
-0.06720056781523276
0.04665297339942498
0.0165919313161762
0.07518071596092746
-0.06193714350214741
0.041840431302949455
-0.06053051312501001
0.04048653167530425
-0.06226621690008294
0.02520341309711238
0.05198789125700998
0.005082074600808895
0.047513051758585334
-0.022348210496932808
-0.06638125688640528
-0.0005187167995490682
0.02773636562208104
-0.08110299466350668
-0.06193714350214741
-0.10819102148647719
-0.13034379599603163
-0.0489237727198617
0.022194058573782982
0.02520341309711238
0.01035787819304268
-0.032340875642459466
-0.05654058267968054
-0.005818111085915234
0.01579928711915457
-0.02243129284092049
0.03994035520780326
-0.08814864178677073
-0.03173275161671363
-0.049962429852048906
-0.01956931117570271
0.0512476844333456
-0.10819102148647719
0.014471610315426986
-0.041376638974308655
-0.10013006587302442
0.04799414960212012
-0.019514789449790015
0.03994035520780326
-0.03458770640829023
0.0027859037974478085
0.01035787819304268
-0.027788545411032928
0.02451643163530548
-0.015144140805206874
-0.032259158022980294
0.0844852260058202
0.0278028767684102
0.05168531023255696
0.029794720012301212
0.08732358904095427
-0.007317237093852569
0.08176108754913614
0.030122729138618354
0.048059232237648075
0.06569838178769771
-0.05282848588680089
0.08302714817478662
0.05799658946616226
-0.032259158022980294
0.02451643163530548
0.020083040980136246
0.01613403625846388
0.0016709762031741349
-0.0008948035361102669
0.0276177252845331
0.05168531023255696
0.04299886054755575
0.02520341309711238
0.04135586741642605
-0.013878349100881593
0.0025784297617263974
0.012299756912504733
0.02520341309711238
0.05168531023255696
-0.022898889969576786
-0.005818111085915234
-0.009588853389239205
-0.014438989348697362
-0.08126108737944548
0.019778644828504
-0.018864353824572078
-0.005105231073404326
-0.002205271978588108
0.06806350229329183
-0.0007657730469858848
-0.047644828679283435
-0.027788545411032928
-0.08126108737944548
-0.10819102148647719
0.04380656992791998
0.03882682382156144
-0.12033949778566289
0.13204555949274965
0.01661350063361855
-0.019391257313081667
0.006143668794592827
0.1399333926158075
-0.01249170093178087
-0.06285634704832255
0.030122729138618354
0.017908695057996304
0.019778644828504
0.06292625909621563
0.0016709762031741349
-0.045496030668886966
0.005082074600808895
0.04823967565580034
0.09718899306107964
-0.03997727574944321
-0.03997727574944321
-0.027788545411032928
0.013065356771912562
-0.0005187167995490682
0.08632977574364098
-0.032259158022980294
-0.07212958518599066
0.0025784297617263974
-0.017136936568830308
0.037107507807760065
-0.027462288324585415
0.01661350063361855
-0.037433866920196124
-0.032259158022980294
0.022821768641877682
0.06567138145123597
0.022821768641877682
0.04299886054755575
0.0203593980283987
0.029794720012301212
0.04729149119249154
0.062467374718552904
0.019778644828504
0.0344322264021244
0.04606131559255999
0.0022689688502968153
-0.0489237727198617
0.04665297339942498
0.04371378571481266
-0.027462288324585415
0.018593646962060006
-0.011743957061684185
0.04380656992791998
-0.01249170093178087
-0.08143178414826124
-0.022368622754905587
0.13480548385110502
0.01347000313241331
0.008665176454019985
0.006265799221320201
-0.007317237093852569
0.08176108754913614
-0.08678886069673908
-0.0038562351615762935
-0.05282848588680089
0.014780240742707562
0.09718899306107964
0.007058852839625374
-0.05654058267968054
0.07586149829868472
0.006265799221320201
-0.13034379599603163
-0.022898889969576786
-0.045496030668886966
0.0576314646823306
0.02451643163530548
-0.015144140805206874
-0.005105231073404326
0.049538360788050184
-0.12033949778566289
-0.04022536987465397
0.04823967565580034
0.03994035520780326
0.08302714817478662
0.009856619194733796
-0.04022536987465397
-0.05129888770798985
0.04371378571481266
0.08121523150568599
-0.08110299466350668
-0.005105231073404326
-0.011743957061684185
-0.0636718542421022
-0.1218059774124729
-0.08814864178677073
0.051344950513199095
0.028713620756199987
0.0461992712042818
-0.038466866176760206
-0.08110299466350668
0.034283772423341574
0.037453479113841226
0.03863378364598535
-0.022348210496932808
0.13204555949274965
0.0326533364262076
