0.009856619194733796
0.08302714817478662
-0.09359820865597968
0.06567138145123597
0.026005039289207943
-0.011743957061684185
0.04823967565580034
0.04729149119249154
-0.07724758378448726
0.02451643163530548
0.006265799221320201
0.08302714817478662
0.04380656992791998
0.04391937482752173
0.005173534568482907
0.011553574399841615
-0.019514789449790015
0.0025784297617263974
-0.032340875642459466
0.013065356771912562
-0.002647647860884561
0.06567138145123597
0.020567585268201682
-0.17661184642248884
-0.012150300762606037
-0.05654058267968054
0.04299886054755575
0.07382421435571018
0.013065356771912562
-0.05699148198311299
0.034283772423341574
-0.007543661478351282
0.08632977574364098
0.06569838178769771
0.024801788304586125
0.03863378364598535
0.0844852260058202
-0.019514789449790015
-0.05699148198311299
0.06567138145123597
-0.0851300246174862
0.02773636562208104
0.049538360788050184
-0.013878349100881593
0.026005039289207943
0.11522232211929584
-0.04022536987465397
-0.03133707462365809
-0.022348210496932808
0.07382421435571018
0.0344322264021244
0.01579928711915457
0.0344322264021244
-0.05129888770798985
-0.0008948035361102669
0.06228267241298191
0.0216176650818376
-0.017136936568830308
0.008665176454019985
0.08176108754913614
-0.019391257313081667
-0.012372140541780041
-0.10013006587302442
0.03863378364598535
0.0326533364262076
-0.05129888770798985
0.0276177252845331
0.03443624877469453
0.04920879849315085
0.012299756912504733
0.04729149119249154
-0.0636718542421022
0.03994035520780326
0.01035787819304268
-0.005818111085915234
-0.03520416182162833
-0.02375973362478856
0.018593646962060006
0.06994395962703592
-0.08285893181375492
0.0576314646823306
-0.06053051312501001
0.04827168718050601
-0.01686722086916248
0.07518071596092746
-0.07212958518599066
0.008665176454019985
0.051344950513199095
0.006746455834750975
0.06364954486786978
0.03863378364598535
-0.03133707462365809
-0.015144140805206874
-0.021161035659430283
0.011553574399841615
-0.07212958518599066
0.03208636570286316
0.02708189422255458
-0.05464289541014722
0.10240276235625068
-0.08285893181375492
0.03994035520780326
0.08176108754913614
0.03443624877469453
-0.002647647860884561
0.06761705055254463
-0.007882998007099573
0.0688088340488946
-0.002205271978588108
0.04380656992791998
0.07586149829868472
0.012390402416693647
-0.017136936568830308
-0.017242733713295877
0.043334141200254805
-0.038466866176760206
-0.02496648159475967
0.0512476844333456
-0.018864353824572078
-0.0008948035361102669
0.17000938109242547
-0.09570667993071069
0.05168531023255696
0.04333086414918519
0.04380656992791998
0.02927401578257438
0.06318283133468316
-0.07075486294590672
0.011999720455214913
0.09718899306107964
0.020446479141682516
-0.04126132556270612
-0.08110299466350668
0.09718899306107964
0.08121523150568599
0.0326533364262076
0.08302714817478662
0.020083040980136246
0.020083040980136246
0.009856619194733796
0.13480548385110502
0.01724199139330551
-0.005105231073404326
0.003822387934753202
-0.02862716582831837
-0.03173275161671363
0.0165919313161762
0.03994035520780326
-0.0002868205956847447
-0.06285634704832255
0.0688088340488946
0.056736527751481525
0.06567138145123597
0.05168531023255696
0.056736527751481525
0.08383912323474085
0.019778644828504
-0.10819102148647719
0.015089270086424023
0.05182100602750328
-0.03997727574944321
0.05425453554333082
0.0025784297617263974
0.07060672059698447
-0.17661184642248884
0.006746455834750975
0.012394543666532698
-0.022348210496932808
-0.02496648159475967
0.05799658946616226
-0.08110299466350668
0.04333086414918519
0.0461992712042818
-0.022898889969576786
0.01699193585620762
0.05799658946616226
-0.060513028914405353
-0.0851300246174862
0.13480548385110502
0.03443624877469453
0.0203593980283987
-0.022622356364218277
-0.07892951287026762
-0.05416508205116166
0.01046829599036414
0.07586149829868472
0.030974972656109045
0.034283772423341574
0.0461992712042818
-0.08814864178677073
0.026653357334457617
-0.01249170093178087
0.012394543666532698
0.10109672394520075
0.03208636570286316
0.020446479141682516
0.029794720012301212
0.01716964896203166
0.08732358904095427
0.028713620756199987
0.03643980545838055
-0.038466866176760206
0.04371378571481266
0.08121523150568599
0.04799414960212012
-0.032340875642459466
0.01579928711915457
0.08632977574364098
0.05799658946616226
0.13204555949274965
0.022821768641877682
-0.08110299466350668
0.02927401578257438
-0.015144140805206874
-0.012150300762606037
-0.0007657730469858848
-0.05120330655862837
0.025524068456756588
0.02432879134386301
-0.0357902826629255
0.08302714817478662
0.024801788304586125
-0.06464003578883037
-0.12033949778566289
-0.17661184642248884
0.018593646962060006
0.0344322264021244
0.04283497654615154
-0.03695834061658587
-0.022821982956040543
0.08799230776265521
0.1417808980890598
0.0027859037974478085
0.02708189422255458
0.09718899306107964
-0.010532567714866659
-0.050143819123519506
0.0515617796937029
-0.05699148198311299
0.006143668794592827
0.01699193585620762
0.07586149829868472
-0.01844849936066506
-0.010204897362879883
-0.08814864178677073
0.0512476844333456
0.08383912323474085
0.04729149119249154
-0.05282848588680089
-0.01844849936066506
-0.06464003578883037
0.04135586741642605
-0.05416508205116166
-0.051670301345440706
-0.01844849936066506
-0.060513028914405353
0.005082074600808895
-0.005818111085915234
-0.01686722086916248
0.07586149829868472
-0.0002495311402075373
-0.022898889969576786
0.05182100602750328
-0.03563356684104946
-0.007317237093852569
0.0025784297617263974
0.026653357334457617
-0.045496030668886966
-0.08721982612879486
-0.06638125688640528
0.0344322264021244
0.02714223291166995
0.0016709762031741349
0.08176108754913614
-0.15702055781469149
0.02451643163530548
-0.03997727574944321
-0.0636718542421022
0.03863378364598535
-0.09359820865597968
-0.01249170093178087
0.030974972656109045
0.06761705055254463
-0.08126108737944548
0.06806350229329183
-0.02243129284092049
0.04048653167530425
0.0276177252845331
-0.01686722086916248
-0.07724758378448726
-0.06258250876081561
-0.0849833488167917
-0.06226621690008294
0.08632977574364098
0.0461992712042818
0.06806350229329183
0.006746455834750975
-0.007317237093852569
0.04823967565580034
