0.01046829599036414
0.041840431302949455
-0.05983064969141072
0.007058852839625374
-0.10013006587302442
0.08732358904095427
0.11840346286310233
-0.038466866176760206
-0.03520416182162833
0.04135586741642605
-0.050143819123519506
-0.07075486294590672
0.013109728048770641
-0.019391257313081667
0.06228267241298191
0.07586149829868472
0.006746455834750975
0.012299756912504733
0.03208636570286316
0.03443624877469453
-0.0011970474263076625
0.04333086414918519
-0.06258250876081561
-0.01956931117570271
-0.02496648159475967
0.04469322213864224
-0.05699148198311299
-0.04466517994807795
-0.0489237727198617
0.07382421435571018
0.07060672059698447
-0.05464289541014722
0.04729149119249154
-0.049962429852048906
0.03973066370480538
0.15300088602597928
-0.07465345378649157
-0.06258250876081561
0.0344322264021244
0.02773636562208104
0.056736527751481525
-0.018864353824572078
0.023512429278589764
0.023560334148108097
-0.015144140805206874
0.04469322213864224
-0.027393577402978764
0.07518071596092746
0.04469322213864224
0.025722681761052968
0.025722681761052968
0.015089270086424023
0.06569838178769771
0.02927401578257438
-0.09359820865597968
-0.04022536987465397
-0.08285893181375492
0.08176108754913614
-0.005818111085915234
0.0688088340488946
0.056736527751481525
-0.06464003578883037
0.023512429278589764
-0.002647647860884561
0.06569838178769771
0.13204555949274965
0.03994035520780326
0.025524068456756588
-0.015144140805206874
-0.005105231073404326
0.026458811902690726
-0.09432889171755221
0.08176108754913614
0.08302714817478662
0.04920879849315085
-0.05282848588680089
0.0344322264021244
-0.013771885982464482
-0.007338419158481102
-0.01956931117570271
0.06318283133468316
0.06318283133468316
0.04380656992791998
0.03863378364598535
0.04380656992791998
-0.007720686875989813
0.06925574960452696
-0.022622356364218277
0.039209693040964666
0.03208636570286316
-0.06258250876081561
-0.06464003578883037
-0.0489237727198617
0.13480548385110502
0.13480548385110502
0.0016709762031741349
0.0276177252845331
-0.017242733713295877
-0.045496030668886966
-0.09432889171755221
0.07518071596092746
0.008505479129739868
0.023560334148108097
0.0576314646823306
0.03443624877469453
0.01724199139330551
0.08653619008305125
0.020567585268201682
0.011999720455214913
0.04469322213864224
0.0165919313161762
-0.04022536987465397
0.06994395962703592
0.013065356771912562
-0.01686722086916248
0.06567138145123597
0.11840346286310233
-0.09359820865597968
-0.0002868205956847447
-0.07212958518599066
-0.022898889969576786
0.01661350063361855
-0.05586089089844393
-0.060513028914405353
-0.050143819123519506
-0.0357902826629255
-0.009588853389239205
0.09718899306107964
0.04665297339942498
-0.027462288324585415
0.05198789125700998
0.0203593980283987
0.10109672394520075
0.08176108754913614
0.025722681761052968
0.025524068456756588
-0.09570667993071069
0.037453479113841226
-0.06053051312501001
0.045224792909892564
0.01035787819304268
-0.013878349100881593
-0.03045002278091502
0.026458811902690726
-0.0002868205956847447
-0.015144140805206874
-0.06109953281700342
-0.2546008091448053
0.045224792909892564
-0.03563356684104946
0.04469322213864224
-0.049962429852048906
-0.06226621690008294
-0.05699148198311299
-0.10819102148647719
0.030974972656109045
0.03882682382156144
0.0027859037974478085
0.0688088340488946
-0.05129888770798985
0.04333086414918519
0.04391937482752173
0.026458811902690726
0.03208636570286316
-0.041376638974308655
-0.007720686875989813
-0.08285893181375492
0.0027859037974478085
0.15300088602597928
0.04333086414918519
0.043334141200254805
0.06567138145123597
-0.012150300762606037
0.0515617796937029
-0.007317237093852569
0.04371378571481266
0.02708189422255458
-0.05416508205116166
-0.038466866176760206
-0.0007657730469858848
0.02520341309711238
-0.012150300762606037
-0.013771885982464482
0.17000938109242547
0.03208636570286316
0.0203593980283987
0.03973066370480538
0.04729149119249154
0.012394543666532698
-0.10819102148647719
0.06605801367827979
-0.07414653786004877
-0.009588853389239205
0.10240276235625068
0.04333086414918519
-0.05129888770798985
0.005173534568482907
-0.0002495311402075373
-0.09570667993071069
-0.010532567714866659
0.019778644828504
-0.13034379599603163
-0.07465345378649157
0.026458811902690726
0.06569838178769771
0.01347000313241331
0.012299756912504733
0.012390402416693647
0.0844852260058202
0.047513051758585334
0.04283497654615154
-0.04466517994807795
0.04995452527457189
-0.03045002278091502
-0.12033949778566289
-0.012372140541780041
0.04590352204112591
-0.012150300762606037
0.03443624877469453
0.06806350229329183
0.04920879849315085
0.02432879134386301
-0.05654058267968054
-0.022622356364218277
0.11840346286310233
-0.07892951287026762
0.0344322264021244
0.008505479129739868
-0.08678886069673908
-0.036421638107813514
0.13204555949274965
0.018593646962060006
-0.06258250876081561
0.008505479129739868
-0.005105231073404326
0.04665297339942498
-0.002647647860884561
0.015089270086424023
0.02451643163530548
-0.022821982956040543
-0.04126132556270612
0.029794720012301212
0.06806350229329183
0.15300088602597928
0.047513051758585334
-0.047644828679283435
0.008505479129739868
0.05182100602750328
0.007058852839625374
-0.010204897362879883
-0.08126108737944548
0.04827168718050601
-0.019391257313081667
0.001954162314668828
0.06925574960452696
-0.027393577402978764
-0.008416174423421019
0.05799658946616226
0.011999720455214913
0.049538360788050184
-0.06109953281700342
-0.02496648159475967
0.04590352204112591
0.023512429278589764
0.037453479113841226
0.05182100602750328
0.008505479129739868
-0.05654058267968054
-0.028034859824940028
0.013109728048770641
0.0022689688502968153
0.03643980545838055
-0.009357776553262198
0.025722681761052968
0.0344322264021244
-0.009588853389239205
-0.2546008091448053
-0.060513028914405353
0.04380656992791998
-0.024170822975695394
-0.017242733713295877
0.15300088602597928
-0.005818111085915234
-0.022622356364218277
0.04590352204112591
0.025649122658425227
0.0576314646823306
-0.012150300762606037
0.04606131559255999
0.04380656992791998
-0.07892951287026762
0.0278028767684102
0.01716964896203166
-0.017242733713295877
-0.007720686875989813
-0.07465345378649157
0.0016709762031741349
0.04391937482752173
0.062467374718552904
