0.06318283133468316
0.005082074600808895
0.04790976101641675
0.01716964896203166
0.01579928711915457
-0.028034859824940028
-0.07414653786004877
0.030974972656109045
0.0203593980283987
0.03643980545838055
0.01661350063361855
-0.008416174423421019
0.03863378364598535
0.056736527751481525
-0.012150300762606037
-0.01686722086916248
0.02708189422255458
0.06228267241298191
-0.0489237727198617
0.01347000313241331
-0.007720686875989813
-0.07075486294590672
0.06806350229329183
-0.06226621690008294
0.04827168718050601
-0.022348210496932808
0.08105492908796386
0.01716964896203166
-0.06226621690008294
-0.10013006587302442
-0.011743957061684185
0.08759468040243501
0.05198789125700998
0.02714223291166995
-0.06720056781523276
0.02520341309711238
0.08080248335888918
-0.010204897362879883
-0.02862716582831837
-0.005105231073404326
-0.027789787343500905
0.013040071944516285
-0.06109953281700342
-0.022898889969576786
-0.047644828679283435
0.02432879134386301
-0.010532567714866659
-0.10013006587302442
0.04391937482752173
-0.08143178414826124
0.04590352204112591
0.0022689688502968153
0.05425453554333082
0.006746455834750975
0.0278028767684102
0.030122729138618354
0.0461992712042818
-0.008416174423421019
0.10240276235625068
0.0688088340488946
0.06567138145123597
0.08799230776265521
0.0576314646823306
0.04995452527457189
0.008665176454019985
0.028713620756199987
-0.03695834061658587
0.030974972656109045
-0.022622356364218277
0.06994395962703592
0.15300088602597928
-0.038466866176760206
0.014471610315426986
-0.007338419158481102
0.048059232237648075
0.02927401578257438
0.0278028767684102
-0.022348210496932808
-0.027462288324585415
0.04391937482752173
-0.06285634704832255
-0.0038562351615762935
0.06569838178769771
-0.06193714350214741
-0.06464003578883037
0.026005039289207943
0.025524068456756588
0.05182100602750328
0.014780240742707562
0.025649122658425227
0.10240276235625068
-0.028034859824940028
0.0576314646823306
-0.050143819123519506
0.034283772423341574
-0.08285893181375492
-0.007882998007099573
0.07586149829868472
0.029794720012301212
-0.024170822975695394
-0.022348210496932808
0.0576314646823306
0.08759468040243501
-0.02243129284092049
-0.08678886069673908
0.10109672394520075
-0.037433866920196124
0.0278028767684102
0.08383912323474085
0.13480548385110502
0.03994035520780326
0.04469322213864224
0.04283497654615154
0.04827168718050601
0.039209693040964666
0.07518071596092746
-0.02375973362478856
0.0576314646823306
0.06228267241298191
-0.03133707462365809
-0.15702055781469149
0.04371378571481266
-0.06109953281700342
-0.028034859824940028
0.1399333926158075
0.01699193585620762
-0.049962429852048906
0.0016709762031741349
-0.007543661478351282
-0.007317237093852569
0.03861575224405023
0.04823967565580034
0.08799230776265521
0.043334141200254805
-0.017136936568830308
0.0027859037974478085
-0.0002495311402075373
-0.10819102148647719
-0.011743957061684185
-0.0357902826629255
0.06806350229329183
-0.05586089089844393
0.020446479141682516
-0.017136936568830308
-0.012372140541780041
-0.022348210496932808
-0.018864353824572078
0.01347000313241331
0.06761705055254463
-0.02496648159475967
0.047513051758585334
-0.010204897362879883
0.13480548385110502
-0.002647647860884561
-0.010204897362879883
-0.019391257313081667
0.08759468040243501
0.012299756912504733
0.023560334148108097
0.01661350063361855
-0.017242733713295877
-0.05654058267968054
0.013040071944516285
0.005082074600808895
0.0278028767684102
0.018593646962060006
0.04920879849315085
0.0512476844333456
0.01699193585620762
0.04590352204112591
0.04333086414918519
-0.051670301345440706
-0.012372140541780041
-0.07075486294590672
0.062467374718552904
0.06316607709876365
0.05168531023255696
-0.0011970474263076625
0.043334141200254805
0.012299756912504733
0.06994395962703592
-0.09432889171755221
0.0016709762031741349
0.05198789125700998
-0.08814864178677073
-0.06053051312501001
-0.0489237727198617
-0.03458770640829023
-0.05129888770798985
0.03208636570286316
0.13480548385110502
0.04380656992791998
-0.09432889171755221
-0.0008948035361102669
-0.06053051312501001
0.011553574399841615
-0.04466517994807795
0.03443624877469453
-0.049962429852048906
0.08799230776265521
-0.0489237727198617
0.06364954486786978
0.01035787819304268
0.07586149829868472
-0.007317237093852569
0.009856619194733796
0.02451643163530548
-0.002647647860884561
0.01699193585620762
0.04135586741642605
0.08176108754913614
0.007058852839625374
0.04790976101641675
0.039209693040964666
0.08759468040243501
0.08653619008305125
-0.007317237093852569
0.0016709762031741349
0.028713620756199987
-0.13034379599603163
-0.0011970474263076625
0.028713620756199987
-0.2546008091448053
0.03861575224405023
0.030122729138618354
0.07060672059698447
0.06567138145123597
0.037107507807760065
-0.027462288324585415
0.08080248335888918
0.039209693040964666
0.03643980545838055
0.02708189422255458
0.006746455834750975
0.04299886054755575
-0.10819102148647719
0.05182100602750328
0.008665176454019985
0.04823967565580034
-0.0549153461639893
0.01661350063361855
0.0515617796937029
0.06316607709876365
0.04299886054755575
0.08302714817478662
-0.06285634704832255
0.06994395962703592
-0.03997727574944321
0.022821768641877682
0.0216176650818376
-0.05120330655862837
0.03973066370480538
0.05799658946616226
0.026005039289207943
0.06994395962703592
0.037107507807760065
0.037453479113841226
0.012299756912504733
0.03208636570286316
-0.15702055781469149
0.0025784297617263974
0.0203593980283987
0.06567138145123597
0.04606131559255999
0.022194058573782982
0.0461992712042818
0.001954162314668828
-0.017242733713295877
-0.1218059774124729
0.04995452527457189
-0.03173275161671363
-0.009588853389239205
-0.012150300762606037
-0.02862716582831837
-0.05983064969141072
-0.0636718542421022
-0.0002495311402075373
0.003822387934753202
0.0016709762031741349
-0.17661184642248884
0.03882682382156144
-0.07465345378649157
0.008665176454019985
0.11840346286310233
0.02432879134386301
0.020083040980136246
0.04799414960212012
-0.037433866920196124
-0.09432889171755221
-0.0038562351615762935
0.06925574960452696
-0.024170822975695394
-0.0007657730469858848
-0.0038562351615762935
-0.0005187167995490682
-0.09432889171755221
0.048059232237648075
0.011553574399841615
0.011999720455214913
