0.03861575224405023
0.039209693040964666
0.17000938109242547
-0.05654058267968054
-0.060513028914405353
-0.05416508205116166
-0.049962429852048906
-0.008416174423421019
-0.038466866176760206
0.026653357334457617
0.030974972656109045
-0.045496030668886966
0.04665297339942498
0.17000938109242547
-0.03045002278091502
0.022821768641877682
-0.03520416182162833
-0.027393577402978764
0.06292625909621563
-0.037433866920196124
0.023560334148108097
0.08383912323474085
0.05799658946616226
0.062467374718552904
0.08080248335888918
0.0027859037974478085
0.013065356771912562
-0.13034379599603163
0.04823967565580034
-0.09359820865597968
-0.007338419158481102
-0.019514789449790015
-0.02375973362478856
-0.032340875642459466
0.03863378364598535
0.041840431302949455
0.01347000313241331
-0.010204897362879883
0.04823967565580034
0.0688088340488946
-0.015144140805206874
-0.06109953281700342
0.0326533364262076
0.01699193585620762
0.034283772423341574
0.06567138145123597
-0.0636718542421022
-0.004841918958801372
0.06316607709876365
0.015089270086424023
0.0025784297617263974
-0.049962429852048906
0.04135586741642605
0.001954162314668828
-0.07212958518599066
-0.011743957061684185
0.020083040980136246
0.012394543666532698
-0.04022536987465397
0.08105492908796386
0.08799230776265521
0.0025784297617263974
0.051344950513199095
-0.0007657730469858848
0.08383912323474085
0.0203593980283987
0.08302714817478662
-0.07414653786004877
-0.032340875642459466
-0.08285893181375492
0.0025784297617263974
0.01724199139330551
-0.038466866176760206
0.09718899306107964
0.11840346286310233
0.039209693040964666
0.0512476844333456
0.06567138145123597
0.01035787819304268
-0.014438989348697362
0.024801788304586125
-0.012372140541780041
-0.009588853389239205
0.04469322213864224
0.0512476844333456
0.10109672394520075
0.04920879849315085
-0.05464289541014722
0.022194058573782982
0.08383912323474085
0.1399333926158075
0.008505479129739868
-0.005105231073404326
0.11840346286310233
0.015089270086424023
-0.005105231073404326
0.022194058573782982
0.08302714817478662
-0.022348210496932808
-0.0851300246174862
0.08176108754913614
0.08653619008305125
0.06364954486786978
0.06925574960452696
0.03861575224405023
-0.0549153461639893
-0.06193714350214741
-0.07724758378448726
0.06567138145123597
0.023560334148108097
0.056736527751481525
-0.022821982956040543
-0.06226621690008294
0.03208636570286316
-0.06193714350214741
0.030974972656109045
0.05168531023255696
0.0278028767684102
0.011553574399841615
-0.015144140805206874
-0.09432889171755221
0.05436809318039337
0.009856619194733796
0.17000938109242547
0.03208636570286316
0.06318283133468316
0.05436809318039337
-0.07724758378448726
-0.037433866920196124
0.02451643163530548
0.026458811902690726
0.02927401578257438
0.06292625909621563
0.006265799221320201
0.020567585268201682
-0.06638125688640528
0.025524068456756588
-0.03133707462365809
0.0278028767684102
-0.05654058267968054
0.03208636570286316
-0.06258250876081561
-0.032340875642459466
0.06228267241298191
-0.024170822975695394
0.08759468040243501
-0.01249170093178087
0.08176108754913614
0.01716964896203166
-0.15702055781469149
0.06318283133468316
0.09718899306107964
0.026653357334457617
-0.05120330655862837
-0.06226621690008294
-0.03563356684104946
-0.032259158022980294
-0.09359820865597968
0.0216176650818376
0.006143668794592827
-0.050143819123519506
0.017908695057996304
0.01347000313241331
-0.03458770640829023
-0.022348210496932808
-0.05699148198311299
-0.03270475340709922
-0.0007657730469858848
-0.06638125688640528
0.0216176650818376
0.0216176650818376
-0.05586089089844393
0.017908695057996304
0.0216176650818376
-0.032259158022980294
0.0016709762031741349
-0.08110299466350668
0.0278028767684102
-0.03997727574944321
-0.037433866920196124
0.007058852839625374
0.06364954486786978
0.0344322264021244
0.04827168718050601
0.0576314646823306
0.022194058573782982
0.062467374718552904
0.1417808980890598
0.007058852839625374
-0.022368622754905587
0.008505479129739868
0.06318283133468316
0.04823967565580034
0.0022689688502968153
-0.0549153461639893
0.02451643163530548
0.022821768641877682
0.06994395962703592
-0.02375973362478856
-0.036421638107813514
0.012299756912504733
0.04299886054755575
-0.008416174423421019
0.04469322213864224
0.0216176650818376
0.05425453554333082
0.018593646962060006
-0.05129888770798985
0.006746455834750975
-0.01249170093178087
-0.013878349100881593
0.023560334148108097
-0.17661184642248884
0.02432879134386301
0.06567138145123597
0.009856619194733796
-0.05654058267968054
-0.018864353824572078
0.04590352204112591
0.022194058573782982
-0.08126108737944548
-0.060513028914405353
-0.03917887174705115
-0.08110299466350668
-0.0002495311402075373
-0.08110299466350668
-0.007882998007099573
-0.005818111085915234
-0.22146034456414654
0.04590352204112591
-0.010204897362879883
0.022821768641877682
0.06605801367827979
0.11840346286310233
-0.03133707462365809
-0.09359820865597968
0.0016709762031741349
-0.013878349100881593
0.056736527751481525
0.02520341309711238
0.031017376704207678
-0.03133707462365809
-0.0038562351615762935
-0.2546008091448053
0.04283497654615154
-0.027788545411032928
0.02773636562208104
-0.027393577402978764
-0.010532567714866659
0.009856619194733796
-0.1218059774124729
0.04469322213864224
0.03643980545838055
-0.022368622754905587
0.06994395962703592
-0.018864353824572078
0.022821768641877682
0.008665176454019985
0.024801788304586125
-0.027393577402978764
0.025722681761052968
0.017908695057996304
-0.05983064969141072
0.0326533364262076
0.06228267241298191
-0.015144140805206874
0.07060672059698447
0.04135586741642605
0.06364954486786978
0.15300088602597928
-0.17661184642248884
0.03208636570286316
-0.0038562351615762935
0.0688088340488946
-0.011743957061684185
-0.05416508205116166
-0.03563356684104946
0.04606131559255999
-0.036421638107813514
0.03208636570286316
-0.022622356364218277
-0.17661184642248884
-0.014438989348697362
-0.05699148198311299
-0.037433866920196124
-0.2546008091448053
-0.15702055781469149
-0.06464003578883037
0.0016709762031741349
-0.050143819123519506
0.0278028767684102
0.08632977574364098
0.017908695057996304
-0.0038562351615762935
-0.0007657730469858848
0.06292625909621563
-0.045496030668886966
-0.012150300762606037
-0.0489237727198617
