-0.06638125688640528
-0.005818111085915234
-0.022622356364218277
-0.013878349100881593
-0.032259158022980294
0.03994035520780326
0.04283497654615154
-0.08126108737944548
0.03643980545838055
-0.05464289541014722
0.017908695057996304
0.01661350063361855
0.0025784297617263974
0.048059232237648075
0.062467374718552904
-0.04022536987465397
0.02708189422255458
0.04606131559255999
0.012299756912504733
0.0576314646823306
0.08759468040243501
0.04333086414918519
0.04371378571481266
-0.04466517994807795
0.0512476844333456
0.04799414960212012
0.026005039289207943
-0.05282848588680089
-0.05120330655862837
-0.13034379599603163
0.08632977574364098
0.05168531023255696
-0.05129888770798985
0.05198789125700998
0.02927401578257438
0.10240276235625068
-0.07212958518599066
0.025649122658425227
-0.0002868205956847447
0.05182100602750328
0.08732358904095427
-0.04466517994807795
-0.05282848588680089
-0.02496648159475967
-0.06285634704832255
0.02927401578257438
0.045224792909892564
0.04823967565580034
0.019778644828504
0.06292625909621563
-0.05120330655862837
0.0027859037974478085
-0.002647647860884561
0.04665297339942498
-0.08126108737944548
-0.05654058267968054
-0.02243129284092049
-0.10013006587302442
0.08176108754913614
0.06567138145123597
0.014780240742707562
0.08653619008305125
-0.03173275161671363
-0.019514789449790015
0.025649122658425227
0.008665176454019985
0.06318283133468316
0.02773636562208104
0.0276177252845331
-0.0851300246174862
0.04827168718050601
0.001954162314668828
0.014780240742707562
-0.04466517994807795
0.015089270086424023
-0.004841918958801372
0.022821768641877682
-0.036421638107813514
0.0461992712042818
0.03882682382156144
0.011553574399841615
0.013109728048770641
-0.011743957061684185
0.0165919313161762
0.048059232237648075
0.01579928711915457
0.022194058573782982
-0.047644828679283435
-0.05129888770798985
0.06806350229329183
0.0278028767684102
0.02520341309711238
0.025722681761052968
0.13204555949274965
0.04920879849315085
0.01724199139330551
0.013109728048770641
0.06567138145123597
-0.06464003578883037
0.006143668794592827
-0.13034379599603163
-0.0007657730469858848
-0.03997727574944321
0.06318283133468316
0.029794720012301212
0.045224792909892564
0.02708189422255458
-0.08678886069673908
-0.022821982956040543
0.03443624877469453
0.0203593980283987
0.039209693040964666
0.06318283133468316
-0.09570667993071069
-0.013771885982464482
0.02451643163530548
0.037107507807760065
0.029794720012301212
0.06228267241298191
-0.03133707462365809
0.009856619194733796
0.04371378571481266
-0.22146034456414654
0.05436809318039337
0.07060672059698447
-0.02375973362478856
-0.07892951287026762
-0.08814864178677073
-0.0636718542421022
0.024801788304586125
-0.027462288324585415
0.0515617796937029
0.08105492908796386
0.0025784297617263974
-0.05699148198311299
-0.07414653786004877
0.043334141200254805
-0.0002868205956847447
0.0276177252845331
0.022194058573782982
-0.03173275161671363
-0.047644828679283435
-0.03173275161671363
0.02520341309711238
-0.032340875642459466
-0.007720686875989813
0.022821768641877682
0.04665297339942498
0.028713620756199987
0.08383912323474085
0.02773636562208104
0.0278028767684102
-0.22146034456414654
0.0041948137923384365
0.013065356771912562
-0.0038562351615762935
0.03994035520780326
0.08176108754913614
0.01579928711915457
0.026653357334457617
0.02432879134386301
0.039209693040964666
0.037453479113841226
-0.017136936568830308
0.1399333926158075
0.04665297339942498
-0.10013006587302442
-0.06226621690008294
0.02927401578257438
-0.03520416182162833
0.012299756912504733
-0.0636718542421022
-0.008416174423421019
-0.0489237727198617
-0.03270475340709922
0.0576314646823306
-0.04466517994807795
0.04729149119249154
0.11522232211929584
0.02432879134386301
0.08732358904095427
-0.05120330655862837
-0.0549153461639893
-0.08814864178677073
-0.014438989348697362
-0.07892951287026762
0.08302714817478662
-0.06638125688640528
0.03882682382156144
0.08080248335888918
-0.07724758378448726
-0.08143178414826124
0.07586149829868472
0.012390402416693647
0.04799414960212012
0.17000938109242547
-0.08126108737944548
0.008505479129739868
0.05425453554333082
-0.002647647860884561
-0.05586089089844393
-0.012150300762606037
0.0022689688502968153
-0.03045002278091502
-0.014438989348697362
0.04827168718050601
-0.060513028914405353
0.08176108754913614
0.008505479129739868
0.014471610315426986
0.08732358904095427
0.011999720455214913
0.013065356771912562
-0.05120330655862837
-0.0005187167995490682
-0.04022536987465397
-0.05120330655862837
0.01613403625846388
0.06605801367827979
-0.013878349100881593
0.02714223291166995
-0.15702055781469149
-0.06053051312501001
0.05425453554333082
0.01724199139330551
-0.021161035659430283
-0.037433866920196124
0.005173534568482907
-0.022622356364218277
0.1399333926158075
0.02520341309711238
0.043334141200254805
0.008505479129739868
0.08176108754913614
-0.01686722086916248
0.04827168718050601
0.0041948137923384365
0.028713620756199987
0.08302714817478662
-0.013771885982464482
-0.041376638974308655
-0.050143819123519506
-0.041376638974308655
-0.022622356364218277
0.03443624877469453
0.013109728048770641
-0.0008948035361102669
0.09718899306107964
0.0512476844333456
0.13204555949274965
-0.01686722086916248
0.04469322213864224
-0.038466866176760206
-0.027788545411032928
-0.027788545411032928
0.04920879849315085
0.03861575224405023
0.013065356771912562
0.03643980545838055
0.04729149119249154
0.06316607709876365
0.05168531023255696
0.08732358904095427
0.08176108754913614
-0.08678886069673908
0.01046829599036414
0.056736527751481525
0.020083040980136246
0.015089270086424023
0.06364954486786978
-0.050143819123519506
-0.02243129284092049
0.07060672059698447
-0.007317237093852569
0.06364954486786978
-0.024170822975695394
0.06761705055254463
-0.012150300762606037
0.08302714817478662
0.006746455834750975
-0.05654058267968054
-0.08126108737944548
0.04283497654615154
-0.018864353824572078
0.013040071944516285
-0.06464003578883037
-0.05654058267968054
-0.005105231073404326
-0.03695834061658587
-0.028034859824940028
0.04606131559255999
0.13480548385110502
-0.07892951287026762
-0.010532567714866659
0.01613403625846388
0.01716964896203166
-0.0005187167995490682
0.0344322264021244
-0.03045002278091502
