0.025722681761052968
-0.05129888770798985
0.04283497654615154
0.06292625909621563
-0.05586089089844393
-0.13034379599603163
0.045224792909892564
0.008505479129739868
-0.038466866176760206
0.01716964896203166
-0.027788545411032928
0.008505479129739868
-0.019514789449790015
-0.08110299466350668
-0.08814864178677073
-0.0849833488167917
0.047513051758585334
0.04391937482752173
-0.02862716582831837
-0.10013006587302442
-0.0008948035361102669
0.02714223291166995
0.08105492908796386
0.028713620756199987
-0.04466517994807795
-0.0005187167995490682
-0.05586089089844393
0.020083040980136246
-0.01956931117570271
0.006746455834750975
0.041840431302949455
-0.012372140541780041
0.013065356771912562
0.0344322264021244
-0.06193714350214741
-0.037433866920196124
0.01661350063361855
0.02520341309711238
0.019778644828504
-0.012372140541780041
0.013040071944516285
-0.004841918958801372
0.05425453554333082
0.013109728048770641
-0.02375973362478856
-0.03458770640829023
0.08302714817478662
-0.03520416182162833
0.1399333926158075
0.06806350229329183
0.01046829599036414
-0.022348210496932808
-0.09432889171755221
0.01046829599036414
0.014780240742707562
0.006265799221320201
0.020446479141682516
0.041840431302949455
0.0515617796937029
-0.03173275161671363
0.037107507807760065
0.0216176650818376
0.04606131559255999
0.05198789125700998
-0.03270475340709922
-0.0011970474263076625
-0.049962429852048906
-0.019514789449790015
0.0688088340488946
0.011553574399841615
0.17000938109242547
-0.013878349100881593
0.030122729138618354
0.03863378364598535
0.07586149829868472
-0.05983064969141072
0.025524068456756588
-0.012150300762606037
-0.060513028914405353
0.07060672059698447
0.03208636570286316
0.0203593980283987
0.08176108754913614
0.014471610315426986
-0.02496648159475967
0.13480548385110502
0.04469322213864224
0.04665297339942498
0.0278028767684102
0.056736527751481525
-0.08110299466350668
-0.13034379599603163
0.04799414960212012
0.06567138145123597
-0.17661184642248884
-0.04126132556270612
0.008665176454019985
0.023560334148108097
-0.09359820865597968
0.028713620756199987
-0.0357902826629255
-0.0851300246174862
-0.05282848588680089
0.025722681761052968
-0.022348210496932808
0.04469322213864224
-0.05464289541014722
-0.05654058267968054
-0.028034859824940028
0.0016709762031741349
-0.12033949778566289
0.06761705055254463
0.02432879134386301
0.05168531023255696
0.006746455834750975
-0.05282848588680089
0.026653357334457617
-0.05586089089844393
-0.010532567714866659
0.13480548385110502
0.08302714817478662
-0.060513028914405353
0.037107507807760065
0.025524068456756588
0.013040071944516285
0.023560334148108097
-0.014438989348697362
0.06228267241298191
-0.08721982612879486
0.023560334148108097
0.020446479141682516
-0.05464289541014722
0.007058852839625374
0.0576314646823306
0.07518071596092746
0.006143668794592827
0.039209693040964666
0.04135586741642605
0.025524068456756588
0.014780240742707562
-0.2546008091448053
0.0576314646823306
-0.02496648159475967
0.014471610315426986
0.02773636562208104
0.06994395962703592
-0.08110299466350668
0.012299756912504733
0.0844852260058202
-0.07892951287026762
-0.04022536987465397
0.04590352204112591
-0.01956931117570271
0.051344950513199095
-0.005818111085915234
0.04333086414918519
0.1399333926158075
0.08080248335888918
-0.08814864178677073
0.07518071596092746
-0.09570667993071069
-0.08285893181375492
0.041840431302949455
0.043334141200254805
0.008665176454019985
-0.07075486294590672
0.045224792909892564
0.06318283133468316
-0.0011970474263076625
0.13204555949274965
0.04920879849315085
0.03882682382156144
0.08799230776265521
-0.051670301345440706
-0.012372140541780041
0.043334141200254805
-0.03520416182162833
-0.05983064969141072
0.08653619008305125
-0.022821982956040543
-0.12033949778566289
0.06994395962703592
-0.005105231073404326
0.02708189422255458
0.014780240742707562
0.005082074600808895
0.023560334148108097
-0.022622356364218277
-0.04126132556270612
-0.060513028914405353
0.03882682382156144
0.01716964896203166
-0.06053051312501001
0.005173534568482907
0.01699193585620762
-0.032259158022980294
-0.03045002278091502
0.08799230776265521
-0.002647647860884561
-0.0011970474263076625
0.020083040980136246
0.04371378571481266
-0.0007657730469858848
-0.036421638107813514
0.012394543666532698
-0.010532567714866659
-0.0851300246174862
-0.013771885982464482
0.0326533364262076
-0.021161035659430283
0.01046829599036414
-0.05416508205116166
-0.02243129284092049
0.01035787819304268
-0.01686722086916248
-0.04126132556270612
-0.0011970474263076625
0.01613403625846388
-0.007720686875989813
0.01699193585620762
0.1399333926158075
0.08383912323474085
-0.0013205999854228878
-0.08110299466350668
0.01579928711915457
0.08732358904095427
-0.0636718542421022
-0.022368622754905587
-0.03917887174705115
0.020567585268201682
0.031017376704207678
0.013040071944516285
0.009856619194733796
0.04391937482752173
-0.04466517994807795
-0.05120330655862837
0.0461992712042818
0.039209693040964666
0.04380656992791998
-0.05120330655862837
-0.08110299466350668
0.0844852260058202
-0.032340875642459466
-0.03133707462365809
0.0461992712042818
0.01347000313241331
0.011999720455214913
-0.09432889171755221
-0.08126108737944548
0.006143668794592827
0.02714223291166995
-0.0038562351615762935
0.009856619194733796
-0.017136936568830308
0.005082074600808895
0.020083040980136246
0.008665176454019985
-0.03173275161671363
0.020567585268201682
-0.15702055781469149
0.04391937482752173
-0.017136936568830308
-0.05983064969141072
0.008665176454019985
0.05799658946616226
0.06567138145123597
0.06228267241298191
0.06567138145123597
-0.03563356684104946
0.028713620756199987
0.022194058573782982
-0.027462288324585415
0.06364954486786978
0.04665297339942498
0.020083040980136246
0.07060672059698447
0.17000938109242547
0.02927401578257438
0.0512476844333456
0.04729149119249154
0.10240276235625068
-0.06258250876081561
-0.038466866176760206
0.01035787819304268
-0.060513028914405353
-0.03997727574944321
-0.15702055781469149
0.006746455834750975
-0.04022536987465397
-0.04126132556270612
-0.012372140541780041
0.03882682382156144
-0.050143819123519506
-0.09432889171755221
0.06318283133468316
0.028713620756199987
0.05425453554333082
0.03861575224405023
0.0216176650818376
