-0.032259158022980294
0.06605801367827979
0.08105492908796386
-0.06464003578883037
-0.0002868205956847447
0.02451643163530548
0.0844852260058202
-0.027789787343500905
0.01046829599036414
-0.0011970474263076625
-0.051670301345440706
0.011999720455214913
0.10240276235625068
-0.0038562351615762935
-0.06053051312501001
0.06925574960452696
0.08732358904095427
0.03643980545838055
-0.022821982956040543
-0.028034859824940028
0.03973066370480538
-0.017136936568830308
-0.032340875642459466
-0.05282848588680089
0.013065356771912562
-0.1218059774124729
0.0278028767684102
0.028713620756199987
0.026458811902690726
-0.0011970474263076625
-0.013771885982464482
0.0165919313161762
0.020567585268201682
0.039209693040964666
0.019778644828504
0.006143668794592827
-0.07212958518599066
0.06605801367827979
0.04799414960212012
0.015089270086424023
-0.027393577402978764
0.04469322213864224
0.025722681761052968
0.04380656992791998
0.03208636570286316
0.047513051758585334
-0.009588853389239205
-0.10013006587302442
-0.06464003578883037
0.0203593980283987
0.08632977574364098
0.023512429278589764
0.04665297339942498
-0.012372140541780041
0.0216176650818376
0.008505479129739868
0.025649122658425227
0.019778644828504
-0.09570667993071069
0.08653619008305125
0.03861575224405023
-0.012372140541780041
-0.05120330655862837
-0.06464003578883037
-0.08110299466350668
-0.004841918958801372
-0.009357776553262198
-0.03997727574944321
0.015089270086424023
-0.06285634704832255
-0.13034379599603163
0.014471610315426986
0.05168531023255696
0.006746455834750975
-0.021161035659430283
0.13204555949274965
0.011999720455214913
0.001954162314668828
0.06569838178769771
0.0276177252845331
0.02773636562208104
0.07586149829868472
-0.012150300762606037
0.029794720012301212
0.034283772423341574
0.030122729138618354
0.015089270086424023
-0.022348210496932808
0.08105492908796386
0.06761705055254463
-0.012150300762606037
-0.037433866920196124
-0.17661184642248884
0.02927401578257438
-0.06053051312501001
0.08653619008305125
-0.0489237727198617
-0.08143178414826124
0.03882682382156144
-0.07465345378649157
0.01661350063361855
-0.015144140805206874
0.06364954486786978
0.04823967565580034
-0.01844849936066506
-0.05282848588680089
0.01347000313241331
-0.04466517994807795
0.06364954486786978
0.022194058573782982
0.1417808980890598
0.08080248335888918
0.0688088340488946
0.05425453554333082
0.06605801367827979
-0.06109953281700342
0.13204555949274965
0.06292625909621563
-0.05129888770798985
-0.012150300762606037
0.04380656992791998
0.04590352204112591
-0.037433866920196124
0.014780240742707562
0.03208636570286316
0.025649122658425227
0.01579928711915457
-0.02375973362478856
0.08105492908796386
0.003822387934753202
0.048059232237648075
-0.03458770640829023
-0.07212958518599066
-0.027462288324585415
-0.05464289541014722
-0.0489237727198617
0.04790976101641675
0.007058852839625374
0.13204555949274965
0.06806350229329183
-0.06226621690008294
0.0022689688502968153
-0.038466866176760206
0.0276177252845331
-0.027462288324585415
0.01699193585620762
0.05425453554333082
-0.007338419158481102
0.07382421435571018
0.01347000313241331
0.04995452527457189
0.062467374718552904
-0.06464003578883037
0.04048653167530425
0.17000938109242547
0.04665297339942498
0.03863378364598535
-0.0549153461639893
0.030974972656109045
0.03643980545838055
-0.05416508205116166
-0.022622356364218277
-0.07724758378448726
-0.027789787343500905
-0.10013006587302442
-0.06226621690008294
0.0216176650818376
0.0216176650818376
0.03443624877469453
-0.08721982612879486
-0.032259158022980294
0.062467374718552904
-0.05120330655862837
-0.024170822975695394
-0.036421638107813514
0.04299886054755575
0.006143668794592827
-0.027393577402978764
0.025524068456756588
0.008665176454019985
0.056736527751481525
0.0027859037974478085
0.08759468040243501
-0.0636718542421022
-0.07465345378649157
-0.032340875642459466
0.04665297339942498
-0.036421638107813514
0.0461992712042818
0.0844852260058202
0.013040071944516285
0.020567585268201682
0.039209693040964666
-0.007543661478351282
0.13204555949274965
-0.06285634704832255
0.0344322264021244
0.04371378571481266
0.039209693040964666
0.17000938109242547
-0.0002868205956847447
0.0512476844333456
0.01579928711915457
0.0022689688502968153
0.01661350063361855
0.07586149829868472
-0.0007657730469858848
0.0576314646823306
-0.007543661478351282
0.17000938109242547
-0.2546008091448053
0.025649122658425227
0.023512429278589764
-0.03270475340709922
0.043334141200254805
-0.09570667993071069
-0.02496648159475967
-0.011743957061684185
0.047513051758585334
0.03994035520780326
0.01579928711915457
0.07518071596092746
-0.09359820865597968
-0.018864353824572078
0.03861575224405023
0.017908695057996304
0.0016709762031741349
-0.012150300762606037
0.1417808980890598
0.04823967565580034
-0.03997727574944321
-0.06638125688640528
-0.02243129284092049
0.07518071596092746
0.008505479129739868
0.026005039289207943
0.0688088340488946
0.08799230776265521
0.02708189422255458
0.028713620756199987
0.024801788304586125
-0.05464289541014722
0.02520341309711238
-0.03563356684104946
0.08732358904095427
0.04590352204112591
0.0165919313161762
0.019778644828504
0.0022689688502968153
0.024801788304586125
0.041840431302949455
0.041840431302949455
0.10240276235625068
-0.22146034456414654
0.07060672059698447
-0.15702055781469149
0.04391937482752173
0.17000938109242547
-0.08678886069673908
0.04590352204112591
0.06318283133468316
0.15300088602597928
0.0216176650818376
-0.04126132556270612
-0.005105231073404326
-0.09359820865597968
0.08632977574364098
-0.03520416182162833
0.06228267241298191
0.04469322213864224
0.08632977574364098
-0.02862716582831837
0.0461992712042818
0.08632977574364098
0.0203593980283987
-0.036421638107813514
0.026458811902690726
-0.019514789449790015
0.013109728048770641
-0.08143178414826124
-0.032340875642459466
-0.03520416182162833
-0.07724758378448726
-0.022348210496932808
-0.07414653786004877
-0.007338419158481102
0.06292625909621563
-0.017242733713295877
-0.03270475340709922
0.047513051758585334
0.04590352204112591
0.1417808980890598
0.011999720455214913
-0.008416174423421019
0.025649122658425227
0.05799658946616226
0.04729149119249154
0.08799230776265521
-0.022348210496932808
