-0.04126132556270612
0.0344322264021244
0.05425453554333082
0.02708189422255458
-0.045496030668886966
-0.027789787343500905
0.051344950513199095
0.026458811902690726
0.003822387934753202
0.08383912323474085
-0.0357902826629255
0.02451643163530548
0.07060672059698447
0.04665297339942498
0.037107507807760065
0.0278028767684102
-0.02862716582831837
0.025524068456756588
0.037107507807760065
-0.037433866920196124
-0.10013006587302442
0.08383912323474085
0.01613403625846388
0.026653357334457617
0.020567585268201682
-0.01249170093178087
-0.017136936568830308
0.02451643163530548
0.017908695057996304
-0.009588853389239205
-0.007543661478351282
0.08121523150568599
-0.012372140541780041
0.05182100602750328
-0.0007657730469858848
-0.009588853389239205
0.04665297339942498
-0.032259158022980294
-0.07892951287026762
-0.02862716582831837
-0.08678886069673908
-0.032340875642459466
0.04333086414918519
0.02773636562208104
0.04371378571481266
0.037453479113841226
-0.021161035659430283
-0.05129888770798985
0.006265799221320201
0.07586149829868472
0.04333086414918519
0.06605801367827979
0.045224792909892564
-0.032340875642459466
-0.12033949778566289
0.02708189422255458
-0.0002868205956847447
0.043334141200254805
-0.03270475340709922
-0.01844849936066506
-0.03520416182162833
-0.012372140541780041
0.06228267241298191
-0.02375973362478856
0.04590352204112591
0.13204555949274965
0.0512476844333456
-0.028034859824940028
0.01661350063361855
-0.032259158022980294
-0.028034859824940028
-0.06193714350214741
0.0027859037974478085
0.026653357334457617
0.15300088602597928
-0.1218059774124729
0.03863378364598535
0.0041948137923384365
0.02773636562208104
0.06925574960452696
-0.0008948035361102669
-0.049962429852048906
0.012299756912504733
0.08302714817478662
0.0027859037974478085
-0.0005187167995490682
0.03863378364598535
0.04371378571481266
-0.05699148198311299
-0.013878349100881593
0.02708189422255458
-0.01249170093178087
0.02714223291166995
0.04995452527457189
-0.17661184642248884
-0.017136936568830308
0.06364954486786978
-0.012372140541780041
0.05799658946616226
0.02432879134386301
0.0165919313161762
0.01699193585620762
0.13480548385110502
0.037453479113841226
0.041840431302949455
-0.06109953281700342
-0.022622356364218277
-0.15702055781469149
0.01046829599036414
-0.027788545411032928
0.03443624877469453
0.01661350063361855
-0.012150300762606037
-0.024170822975695394
-0.050143819123519506
-0.05282848588680089
0.03443624877469453
0.0515617796937029
0.06567138145123597
-0.03917887174705115
0.06806350229329183
0.045224792909892564
0.06567138145123597
-0.009588853389239205
0.05425453554333082
0.10240276235625068
0.08732358904095427
-0.06285634704832255
-0.010532567714866659
0.06318283133468316
-0.005105231073404326
0.01613403625846388
0.018593646962060006
-0.03917887174705115
-0.01249170093178087
0.06316607709876365
0.0027859037974478085
-0.03520416182162833
-0.05586089089844393
0.04469322213864224
-0.032340875642459466
-0.007338419158481102
0.030974972656109045
0.022821768641877682
0.03643980545838055
-0.010532567714866659
-0.05120330655862837
0.08121523150568599
0.026653357334457617
-0.045496030668886966
-0.12033949778566289
-0.0007657730469858848
-0.06464003578883037
-0.07724758378448726
-0.007882998007099573
-0.1218059774124729
0.026458811902690726
0.013040071944516285
0.04827168718050601
-0.032259158022980294
0.019778644828504
0.029794720012301212
0.06318283133468316
0.037107507807760065
0.08759468040243501
0.05182100602750328
-0.2546008091448053
0.0344322264021244
-0.027788545411032928
-0.08721982612879486
0.013040071944516285
-0.03695834061658587
-0.03563356684104946
-0.08678886069673908
0.037107507807760065
-0.06638125688640528
0.06316607709876365
0.04827168718050601
-0.018864353824572078
-0.08721982612879486
0.0278028767684102
-0.007317237093852569
0.012299756912504733
0.04790976101641675
-0.012372140541780041
0.048059232237648075
-0.07414653786004877
-0.037433866920196124
0.0165919313161762
0.04995452527457189
-0.03045002278091502
0.001954162314668828
0.08105492908796386
-0.01686722086916248
-0.0008948035361102669
0.020567585268201682
-0.0008948035361102669
-0.037433866920196124
0.0276177252845331
0.018593646962060006
0.13204555949274965
-0.2546008091448053
0.02708189422255458
0.03208636570286316
-0.013878349100881593
0.04590352204112591
0.02773636562208104
0.015089270086424023
0.06364954486786978
0.013109728048770641
0.025649122658425227
0.007058852839625374
0.007058852839625374
-0.0011970474263076625
0.014780240742707562
0.03863378364598535
0.025649122658425227
-0.022622356364218277
-0.04126132556270612
0.051344950513199095
0.15300088602597928
0.08759468040243501
-0.03133707462365809
-0.1218059774124729
0.04665297339942498
0.02714223291166995
0.012299756912504733
-0.024170822975695394
-0.004841918958801372
0.04380656992791998
-0.049962429852048906
0.047513051758585334
0.049538360788050184
0.11522232211929584
0.0203593980283987
-0.04466517994807795
-0.06464003578883037
0.01579928711915457
-0.17661184642248884
0.03208636570286316
0.15300088602597928
0.02451643163530548
0.08105492908796386
-0.05416508205116166
-0.027393577402978764
0.020567585268201682
0.03994035520780326
0.08302714817478662
0.08383912323474085
0.03208636570286316
-0.08814864178677073
0.06761705055254463
-0.17661184642248884
-0.0851300246174862
0.08653619008305125
0.04799414960212012
0.04606131559255999
0.04391937482752173
0.10240276235625068
0.020446479141682516
0.0027859037974478085
0.06316607709876365
-0.012372140541780041
-0.022821982956040543
0.03861575224405023
0.0461992712042818
0.11522232211929584
0.04606131559255999
0.025722681761052968
-0.007317237093852569
0.07586149829868472
0.0344322264021244
0.0165919313161762
-0.08285893181375492
-0.05586089089844393
0.01699193585620762
0.03973066370480538
0.020567585268201682
0.01699193585620762
-0.019391257313081667
0.04333086414918519
0.04827168718050601
0.02708189422255458
-0.009357776553262198
0.06761705055254463
0.02451643163530548
-0.022821982956040543
0.0844852260058202
0.0276177252845331
0.0216176650818376
0.05425453554333082
-0.027789787343500905
-0.049962429852048906
-0.007338419158481102
-0.03563356684104946
0.06292625909621563
-0.032340875642459466
-0.08814864178677073
0.051344950513199095
