-0.009588853389239205
0.026653357334457617
0.009856619194733796
-0.03133707462365809
0.07518071596092746
0.04299886054755575
0.0515617796937029
0.09718899306107964
0.0216176650818376
-0.05282848588680089
0.006265799221320201
0.009856619194733796
-0.014438989348697362
0.06364954486786978
0.06569838178769771
0.012390402416693647
0.011999720455214913
0.018593646962060006
0.031017376704207678
0.07382421435571018
0.034283772423341574
0.03443624877469453
0.012394543666532698
-0.03695834061658587
-0.0549153461639893
-0.09432889171755221
0.13480548385110502
0.05182100602750328
0.0278028767684102
-0.004841918958801372
0.034283772423341574
0.006143668794592827
-0.012372140541780041
0.0515617796937029
0.07382421435571018
0.04283497654615154
0.06567138145123597
0.04469322213864224
0.0844852260058202
-0.027789787343500905
-0.022821982956040543
-0.028034859824940028
0.031017376704207678
0.08653619008305125
-0.028034859824940028
-0.045496030668886966
0.02520341309711238
0.0344322264021244
0.04283497654615154
-0.03695834061658587
0.07060672059698447
-0.002205271978588108
-0.027789787343500905
0.030974972656109045
-0.08678886069673908
0.06806350229329183
0.03208636570286316
-0.004841918958801372
-0.049962429852048906
-0.013878349100881593
-0.0636718542421022
-0.002205271978588108
0.028713620756199987
-0.051670301345440706
0.08105492908796386
0.0278028767684102
0.008505479129739868
0.07060672059698447
0.08632977574364098
-0.08285893181375492
-0.022622356364218277
-0.0357902826629255
-0.10013006587302442
0.026005039289207943
-0.060513028914405353
0.04799414960212012
-0.15702055781469149
0.020446479141682516
0.08302714817478662
-0.024170822975695394
0.023512429278589764
-0.013878349100881593
-0.03997727574944321
-0.05282848588680089
0.04135586741642605
-0.010532567714866659
0.0022689688502968153
0.051344950513199095
0.06806350229329183
0.01613403625846388
-0.06285634704832255
0.04048653167530425
-0.009357776553262198
0.02451643163530548
-0.10013006587302442
0.02432879134386301
-0.010532567714866659
-0.08126108737944548
0.02927401578257438
0.0276177252845331
-0.007543661478351282
0.02927401578257438
0.13480548385110502
0.04371378571481266
0.0203593980283987
-0.03520416182162833
0.08121523150568599
-0.06285634704832255
-0.009588853389239205
-0.005818111085915234
-0.08721982612879486
0.029794720012301212
0.043334141200254805
0.07060672059698447
0.01724199139330551
-0.05464289541014722
-0.017242733713295877
-0.02375973362478856
0.13480548385110502
-0.032259158022980294
-0.12033949778566289
-0.012372140541780041
-0.08721982612879486
-0.2546008091448053
0.06806350229329183
-0.05120330655862837
-0.032340875642459466
-0.04022536987465397
0.043334141200254805
0.0515617796937029
0.04135586741642605
-0.0008948035361102669
-0.03520416182162833
0.012394543666532698
0.08632977574364098
0.020083040980136246
-0.07892951287026762
0.0027859037974478085
0.03208636570286316
-0.08814864178677073
0.04469322213864224
0.06316607709876365
-0.01249170093178087
-0.045496030668886966
-0.06193714350214741
0.013109728048770641
-0.06464003578883037
-0.051670301345440706
0.17000938109242547
-0.007543661478351282
-0.10819102148647719
0.019778644828504
-0.01686722086916248
-0.07414653786004877
0.03994035520780326
0.0276177252845331
-0.04466517994807795
0.13204555949274965
0.013040071944516285
0.020083040980136246
-0.1218059774124729
-0.012150300762606037
0.048059232237648075
0.02927401578257438
-0.009357776553262198
-0.007338419158481102
0.02708189422255458
-0.013771885982464482
-0.022821982956040543
-0.002647647860884561
0.06318283133468316
-0.037433866920196124
0.0025784297617263974
0.02714223291166995
0.0515617796937029
0.043334141200254805
0.005082074600808895
-0.0851300246174862
0.029794720012301212
0.13480548385110502
0.009856619194733796
-0.08721982612879486
0.03882682382156144
0.13204555949274965
0.02451643163530548
-0.0011970474263076625
0.001954162314668828
0.031017376704207678
0.0326533364262076
-0.03270475340709922
0.006143668794592827
-0.17661184642248884
0.03863378364598535
0.020567585268201682
0.007058852839625374
0.06605801367827979
0.04799414960212012
-0.0013205999854228878
0.05182100602750328
-0.05699148198311299
-0.04022536987465397
-0.012150300762606037
0.026458811902690726
0.039209693040964666
0.08759468040243501
-0.004841918958801372
-0.03270475340709922
-0.03045002278091502
0.034283772423341574
0.037107507807760065
0.006746455834750975
-0.03520416182162833
0.04283497654615154
-0.03917887174705115
-0.0005187167995490682
-0.0549153461639893
0.06364954486786978
0.0027859037974478085
-0.03270475340709922
-0.036421638107813514
0.08732358904095427
0.08383912323474085
-0.08285893181375492
-0.0851300246174862
0.0688088340488946
0.041840431302949455
-0.015144140805206874
-0.007543661478351282
-0.021161035659430283
0.023512429278589764
0.01724199139330551
0.037453479113841226
0.01716964896203166
0.039209693040964666
0.0278028767684102
-0.05699148198311299
0.051344950513199095
-0.022898889969576786
-0.007543661478351282
0.02714223291166995
-0.0013205999854228878
0.04995452527457189
-0.004841918958801372
0.01035787819304268
-0.045496030668886966
-0.01956931117570271
-0.01844849936066506
-0.0013205999854228878
-0.06464003578883037
-0.0011970474263076625
-0.06109953281700342
0.008665176454019985
0.013109728048770641
-0.03270475340709922
-0.0002868205956847447
-0.03520416182162833
0.06316607709876365
-0.08721982612879486
-0.03520416182162833
-0.007543661478351282
0.045224792909892564
0.10240276235625068
0.026653357334457617
0.02927401578257438
-0.06464003578883037
0.02708189422255458
0.02927401578257438
0.01724199139330551
-0.0013205999854228878
-0.03917887174705115
0.10240276235625068
0.11840346286310233
-0.07414653786004877
0.0512476844333456
0.0022689688502968153
0.07518071596092746
0.012390402416693647
0.06994395962703592
-0.12033949778566289
-0.0005187167995490682
-0.02862716582831837
0.0688088340488946
0.05182100602750328
0.01613403625846388
-0.038466866176760206
0.051344950513199095
0.020083040980136246
0.037453479113841226
-0.022368622754905587
-0.0038562351615762935
0.04920879849315085
-0.0008948035361102669
-0.027393577402978764
0.018593646962060006
0.03861575224405023
-0.03563356684104946
-0.0357902826629255
-0.01956931117570271
-0.021161035659430283
