-0.002205271978588108
0.0022689688502968153
-0.049962429852048906
0.01724199139330551
-0.019514789449790015
-0.12033949778566289
0.09718899306107964
0.04283497654615154
0.01347000313241331
-0.022368622754905587
0.1417808980890598
0.05436809318039337
-0.010532567714866659
-0.06464003578883037
-0.022622356364218277
-0.002647647860884561
0.0165919313161762
-0.06109953281700342
0.06567138145123597
0.03861575224405023
0.025722681761052968
0.02432879134386301
0.0326533364262076
0.025649122658425227
-0.04126132556270612
0.025649122658425227
0.08105492908796386
-0.2546008091448053
0.10240276235625068
-0.051670301345440706
0.048059232237648075
0.08176108754913614
0.01661350063361855
0.1417808980890598
-0.08814864178677073
0.06318283133468316
0.08799230776265521
-0.002205271978588108
-0.06720056781523276
-0.08143178414826124
-0.06464003578883037
-0.050143819123519506
0.07586149829868472
-0.01956931117570271
0.037107507807760065
0.04590352204112591
-0.009357776553262198
0.07060672059698447
0.018593646962060006
-0.08814864178677073
0.025524068456756588
-0.07892951287026762
-0.02375973362478856
0.062467374718552904
0.03643980545838055
-0.03520416182162833
0.022821768641877682
-0.07414653786004877
0.04135586741642605
0.08176108754913614
-0.10013006587302442
0.030974972656109045
0.04469322213864224
0.04380656992791998
-0.06258250876081561
-0.017136936568830308
0.011553574399841615
-0.050143819123519506
0.04606131559255999
-0.0038562351615762935
-0.01249170093178087
-0.022821982956040543
0.05198789125700998
0.020567585268201682
0.04606131559255999
-0.01686722086916248
0.020083040980136246
0.05425453554333082
0.051344950513199095
0.023560334148108097
-0.01249170093178087
-0.0851300246174862
0.08632977574364098
0.028713620756199987
0.0844852260058202
0.03882682382156144
-0.022368622754905587
-0.022821982956040543
-0.022368622754905587
-0.005818111085915234
0.017908695057996304
0.04299886054755575
0.03973066370480538
0.062467374718552904
0.012394543666532698
0.10240276235625068
0.029794720012301212
-0.05416508205116166
0.0515617796937029
-0.0851300246174862
0.04371378571481266
0.0165919313161762
0.037107507807760065
-0.08126108737944548
0.01661350063361855
0.045224792909892564
-0.021161035659430283
-0.007882998007099573
-0.03173275161671363
-0.0008948035361102669
0.06605801367827979
0.0216176650818376
0.06316607709876365
-0.05464289541014722
-0.013878349100881593
0.03973066370480538
0.04299886054755575
0.02773636562208104
-0.07465345378649157
0.03443624877469453
0.04827168718050601
0.062467374718552904
0.0027859037974478085
-0.13034379599603163
0.0041948137923384365
-0.007317237093852569
0.0688088340488946
-0.05416508205116166
0.0515617796937029
0.011553574399841615
0.04920879849315085
-0.0002495311402075373
0.01035787819304268
-0.027788545411032928
0.0016709762031741349
-0.007882998007099573
0.0278028767684102
-0.06226621690008294
0.022194058573782982
0.022194058573782982
0.020083040980136246
-0.007543661478351282
0.04283497654615154
0.08799230776265521
0.01724199139330551
0.06605801367827979
-0.09359820865597968
0.037107507807760065
0.0041948137923384365
-0.2546008091448053
0.06316607709876365
0.01716964896203166
0.024801788304586125
-0.038466866176760206
0.03208636570286316
-0.0011970474263076625
-0.06285634704832255
-0.012150300762606037
0.08632977574364098
-0.08285893181375492
-0.005105231073404326
0.06605801367827979
-0.0013205999854228878
0.02451643163530548
-0.021161035659430283
-0.08814864178677073
-0.01956931117570271
0.06569838178769771
0.04048653167530425
-0.03133707462365809
0.001954162314668828
-0.002205271978588108
0.02927401578257438
0.001954162314668828
0.10109672394520075
0.08302714817478662
-0.03173275161671363
-0.06053051312501001
0.04371378571481266
0.0461992712042818
-0.03173275161671363
0.037107507807760065
0.003822387934753202
0.039209693040964666
0.005082074600808895
-0.08721982612879486
0.030122729138618354
-0.009357776553262198
0.062467374718552904
-0.10819102148647719
0.04380656992791998
-0.03520416182162833
0.005082074600808895
0.08383912323474085
0.019778644828504
0.06994395962703592
-0.013878349100881593
-0.02496648159475967
0.051344950513199095
-0.08721982612879486
0.030974972656109045
0.04135586741642605
0.05182100602750328
-0.12033949778566289
0.039209693040964666
-0.045496030668886966
-0.05282848588680089
-0.013878349100881593
-0.007317237093852569
0.04823967565580034
0.08080248335888918
0.028713620756199987
-0.007338419158481102
-0.037433866920196124
-0.10013006587302442
0.01579928711915457
-0.06638125688640528
-0.021161035659430283
0.01699193585620762
0.0027859037974478085
-0.06053051312501001
-0.013771885982464482
0.03882682382156144
0.03973066370480538
-0.15702055781469149
0.01613403625846388
-0.022622356364218277
0.029794720012301212
0.007058852839625374
-0.011743957061684185
-0.0636718542421022
0.049538360788050184
-0.02496648159475967
-0.06258250876081561
-0.08814864178677073
-0.009588853389239205
0.034283772423341574
0.0844852260058202
0.06994395962703592
-0.08110299466350668
0.04371378571481266
0.029794720012301212
0.10240276235625068
-0.03520416182162833
-0.06464003578883037
0.03443624877469453
0.03643980545838055
-0.007543661478351282
0.06925574960452696
0.04048653167530425
0.04333086414918519
0.01347000313241331
0.07586149829868472
-0.024170822975695394
0.007058852839625374
0.014780240742707562
0.06228267241298191
-0.02862716582831837
0.0165919313161762
0.11840346286310233
0.025722681761052968
-0.007338419158481102
-0.009588853389239205
0.0278028767684102
-0.007317237093852569
-0.08110299466350668
-0.022898889969576786
-0.06285634704832255
-0.03133707462365809
-0.08814864178677073
-0.038466866176760206
0.04283497654615154
-0.08126108737944548
0.0326533364262076
0.07518071596092746
-0.08678886069673908
0.01035787819304268
0.06316607709876365
0.008505479129739868
-0.05654058267968054
-0.07212958518599066
0.04790976101641675
-0.0013205999854228878
0.01661350063361855
0.003822387934753202
0.04135586741642605
-0.007543661478351282
0.025722681761052968
-0.07075486294590672
-0.05129888770798985
-0.007882998007099573
-0.09432889171755221
0.02520341309711238
-0.017242733713295877
0.05425453554333082
-0.007338419158481102
0.006746455834750975
0.04283497654615154
0.020083040980136246
