-0.03997727574944321
0.0326533364262076
0.06228267241298191
-0.09359820865597968
0.04469322213864224
-0.02243129284092049
-0.038466866176760206
0.11522232211929584
-0.007882998007099573
0.11522232211929584
0.07382421435571018
0.030122729138618354
-0.011743957061684185
0.05799658946616226
0.026458811902690726
-0.04466517994807795
-0.02375973362478856
0.03994035520780326
0.01699193585620762
0.007058852839625374
-0.08143178414826124
0.06316607709876365
-0.0002495311402075373
0.0216176650818376
0.026458811902690726
-0.0489237727198617
0.04790976101641675
-0.07724758378448726
0.012390402416693647
-0.06226621690008294
-0.04126132556270612
-0.007720686875989813
0.04995452527457189
-0.01249170093178087
-0.22146034456414654
0.02520341309711238
-0.0849833488167917
-0.04126132556270612
-0.019391257313081667
-0.0038562351615762935
-0.017242733713295877
-0.007338419158481102
-0.10819102148647719
-0.0005187167995490682
0.014780240742707562
0.045224792909892564
-0.0002868205956847447
-0.03695834061658587
-0.05654058267968054
0.04391937482752173
-0.07212958518599066
0.043334141200254805
0.020446479141682516
-0.03695834061658587
-0.06226621690008294
0.17000938109242547
0.0041948137923384365
-0.007338419158481102
0.06318283133468316
0.017908695057996304
-0.08721982612879486
-0.0038562351615762935
-0.0849833488167917
0.01699193585620762
0.043334141200254805
-0.002205271978588108
-0.047644828679283435
-0.0851300246174862
0.08176108754913614
-0.09432889171755221
-0.0013205999854228878
-0.018864353824572078
-0.08126108737944548
0.01699193585620762
0.03863378364598535
0.04823967565580034
0.04823967565580034
0.02451643163530548
0.049538360788050184
0.013109728048770641
0.03994035520780326
0.01724199139330551
0.06567138145123597
-0.0851300246174862
0.0165919313161762
0.02432879134386301
-0.015144140805206874
-0.07892951287026762
-0.019391257313081667
0.04299886054755575
0.025649122658425227
-0.03997727574944321
0.006143668794592827
-0.0849833488167917
0.01724199139330551
-0.13034379599603163
0.062467374718552904
-0.014438989348697362
-0.1218059774124729
0.07060672059698447
-0.019514789449790015
0.04606131559255999
0.007058852839625374
0.02432879134386301
0.04333086414918519
0.03863378364598535
-0.010532567714866659
-0.032259158022980294
0.02520341309711238
0.04371378571481266
-0.007720686875989813
-0.08721982612879486
-0.017136936568830308
-0.002205271978588108
0.030122729138618354
-0.09359820865597968
0.01579928711915457
-0.007543661478351282
-0.08285893181375492
0.048059232237648075
-0.02375973362478856
0.04920879849315085
-0.03917887174705115
0.10109672394520075
0.0016709762031741349
0.030974972656109045
-0.0636718542421022
0.04827168718050601
-0.02375973362478856
-0.05654058267968054
0.02451643163530548
-0.0851300246174862
0.008665176454019985
0.04299886054755575
-0.028034859824940028
-0.024170822975695394
-0.0489237727198617
0.17000938109242547
-0.02375973362478856
0.04995452527457189
-0.03133707462365809
-0.06053051312501001
-0.019514789449790015
0.08105492908796386
-0.017242733713295877
0.0041948137923384365
0.011553574399841615
0.025524068456756588
0.04799414960212012
-0.01686722086916248
0.007058852839625374
0.06364954486786978
0.025649122658425227
0.0515617796937029
0.047513051758585334
0.037453479113841226
-0.047644828679283435
-0.02375973362478856
-0.09432889171755221
-0.019514789449790015
0.012390402416693647
-0.007338419158481102
-0.014438989348697362
0.02520341309711238
0.008505479129739868
0.013065356771912562
-0.1218059774124729
0.009856619194733796
0.01613403625846388
0.03973066370480538
-0.08143178414826124
-0.0002495311402075373
-0.013878349100881593
-0.0549153461639893
0.04790976101641675
0.05168531023255696
0.049538360788050184
-0.03520416182162833
-0.07414653786004877
-0.07414653786004877
0.05799658946616226
-0.08143178414826124
-0.06638125688640528
0.020446479141682516
0.03863378364598535
0.012394543666532698
-0.0851300246174862
0.025649122658425227
0.06761705055254463
-0.17661184642248884
0.06569838178769771
-0.012150300762606037
0.03994035520780326
0.051344950513199095
-0.047644828679283435
0.06994395962703592
0.029794720012301212
0.0216176650818376
-0.032259158022980294
-0.12033949778566289
0.051344950513199095
-0.07724758378448726
0.04048653167530425
-0.09570667993071069
0.0326533364262076
0.01716964896203166
-0.0549153461639893
0.13480548385110502
0.023512429278589764
-0.022821982956040543
0.025649122658425227
-0.05654058267968054
-0.06193714350214741
0.023512429278589764
-0.07212958518599066
0.018593646962060006
-0.004841918958801372
0.05799658946616226
-0.027788545411032928
-0.008416174423421019
-0.01844849936066506
0.026653357334457617
-0.007543661478351282
0.013040071944516285
-0.041376638974308655
0.011999720455214913
0.01035787819304268
0.05198789125700998
0.005082074600808895
-0.07212958518599066
-0.05416508205116166
-0.0549153461639893
-0.014438989348697362
0.005173534568482907
-0.0849833488167917
0.04283497654615154
0.04827168718050601
-0.10819102148647719
-0.06285634704832255
0.006265799221320201
0.014471610315426986
-0.03997727574944321
-0.0038562351615762935
0.031017376704207678
0.017908695057996304
0.03208636570286316
0.01046829599036414
0.008505479129739868
0.043334141200254805
0.020083040980136246
0.011553574399841615
-0.08143178414826124
-0.007720686875989813
-0.09359820865597968
0.062467374718552904
0.026653357334457617
-0.009357776553262198
-0.08721982612879486
-0.07724758378448726
0.13204555949274965
-0.012150300762606037
-0.2546008091448053
0.04283497654615154
-0.02862716582831837
-0.047644828679283435
0.04380656992791998
0.01716964896203166
0.06569838178769771
-0.06258250876081561
0.0165919313161762
0.01699193585620762
0.04823967565580034
0.018593646962060006
0.0216176650818376
-0.019514789449790015
0.11840346286310233
-0.041376638974308655
0.01724199139330551
-0.07414653786004877
-0.013771885982464482
-0.07212958518599066
-0.09359820865597968
0.15300088602597928
-0.03173275161671363
0.02708189422255458
0.04729149119249154
0.04391937482752173
0.04048653167530425
0.031017376704207678
-0.0549153461639893
-0.1218059774124729
-0.08143178414826124
-0.024170822975695394
0.048059232237648075
-0.010532567714866659
0.017908695057996304
0.062467374718552904
-0.06109953281700342
-0.04126132556270612
