0.056736527751481525
-0.05654058267968054
0.08383912323474085
0.04665297339942498
-0.08814864178677073
-0.0007657730469858848
-0.0038562351615762935
0.06605801367827979
0.06806350229329183
0.04469322213864224
0.13480548385110502
-0.05699148198311299
0.001954162314668828
0.009856619194733796
-0.06638125688640528
-0.03520416182162833
-0.009357776553262198
0.02714223291166995
0.011553574399841615
0.012390402416693647
-0.0636718542421022
0.10240276235625068
0.06994395962703592
0.037107507807760065
0.025722681761052968
-0.0013205999854228878
-0.019391257313081667
0.043334141200254805
-0.007882998007099573
-0.07212958518599066
-0.0849833488167917
0.006143668794592827
0.11840346286310233
-0.04466517994807795
-0.07075486294590672
0.04920879849315085
-0.06226621690008294
-0.06053051312501001
0.024801788304586125
-0.04022536987465397
0.045224792909892564
-0.06226621690008294
0.005173534568482907
-0.01844849936066506
-0.041376638974308655
0.039209693040964666
0.01579928711915457
0.03443624877469453
0.0165919313161762
-0.09432889171755221
0.0025784297617263974
-0.007543661478351282
0.10109672394520075
0.043334141200254805
0.0025784297617263974
0.01613403625846388
-0.02496648159475967
-0.01249170093178087
0.020083040980136246
0.07586149829868472
0.025722681761052968
-0.06720056781523276
0.037107507807760065
0.0344322264021244
0.07586149829868472
-0.2546008091448053
0.006143668794592827
0.043334141200254805
-0.04466517994807795
0.0344322264021244
0.013040071944516285
0.04590352204112591
0.05425453554333082
0.06761705055254463
0.030122729138618354
0.08176108754913614
-0.007720686875989813
0.06925574960452696
0.026458811902690726
0.0025784297617263974
0.013040071944516285
-0.0002495311402075373
-0.0008948035361102669
0.03863378364598535
-0.07724758378448726
0.048059232237648075
0.030122729138618354
0.0844852260058202
0.06806350229329183
0.020567585268201682
-0.13034379599603163
0.01613403625846388
0.022194058573782982
0.041840431302949455
-0.03270475340709922
0.04790976101641675
0.08121523150568599
0.05168531023255696
0.01661350063361855
0.056736527751481525
0.020567585268201682
0.08302714817478662
-0.08721982612879486
0.0512476844333456
-0.0002868205956847447
-0.07414653786004877
0.0216176650818376
0.03443624877469453
0.005082074600808895
0.012299756912504733
0.008665176454019985
-0.02243129284092049
0.11840346286310233
-0.09570667993071069
-0.2546008091448053
-0.05129888770798985
0.018593646962060006
0.008505479129739868
0.013040071944516285
-0.060513028914405353
0.04827168718050601
-0.037433866920196124
-0.03045002278091502
0.011999720455214913
0.0041948137923384365
0.06569838178769771
0.01347000313241331
-0.03458770640829023
-0.022898889969576786
0.04380656992791998
0.11840346286310233
0.037107507807760065
0.0216176650818376
-0.12033949778566289
0.017908695057996304
0.005173534568482907
0.020083040980136246
0.05168531023255696
-0.007543661478351282
0.026458811902690726
0.0165919313161762
-0.04126132556270612
0.031017376704207678
0.08080248335888918
0.03882682382156144
-0.0549153461639893
-0.09432889171755221
0.029794720012301212
0.037453479113841226
0.05425453554333082
-0.01686722086916248
-0.03045002278091502
-0.0549153461639893
0.08176108754913614
-0.0011970474263076625
-0.05464289541014722
-0.027462288324585415
0.13204555949274965
-0.03458770640829023
0.0344322264021244
-0.03520416182162833
-0.07465345378649157
-0.03695834061658587
0.01579928711915457
0.0512476844333456
0.05436809318039337
-0.06720056781523276
-0.0849833488167917
-0.01956931117570271
-0.02375973362478856
-0.007317237093852569
0.06925574960452696
-0.007338419158481102
-0.021161035659430283
-0.004841918958801372
-0.022898889969576786
-0.0007657730469858848
-0.027788545411032928
-0.036421638107813514
-0.05983064969141072
0.04790976101641675
0.013040071944516285
0.019778644828504
-0.06720056781523276
-0.03045002278091502
0.08176108754913614
-0.0038562351615762935
0.03443624877469453
-0.06109953281700342
-0.03045002278091502
0.01035787819304268
0.01613403625846388
0.04827168718050601
0.041840431302949455
0.0326533364262076
-0.08814864178677073
-0.021161035659430283
0.05182100602750328
0.01035787819304268
-0.012372140541780041
-0.027462288324585415
-0.005818111085915234
-0.017136936568830308
0.1417808980890598
-0.022821982956040543
0.049538360788050184
-0.004841918958801372
0.062467374718552904
-0.0038562351615762935
-0.0002495311402075373
-0.06720056781523276
0.04371378571481266
0.013040071944516285
0.08732358904095427
0.04048653167530425
0.022194058573782982
-0.007317237093852569
0.01724199139330551
0.05168531023255696
0.15300088602597928
-0.05699148198311299
-0.0849833488167917
-0.07212958518599066
-0.03133707462365809
-0.03917887174705115
-0.05983064969141072
0.0278028767684102
0.01613403625846388
-0.060513028914405353
0.020446479141682516
-0.12033949778566289
-0.01686722086916248
0.06761705055254463
0.043334141200254805
-0.005818111085915234
0.041840431302949455
0.0203593980283987
0.06292625909621563
-0.018864353824572078
0.03208636570286316
0.022194058573782982
0.0216176650818376
0.05168531023255696
-0.027393577402978764
-0.007338419158481102
0.026005039289207943
-0.021161035659430283
-0.051670301345440706
0.08632977574364098
-0.017136936568830308
0.022194058573782982
0.014471610315426986
0.01347000313241331
-0.08110299466350668
-0.0357902826629255
-0.007882998007099573
0.019778644828504
0.0216176650818376
0.08732358904095427
0.11522232211929584
0.02708189422255458
-0.0489237727198617
0.005173534568482907
0.06569838178769771
-0.022821982956040543
-0.0849833488167917
0.0326533364262076
-0.007338419158481102
0.04299886054755575
-0.032340875642459466
0.0326533364262076
-0.0013205999854228878
0.08632977574364098
0.06605801367827979
-0.06109953281700342
-0.02243129284092049
-0.0005187167995490682
-0.04126132556270612
-0.09432889171755221
0.041840431302949455
0.030122729138618354
-0.022622356364218277
0.07586149829868472
0.056736527751481525
0.041840431302949455
-0.02375973362478856
-0.027462288324585415
0.03863378364598535
-0.03458770640829023
-0.03917887174705115
-0.06464003578883037
-0.0002868205956847447
-0.09432889171755221
0.01724199139330551
0.06994395962703592
-0.06464003578883037
0.0041948137923384365
-0.10013006587302442
0.026005039289207943
