0.15300088602597928
0.05182100602750328
0.0216176650818376
-0.08814864178677073
-0.03045002278091502
0.04606131559255999
-0.05129888770798985
-0.05416508205116166
0.04799414960212012
-0.08143178414826124
-0.03270475340709922
0.025649122658425227
0.06761705055254463
0.04469322213864224
-0.04466517994807795
-0.02496648159475967
0.030122729138618354
0.0025784297617263974
0.10109672394520075
-0.07414653786004877
-0.06285634704832255
0.08080248335888918
0.04391937482752173
-0.0002495311402075373
-0.06638125688640528
0.01347000313241331
0.0344322264021244
0.04299886054755575
0.01035787819304268
-0.0002495311402075373
-0.038466866176760206
0.03443624877469453
0.01046829599036414
0.019778644828504
-0.08721982612879486
0.014780240742707562
0.04135586741642605
0.01724199139330551
-0.08285893181375492
-0.0007657730469858848
-0.0007657730469858848
-0.08285893181375492
0.13480548385110502
-0.010204897362879883
0.051344950513199095
-0.012372140541780041
-0.004841918958801372
0.08121523150568599
0.06364954486786978
0.014471610315426986
0.08632977574364098
0.10240276235625068
0.07586149829868472
0.0344322264021244
0.005173534568482907
-0.05416508205116166
0.0016709762031741349
0.0025784297617263974
0.11840346286310233
-0.045496030668886966
0.051344950513199095
-0.05586089089844393
-0.06464003578883037
-0.13034379599603163
-0.07414653786004877
0.056736527751481525
0.02451643163530548
0.003822387934753202
-0.17661184642248884
0.04283497654615154
0.023560334148108097
-0.03270475340709922
-0.06258250876081561
0.08176108754913614
0.01661350063361855
0.05182100602750328
-0.0011970474263076625
0.024801788304586125
-0.027393577402978764
-0.032259158022980294
-0.027789787343500905
0.06567138145123597
-0.06053051312501001
0.11840346286310233
0.05198789125700998
-0.08143178414826124
0.07060672059698447
0.05168531023255696
0.0016709762031741349
-0.0636718542421022
0.02927401578257438
0.05436809318039337
-0.03520416182162833
0.04333086414918519
0.0344322264021244
-0.03917887174705115
0.019778644828504
0.0022689688502968153
0.01347000313241331
0.01046829599036414
-0.0849833488167917
-0.08126108737944548
-0.07892951287026762
-0.0008948035361102669
-0.03997727574944321
0.04048653167530425
0.08121523150568599
0.013040071944516285
-0.005105231073404326
-0.03458770640829023
0.03973066370480538
0.012299756912504733
-0.07414653786004877
-0.07724758378448726
-0.05129888770798985
-0.02375973362478856
-0.08814864178677073
0.07586149829868472
0.01613403625846388
0.0041948137923384365
0.014471610315426986
-0.22146034456414654
-0.027393577402978764
-0.02496648159475967
0.041840431302949455
0.051344950513199095
0.08632977574364098
-0.06638125688640528
0.04799414960212012
-0.018864353824572078
-0.0849833488167917
-0.13034379599603163
0.029794720012301212
0.03643980545838055
0.04827168718050601
0.04827168718050601
0.02451643163530548
0.003822387934753202
0.05198789125700998
-0.022622356364218277
0.05182100602750328
0.10109672394520075
-0.007338419158481102
0.013109728048770641
0.02773636562208104
0.08302714817478662
0.023512429278589764
-0.032340875642459466
-0.01686722086916248
0.014471610315426986
-0.07892951287026762
-0.013878349100881593
0.04665297339942498
0.020083040980136246
-0.012372140541780041
0.0344322264021244
0.01046829599036414
-0.06226621690008294
0.02708189422255458
-0.051670301345440706
-0.08721982612879486
0.011553574399841615
-0.06053051312501001
0.03973066370480538
0.06806350229329183
0.01035787819304268
-0.22146034456414654
-0.0636718542421022
0.009856619194733796
0.13480548385110502
0.01347000313241331
0.030974972656109045
0.0278028767684102
0.04823967565580034
-0.017136936568830308
0.04299886054755575
0.023512429278589764
-0.024170822975695394
0.012390402416693647
-0.2546008091448053
-0.03695834061658587
0.007058852839625374
0.06994395962703592
-0.019514789449790015
0.051344950513199095
-0.01956931117570271
0.056736527751481525
0.02451643163530548
-0.06258250876081561
-0.027393577402978764
0.06605801367827979
-0.007338419158481102
0.04799414960212012
0.04371378571481266
0.08121523150568599
0.026005039289207943
0.06994395962703592
-0.0008948035361102669
0.003822387934753202
0.06318283133468316
-0.08126108737944548
0.005082074600808895
0.08653619008305125
-0.09359820865597968
0.06318283133468316
-0.03917887174705115
0.06318283133468316
0.04606131559255999
-0.07212958518599066
-0.060513028914405353
-0.01844849936066506
-0.03045002278091502
-0.041376638974308655
0.04823967565580034
0.04048653167530425
0.05436809318039337
-0.024170822975695394
-0.013771885982464482
-0.0011970474263076625
-0.038466866176760206
-0.03695834061658587
-0.01686722086916248
0.02708189422255458
0.04333086414918519
0.022821768641877682
0.030122729138618354
0.012390402416693647
-0.06464003578883037
0.001954162314668828
-0.03173275161671363
0.034283772423341574
-0.0005187167995490682
0.01699193585620762
0.030122729138618354
0.08732358904095427
0.04665297339942498
-0.008416174423421019
0.024801788304586125
-0.038466866176760206
-0.03695834061658587
0.04827168718050601
0.1417808980890598
0.001954162314668828
0.06605801367827979
0.15300088602597928
0.02708189422255458
-0.0005187167995490682
0.07586149829868472
0.01579928711915457
-0.03133707462365809
-0.012372140541780041
-0.022622356364218277
0.13204555949274965
0.039209693040964666
0.062467374718552904
-0.07892951287026762
0.020083040980136246
0.028713620756199987
0.04590352204112591
0.04380656992791998
0.04790976101641675
-0.02243129284092049
-0.07465345378649157
-0.0851300246174862
-0.027789787343500905
-0.1218059774124729
0.17000938109242547
-0.06285634704832255
-0.004841918958801372
-0.01844849936066506
0.005082074600808895
0.02773636562208104
0.08105492908796386
-0.007882998007099573
0.0688088340488946
-0.01844849936066506
-0.03458770640829023
0.006265799221320201
0.019778644828504
-0.017242733713295877
0.04333086414918519
-0.0549153461639893
-0.045496030668886966
0.013065356771912562
-0.10819102148647719
0.03973066370480538
-0.019391257313081667
-0.06109953281700342
-0.002647647860884561
0.0576314646823306
-0.009588853389239205
0.03443624877469453
0.01613403625846388
0.011999720455214913
-0.02243129284092049
0.047513051758585334
0.10240276235625068
-0.007720686875989813
0.05799658946616226
