0.08632977574364098
0.025524068456756588
-0.017242733713295877
0.01699193585620762
0.013040071944516285
0.009856619194733796
-0.019514789449790015
0.04048653167530425
0.045224792909892564
0.037453479113841226
0.037453479113841226
-0.05586089089844393
-0.0005187167995490682
0.1399333926158075
0.07060672059698447
-0.032340875642459466
-0.07212958518599066
-0.06226621690008294
0.08799230776265521
-0.017242733713295877
-0.004841918958801372
0.04299886054755575
0.01699193585620762
0.006746455834750975
-0.02243129284092049
0.045224792909892564
0.030122729138618354
0.04790976101641675
0.08759468040243501
0.1399333926158075
-0.010532567714866659
-0.032340875642459466
-0.041376638974308655
0.04799414960212012
0.03443624877469453
0.06228267241298191
-0.0636718542421022
0.07586149829868472
-0.01249170093178087
0.012394543666532698
-0.05282848588680089
0.04135586741642605
0.001954162314668828
0.01347000313241331
0.0016709762031741349
0.011999720455214913
-0.0005187167995490682
0.09718899306107964
-0.03045002278091502
-0.037433866920196124
0.03861575224405023
-0.010532567714866659
0.13480548385110502
-0.022368622754905587
-0.2546008091448053
0.08653619008305125
0.030974972656109045
-0.01844849936066506
0.037453479113841226
-0.005105231073404326
-0.06285634704832255
0.1417808980890598
0.026005039289207943
0.043334141200254805
-0.05983064969141072
0.031017376704207678
0.02432879134386301
0.13204555949274965
-0.04466517994807795
-0.027393577402978764
0.013109728048770641
-0.011743957061684185
0.031017376704207678
0.06567138145123597
0.11840346286310233
-0.08126108737944548
0.06316607709876365
-0.0851300246174862
0.08759468040243501
0.04606131559255999
0.04665297339942498
0.049538360788050184
0.013109728048770641
-0.02862716582831837
-0.13034379599603163
-0.007543661478351282
0.08383912323474085
0.02432879134386301
0.10109672394520075
0.10109672394520075
-0.03133707462365809
0.0041948137923384365
0.0016709762031741349
-0.022622356364218277
-0.0013205999854228878
-0.049962429852048906
0.06605801367827979
-0.0849833488167917
0.024801788304586125
-0.06109953281700342
-0.1218059774124729
0.08080248335888918
-0.03563356684104946
0.007058852839625374
0.04790976101641675
0.001954162314668828
-0.024170822975695394
-0.05586089089844393
-0.03045002278091502
-0.024170822975695394
-0.0636718542421022
0.020446479141682516
-0.03695834061658587
0.051344950513199095
0.04790976101641675
0.026653357334457617
-0.015144140805206874
-0.018864353824572078
0.15300088602597928
0.01716964896203166
-0.012372140541780041
0.020083040980136246
-0.05464289541014722
0.04283497654615154
0.04048653167530425
0.04920879849315085
-0.009357776553262198
-0.02243129284092049
0.04827168718050601
0.04299886054755575
-0.002647647860884561
0.06806350229329183
0.04665297339942498
-0.022821982956040543
0.04048653167530425
-0.03563356684104946
0.030974972656109045
0.026653357334457617
0.08176108754913614
-0.05282848588680089
0.07382421435571018
-0.05654058267968054
0.013065356771912562
0.008505479129739868
0.05198789125700998
0.056736527751481525
-0.06053051312501001
-0.022821982956040543
0.07060672059698447
-0.08285893181375492
-0.02496648159475967
-0.027788545411032928
-0.0005187167995490682
-0.08110299466350668
0.0165919313161762
0.13204555949274965
-0.09570667993071069
-0.012372140541780041
0.012390402416693647
0.02451643163530548
-0.0357902826629255
-0.03997727574944321
0.019778644828504
-0.07414653786004877
0.06228267241298191
0.037453479113841226
0.028713620756199987
0.07586149829868472
-0.050143819123519506
-0.03695834061658587
-0.005105231073404326
-0.08678886069673908
0.01661350063361855
0.01716964896203166
0.045224792909892564
-0.0013205999854228878
-0.05282848588680089
0.013065356771912562
-0.032259158022980294
0.020567585268201682
-0.01956931117570271
0.04823967565580034
-0.05654058267968054
0.0576314646823306
0.04995452527457189
0.07382421435571018
0.03994035520780326
-0.10013006587302442
-0.022368622754905587
0.025649122658425227
0.015089270086424023
0.026653357334457617
-0.051670301345440706
-0.05129888770798985
0.06806350229329183
-0.08678886069673908
-0.03563356684104946
-0.005818111085915234
0.026458811902690726
0.0576314646823306
-0.019514789449790015
-0.05699148198311299
-0.019391257313081667
-0.01249170093178087
0.04469322213864224
-0.05416508205116166
0.047513051758585334
0.07586149829868472
-0.01249170093178087
-0.0002495311402075373
0.04790976101641675
0.05799658946616226
0.06925574960452696
0.049538360788050184
0.0276177252845331
-0.1218059774124729
-0.06109953281700342
0.04469322213864224
0.05425453554333082
0.006265799221320201
-0.07724758378448726
0.09718899306107964
-0.01249170093178087
-0.0849833488167917
0.0276177252845331
-0.007720686875989813
-0.22146034456414654
0.017908695057996304
-0.08285893181375492
-0.017136936568830308
0.08799230776265521
0.01724199139330551
-0.22146034456414654
0.011553574399841615
0.01579928711915457
-0.08721982612879486
0.014780240742707562
0.09718899306107964
0.007058852839625374
-0.03173275161671363
0.0016709762031741349
-0.024170822975695394
-0.09359820865597968
-0.07724758378448726
0.02432879134386301
0.031017376704207678
-0.03520416182162833
0.01613403625846388
-0.012150300762606037
0.07060672059698447
0.17000938109242547
0.039209693040964666
-0.0002868205956847447
-0.007543661478351282
-0.05654058267968054
-0.0851300246174862
0.0041948137923384365
0.04371378571481266
-0.021161035659430283
0.07060672059698447
-0.0008948035361102669
0.06567138145123597
0.015089270086424023
-0.07075486294590672
0.03863378364598535
0.030974972656109045
-0.09570667993071069
0.04299886054755575
-0.041376638974308655
-0.06226621690008294
-0.12033949778566289
0.024801788304586125
-0.06464003578883037
-0.05282848588680089
0.005082074600808895
-0.03458770640829023
0.041840431302949455
0.0165919313161762
0.022194058573782982
0.026005039289207943
0.0203593980283987
-0.05416508205116166
0.011553574399841615
0.10240276235625068
-0.02496648159475967
0.02714223291166995
-0.041376638974308655
-0.036421638107813514
-0.06285634704832255
0.08176108754913614
0.10109672394520075
0.17000938109242547
-0.01249170093178087
0.013065356771912562
-0.007882998007099573
0.062467374718552904
-0.050143819123519506
-0.051670301345440706
0.01661350063361855
