0.006143668794592827
-0.02496648159475967
-0.0851300246174862
0.11840346286310233
-0.08678886069673908
0.020567585268201682
0.01579928711915457
0.06569838178769771
-0.0038562351615762935
0.04333086414918519
0.05168531023255696
0.08653619008305125
-0.017242733713295877
-0.051670301345440706
-0.03133707462365809
0.08080248335888918
0.03882682382156144
-0.036421638107813514
-0.22146034456414654
-0.03917887174705115
0.039209693040964666
0.04590352204112591
-0.07724758378448726
-0.0002868205956847447
-0.041376638974308655
-0.03173275161671363
0.06569838178769771
-0.03695834061658587
0.04823967565580034
0.08653619008305125
-0.07414653786004877
0.024801788304586125
-0.05120330655862837
-0.06720056781523276
-0.032340875642459466
-0.013878349100881593
0.04790976101641675
0.0278028767684102
-0.03695834061658587
0.0216176650818376
0.034283772423341574
0.030974972656109045
0.13480548385110502
0.01716964896203166
-0.03133707462365809
0.0515617796937029
0.0203593980283987
0.05168531023255696
-0.041376638974308655
0.04048653167530425
0.09718899306107964
0.04790976101641675
-0.05282848588680089
-0.07075486294590672
0.031017376704207678
0.0326533364262076
-0.08721982612879486
-0.08721982612879486
-0.037433866920196124
0.0276177252845331
0.02520341309711238
0.039209693040964666
0.01035787819304268
-0.013771885982464482
-0.007543661478351282
-0.0851300246174862
-0.024170822975695394
-0.051670301345440706
-0.07892951287026762
0.02927401578257438
-0.027393577402978764
0.04995452527457189
0.018593646962060006
0.06567138145123597
0.15300088602597928
-0.09359820865597968
-0.014438989348697362
-0.013878349100881593
-0.02243129284092049
-0.01686722086916248
0.005173534568482907
-0.08143178414826124
0.09718899306107964
-0.050143819123519506
0.17000938109242547
0.0025784297617263974
-0.06053051312501001
0.06316607709876365
0.08080248335888918
0.07060672059698447
0.025649122658425227
0.025722681761052968
-0.22146034456414654
0.03863378364598535
0.13204555949274965
0.005082074600808895
0.005082074600808895
0.01613403625846388
-0.03045002278091502
-0.02862716582831837
-0.08721982612879486
0.08799230776265521
0.0688088340488946
0.012394543666532698
0.08799230776265521
0.01347000313241331
-0.03458770640829023
-0.03695834061658587
0.022821768641877682
0.005173534568482907
0.02451643163530548
-0.007543661478351282
0.04590352204112591
0.013040071944516285
0.04827168718050601
0.020083040980136246
0.06761705055254463
0.01046829599036414
-0.027393577402978764
-0.03520416182162833
-0.047644828679283435
0.04790976101641675
-0.028034859824940028
0.047513051758585334
0.04135586741642605
0.0326533364262076
0.05198789125700998
0.02927401578257438
0.04799414960212012
0.026005039289207943
0.008505479129739868
-0.028034859824940028
-0.03563356684104946
-0.07724758378448726
-0.08126108737944548
-0.013771885982464482
-0.011743957061684185
-0.002205271978588108
-0.0851300246174862
0.02520341309711238
-0.09432889171755221
0.13204555949274965
-0.03173275161671363
0.08302714817478662
0.0027859037974478085
-0.024170822975695394
-0.01844849936066506
-0.07465345378649157
0.01347000313241331
0.037107507807760065
0.026458811902690726
-0.037433866920196124
0.05168531023255696
-0.04126132556270612
0.01347000313241331
-0.027393577402978764
0.04827168718050601
0.0515617796937029
-0.12033949778566289
-0.0002868205956847447
-0.09432889171755221
0.062467374718552904
0.02714223291166995
0.003822387934753202
0.006265799221320201
-0.04126132556270612
0.08383912323474085
0.0025784297617263974
-0.007882998007099573
0.03208636570286316
0.06228267241298191
-0.0636718542421022
0.020567585268201682
-0.06258250876081561
-0.01686722086916248
-0.03045002278091502
0.08080248335888918
0.04590352204112591
-0.05416508205116166
0.04469322213864224
0.005173534568482907
0.009856619194733796
-0.027462288324585415
0.08799230776265521
-0.005105231073404326
-0.007317237093852569
0.03994035520780326
-0.005818111085915234
-0.10013006587302442
-0.01844849936066506
-0.06464003578883037
-0.005105231073404326
-0.011743957061684185
0.02432879134386301
0.02451643163530548
0.007058852839625374
0.018593646962060006
-0.13034379599603163
0.049538360788050184
0.02773636562208104
0.005082074600808895
0.030974972656109045
0.015089270086424023
-0.049962429852048906
-0.04022536987465397
0.0326533364262076
-0.05586089089844393
-0.06193714350214741
-0.01844849936066506
0.04606131559255999
0.02773636562208104
0.041840431302949455
0.04333086414918519
0.007058852839625374
0.06567138145123597
0.001954162314668828
0.01724199139330551
-0.06258250876081561
0.11522232211929584
-0.09432889171755221
0.017908695057996304
0.06364954486786978
0.037453479113841226
-0.041376638974308655
0.06605801367827979
0.05168531023255696
-0.06193714350214741
-0.06193714350214741
-0.05282848588680089
0.04590352204112591
0.07586149829868472
-0.036421638107813514
0.10109672394520075
0.041840431302949455
0.06228267241298191
0.0025784297617263974
0.006143668794592827
-0.09570667993071069
-0.012150300762606037
-0.007338419158481102
0.06925574960452696
-0.05699148198311299
0.014471610315426986
-0.049962429852048906
0.07518071596092746
0.012299756912504733
0.05182100602750328
-0.07414653786004877
-0.06226621690008294
-0.10013006587302442
0.037107507807760065
0.0025784297617263974
-0.005105231073404326
0.01035787819304268
0.03643980545838055
-0.010532567714866659
-0.03563356684104946
-0.10013006587302442
0.02927401578257438
0.047513051758585334
0.06605801367827979
0.08653619008305125
0.049538360788050184
-0.002647647860884561
-0.03695834061658587
-0.2546008091448053
0.014780240742707562
-0.010532567714866659
-0.04466517994807795
-0.03520416182162833
0.02927401578257438
-0.08126108737944548
0.04729149119249154
0.01613403625846388
0.043334141200254805
0.04790976101641675
0.0165919313161762
-0.0005187167995490682
-0.022821982956040543
0.06292625909621563
0.030122729138618354
-0.0038562351615762935
0.08732358904095427
0.014471610315426986
-0.019514789449790015
-0.06258250876081561
-0.02243129284092049
0.06994395962703592
-0.002205271978588108
0.047513051758585334
-0.011743957061684185
0.03863378364598535
-0.04126132556270612
0.029794720012301212
0.03973066370480538
0.04333086414918519
0.08080248335888918
0.06569838178769771
0.020446479141682516
