0.0278028767684102
-0.0002495311402075373
0.051344950513199095
0.15300088602597928
0.013109728048770641
-0.019514789449790015
-0.10819102148647719
-0.15702055781469149
0.08759468040243501
-0.049962429852048906
-0.022622356364218277
-0.06720056781523276
-0.032340875642459466
0.007058852839625374
0.01579928711915457
0.02432879134386301
0.03973066370480538
-0.060513028914405353
0.04048653167530425
0.026458811902690726
0.04823967565580034
0.04048653167530425
-0.009357776553262198
0.02714223291166995
0.007058852839625374
0.022821768641877682
0.025524068456756588
-0.03458770640829023
0.03861575224405023
0.04799414960212012
-0.06226621690008294
-0.027788545411032928
0.06569838178769771
0.022194058573782982
0.02432879134386301
-0.07075486294590672
-0.03045002278091502
-0.041376638974308655
-0.013771885982464482
0.1417808980890598
0.001954162314668828
0.01724199139330551
0.024801788304586125
0.1417808980890598
0.05168531023255696
0.026653357334457617
-0.018864353824572078
0.04048653167530425
-0.1218059774124729
0.04823967565580034
0.0344322264021244
-0.07465345378649157
-0.036421638107813514
0.031017376704207678
-0.015144140805206874
0.05436809318039337
-0.019391257313081667
0.04665297339942498
-0.13034379599603163
-0.027393577402978764
-0.09432889171755221
0.026005039289207943
-0.0013205999854228878
0.048059232237648075
0.049538360788050184
0.02451643163530548
0.13480548385110502
-0.17661184642248884
-0.09432889171755221
0.0016709762031741349
-0.060513028914405353
0.022194058573782982
0.015089270086424023
0.08176108754913614
-0.09359820865597968
0.0276177252845331
0.01661350063361855
0.08632977574364098
0.012390402416693647
0.011553574399841615
0.028713620756199987
0.01579928711915457
0.0165919313161762
-0.01956931117570271
-0.01249170093178087
-0.01249170093178087
0.04665297339942498
0.005082074600808895
0.012394543666532698
0.031017376704207678
-0.09359820865597968
0.006265799221320201
-0.07724758378448726
0.02520341309711238
0.03861575224405023
0.0025784297617263974
0.012390402416693647
0.01046829599036414
0.04665297339942498
-0.021161035659430283
0.02451643163530548
-0.05282848588680089
0.024801788304586125
-0.08285893181375492
0.02520341309711238
0.025722681761052968
-0.002647647860884561
-0.0549153461639893
0.013040071944516285
-0.09359820865597968
-0.032259158022980294
0.043334141200254805
0.01347000313241331
-0.045496030668886966
0.01046829599036414
0.030122729138618354
0.051344950513199095
0.019778644828504
-0.09432889171755221
0.02773636562208104
0.17000938109242547
0.06569838178769771
-0.08678886069673908
0.03863378364598535
-0.012372140541780041
0.08732358904095427
0.03643980545838055
0.03973066370480538
-0.0007657730469858848
0.03882682382156144
-0.01249170093178087
0.0165919313161762
-0.013878349100881593
-0.0489237727198617
0.08383912323474085
0.1417808980890598
-0.15702055781469149
0.01046829599036414
-0.06053051312501001
0.04283497654615154
-0.22146034456414654
0.001954162314668828
-0.013771885982464482
-0.13034379599603163
0.0278028767684102
0.06605801367827979
-0.004841918958801372
0.051344950513199095
0.07518071596092746
0.15300088602597928
-0.06193714350214741
-0.04022536987465397
0.026653357334457617
0.05182100602750328
-0.009357776553262198
0.008505479129739868
-0.045496030668886966
0.01699193585620762
0.03208636570286316
0.0844852260058202
-0.04022536987465397
0.017908695057996304
-0.07212958518599066
0.04469322213864224
-0.0038562351615762935
0.02432879134386301
0.15300088602597928
0.007058852839625374
0.04920879849315085
0.022194058573782982
0.04920879849315085
0.15300088602597928
-0.08126108737944548
0.013065356771912562
-0.047644828679283435
0.0025784297617263974
-0.049962429852048906
0.025524068456756588
-0.002205271978588108
-0.0013205999854228878
0.08759468040243501
-0.008416174423421019
0.0278028767684102
-0.002647647860884561
-0.032259158022980294
-0.13034379599603163
0.04283497654615154
-0.08285893181375492
-0.09359820865597968
0.024801788304586125
0.06605801367827979
0.025524068456756588
-0.005818111085915234
0.06318283133468316
0.019778644828504
0.026458811902690726
0.011553574399841615
-0.0636718542421022
0.08653619008305125
-0.017242733713295877
0.014780240742707562
0.043334141200254805
0.013040071944516285
-0.007317237093852569
0.04299886054755575
0.05425453554333082
0.08121523150568599
-0.03520416182162833
0.03863378364598535
-0.2546008091448053
-0.10013006587302442
0.028713620756199987
-0.05654058267968054
0.025649122658425227
-0.0489237727198617
-0.06109953281700342
-0.03133707462365809
-0.0357902826629255
0.08732358904095427
-0.010532567714866659
0.04790976101641675
0.049538360788050184
0.0512476844333456
0.01046829599036414
-0.051670301345440706
-0.0489237727198617
0.0025784297617263974
0.020083040980136246
0.0027859037974478085
0.0688088340488946
0.04665297339942498
0.1417808980890598
-0.015144140805206874
0.0027859037974478085
0.008665176454019985
-0.047644828679283435
-0.012372140541780041
-0.047644828679283435
-0.12033949778566289
0.04135586741642605
0.006265799221320201
-0.07414653786004877
-0.037433866920196124
0.08302714817478662
-0.09359820865597968
0.08121523150568599
-0.022368622754905587
0.003822387934753202
-0.0549153461639893
-0.01686722086916248
0.0022689688502968153
-0.03695834061658587
0.037107507807760065
0.05198789125700998
-0.022348210496932808
0.05425453554333082
-0.06285634704832255
-0.08678886069673908
-0.06226621690008294
-0.019391257313081667
0.024801788304586125
0.014471610315426986
-0.007317237093852569
0.04380656992791998
-0.0849833488167917
-0.0849833488167917
0.014780240742707562
0.01347000313241331
-0.028034859824940028
0.028713620756199987
0.10109672394520075
-0.06720056781523276
0.0016709762031741349
-0.02375973362478856
-0.002647647860884561
-0.0851300246174862
0.0515617796937029
0.039209693040964666
-0.0002495311402075373
0.008665176454019985
0.1399333926158075
0.04135586741642605
-0.004841918958801372
0.008505479129739868
0.024801788304586125
0.013109728048770641
0.04590352204112591
-0.05699148198311299
-0.05464289541014722
0.15300088602597928
0.10109672394520075
-0.012150300762606037
0.030122729138618354
-0.017242733713295877
-0.010532567714866659
0.17000938109242547
0.03882682382156144
0.07586149829868472
0.06316607709876365
