-0.03917887174705115
0.012299756912504733
-0.027788545411032928
-0.0357902826629255
-0.03045002278091502
0.051344950513199095
-0.027462288324585415
-0.04022536987465397
0.04590352204112591
0.025524068456756588
0.04048653167530425
-0.027393577402978764
-0.03045002278091502
-0.07414653786004877
0.011553574399841615
-0.0002868205956847447
-0.0013205999854228878
-0.04466517994807795
0.04391937482752173
0.0041948137923384365
0.05436809318039337
0.0216176650818376
-0.049962429852048906
-0.03917887174705115
0.062467374718552904
0.02927401578257438
0.08653619008305125
-0.022622356364218277
0.030974972656109045
-0.022622356364218277
-0.019514789449790015
0.06318283133468316
0.02451643163530548
-0.022898889969576786
0.06605801367827979
0.008665176454019985
0.012394543666532698
0.026458811902690726
-0.08721982612879486
-0.06258250876081561
-0.05129888770798985
0.0278028767684102
0.1417808980890598
0.06994395962703592
0.0276177252845331
-0.027393577402978764
-0.06226621690008294
-0.007543661478351282
-0.014438989348697362
0.01579928711915457
-0.04466517994807795
-0.05120330655862837
-0.05129888770798985
0.06292625909621563
0.02773636562208104
0.04827168718050601
-0.10013006587302442
0.01716964896203166
0.030122729138618354
-0.04466517994807795
0.013065356771912562
0.006143668794592827
0.026005039289207943
0.07518071596092746
-0.022348210496932808
0.17000938109242547
0.08080248335888918
0.08632977574364098
-0.010204897362879883
0.005173534568482907
0.06806350229329183
0.08759468040243501
0.025524068456756588
0.01035787819304268
-0.005105231073404326
0.005173534568482907
0.06292625909621563
0.0515617796937029
0.03208636570286316
0.06569838178769771
0.11840346286310233
-0.0851300246174862
-0.007338419158481102
0.0016709762031741349
-0.06720056781523276
-0.06109953281700342
-0.0851300246174862
-0.027789787343500905
-0.0636718542421022
0.039209693040964666
0.06567138145123597
0.0688088340488946
-0.017242733713295877
0.01716964896203166
-0.011743957061684185
0.0165919313161762
-0.22146034456414654
0.001954162314668828
-0.027788545411032928
0.06806350229329183
0.037453479113841226
-0.07212958518599066
0.04391937482752173
-0.049962429852048906
-0.08814864178677073
0.026005039289207943
-0.05120330655862837
-0.22146034456414654
0.08383912323474085
0.037107507807760065
-0.04022536987465397
0.011999720455214913
0.0276177252845331
-0.027788545411032928
0.04823967565580034
0.04995452527457189
-0.08721982612879486
-0.01249170093178087
0.01661350063361855
-0.0489237727198617
0.024801788304586125
-0.01844849936066506
0.022194058573782982
0.028713620756199987
-0.07414653786004877
0.05436809318039337
0.025524068456756588
0.025722681761052968
0.011999720455214913
0.0344322264021244
0.06925574960452696
0.10240276235625068
-0.0011970474263076625
0.04827168718050601
-0.03563356684104946
-0.10819102148647719
0.024801788304586125
-0.0005187167995490682
0.011999720455214913
-0.06720056781523276
0.031017376704207678
0.08759468040243501
0.04606131559255999
0.0216176650818376
0.048059232237648075
0.001954162314668828
0.0165919313161762
-0.060513028914405353
0.022194058573782982
-0.032259158022980294
0.013065356771912562
0.029794720012301212
0.003822387934753202
0.04469322213864224
-0.06258250876081561
-0.0357902826629255
0.015089270086424023
-0.06464003578883037
0.04371378571481266
-0.010532567714866659
0.006265799221320201
0.02432879134386301
0.03208636570286316
0.022194058573782982
-0.01249170093178087
0.10240276235625068
0.043334141200254805
-0.022348210496932808
-0.07212958518599066
-0.032259158022980294
0.012390402416693647
-0.03695834061658587
-0.08110299466350668
0.0344322264021244
0.07382421435571018
0.11840346286310233
-0.04022536987465397
0.013109728048770641
-0.027789787343500905
-0.05654058267968054
-0.038466866176760206
0.0203593980283987
0.0016709762031741349
0.02708189422255458
0.06567138145123597
-0.0357902826629255
0.08302714817478662
0.01699193585620762
-0.05129888770798985
-0.007317237093852569
0.019778644828504
-0.1218059774124729
0.011553574399841615
-0.019514789449790015
0.015089270086424023
0.0016709762031741349
0.017908695057996304
-0.008416174423421019
-0.027462288324585415
-0.012372140541780041
0.037107507807760065
0.08176108754913614
0.045224792909892564
-0.01249170093178087
0.03994035520780326
-0.03997727574944321
0.0515617796937029
0.008665176454019985
-0.007543661478351282
0.048059232237648075
-0.032340875642459466
0.01716964896203166
-0.08721982612879486
0.10240276235625068
-0.22146034456414654
-0.036421638107813514
0.01716964896203166
0.0344322264021244
-0.09359820865597968
-0.06638125688640528
0.03643980545838055
-0.08126108737944548
0.04333086414918519
0.04790976101641675
-0.05129888770798985
0.026005039289207943
-0.005105231073404326
-0.037433866920196124
-0.08814864178677073
-0.08143178414826124
0.030974972656109045
-0.10013006587302442
0.11840346286310233
-0.06638125688640528
0.04590352204112591
-0.0851300246174862
-0.004841918958801372
-0.02243129284092049
-0.02496648159475967
0.048059232237648075
-0.002647647860884561
0.08105492908796386
0.011553574399841615
0.0203593980283987
0.06316607709876365
-0.0007657730469858848
0.05168531023255696
0.06567138145123597
0.062467374718552904
0.012299756912504733
-0.02496648159475967
-0.0013205999854228878
-0.04126132556270612
-0.03045002278091502
-0.002647647860884561
0.0461992712042818
-0.022898889969576786
0.02432879134386301
-0.06109953281700342
0.06806350229329183
0.022194058573782982
-0.02496648159475967
-0.03045002278091502
0.08080248335888918
-0.0849833488167917
0.0576314646823306
0.019778644828504
0.11840346286310233
0.04391937482752173
0.08080248335888918
-0.05129888770798985
0.026005039289207943
0.045224792909892564
0.0326533364262076
-0.08143178414826124
0.01046829599036414
0.07586149829868472
-0.0007657730469858848
0.04827168718050601
0.0576314646823306
-0.07724758378448726
0.08632977574364098
-0.005818111085915234
-0.07414653786004877
-0.07892951287026762
-0.08721982612879486
0.04371378571481266
-0.06258250876081561
-0.022368622754905587
0.024801788304586125
0.03208636570286316
0.034283772423341574
0.06316607709876365
-0.03270475340709922
-0.08285893181375492
-0.041376638974308655
0.062467374718552904
0.022821768641877682
0.07518071596092746
