0.005082074600808895
-0.0489237727198617
0.06292625909621563
-0.022622356364218277
0.0203593980283987
-0.01956931117570271
0.024801788304586125
0.08121523150568599
0.13204555949274965
0.013040071944516285
0.037107507807760065
0.10240276235625068
0.031017376704207678
0.02714223291166995
0.02927401578257438
-0.0851300246174862
0.04283497654615154
0.13204555949274965
0.039209693040964666
-0.007882998007099573
0.029794720012301212
0.04827168718050601
-0.0038562351615762935
0.04799414960212012
-0.022368622754905587
0.011999720455214913
0.01035787819304268
0.02714223291166995
-0.05654058267968054
-0.017136936568830308
0.04606131559255999
-0.07724758378448726
0.0326533364262076
0.017908695057996304
-0.06193714350214741
-0.01956931117570271
-0.05464289541014722
-0.010532567714866659
0.0041948137923384365
-0.03917887174705115
-0.05129888770798985
0.019778644828504
0.13204555949274965
0.006265799221320201
0.005082074600808895
0.026653357334457617
0.013040071944516285
-0.024170822975695394
0.07382421435571018
0.05436809318039337
0.013065356771912562
0.023512429278589764
0.041840431302949455
0.06228267241298191
0.02451643163530548
0.07586149829868472
0.014780240742707562
0.06318283133468316
-0.051670301345440706
-0.13034379599603163
0.0576314646823306
0.005173534568482907
0.030122729138618354
-0.07892951287026762
0.0512476844333456
-0.0011970474263076625
-0.05654058267968054
-0.007317237093852569
-0.04126132556270612
-0.0636718542421022
0.04823967565580034
0.056736527751481525
-0.008416174423421019
-0.06053051312501001
-0.01956931117570271
0.06292625909621563
0.02451643163530548
0.02451643163530548
0.06316607709876365
0.02773636562208104
-0.027462288324585415
-0.02496648159475967
-0.0005187167995490682
-0.013878349100881593
0.012299756912504733
0.03443624877469453
0.05182100602750328
-0.08814864178677073
0.10240276235625068
-0.022622356364218277
0.11522232211929584
-0.032259158022980294
-0.15702055781469149
-0.02496648159475967
-0.02496648159475967
0.0276177252845331
0.04371378571481266
0.04823967565580034
0.024801788304586125
0.04665297339942498
0.006143668794592827
-0.022622356364218277
-0.03173275161671363
0.051344950513199095
-0.008416174423421019
0.08632977574364098
0.08653619008305125
0.13204555949274965
-0.01249170093178087
-0.08285893181375492
-0.05464289541014722
-0.019391257313081667
0.013040071944516285
0.05168531023255696
0.01347000313241331
0.01613403625846388
0.023560334148108097
0.06364954486786978
-0.03563356684104946
-0.06464003578883037
-0.05586089089844393
0.020083040980136246
0.013065356771912562
0.0022689688502968153
0.043334141200254805
-0.0851300246174862
0.0344322264021244
0.06292625909621563
-0.04126132556270612
0.05168531023255696
-0.02243129284092049
0.012390402416693647
-0.10819102148647719
-0.0013205999854228878
0.01716964896203166
-0.07075486294590672
-0.10013006587302442
0.030122729138618354
0.018593646962060006
0.04823967565580034
0.08121523150568599
0.006265799221320201
-0.04022536987465397
0.0576314646823306
0.06316607709876365
0.13480548385110502
0.15300088602597928
-0.01686722086916248
-0.01249170093178087
-0.019391257313081667
-0.08110299466350668
0.02773636562208104
0.022821768641877682
-0.005105231073404326
-0.015144140805206874
0.04827168718050601
0.043334141200254805
-0.03997727574944321
-0.07724758378448726
0.06364954486786978
0.06316607709876365
-0.22146034456414654
0.022194058573782982
-0.0011970474263076625
0.0515617796937029
0.012299756912504733
-0.06226621690008294
-0.015144140805206874
0.017908695057996304
0.0461992712042818
-0.06285634704832255
0.0344322264021244
0.048059232237648075
0.04380656992791998
0.04920879849315085
-0.021161035659430283
0.04380656992791998
-0.049962429852048906
0.03882682382156144
-0.04466517994807795
0.04606131559255999
-0.01844849936066506
0.062467374718552904
0.043334141200254805
-0.007317237093852569
0.025722681761052968
-0.01844849936066506
0.10240276235625068
-0.028034859824940028
-0.0489237727198617
-0.07075486294590672
0.06994395962703592
0.01716964896203166
-0.010204897362879883
0.01716964896203166
0.049538360788050184
0.08732358904095427
-0.0011970474263076625
0.08653619008305125
0.047513051758585334
0.01716964896203166
0.08080248335888918
-0.007720686875989813
0.005173534568482907
0.08080248335888918
-0.08143178414826124
0.04590352204112591
-0.011743957061684185
-0.008416174423421019
-0.012372140541780041
-0.01686722086916248
0.04995452527457189
-0.10013006587302442
-0.018864353824572078
-0.019514789449790015
0.0216176650818376
0.043334141200254805
0.023512429278589764
-0.2546008091448053
-0.06464003578883037
0.03882682382156144
0.04799414960212012
0.06316607709876365
0.009856619194733796
0.043334141200254805
0.0512476844333456
-0.027462288324585415
-0.08285893181375492
-0.024170822975695394
0.01661350063361855
0.04729149119249154
-0.07075486294590672
-0.0008948035361102669
0.0165919313161762
-0.05282848588680089
-0.04022536987465397
0.01699193585620762
0.031017376704207678
0.04048653167530425
-0.038466866176760206
0.0688088340488946
-0.018864353824572078
0.030974972656109045
0.0025784297617263974
-0.007543661478351282
-0.0549153461639893
0.034283772423341574
0.11522232211929584
0.0344322264021244
0.049538360788050184
-0.1218059774124729
0.06761705055254463
0.03861575224405023
-0.03173275161671363
0.026653357334457617
-0.007543661478351282
0.08176108754913614
-0.008416174423421019
-0.009357776553262198
0.06228267241298191
0.08080248335888918
-0.07075486294590672
0.01661350063361855
-0.0005187167995490682
0.006143668794592827
-0.027788545411032928
-0.007543661478351282
0.08799230776265521
-0.05699148198311299
0.11840346286310233
-0.007720686875989813
-0.017242733713295877
0.03863378364598535
-0.2546008091448053
0.012390402416693647
0.08121523150568599
0.008665176454019985
0.03863378364598535
-0.06053051312501001
-0.13034379599603163
0.043334141200254805
0.048059232237648075
-0.08126108737944548
-0.05129888770798985
0.1417808980890598
-0.050143819123519506
-0.0849833488167917
0.08176108754913614
-0.10013006587302442
0.1399333926158075
0.026653357334457617
0.1399333926158075
0.0512476844333456
0.11522232211929584
-0.01686722086916248
-0.010532567714866659
0.08799230776265521
0.01035787819304268
0.05198789125700998
