-0.2546008091448053
0.01046829599036414
-0.002205271978588108
0.0461992712042818
0.07060672059698447
-0.08126108737944548
0.019778644828504
-0.0011970474263076625
-0.0636718542421022
0.018593646962060006
0.04135586741642605
-0.019514789449790015
0.06364954486786978
-0.06258250876081561
-0.045496030668886966
0.024801788304586125
0.08105492908796386
0.031017376704207678
-0.03270475340709922
-0.0489237727198617
0.006265799221320201
0.026653357334457617
-0.022898889969576786
-0.05983064969141072
0.02927401578257438
-0.05464289541014722
-0.017136936568830308
-0.08110299466350668
-0.04022536987465397
0.01347000313241331
0.01724199139330551
-0.03045002278091502
0.005173534568482907
0.02773636562208104
-0.02243129284092049
-0.022898889969576786
0.11840346286310233
0.005173534568482907
0.07060672059698447
0.013065356771912562
-0.03270475340709922
-0.06285634704832255
-0.04022536987465397
0.04995452527457189
-0.036421638107813514
0.07586149829868472
-0.027789787343500905
-0.07465345378649157
0.04371378571481266
0.04827168718050601
0.1399333926158075
0.06925574960452696
-0.01249170093178087
-0.041376638974308655
0.01579928711915457
-0.0849833488167917
0.014471610315426986
0.01699193585620762
0.1417808980890598
-0.0489237727198617
-0.07212958518599066
0.04333086414918519
0.08383912323474085
-0.0849833488167917
0.013065356771912562
0.15300088602597928
-0.041376638974308655
0.08105492908796386
0.17000938109242547
-0.03045002278091502
-0.08110299466350668
-0.0851300246174862
0.04790976101641675
0.026458811902690726
0.04391937482752173
-0.037433866920196124
-0.022622356364218277
-0.002647647860884561
-0.021161035659430283
0.07382421435571018
0.03882682382156144
-0.005105231073404326
-0.06720056781523276
0.04299886054755575
0.013040071944516285
-0.021161035659430283
0.07382421435571018
0.02714223291166995
-0.019514789449790015
0.06364954486786978
-0.08285893181375492
-0.06109953281700342
-0.03520416182162833
0.0041948137923384365
-0.07724758378448726
0.0515617796937029
0.04665297339942498
0.04790976101641675
0.0278028767684102
0.08799230776265521
-0.022898889969576786
0.006746455834750975
-0.01844849936066506
0.08632977574364098
-0.0007657730469858848
0.06806350229329183
-0.10819102148647719
0.02708189422255458
0.08176108754913614
0.11840346286310233
0.08759468040243501
0.006265799221320201
-0.022622356364218277
0.043334141200254805
-0.15702055781469149
0.0515617796937029
-0.015144140805206874
0.06925574960452696
0.04391937482752173
0.13204555949274965
-0.10013006587302442
0.13480548385110502
0.031017376704207678
0.026458811902690726
0.013065356771912562
0.08653619008305125
0.05168531023255696
-0.049962429852048906
0.056736527751481525
0.08383912323474085
0.04371378571481266
-0.036421638107813514
0.037107507807760065
0.0022689688502968153
0.04299886054755575
-0.022348210496932808
0.01046829599036414
0.04823967565580034
0.0016709762031741349
0.01347000313241331
-0.0489237727198617
-0.03997727574944321
0.04333086414918519
-0.05586089089844393
-0.010204897362879883
0.048059232237648075
0.012394543666532698
-0.09432889171755221
-0.007882998007099573
0.08383912323474085
0.03994035520780326
0.013109728048770641
-0.032340875642459466
-0.03695834061658587
-0.02496648159475967
-0.06193714350214741
0.034283772423341574
-0.08678886069673908
-0.04466517994807795
-0.03695834061658587
-0.02862716582831837
0.012394543666532698
-0.07724758378448726
0.0844852260058202
0.04333086414918519
-0.05416508205116166
-0.06285634704832255
0.0203593980283987
0.07382421435571018
-0.022622356364218277
0.015089270086424023
0.003822387934753202
-0.018864353824572078
-0.060513028914405353
0.04995452527457189
0.0576314646823306
-0.011743957061684185
0.045224792909892564
0.07586149829868472
0.025649122658425227
-0.08126108737944548
0.0276177252845331
0.012299756912504733
0.04827168718050601
-0.02496648159475967
-0.07075486294590672
-0.028034859824940028
0.014471610315426986
-0.011743957061684185
-0.22146034456414654
-0.024170822975695394
-0.10819102148647719
0.005173534568482907
0.025722681761052968
-0.05120330655862837
0.10240276235625068
0.0344322264021244
-0.014438989348697362
0.05182100602750328
-0.07465345378649157
-0.03917887174705115
0.014471610315426986
0.005082074600808895
0.04469322213864224
0.03861575224405023
0.06925574960452696
-0.05416508205116166
0.041840431302949455
-0.03563356684104946
0.03882682382156144
0.07382421435571018
0.08759468040243501
0.04823967565580034
-0.022368622754905587
-0.0549153461639893
0.020446479141682516
-0.08678886069673908
0.03643980545838055
0.017908695057996304
-0.01249170093178087
0.08653619008305125
0.01046829599036414
-0.038466866176760206
0.06569838178769771
0.0165919313161762
0.06605801367827979
0.06994395962703592
0.04790976101641675
-0.09359820865597968
0.013065356771912562
0.01579928711915457
-0.037433866920196124
-0.07075486294590672
-0.10819102148647719
-0.03563356684104946
-0.007543661478351282
0.08759468040243501
-0.08126108737944548
0.025649122658425227
0.012299756912504733
-0.08814864178677073
-0.05282848588680089
-0.011743957061684185
0.04590352204112591
-0.0002495311402075373
-0.002647647860884561
0.0576314646823306
-0.08126108737944548
0.04135586741642605
-0.0636718542421022
-0.05464289541014722
-0.008416174423421019
-0.09432889171755221
-0.01844849936066506
-0.0008948035361102669
-0.15702055781469149
-0.045496030668886966
-0.03520416182162833
0.026458811902690726
-0.05416508205116166
-0.007317237093852569
0.07518071596092746
0.030974972656109045
-0.02496648159475967
0.06318283133468316
-0.017136936568830308
-0.011743957061684185
-0.022368622754905587
-0.05699148198311299
-0.027788545411032928
0.03643980545838055
-0.2546008091448053
0.030974972656109045
-0.060513028914405353
-0.011743957061684185
-0.024170822975695394
0.020446479141682516
0.041840431302949455
0.08632977574364098
0.05182100602750328
0.1399333926158075
0.0844852260058202
0.01046829599036414
0.04469322213864224
-0.05282848588680089
-0.05282848588680089
0.034283772423341574
0.011553574399841615
-0.08110299466350668
0.04665297339942498
0.03994035520780326
0.0515617796937029
0.08632977574364098
0.05168531023255696
-0.032340875642459466
0.008665176454019985
0.025649122658425227
-0.03173275161671363
0.01699193585620762
