0.06569838178769771
-0.027788545411032928
-0.01249170093178087
-0.017136936568830308
0.006746455834750975
0.0203593980283987
0.013065356771912562
0.04729149119249154
0.03208636570286316
-0.01686722086916248
-0.060513028914405353
0.08653619008305125
-0.0851300246174862
0.04469322213864224
0.007058852839625374
0.051344950513199095
0.030974972656109045
-0.028034859824940028
-0.17661184642248884
0.043334141200254805
-0.013878349100881593
0.04823967565580034
-0.05983064969141072
0.08632977574364098
-0.0011970474263076625
-0.007338419158481102
0.08176108754913614
-0.15702055781469149
0.04606131559255999
-0.05699148198311299
0.0027859037974478085
0.006265799221320201
-0.04126132556270612
-0.22146034456414654
-0.02375973362478856
0.026653357334457617
-0.060513028914405353
-0.06053051312501001
0.04048653167530425
0.008665176454019985
-0.04126132556270612
0.1399333926158075
-0.0357902826629255
-0.12033949778566289
0.03882682382156144
-0.0357902826629255
-0.06109953281700342
0.04920879849315085
0.03443624877469453
0.04469322213864224
0.02708189422255458
0.019778644828504
0.02708189422255458
-0.045496030668886966
0.04920879849315085
-0.015144140805206874
-0.08721982612879486
0.0276177252845331
-0.015144140805206874
0.01046829599036414
0.006143668794592827
-0.05464289541014722
0.11522232211929584
0.04995452527457189
0.02451643163530548
0.043334141200254805
0.045224792909892564
0.04380656992791998
-0.03917887174705115
-0.032340875642459466
-0.06464003578883037
-0.05120330655862837
0.0216176650818376
-0.007317237093852569
0.013109728048770641
-0.08110299466350668
-0.041376638974308655
0.019778644828504
-0.06053051312501001
-0.0038562351615762935
0.02773636562208104
0.05198789125700998
0.01046829599036414
0.006143668794592827
0.007058852839625374
0.04606131559255999
0.048059232237648075
-0.004841918958801372
0.023512429278589764
0.08799230776265521
0.007058852839625374
-0.05464289541014722
-0.08814864178677073
-0.10819102148647719
0.005082074600808895
-0.05699148198311299
0.08653619008305125
-0.051670301345440706
0.06292625909621563
0.17000938109242547
-0.02243129284092049
-0.01844849936066506
0.0344322264021244
-0.0013205999854228878
0.07586149829868472
-0.15702055781469149
-0.22146034456414654
-0.0002868205956847447
0.005173534568482907
0.06994395962703592
0.04729149119249154
0.019778644828504
-0.009357776553262198
0.037453479113841226
0.08653619008305125
-0.027393577402978764
-0.012150300762606037
-0.0002868205956847447
-0.04126132556270612
-0.08110299466350668
-0.02243129284092049
0.018593646962060006
0.048059232237648075
-0.010532567714866659
0.025722681761052968
0.026653357334457617
0.0688088340488946
0.026653357334457617
0.011553574399841615
-0.027788545411032928
-0.014438989348697362
-0.008416174423421019
-0.0489237727198617
0.023560334148108097
-0.060513028914405353
0.04371378571481266
-0.22146034456414654
0.01035787819304268
-0.05654058267968054
0.022194058573782982
0.08653619008305125
-0.03997727574944321
0.013040071944516285
0.08653619008305125
0.11840346286310233
0.025649122658425227
-0.002205271978588108
0.001954162314668828
0.05198789125700998
-0.027393577402978764
0.001954162314668828
0.02520341309711238
-0.06638125688640528
-0.0038562351615762935
0.08121523150568599
-0.08814864178677073
0.0203593980283987
0.06228267241298191
0.039209693040964666
-0.06638125688640528
0.062467374718552904
0.025649122658425227
0.015089270086424023
-0.05129888770798985
-0.04466517994807795
0.04665297339942498
0.07382421435571018
0.04333086414918519
0.017908695057996304
0.0844852260058202
0.01579928711915457
-0.15702055781469149
-0.15702055781469149
0.01724199139330551
0.06569838178769771
-0.03997727574944321
0.031017376704207678
-0.0011970474263076625
0.029794720012301212
-0.09432889171755221
-0.009357776553262198
0.005082074600808895
-0.02496648159475967
-0.08143178414826124
-0.08143178414826124
-0.08814864178677073
-0.08126108737944548
0.03208636570286316
0.03208636570286316
0.0278028767684102
0.04391937482752173
0.17000938109242547
0.0515617796937029
0.08080248335888918
-0.09359820865597968
0.07586149829868472
0.012390402416693647
-0.0011970474263076625
0.05799658946616226
0.04995452527457189
0.0844852260058202
-0.03458770640829023
0.037107507807760065
0.04790976101641675
-0.032340875642459466
0.08653619008305125
0.0027859037974478085
0.04729149119249154
-0.050143819123519506
0.10240276235625068
0.011553574399841615
-0.02243129284092049
0.04665297339942498
0.08121523150568599
0.0844852260058202
-0.03133707462365809
0.014780240742707562
-0.027393577402978764
-0.0357902826629255
-0.012372140541780041
0.08080248335888918
0.011553574399841615
0.02773636562208104
0.03863378364598535
0.03994035520780326
0.014471610315426986
-0.022622356364218277
-0.007317237093852569
-0.1218059774124729
0.05799658946616226
0.023512429278589764
-0.07465345378649157
-0.014438989348697362
0.04823967565580034
0.03208636570286316
0.013040071944516285
-0.0636718542421022
0.04469322213864224
0.014471610315426986
0.03994035520780326
0.056736527751481525
0.08799230776265521
0.029794720012301212
-0.05416508205116166
0.11840346286310233
-0.032259158022980294
0.001954162314668828
-0.03997727574944321
0.02520341309711238
0.15300088602597928
0.15300088602597928
0.08080248335888918
0.011999720455214913
0.03443624877469453
-0.04126132556270612
0.01347000313241331
0.04371378571481266
-0.060513028914405353
0.026653357334457617
0.09718899306107964
-0.019391257313081667
0.049538360788050184
0.04469322213864224
0.045224792909892564
-0.05654058267968054
0.045224792909892564
0.0041948137923384365
0.029794720012301212
-0.05416508205116166
0.11522232211929584
0.08080248335888918
0.029794720012301212
-0.050143819123519506
-0.05654058267968054
-0.007543661478351282
0.041840431302949455
-0.049962429852048906
-0.06258250876081561
-0.0011970474263076625
-0.06638125688640528
0.0016709762031741349
0.08799230776265521
0.06925574960452696
-0.2546008091448053
-0.08143178414826124
0.006746455834750975
-0.06285634704832255
0.04469322213864224
-0.02375973362478856
0.08105492908796386
-0.03917887174705115
0.04823967565580034
-0.06720056781523276
0.012394543666532698
-0.06053051312501001
-0.01686722086916248
0.0027859037974478085
0.04729149119249154
0.08302714817478662
