0.13204555949274965
0.0278028767684102
0.03882682382156144
0.06994395962703592
-0.032259158022980294
-0.022622356364218277
0.08653619008305125
-0.0357902826629255
-0.002205271978588108
0.03863378364598535
-0.02375973362478856
0.028713620756199987
0.01579928711915457
0.005082074600808895
0.05425453554333082
0.0276177252845331
0.007058852839625374
0.04299886054755575
-0.027462288324585415
0.018593646962060006
0.02520341309711238
-0.0849833488167917
-0.004841918958801372
0.025722681761052968
0.02708189422255458
0.08080248335888918
0.02451643163530548
-0.021161035659430283
0.007058852839625374
-0.06226621690008294
-0.014438989348697362
-0.04466517994807795
0.1399333926158075
-0.015144140805206874
-0.09359820865597968
0.01699193585620762
0.0344322264021244
-0.08143178414826124
0.05425453554333082
0.03443624877469453
-0.0038562351615762935
0.017908695057996304
0.025722681761052968
-0.03695834061658587
-0.06638125688640528
0.001954162314668828
0.025524068456756588
0.026005039289207943
-0.027788545411032928
-0.007543661478351282
0.031017376704207678
0.06569838178769771
0.022821768641877682
-0.03917887174705115
-0.007543661478351282
-0.05282848588680089
0.05182100602750328
0.0025784297617263974
0.05168531023255696
-0.0005187167995490682
0.03882682382156144
-0.045496030668886966
-0.01686722086916248
0.025524068456756588
-0.09359820865597968
0.08176108754913614
-0.03458770640829023
0.04299886054755575
-0.007317237093852569
0.08799230776265521
-0.08285893181375492
-0.07724758378448726
0.020567585268201682
0.045224792909892564
0.018593646962060006
0.0041948137923384365
0.012299756912504733
0.07518071596092746
-0.08110299466350668
0.023560334148108097
0.029794720012301212
-0.041376638974308655
0.07060672059698447
0.04799414960212012
0.07060672059698447
0.013109728048770641
-0.002647647860884561
0.13480548385110502
0.001954162314668828
-0.07465345378649157
-0.0636718542421022
-0.060513028914405353
-0.08285893181375492
-0.027462288324585415
0.08799230776265521
0.05198789125700998
-0.03270475340709922
0.07060672059698447
0.04665297339942498
0.023560334148108097
0.024801788304586125
-0.002205271978588108
0.07586149829868472
-0.02862716582831837
-0.06193714350214741
0.0688088340488946
-0.05983064969141072
-0.038466866176760206
0.07060672059698447
0.006746455834750975
-0.02243129284092049
0.030122729138618354
-0.05983064969141072
0.025649122658425227
0.04790976101641675
-0.03133707462365809
0.04799414960212012
0.009856619194733796
-0.05129888770798985
0.07586149829868472
-0.047644828679283435
0.11522232211929584
0.013065356771912562
0.04606131559255999
0.06364954486786978
0.1399333926158075
-0.008416174423421019
0.024801788304586125
-0.007543661478351282
-0.13034379599603163
-0.017242733713295877
0.0844852260058202
0.03863378364598535
0.01716964896203166
-0.019391257313081667
-0.032259158022980294
-0.07414653786004877
0.025524068456756588
-0.07414653786004877
0.037453479113841226
0.014780240742707562
0.08732358904095427
0.031017376704207678
0.022194058573782982
0.0278028767684102
-0.015144140805206874
0.025524068456756588
0.0688088340488946
0.012299756912504733
0.13480548385110502
-0.06226621690008294
0.0165919313161762
-0.019391257313081667
-0.007882998007099573
0.03863378364598535
0.0576314646823306
-0.03997727574944321
-0.0002495311402075373
-0.010532567714866659
-0.0038562351615762935
0.037107507807760065
0.05168531023255696
-0.03520416182162833
-0.0005187167995490682
-0.027462288324585415
0.04299886054755575
0.08302714817478662
0.05198789125700998
-0.0002495311402075373
0.07518071596092746
0.018593646962060006
0.0016709762031741349
-0.022898889969576786
-0.0011970474263076625
0.04135586741642605
-0.08814864178677073
0.0688088340488946
0.08383912323474085
-0.03695834061658587
-0.047644828679283435
0.06228267241298191
-0.01249170093178087
0.034283772423341574
0.026005039289207943
-0.002647647860884561
0.029794720012301212
-0.06226621690008294
0.08759468040243501
0.08121523150568599
-0.022368622754905587
-0.08126108737944548
-0.0002868205956847447
0.0461992712042818
0.04371378571481266
0.01035787819304268
-0.02862716582831837
0.03443624877469453
0.04823967565580034
-0.07414653786004877
0.0216176650818376
0.01046829599036414
-0.07465345378649157
0.05436809318039337
0.02714223291166995
0.037453479113841226
0.043334141200254805
-0.036421638107813514
0.04827168718050601
-0.03997727574944321
0.0022689688502968153
0.006265799221320201
0.0278028767684102
-0.027788545411032928
0.051344950513199095
0.051344950513199095
0.019778644828504
-0.038466866176760206
-0.10819102148647719
0.08176108754913614
-0.08126108737944548
0.005082074600808895
-0.0038562351615762935
0.13204555949274965
-0.02496648159475967
-0.06638125688640528
-0.02375973362478856
0.022194058573782982
-0.010532567714866659
0.022194058573782982
-0.05120330655862837
0.0276177252845331
-0.05983064969141072
-0.07212958518599066
0.11522232211929584
0.006143668794592827
-0.019514789449790015
0.006265799221320201
-0.037433866920196124
0.026005039289207943
0.01579928711915457
0.04665297339942498
0.02708189422255458
0.07382421435571018
0.012394543666532698
0.041840431302949455
0.0576314646823306
-0.005105231073404326
-0.03045002278091502
-0.03997727574944321
0.06605801367827979
-0.027789787343500905
-0.0013205999854228878
-0.0357902826629255
-0.05120330655862837
0.0344322264021244
0.04333086414918519
0.07518071596092746
0.11522232211929584
-0.02862716582831837
0.07060672059698447
0.034283772423341574
-0.013771885982464482
0.030974972656109045
-0.08126108737944548
-0.0011970474263076625
0.048059232237648075
0.13204555949274965
-0.05464289541014722
-0.07212958518599066
0.006746455834750975
-0.022368622754905587
0.03861575224405023
-0.12033949778566289
-0.0849833488167917
0.0276177252845331
0.02714223291166995
0.023512429278589764
0.0276177252845331
0.048059232237648075
0.07586149829868472
0.006143668794592827
-0.021161035659430283
-0.009588853389239205
-0.022622356364218277
-0.005818111085915234
-0.0489237727198617
0.04333086414918519
-0.0002868205956847447
-0.02496648159475967
-0.06053051312501001
-0.10013006587302442
0.03208636570286316
0.01716964896203166
-0.09432889171755221
-0.022368622754905587
-0.021161035659430283
-0.004841918958801372
0.10240276235625068
0.0027859037974478085
