0.015089270086424023
-0.06193714350214741
-0.03695834061658587
-0.014438989348697362
0.012299756912504733
-0.041376638974308655
0.04827168718050601
-0.09359820865597968
-0.1218059774124729
0.06316607709876365
0.03861575224405023
-0.07075486294590672
0.006265799221320201
-0.03695834061658587
-0.03458770640829023
0.04799414960212012
-0.027789787343500905
0.02773636562208104
0.005173534568482907
-0.0851300246174862
-0.007338419158481102
0.0203593980283987
0.0041948137923384365
0.08080248335888918
0.0515617796937029
0.08732358904095427
-0.007338419158481102
0.1399333926158075
0.03973066370480538
-0.0013205999854228878
0.013040071944516285
-0.0636718542421022
0.08732358904095427
-0.06258250876081561
0.13480548385110502
0.026653357334457617
0.02708189422255458
0.06806350229329183
0.08759468040243501
-0.03458770640829023
0.05168531023255696
-0.06285634704832255
-0.019391257313081667
-0.05983064969141072
-0.0851300246174862
0.018593646962060006
0.04380656992791998
-0.01249170093178087
0.08799230776265521
0.01724199139330551
0.019778644828504
0.08653619008305125
0.03994035520780326
-0.06285634704832255
0.07586149829868472
0.04729149119249154
0.023512429278589764
-0.09432889171755221
-0.022898889969576786
-0.018864353824572078
0.025649122658425227
0.03882682382156144
0.01699193585620762
0.011999720455214913
0.028713620756199987
0.08302714817478662
-0.07075486294590672
0.06569838178769771
0.06228267241298191
0.1417808980890598
0.11522232211929584
-0.051670301345440706
-0.014438989348697362
-0.013878349100881593
-0.008416174423421019
0.014471610315426986
-0.06720056781523276
-0.032259158022980294
-0.0038562351615762935
0.03861575224405023
0.04799414960212012
0.08759468040243501
0.04995452527457189
0.07518071596092746
0.03643980545838055
-0.07212958518599066
0.056736527751481525
0.06925574960452696
-0.02243129284092049
0.03443624877469453
-0.010204897362879883
-0.05416508205116166
0.015089270086424023
-0.05129888770798985
-0.2546008091448053
0.009856619194733796
0.025524068456756588
0.020083040980136246
-0.03045002278091502
0.037453479113841226
-0.06258250876081561
0.02451643163530548
0.0515617796937029
0.08759468040243501
0.003822387934753202
0.01699193585620762
0.04391937482752173
0.043334141200254805
0.047513051758585334
-0.005818111085915234
0.04469322213864224
0.0216176650818376
0.006746455834750975
-0.03520416182162833
0.04469322213864224
0.08383912323474085
0.0216176650818376
-0.0005187167995490682
0.0461992712042818
-0.038466866176760206
0.06994395962703592
0.1417808980890598
0.11840346286310233
-0.07212958518599066
0.04827168718050601
-0.07414653786004877
0.06364954486786978
0.019778644828504
-0.02496648159475967
0.08759468040243501
-0.06720056781523276
0.047513051758585334
0.009856619194733796
0.06569838178769771
-0.03133707462365809
-0.09432889171755221
0.04823967565580034
0.08653619008305125
-0.022348210496932808
0.10240276235625068
0.10109672394520075
0.03443624877469453
0.008505479129739868
0.04920879849315085
-0.03563356684104946
0.01716964896203166
-0.018864353824572078
-0.07724758378448726
0.06605801367827979
-0.10819102148647719
0.04799414960212012
-0.08814864178677073
0.05799658946616226
0.014780240742707562
-0.06638125688640528
0.049538360788050184
-0.02243129284092049
0.01347000313241331
-0.01249170093178087
0.04790976101641675
-0.0851300246174862
-0.02375973362478856
0.17000938109242547
0.05198789125700998
0.026005039289207943
-0.03270475340709922
-0.02243129284092049
-0.037433866920196124
-0.051670301345440706
0.01579928711915457
-0.060513028914405353
0.017908695057996304
-0.03520416182162833
0.005173534568482907
-0.018864353824572078
0.051344950513199095
0.020446479141682516
0.08176108754913614
0.0512476844333456
-0.08678886069673908
0.0025784297617263974
0.014471610315426986
0.02432879134386301
-0.027788545411032928
-0.08110299466350668
0.06364954486786978
-0.06258250876081561
0.06925574960452696
0.062467374718552904
0.0216176650818376
0.08732358904095427
-0.13034379599603163
0.0576314646823306
0.08121523150568599
-0.002205271978588108
0.015089270086424023
0.08080248335888918
0.0016709762031741349
0.08759468040243501
0.029794720012301212
-0.032340875642459466
-0.02243129284092049
0.10109672394520075
0.05436809318039337
-0.047644828679283435
0.06316607709876365
0.026005039289207943
0.006143668794592827
-0.017242733713295877
0.006265799221320201
-0.03045002278091502
0.047513051758585334
0.01347000313241331
-0.2546008091448053
0.034283772423341574
-0.05983064969141072
-0.022348210496932808
0.05168531023255696
-0.0002868205956847447
-0.02862716582831837
0.04995452527457189
0.1417808980890598
0.020446479141682516
0.03973066370480538
-0.2546008091448053
-0.028034859824940028
0.06605801367827979
0.04299886054755575
-0.03563356684104946
0.06318283133468316
0.039209693040964666
0.020567585268201682
0.06318283133468316
-0.10819102148647719
0.014471610315426986
-0.07465345378649157
0.01046829599036414
0.07586149829868472
0.04283497654615154
0.04790976101641675
-0.08678886069673908
-0.12033949778566289
-0.03133707462365809
0.022821768641877682
-0.038466866176760206
-0.028034859824940028
0.011553574399841615
0.008665176454019985
0.01724199139330551
0.08759468040243501
-0.036421638107813514
-0.018864353824572078
-0.05983064969141072
-0.08126108737944548
-0.018864353824572078
-0.08143178414826124
0.025524068456756588
0.012299756912504733
-0.018864353824572078
0.17000938109242547
0.014780240742707562
-0.06720056781523276
-0.02496648159475967
0.003822387934753202
0.08302714817478662
-0.05120330655862837
-0.07414653786004877
-0.0007657730469858848
0.04606131559255999
0.1399333926158075
0.08732358904095427
-0.0851300246174862
-0.02862716582831837
0.04048653167530425
0.06318283133468316
0.15300088602597928
-0.10013006587302442
-0.17661184642248884
-0.05464289541014722
-0.007317237093852569
0.062467374718552904
0.008505479129739868
-0.04126132556270612
0.06605801367827979
0.05168531023255696
0.029794720012301212
0.04920879849315085
0.014471610315426986
-0.060513028914405353
-0.022898889969576786
0.06364954486786978
0.08080248335888918
-0.03520416182162833
-0.0489237727198617
0.026653357334457617
-0.060513028914405353
-0.018864353824572078
-0.02243129284092049
-0.012150300762606037
