-0.08678886069673908
-0.017136936568830308
-0.002647647860884561
0.041840431302949455
0.04135586741642605
-0.0013205999854228878
-0.032340875642459466
0.0027859037974478085
0.04391937482752173
0.08080248335888918
-0.03563356684104946
0.025722681761052968
-0.01686722086916248
0.0216176650818376
0.07518071596092746
-0.05282848588680089
-0.007543661478351282
-0.037433866920196124
0.030122729138618354
0.0027859037974478085
-0.22146034456414654
-0.032340875642459466
-0.0549153461639893
0.025722681761052968
-0.022368622754905587
-0.05416508205116166
0.03643980545838055
0.04333086414918519
0.012394543666532698
0.003822387934753202
-0.06464003578883037
-0.0011970474263076625
0.049538360788050184
-0.007882998007099573
0.048059232237648075
-0.22146034456414654
0.05436809318039337
0.025722681761052968
0.06925574960452696
-0.07414653786004877
0.05436809318039337
0.04665297339942498
-0.019391257313081667
0.013109728048770641
0.04283497654615154
0.0278028767684102
0.039209693040964666
0.11522232211929584
-0.05120330655862837
0.006265799221320201
-0.08814864178677073
0.05436809318039337
0.062467374718552904
0.049538360788050184
-0.047644828679283435
0.06806350229329183
0.05198789125700998
-0.08678886069673908
0.07518071596092746
0.008505479129739868
0.07586149829868472
0.023560334148108097
-0.014438989348697362
-0.08143178414826124
0.0461992712042818
0.014471610315426986
0.030122729138618354
0.008505479129739868
0.0022689688502968153
0.15300088602597928
0.05182100602750328
0.11840346286310233
-0.03917887174705115
0.026005039289207943
-0.0007657730469858848
0.0025784297617263974
0.013040071944516285
0.0278028767684102
-0.011743957061684185
0.04995452527457189
0.04048653167530425
0.04380656992791998
0.03443624877469453
-0.012372140541780041
-0.0013205999854228878
0.08176108754913614
0.0216176650818376
0.08080248335888918
0.0022689688502968153
0.026653357334457617
0.10240276235625068
0.013065356771912562
0.04469322213864224
0.0025784297617263974
-0.04022536987465397
0.09718899306107964
0.03863378364598535
0.02451643163530548
-0.03563356684104946
0.06806350229329183
0.025649122658425227
-0.0013205999854228878
0.048059232237648075
0.04790976101641675
-0.05282848588680089
-0.050143819123519506
0.0203593980283987
0.1399333926158075
0.06806350229329183
0.013065356771912562
0.0022689688502968153
0.01699193585620762
-0.05983064969141072
0.03643980545838055
0.011553574399841615
0.011999720455214913
-0.007720686875989813
0.011553574399841615
0.020446479141682516
-0.07212958518599066
0.01046829599036414
-0.03695834061658587
0.008665176454019985
0.06228267241298191
0.048059232237648075
0.0203593980283987
0.08799230776265521
-0.0849833488167917
-0.07212958518599066
0.014780240742707562
0.0025784297617263974
0.05182100602750328
0.06605801367827979
0.09718899306107964
-0.005818111085915234
-0.07414653786004877
0.06994395962703592
-0.07724758378448726
-0.06638125688640528
0.047513051758585334
-0.22146034456414654
-0.03270475340709922
0.043334141200254805
0.014780240742707562
-0.0636718542421022
-0.027789787343500905
0.022821768641877682
-0.0005187167995490682
0.014471610315426986
0.04469322213864224
-0.0002868205956847447
0.056736527751481525
0.007058852839625374
0.04469322213864224
0.025524068456756588
0.08080248335888918
0.06292625909621563
0.02708189422255458
0.05425453554333082
0.01699193585620762
0.04380656992791998
-0.005818111085915234
-0.049962429852048906
0.04048653167530425
-0.09432889171755221
-0.08678886069673908
0.03861575224405023
-0.05983064969141072
-0.027462288324585415
-0.032340875642459466
-0.004841918958801372
-0.049962429852048906
0.09718899306107964
-0.0013205999854228878
-0.019391257313081667
0.039209693040964666
0.043334141200254805
-0.005105231073404326
0.039209693040964666
-0.03563356684104946
0.005173534568482907
-0.08143178414826124
0.039209693040964666
0.04391937482752173
0.0016709762031741349
-0.047644828679283435
-0.02375973362478856
0.0461992712042818
0.04827168718050601
-0.01686722086916248
0.06316607709876365
0.015089270086424023
0.013040071944516285
0.13480548385110502
0.011999720455214913
0.0025784297617263974
-0.045496030668886966
0.05182100602750328
0.15300088602597928
0.03973066370480538
-0.004841918958801372
0.05799658946616226
0.0276177252845331
-0.1218059774124729
0.0276177252845331
0.05198789125700998
0.08732358904095427
-0.050143819123519506
0.03973066370480538
0.037107507807760065
-0.04466517994807795
0.0576314646823306
0.06567138145123597
0.020083040980136246
-0.021161035659430283
0.0278028767684102
0.034283772423341574
0.011553574399841615
-0.03045002278091502
0.0022689688502968153
0.056736527751481525
-0.012372140541780041
0.11840346286310233
0.02714223291166995
0.01035787819304268
0.017908695057996304
0.08653619008305125
-0.028034859824940028
0.01613403625846388
0.025524068456756588
0.022821768641877682
-0.010532567714866659
-0.0357902826629255
-0.022821982956040543
-0.0038562351615762935
0.014780240742707562
-0.007317237093852569
-0.013771885982464482
-0.02496648159475967
-0.038466866176760206
-0.007720686875989813
-0.01844849936066506
0.02708189422255458
0.023512429278589764
-0.017242733713295877
-0.08721982612879486
0.0216176650818376
0.020567585268201682
0.06761705055254463
0.026653357334457617
0.04995452527457189
0.0326533364262076
-0.07075486294590672
0.04606131559255999
-0.027393577402978764
0.007058852839625374
0.0688088340488946
0.11522232211929584
0.034283772423341574
0.011553574399841615
-0.022622356364218277
-0.022898889969576786
-0.0002868205956847447
-0.022898889969576786
0.029794720012301212
-0.06193714350214741
-0.03520416182162833
-0.09432889171755221
-0.05654058267968054
0.05182100602750328
0.037453479113841226
-0.022622356364218277
-0.05129888770798985
0.04135586741642605
-0.037433866920196124
-0.013878349100881593
0.005082074600808895
-0.047644828679283435
-0.0357902826629255
0.08653619008305125
0.022194058573782982
0.0041948137923384365
0.018593646962060006
0.0344322264021244
0.031017376704207678
-0.22146034456414654
0.0203593980283987
0.03863378364598535
0.0025784297617263974
-0.002647647860884561
0.026653357334457617
0.0027859037974478085
-0.022821982956040543
-0.07465345378649157
-0.041376638974308655
-0.008416174423421019
-0.015144140805206874
-0.07212958518599066
-0.05464289541014722
