0.04283497654615154
-0.0011970474263076625
0.014780240742707562
-0.007720686875989813
0.02520341309711238
-0.028034859824940028
0.01035787819304268
0.025524068456756588
0.019778644828504
0.028713620756199987
-0.0011970474263076625
-0.010204897362879883
0.025649122658425227
-0.0549153461639893
0.031017376704207678
0.015089270086424023
-0.018864353824572078
-0.027789787343500905
-0.0011970474263076625
0.0022689688502968153
-0.05983064969141072
0.045224792909892564
0.0512476844333456
-0.050143819123519506
-0.019514789449790015
0.012390402416693647
0.0844852260058202
0.062467374718552904
0.023560334148108097
-0.13034379599603163
0.07586149829868472
0.051344950513199095
0.01716964896203166
0.013040071944516285
0.034283772423341574
-0.0038562351615762935
-0.009588853389239205
0.029794720012301212
0.013109728048770641
0.0276177252845331
-0.09570667993071069
-0.012150300762606037
0.051344950513199095
-0.22146034456414654
0.0515617796937029
-0.019391257313081667
-0.06720056781523276
-0.028034859824940028
0.03882682382156144
0.041840431302949455
-0.03133707462365809
-0.009588853389239205
-0.008416174423421019
0.05168531023255696
-0.06464003578883037
-0.028034859824940028
-0.08126108737944548
-0.0007657730469858848
-0.06285634704832255
0.08176108754913614
0.03443624877469453
0.05425453554333082
0.04799414960212012
0.05168531023255696
-0.0489237727198617
-0.018864353824572078
0.02927401578257438
-0.02243129284092049
-0.10013006587302442
0.04283497654615154
0.04380656992791998
0.025649122658425227
0.003822387934753202
-0.024170822975695394
0.023560334148108097
-0.0489237727198617
0.08759468040243501
-0.012372140541780041
0.020446479141682516
0.023560334148108097
-0.0849833488167917
0.022821768641877682
0.014780240742707562
0.06364954486786978
0.005082074600808895
0.037453479113841226
0.028713620756199987
0.026653357334457617
-0.009588853389239205
0.029794720012301212
-0.03917887174705115
0.05425453554333082
0.01724199139330551
-0.021161035659430283
-0.0002495311402075373
0.07586149829868472
0.06316607709876365
-0.060513028914405353
-0.013878349100881593
-0.002647647860884561
0.11840346286310233
-0.0002868205956847447
0.04371378571481266
-0.06109953281700342
-0.09359820865597968
-0.050143819123519506
0.04371378571481266
-0.011743957061684185
0.049538360788050184
0.06605801367827979
0.006265799221320201
-0.017242733713295877
0.07586149829868472
0.04469322213864224
0.02520341309711238
0.03861575224405023
0.03208636570286316
0.11840346286310233
-0.013878349100881593
0.06569838178769771
0.045224792909892564
-0.014438989348697362
-0.0008948035361102669
-0.007317237093852569
0.03994035520780326
-0.03563356684104946
0.0844852260058202
0.17000938109242547
0.0165919313161762
0.008505479129739868
-0.03695834061658587
-0.049962429852048906
-0.12033949778566289
0.012394543666532698
-0.07414653786004877
0.04469322213864224
0.06925574960452696
0.08080248335888918
-0.04022536987465397
-0.05699148198311299
0.0027859037974478085
0.049538360788050184
0.03861575224405023
0.0576314646823306
0.03863378364598535
0.08653619008305125
-0.037433866920196124
-0.021161035659430283
-0.049962429852048906
0.10240276235625068
-0.0357902826629255
-0.0011970474263076625
0.026458811902690726
0.03861575224405023
-0.02862716582831837
-0.007317237093852569
0.022821768641877682
0.10240276235625068
0.0515617796937029
-0.002647647860884561
0.0016709762031741349
0.019778644828504
-0.0005187167995490682
0.13480548385110502
-0.08110299466350668
-0.0002495311402075373
0.03443624877469453
0.08799230776265521
0.04391937482752173
0.020446479141682516
-0.009588853389239205
0.014471610315426986
-0.022821982956040543
-0.022622356364218277
0.03861575224405023
-0.06226621690008294
0.05182100602750328
-0.07892951287026762
0.04380656992791998
-0.0013205999854228878
0.03861575224405023
0.08632977574364098
-0.05983064969141072
-0.07075486294590672
0.11522232211929584
0.17000938109242547
0.11522232211929584
-0.027462288324585415
-0.0849833488167917
-0.051670301345440706
0.011553574399841615
0.04380656992791998
0.041840431302949455
0.006746455834750975
-0.0005187167995490682
0.0844852260058202
-0.011743957061684185
-0.09359820865597968
-0.04466517994807795
-0.06638125688640528
0.025649122658425227
-0.0849833488167917
0.009856619194733796
0.01347000313241331
0.04823967565580034
0.008505479129739868
-0.05120330655862837
0.03994035520780326
0.07060672059698447
-0.027788545411032928
0.025649122658425227
0.02451643163530548
-0.03917887174705115
0.06761705055254463
0.06364954486786978
-0.011743957061684185
-0.0011970474263076625
-0.08814864178677073
-0.038466866176760206
0.022194058573782982
-0.07414653786004877
-0.022821982956040543
0.08653619008305125
0.0203593980283987
0.05799658946616226
-0.08814864178677073
-0.038466866176760206
0.01716964896203166
-0.05129888770798985
0.051344950513199095
0.06761705055254463
-0.027788545411032928
0.026458811902690726
-0.06285634704832255
0.022194058573782982
0.0022689688502968153
-0.017136936568830308
0.04665297339942498
0.01046829599036414
-0.09570667993071069
-0.06193714350214741
-0.019514789449790015
-0.03997727574944321
-0.0489237727198617
-0.0038562351615762935
0.04371378571481266
0.0515617796937029
-0.05282848588680089
-0.02375973362478856
0.026458811902690726
0.01613403625846388
-0.032340875642459466
-0.002647647860884561
0.02773636562208104
-0.015144140805206874
-0.2546008091448053
-0.05586089089844393
-0.06638125688640528
0.01724199139330551
0.08732358904095427
0.06228267241298191
-0.03173275161671363
0.0326533364262076
-0.060513028914405353
0.17000938109242547
0.020446479141682516
0.03882682382156144
-0.022368622754905587
0.10240276235625068
0.08799230776265521
-0.22146034456414654
-0.08110299466350668
-0.0011970474263076625
-0.05654058267968054
0.0165919313161762
-0.06226621690008294
0.04823967565580034
0.051344950513199095
-0.05464289541014722
0.11840346286310233
0.06806350229329183
-0.002205271978588108
-0.05120330655862837
0.08759468040243501
0.04920879849315085
0.02432879134386301
-0.036421638107813514
0.06292625909621563
-0.01844849936066506
0.1399333926158075
0.008665176454019985
0.08176108754913614
0.04135586741642605
-0.02496648159475967
0.01716964896203166
0.05198789125700998
0.005173534568482907
-0.10819102148647719
-0.004841918958801372
