0.019778644828504
-0.060513028914405353
-0.15702055781469149
0.09718899306107964
-0.03270475340709922
0.0203593980283987
-0.0489237727198617
0.11840346286310233
0.13480548385110502
0.025649122658425227
0.062467374718552904
-0.04126132556270612
0.0576314646823306
-0.07414653786004877
-0.0636718542421022
-0.010204897362879883
-0.03133707462365809
0.15300088602597928
-0.007543661478351282
-0.017242733713295877
0.003822387934753202
0.0276177252845331
-0.005105231073404326
0.062467374718552904
0.08105492908796386
0.001954162314668828
0.04371378571481266
-0.06720056781523276
-0.009588853389239205
-0.007543661478351282
0.03882682382156144
0.11522232211929584
-0.038466866176760206
0.06761705055254463
0.006746455834750975
0.04380656992791998
-0.0002868205956847447
-0.018864353824572078
0.04827168718050601
0.005173534568482907
-0.012150300762606037
0.04606131559255999
0.01699193585620762
0.06228267241298191
0.018593646962060006
-0.08143178414826124
0.043334141200254805
0.04995452527457189
0.008665176454019985
-0.01686722086916248
-0.03997727574944321
0.026458811902690726
0.02927401578257438
-0.002205271978588108
-0.022821982956040543
0.037453479113841226
0.01724199139330551
0.03208636570286316
-0.015144140805206874
-0.10013006587302442
-0.002647647860884561
-0.01249170093178087
-0.06109953281700342
-0.03270475340709922
0.06292625909621563
0.05436809318039337
0.04799414960212012
-0.019391257313081667
0.02773636562208104
-0.017242733713295877
0.01035787819304268
-0.05120330655862837
-0.03045002278091502
0.06316607709876365
-0.0013205999854228878
0.012299756912504733
0.04799414960212012
-0.047644828679283435
-0.06226621690008294
0.045224792909892564
0.10240276235625068
0.031017376704207678
-0.027789787343500905
0.025649122658425227
0.056736527751481525
-0.05129888770798985
0.07382421435571018
0.006746455834750975
-0.08126108737944548
-0.22146034456414654
0.07382421435571018
0.03882682382156144
-0.017242733713295877
0.1417808980890598
-0.09359820865597968
0.08121523150568599
-0.0013205999854228878
-0.038466866176760206
-0.01956931117570271
0.06605801367827979
0.07060672059698447
-0.027788545411032928
-0.028034859824940028
0.08632977574364098
-0.08126108737944548
0.056736527751481525
-0.10013006587302442
-0.0013205999854228878
-0.05983064969141072
-0.060513028914405353
0.0276177252845331
0.019778644828504
-0.005818111085915234
0.028713620756199987
0.013109728048770641
-0.010532567714866659
0.048059232237648075
-0.007338419158481102
-0.08814864178677073
-0.013771885982464482
-0.005105231073404326
-0.07465345378649157
0.020567585268201682
0.009856619194733796
-0.007338419158481102
-0.04466517994807795
0.05425453554333082
-0.1218059774124729
0.0844852260058202
-0.08678886069673908
-0.04466517994807795
0.023560334148108097
-0.09432889171755221
-0.038466866176760206
0.04729149119249154
-0.03270475340709922
-0.06226621690008294
0.024801788304586125
0.026458811902690726
-0.022368622754905587
-0.06193714350214741
0.022821768641877682
-0.011743957061684185
-0.012150300762606037
-0.036421638107813514
0.06994395962703592
0.06605801367827979
-0.0008948035361102669
0.08759468040243501
0.030122729138618354
0.01035787819304268
0.043334141200254805
0.03973066370480538
-0.10819102148647719
0.04920879849315085
-0.010204897362879883
-0.03133707462365809
-0.049962429852048906
0.045224792909892564
-0.015144140805206874
0.04590352204112591
-0.08814864178677073
-0.050143819123519506
0.012394543666532698
-0.06638125688640528
0.011553574399841615
0.051344950513199095
0.0576314646823306
0.062467374718552904
-0.03695834061658587
0.05799658946616226
-0.03520416182162833
-0.0636718542421022
-0.03997727574944321
-0.07414653786004877
0.009856619194733796
0.012299756912504733
-0.013771885982464482
-0.02496648159475967
0.0278028767684102
0.026653357334457617
-0.007338419158481102
-0.047644828679283435
0.0688088340488946
-0.011743957061684185
-0.005105231073404326
0.0041948137923384365
0.022821768641877682
0.0216176650818376
-0.027393577402978764
-0.004841918958801372
0.04333086414918519
-0.05983064969141072
-0.01249170093178087
0.10240276235625068
0.04469322213864224
0.04606131559255999
0.08799230776265521
0.0844852260058202
-0.02375973362478856
-0.015144140805206874
-0.014438989348697362
0.06605801367827979
0.01661350063361855
-0.2546008091448053
0.06318283133468316
-0.07075486294590672
0.0025784297617263974
-0.007543661478351282
-0.002205271978588108
-0.004841918958801372
-0.018864353824572078
-0.05282848588680089
0.08383912323474085
-0.009588853389239205
-0.027393577402978764
0.01613403625846388
0.06994395962703592
0.05436809318039337
0.005173534568482907
0.01716964896203166
0.008665176454019985
-0.011743957061684185
0.01716964896203166
0.03861575224405023
-0.027393577402978764
0.08383912323474085
-0.007720686875989813
0.020567585268201682
-0.02862716582831837
0.02451643163530548
0.011999720455214913
-0.03917887174705115
0.005082074600808895
0.013040071944516285
0.07518071596092746
0.06806350229329183
0.07060672059698447
-0.018864353824572078
-0.08143178414826124
0.0278028767684102
0.02520341309711238
0.04729149119249154
-0.03458770640829023
-0.012372140541780041
0.05425453554333082
0.02927401578257438
0.041840431302949455
0.06292625909621563
0.028713620756199987
-0.03563356684104946
-0.032340875642459466
-0.013771885982464482
-0.07724758378448726
0.08632977574364098
0.013109728048770641
-0.03173275161671363
0.08176108754913614
0.01661350063361855
0.05198789125700998
0.031017376704207678
-0.0489237727198617
-0.022348210496932808
-0.019391257313081667
0.01699193585620762
0.02451643163530548
0.051344950513199095
-0.0849833488167917
-0.009357776553262198
0.013109728048770641
0.0165919313161762
-0.05282848588680089
0.022821768641877682
-0.010532567714866659
0.04299886054755575
0.030122729138618354
-0.05699148198311299
-0.027788545411032928
-0.0636718542421022
0.04799414960212012
-0.0007657730469858848
0.0326533364262076
0.13480548385110502
0.026005039289207943
0.04333086414918519
0.02773636562208104
-0.06193714350214741
-0.047644828679283435
-0.09432889171755221
-0.005818111085915234
0.026653357334457617
-0.05120330655862837
0.019778644828504
-0.0011970474263076625
0.043334141200254805
0.02432879134386301
-0.12033949778566289
0.030122729138618354
0.04823967565580034
