0.04790976101641675
-0.047644828679283435
0.08121523150568599
0.01046829599036414
0.08105492908796386
0.1417808980890598
-0.05586089089844393
-0.2546008091448053
-0.05464289541014722
0.04380656992791998
0.017908695057996304
0.0688088340488946
-0.0002495311402075373
0.04995452527457189
0.10109672394520075
0.08121523150568599
-0.06258250876081561
-0.15702055781469149
0.011999720455214913
-0.03520416182162833
-0.07075486294590672
-0.02862716582831837
0.07382421435571018
-0.01956931117570271
-0.002205271978588108
-0.09432889171755221
-0.04466517994807795
0.10109672394520075
-0.10013006587302442
0.04799414960212012
0.08759468040243501
0.03882682382156144
-0.08721982612879486
0.1399333926158075
0.01724199139330551
-0.09432889171755221
-0.0549153461639893
-0.06464003578883037
-0.12033949778566289
-0.03270475340709922
0.008505479129739868
0.04920879849315085
0.11522232211929584
0.048059232237648075
0.04380656992791998
0.13480548385110502
0.022821768641877682
-0.08721982612879486
-0.045496030668886966
-0.028034859824940028
0.04590352204112591
-0.024170822975695394
0.043334141200254805
-0.002205271978588108
-0.03133707462365809
0.04283497654615154
0.08799230776265521
0.005082074600808895
-0.010532567714866659
-0.027462288324585415
-0.012150300762606037
-0.038466866176760206
-0.0849833488167917
0.022194058573782982
-0.010204897362879883
-0.03173275161671363
-0.0005187167995490682
0.04790976101641675
-0.07465345378649157
-0.15702055781469149
0.023512429278589764
0.05198789125700998
-0.07075486294590672
0.04135586741642605
-0.06226621690008294
-0.08110299466350668
-0.06638125688640528
0.03643980545838055
0.04995452527457189
-0.0357902826629255
0.006746455834750975
0.04606131559255999
-0.005105231073404326
0.06292625909621563
0.04135586741642605
-0.002647647860884561
0.0203593980283987
-0.22146034456414654
0.11840346286310233
-0.05129888770798985
0.02927401578257438
-0.038466866176760206
0.08383912323474085
0.02520341309711238
-0.05416508205116166
0.0344322264021244
-0.17661184642248884
-0.037433866920196124
-0.012150300762606037
0.0203593980283987
0.09718899306107964
0.006746455834750975
0.020083040980136246
-0.03997727574944321
-0.03133707462365809
-0.06464003578883037
-0.10819102148647719
0.04995452527457189
0.012394543666532698
-0.12033949778566289
-0.1218059774124729
0.09718899306107964
0.019778644828504
-0.007543661478351282
-0.08143178414826124
0.0326533364262076
-0.08285893181375492
-0.032259158022980294
-0.12033949778566289
0.08759468040243501
-0.05654058267968054
0.0344322264021244
-0.07212958518599066
0.03882682382156144
0.0025784297617263974
0.02432879134386301
0.001954162314668828
-0.012150300762606037
-0.07724758378448726
0.008665176454019985
0.02520341309711238
0.023560334148108097
0.02520341309711238
0.01661350063361855
-0.02243129284092049
0.17000938109242547
-0.010532567714866659
-0.10819102148647719
0.01579928711915457
0.04729149119249154
-0.06226621690008294
0.0203593980283987
-0.007720686875989813
-0.009588853389239205
-0.060513028914405353
0.026653357334457617
0.0326533364262076
0.03973066370480538
0.03643980545838055
0.08653619008305125
0.0515617796937029
-0.02243129284092049
-0.032340875642459466
-0.06258250876081561
-0.05282848588680089
0.08302714817478662
0.13204555949274965
-0.022821982956040543
0.006265799221320201
-0.08814864178677073
-0.05282848588680089
0.10240276235625068
-0.010204897362879883
0.06316607709876365
0.013040071944516285
0.045224792909892564
0.03443624877469453
-0.0013205999854228878
-0.047644828679283435
0.025722681761052968
0.05799658946616226
0.02714223291166995
0.02451643163530548
0.08121523150568599
0.012390402416693647
-0.08110299466350668
0.13204555949274965
-0.06285634704832255
-0.03563356684104946
0.06364954486786978
0.09718899306107964
0.04590352204112591
-0.007338419158481102
-0.03173275161671363
0.13204555949274965
0.045224792909892564
-0.005105231073404326
-0.051670301345440706
0.0203593980283987
0.04283497654615154
0.018593646962060006
-0.019391257313081667
0.04135586741642605
0.01035787819304268
-0.03133707462365809
0.005082074600808895
-0.009588853389239205
0.06228267241298191
-0.007317237093852569
0.006143668794592827
0.04333086414918519
0.018593646962060006
0.06316607709876365
0.13480548385110502
-0.03997727574944321
-0.02862716582831837
0.037107507807760065
0.0576314646823306
0.049538360788050184
0.04790976101641675
0.025524068456756588
0.05182100602750328
-0.0038562351615762935
-0.06285634704832255
0.13480548385110502
0.01347000313241331
0.018593646962060006
-0.01956931117570271
0.01661350063361855
0.02708189422255458
-0.019514789449790015
-0.06109953281700342
0.06318283133468316
-0.060513028914405353
0.03443624877469453
-0.012372140541780041
-0.06720056781523276
-0.05282848588680089
-0.050143819123519506
0.01579928711915457
-0.050143819123519506
0.06605801367827979
0.012299756912504733
-0.005105231073404326
-0.018864353824572078
-0.050143819123519506
0.08121523150568599
0.04048653167530425
0.031017376704207678
-0.041376638974308655
0.06605801367827979
-0.07212958518599066
0.13480548385110502
0.04590352204112591
-0.06053051312501001
-0.22146034456414654
0.13480548385110502
0.01724199139330551
-0.03563356684104946
-0.007317237093852569
-0.02375973362478856
-0.05654058267968054
0.02432879134386301
0.0278028767684102
0.0576314646823306
-0.02243129284092049
-0.09432889171755221
-0.027788545411032928
-0.010204897362879883
-0.004841918958801372
-0.06720056781523276
0.020446479141682516
-0.09432889171755221
0.04790976101641675
-0.06638125688640528
-0.07465345378649157
0.025722681761052968
-0.0357902826629255
0.024801788304586125
-0.017242733713295877
0.006265799221320201
0.013109728048770641
-0.06193714350214741
-0.02243129284092049
0.01046829599036414
0.11522232211929584
-0.009357776553262198
-0.015144140805206874
-0.01686722086916248
-0.07414653786004877
-0.05586089089844393
-0.05586089089844393
0.005173534568482907
-0.09432889171755221
-0.027788545411032928
-0.0851300246174862
-0.007317237093852569
0.026458811902690726
-0.03917887174705115
0.023512429278589764
0.02520341309711238
0.0027859037974478085
0.006265799221320201
0.05436809318039337
-0.036421638107813514
0.015089270086424023
-0.022368622754905587
-0.007720686875989813
0.048059232237648075
