0.013109728048770641
0.07060672059698447
-0.03563356684104946
-0.009588853389239205
0.06318283133468316
0.025649122658425227
0.11522232211929584
0.0576314646823306
0.02708189422255458
0.009856619194733796
0.025524068456756588
-0.05464289541014722
0.04299886054755575
-0.0002495311402075373
-0.009588853389239205
-0.027393577402978764
0.04729149119249154
0.0025784297617263974
0.02520341309711238
0.06292625909621563
-0.03458770640829023
-0.0549153461639893
-0.04466517994807795
-0.010532567714866659
0.0165919313161762
-0.012150300762606037
0.08121523150568599
0.04799414960212012
0.02451643163530548
0.009856619194733796
-0.049962429852048906
0.07586149829868472
0.018593646962060006
-0.038466866176760206
-0.022898889969576786
-0.01844849936066506
-0.045496030668886966
-0.0357902826629255
-0.0357902826629255
0.04665297339942498
-0.007317237093852569
0.05425453554333082
-0.04466517994807795
0.04299886054755575
-0.0013205999854228878
0.025722681761052968
-0.0002868205956847447
-0.01956931117570271
-0.008416174423421019
0.026458811902690726
0.007058852839625374
-0.028034859824940028
0.0461992712042818
-0.13034379599603163
-0.0489237727198617
-0.04022536987465397
-0.06053051312501001
0.001954162314668828
-0.07892951287026762
-0.17661184642248884
0.045224792909892564
0.02714223291166995
-0.049962429852048906
-0.09432889171755221
-0.021161035659430283
-0.05699148198311299
0.009856619194733796
0.03863378364598535
0.0022689688502968153
0.014471610315426986
0.006265799221320201
0.006143668794592827
0.08121523150568599
0.05198789125700998
0.04790976101641675
0.048059232237648075
-0.04126132556270612
0.056736527751481525
0.0515617796937029
0.0025784297617263974
0.051344950513199095
-0.07465345378649157
-0.10013006587302442
-0.009588853389239205
0.05799658946616226
-0.06109953281700342
0.014780240742707562
0.02773636562208104
0.009856619194733796
0.020446479141682516
-0.045496030668886966
0.06761705055254463
0.01716964896203166
-0.011743957061684185
0.0344322264021244
0.08653619008305125
-0.05416508205116166
-0.02243129284092049
0.006143668794592827
0.025524068456756588
0.029794720012301212
0.05425453554333082
0.020446479141682516
-0.049962429852048906
0.06228267241298191
0.04606131559255999
0.025524068456756588
0.08302714817478662
-0.04126132556270612
0.025722681761052968
0.03863378364598535
0.04995452527457189
0.06318283133468316
-0.027393577402978764
0.08302714817478662
0.17000938109242547
0.05425453554333082
-0.03133707462365809
0.008505479129739868
0.02714223291166995
-0.002205271978588108
0.06925574960452696
-0.010532567714866659
-0.0002868205956847447
0.09718899306107964
0.04380656992791998
0.0016709762031741349
0.01613403625846388
-0.022898889969576786
-0.018864353824572078
-0.05282848588680089
-0.0038562351615762935
0.013065356771912562
0.08653619008305125
-0.03173275161671363
0.005173534568482907
-0.037433866920196124
-0.05416508205116166
-0.002647647860884561
-0.07414653786004877
0.01046829599036414
0.0022689688502968153
-0.05282848588680089
-0.008416174423421019
-0.01956931117570271
0.043334141200254805
-0.06053051312501001
0.014471610315426986
0.01046829599036414
0.1399333926158075
0.017908695057996304
0.02451643163530548
0.06806350229329183
0.008505479129739868
-0.022821982956040543
-0.08285893181375492
0.026005039289207943
0.0344322264021244
0.06994395962703592
-0.0002495311402075373
0.0041948137923384365
-0.027788545411032928
-0.005105231073404326
0.0025784297617263974
0.05799658946616226
0.04665297339942498
-0.004841918958801372
0.03882682382156144
0.041840431302949455
-0.22146034456414654
0.06318283133468316
0.01724199139330551
0.06605801367827979
-0.1218059774124729
0.031017376704207678
0.06316607709876365
-0.02862716582831837
-0.022898889969576786
0.11522232211929584
0.10240276235625068
-0.07075486294590672
0.0203593980283987
0.017908695057996304
0.06364954486786978
-0.047644828679283435
-0.011743957061684185
-0.045496030668886966
0.0165919313161762
0.012390402416693647
-0.03917887174705115
-0.009357776553262198
0.0576314646823306
0.08632977574364098
-0.007882998007099573
-0.013771885982464482
-0.06285634704832255
0.0203593980283987
0.1399333926158075
-0.005105231073404326
0.02927401578257438
-0.09432889171755221
0.013065356771912562
0.062467374718552904
0.05198789125700998
-0.017242733713295877
-0.032259158022980294
-0.03917887174705115
-0.02375973362478856
0.020083040980136246
-0.08285893181375492
0.012299756912504733
-0.2546008091448053
0.0041948137923384365
-0.036421638107813514
-0.03917887174705115
0.03861575224405023
0.01724199139330551
0.09718899306107964
0.08799230776265521
-0.0636718542421022
0.04371378571481266
-0.06109953281700342
0.04469322213864224
0.01699193585620762
0.029794720012301212
-0.032340875642459466
0.04827168718050601
0.07586149829868472
-0.041376638974308655
0.07060672059698447
0.0515617796937029
-0.011743957061684185
0.15300088602597928
0.06292625909621563
0.10240276235625068
0.014780240742707562
0.0512476844333456
-0.0011970474263076625
-0.0851300246174862
0.04799414960212012
0.07060672059698447
-0.019514789449790015
-0.027393577402978764
-0.012372140541780041
0.0041948137923384365
-0.022368622754905587
-0.05654058267968054
-0.06226621690008294
0.02773636562208104
0.023512429278589764
-0.06720056781523276
0.08080248335888918
-0.01686722086916248
0.008505479129739868
-0.007317237093852569
0.06364954486786978
0.01046829599036414
0.0278028767684102
0.028713620756199987
-0.012150300762606037
-0.014438989348697362
0.022821768641877682
0.008665176454019985
-0.0005187167995490682
-0.01844849936066506
0.1399333926158075
0.0025784297617263974
0.07518071596092746
0.08732358904095427
0.06567138145123597
0.017908695057996304
0.049538360788050184
-0.06638125688640528
-0.018864353824572078
-0.03458770640829023
-0.04126132556270612
-0.0849833488167917
0.03882682382156144
0.06318283133468316
0.022821768641877682
-0.019514789449790015
-0.05282848588680089
0.06806350229329183
-0.010204897362879883
-0.0007657730469858848
-0.07414653786004877
-0.06109953281700342
0.025649122658425227
0.02708189422255458
0.06569838178769771
-0.009588853389239205
-0.07724758378448726
-0.10013006587302442
-0.022898889969576786
0.047513051758585334
-0.07465345378649157
-0.027393577402978764
-0.007720686875989813
-0.03997727574944321
