0.01613403625846388
-0.08285893181375492
-0.007317237093852569
0.08799230776265521
-0.07212958518599066
0.04827168718050601
-0.13034379599603163
-0.08143178414826124
0.11840346286310233
-0.015144140805206874
0.01347000313241331
-0.06193714350214741
-0.011743957061684185
0.06994395962703592
-0.015144140805206874
0.019778644828504
-0.03563356684104946
0.0025784297617263974
-0.06638125688640528
0.0276177252845331
0.037453479113841226
0.0027859037974478085
-0.050143819123519506
-0.06720056781523276
-0.22146034456414654
0.017908695057996304
0.005173534568482907
0.08176108754913614
-0.010532567714866659
0.047513051758585334
-0.013771885982464482
0.0278028767684102
-0.06285634704832255
0.05799658946616226
0.06994395962703592
-0.013771885982464482
0.03443624877469453
-0.0038562351615762935
-0.007543661478351282
-0.09432889171755221
0.02927401578257438
-0.03270475340709922
-0.060513028914405353
-0.07465345378649157
0.04391937482752173
0.020567585268201682
-0.07075486294590672
0.04299886054755575
-0.027789787343500905
-0.022821982956040543
0.08799230776265521
0.0276177252845331
0.012299756912504733
0.014471610315426986
-0.01249170093178087
0.11522232211929584
0.01724199139330551
0.11840346286310233
0.08176108754913614
0.0203593980283987
0.04380656992791998
-0.027788545411032928
-0.01956931117570271
-0.004841918958801372
-0.01686722086916248
-0.017242733713295877
0.04283497654615154
0.08105492908796386
-0.06285634704832255
0.030122729138618354
-0.03133707462365809
0.041840431302949455
0.019778644828504
-0.12033949778566289
-0.22146034456414654
0.03994035520780326
-0.17661184642248884
-0.0002495311402075373
-0.018864353824572078
-0.03695834061658587
-0.03045002278091502
-0.07892951287026762
0.01661350063361855
-0.06720056781523276
-0.0636718542421022
0.06994395962703592
-0.03563356684104946
-0.0357902826629255
-0.0013205999854228878
-0.05464289541014722
-0.01249170093178087
-0.0013205999854228878
0.11840346286310233
0.04283497654615154
-0.007317237093852569
-0.022622356364218277
-0.02375973362478856
-0.08285893181375492
0.023512429278589764
0.08799230776265521
0.0027859037974478085
0.041840431302949455
-0.014438989348697362
0.13204555949274965
-0.0002495311402075373
0.09718899306107964
0.04729149119249154
-0.012150300762606037
-0.08110299466350668
0.07586149829868472
0.045224792909892564
-0.07414653786004877
-0.017242733713295877
0.041840431302949455
0.009856619194733796
0.051344950513199095
0.026653357334457617
0.020083040980136246
0.04048653167530425
0.13204555949274965
0.005173534568482907
0.0576314646823306
0.008665176454019985
-0.051670301345440706
-0.05586089089844393
0.018593646962060006
0.0216176650818376
-0.011743957061684185
-0.02243129284092049
0.04823967565580034
0.02451643163530548
-0.007882998007099573
0.015089270086424023
0.01724199139330551
0.0278028767684102
0.037453479113841226
-0.008416174423421019
0.019778644828504
-0.03695834061658587
0.01724199139330551
-0.05983064969141072
0.1417808980890598
0.04995452527457189
-0.0011970474263076625
-0.17661184642248884
-0.02496648159475967
0.02773636562208104
-0.08143178414826124
0.08759468040243501
-0.036421638107813514
0.0016709762031741349
0.02520341309711238
-0.024170822975695394
-0.2546008091448053
-0.007720686875989813
0.024801788304586125
-0.02243129284092049
-0.03133707462365809
-0.04022536987465397
0.13480548385110502
0.025649122658425227
-0.03997727574944321
-0.1218059774124729
-0.022348210496932808
0.014471610315426986
0.01661350063361855
0.08632977574364098
0.04391937482752173
0.006746455834750975
0.03882682382156144
0.034283772423341574
0.10240276235625068
0.0027859037974478085
-0.07414653786004877
0.02432879134386301
-0.03173275161671363
0.04995452527457189
0.04469322213864224
-0.010532567714866659
-0.05416508205116166
-0.041376638974308655
0.009856619194733796
-0.09432889171755221
0.026005039289207943
-0.050143819123519506
0.05436809318039337
-0.0038562351615762935
-0.08814864178677073
0.023512429278589764
0.03443624877469453
0.10109672394520075
0.04823967565580034
0.04665297339942498
-0.03270475340709922
-0.07212958518599066
-0.07414653786004877
0.0027859037974478085
-0.01844849936066506
0.0041948137923384365
0.04371378571481266
0.04995452527457189
0.04391937482752173
0.029794720012301212
0.15300088602597928
-0.06109953281700342
0.006265799221320201
0.02714223291166995
0.17000938109242547
-0.05120330655862837
-0.01956931117570271
0.05168531023255696
0.0027859037974478085
0.022821768641877682
0.13204555949274965
0.01699193585620762
0.10240276235625068
0.008505479129739868
0.006746455834750975
0.0025784297617263974
-0.06226621690008294
-0.007720686875989813
-0.03270475340709922
0.0025784297617263974
0.028713620756199987
-0.07212958518599066
-0.022348210496932808
-0.022898889969576786
-0.08814864178677073
0.04606131559255999
-0.022368622754905587
0.04729149119249154
0.005173534568482907
0.05198789125700998
-0.022898889969576786
0.018593646962060006
0.0041948137923384365
-0.021161035659430283
-0.051670301345440706
-0.08110299466350668
0.17000938109242547
0.08302714817478662
0.026653357334457617
0.04469322213864224
0.020567585268201682
-0.007882998007099573
0.003822387934753202
0.02520341309711238
-0.07465345378649157
0.001954162314668828
0.0461992712042818
0.0025784297617263974
0.04333086414918519
-0.0851300246174862
0.001954162314668828
0.023560334148108097
-0.05120330655862837
-0.06285634704832255
0.05182100602750328
-0.047644828679283435
0.04790976101641675
-0.07212958518599066
-0.10819102148647719
-0.047644828679283435
0.0278028767684102
-0.06638125688640528
0.03973066370480538
-0.02496648159475967
0.012299756912504733
-0.03563356684104946
0.037107507807760065
0.04380656992791998
-0.10819102148647719
0.17000938109242547
0.01579928711915457
0.012394543666532698
-0.07075486294590672
-0.019514789449790015
0.01613403625846388
0.0027859037974478085
0.020446479141682516
0.008505479129739868
0.0515617796937029
-0.03997727574944321
0.011553574399841615
0.0027859037974478085
-0.06193714350214741
0.025722681761052968
0.026005039289207943
0.08121523150568599
-0.04126132556270612
-0.037433866920196124
-0.04022536987465397
-0.05983064969141072
-0.013878349100881593
0.04920879849315085
0.0022689688502968153
-0.022348210496932808
-0.027789787343500905
-0.002647647860884561
