-0.022622356364218277
-0.06053051312501001
-0.05983064969141072
-0.07724758378448726
-0.01956931117570271
-0.005105231073404326
0.06318283133468316
-0.018864353824572078
0.0461992712042818
0.01724199139330551
-0.0002495311402075373
0.11840346286310233
0.0276177252845331
-0.15702055781469149
0.06569838178769771
0.02520341309711238
0.04920879849315085
-0.02862716582831837
0.08302714817478662
0.15300088602597928
-0.010204897362879883
0.08383912323474085
0.04333086414918519
-0.0849833488167917
0.04299886054755575
-0.009357776553262198
-0.02375973362478856
0.023512429278589764
-0.0038562351615762935
0.01347000313241331
-0.021161035659430283
0.03443624877469453
-0.01686722086916248
-0.005818111085915234
-0.04466517994807795
-0.08814864178677073
-0.017242733713295877
0.0025784297617263974
-0.037433866920196124
0.03863378364598535
-0.014438989348697362
0.08732358904095427
-0.09432889171755221
0.03861575224405023
-0.05654058267968054
0.08632977574364098
0.04827168718050601
0.11840346286310233
0.020567585268201682
-0.047644828679283435
0.1399333926158075
-0.06720056781523276
-0.019391257313081667
-0.04466517994807795
0.03882682382156144
-0.13034379599603163
0.15300088602597928
-0.011743957061684185
-0.03917887174705115
0.012394543666532698
0.039209693040964666
-0.060513028914405353
-0.08285893181375492
0.04333086414918519
-0.04022536987465397
0.0512476844333456
-0.0489237727198617
0.0344322264021244
-0.05282848588680089
0.013065356771912562
-0.009357776553262198
-0.0636718542421022
0.02432879134386301
0.008665176454019985
0.13480548385110502
-0.2546008091448053
-0.0851300246174862
-0.05654058267968054
0.026458811902690726
-0.06285634704832255
0.030974972656109045
-0.2546008091448053
0.034283772423341574
-0.028034859824940028
-0.02496648159475967
-0.007543661478351282
0.05168531023255696
0.05799658946616226
-0.07465345378649157
-0.019514789449790015
-0.05416508205116166
0.17000938109242547
0.03861575224405023
0.02714223291166995
-0.02862716582831837
0.08176108754913614
-0.01956931117570271
-0.013771885982464482
0.026458811902690726
0.02432879134386301
-0.08110299466350668
0.007058852839625374
0.06364954486786978
0.01699193585620762
0.047513051758585334
0.04590352204112591
0.04135586741642605
0.013065356771912562
0.056736527751481525
0.030122729138618354
0.04380656992791998
0.08383912323474085
0.051344950513199095
-0.10819102148647719
0.08080248335888918
-0.0008948035361102669
-0.09359820865597968
0.0016709762031741349
-0.060513028914405353
0.011999720455214913
0.01035787819304268
0.019778644828504
0.01579928711915457
-0.018864353824572078
-0.011743957061684185
0.03882682382156144
-0.050143819123519506
0.0203593980283987
0.0165919313161762
-0.038466866176760206
-0.03045002278091502
0.023512429278589764
0.04135586741642605
-0.019514789449790015
0.03994035520780326
0.015089270086424023
-0.05129888770798985
-0.0002868205956847447
-0.05129888770798985
0.04823967565580034
-0.010532567714866659
0.1417808980890598
-0.03173275161671363
0.006143668794592827
0.07382421435571018
0.022821768641877682
0.013040071944516285
0.06925574960452696
0.08653619008305125
0.17000938109242547
0.0461992712042818
0.014471610315426986
0.06318283133468316
-0.10013006587302442
0.04283497654615154
0.0844852260058202
-0.05654058267968054
-0.024170822975695394
-0.027393577402978764
-0.03520416182162833
0.05182100602750328
0.02520341309711238
-0.05654058267968054
0.023560334148108097
-0.05416508205116166
0.08105492908796386
-0.22146034456414654
0.13480548385110502
0.0461992712042818
-0.01956931117570271
0.1417808980890598
0.045224792909892564
0.012390402416693647
0.09718899306107964
0.001954162314668828
0.02773636562208104
-0.017136936568830308
0.045224792909892564
0.07518071596092746
0.06318283133468316
-0.038466866176760206
-0.018864353824572078
0.0688088340488946
-0.04022536987465397
0.049538360788050184
-0.019514789449790015
-0.012372140541780041
-0.022368622754905587
0.01579928711915457
0.056736527751481525
0.022821768641877682
-0.009588853389239205
0.03994035520780326
0.020567585268201682
0.007058852839625374
0.04391937482752173
-0.15702055781469149
-0.06258250876081561
-0.08285893181375492
-0.09359820865597968
0.03861575224405023
-0.015144140805206874
0.01579928711915457
-0.08143178414826124
0.048059232237648075
0.05168531023255696
0.04920879849315085
-0.06720056781523276
0.026653357334457617
0.020567585268201682
0.041840431302949455
0.1417808980890598
0.020083040980136246
0.003822387934753202
0.11840346286310233
-0.08126108737944548
-0.007543661478351282
-0.07724758378448726
0.017908695057996304
0.06569838178769771
0.030122729138618354
0.045224792909892564
-0.06285634704832255
0.0344322264021244
-0.027393577402978764
-0.08143178414826124
-0.0038562351615762935
0.08759468040243501
0.03882682382156144
0.012299756912504733
-0.06464003578883037
-0.007543661478351282
0.02520341309711238
-0.018864353824572078
-0.0011970474263076625
0.0165919313161762
0.06316607709876365
0.02451643163530548
0.04995452527457189
0.023560334148108097
0.06318283133468316
-0.017136936568830308
0.02773636562208104
0.02927401578257438
0.047513051758585334
-0.05282848588680089
0.04823967565580034
0.019778644828504
0.039209693040964666
0.0576314646823306
0.008665176454019985
-0.22146034456414654
-0.017136936568830308
0.051344950513199095
-0.0002868205956847447
0.05425453554333082
-0.004841918958801372
0.007058852839625374
0.043334141200254805
0.0512476844333456
0.026005039289207943
-0.05586089089844393
-0.10013006587302442
0.001954162314668828
0.08080248335888918
0.06569838178769771
0.051344950513199095
-0.07212958518599066
-0.005818111085915234
-0.07414653786004877
-0.038466866176760206
0.01347000313241331
0.04371378571481266
-0.028034859824940028
-0.002205271978588108
0.037107507807760065
-0.03270475340709922
0.003822387934753202
-0.019514789449790015
-0.03173275161671363
0.05182100602750328
0.018593646962060006
-0.03563356684104946
-0.022368622754905587
-0.0038562351615762935
0.13480548385110502
0.041840431302949455
0.0027859037974478085
0.011999720455214913
0.022821768641877682
-0.024170822975695394
0.06292625909621563
-0.004841918958801372
0.0203593980283987
-0.036421638107813514
-0.021161035659430283
0.0278028767684102
-0.007720686875989813
0.02927401578257438
