-0.013878349100881593
-0.002205271978588108
0.04827168718050601
0.03863378364598535
-0.019514789449790015
0.11840346286310233
0.013065356771912562
-0.08143178414826124
0.10240276235625068
0.0016709762031741349
-0.007543661478351282
0.020567585268201682
-0.01686722086916248
0.018593646962060006
0.03208636570286316
-0.2546008091448053
0.04299886054755575
-0.004841918958801372
-0.07892951287026762
-0.013771885982464482
0.06318283133468316
-0.05464289541014722
0.05168531023255696
0.012390402416693647
0.02773636562208104
0.0165919313161762
-0.037433866920196124
0.056736527751481525
-0.0002495311402075373
-0.021161035659430283
-0.007317237093852569
-0.004841918958801372
0.062467374718552904
-0.027462288324585415
0.017908695057996304
0.04391937482752173
0.007058852839625374
-0.007882998007099573
-0.060513028914405353
0.08176108754913614
-0.024170822975695394
-0.022348210496932808
0.05168531023255696
0.01579928711915457
-0.008416174423421019
0.013109728048770641
0.06364954486786978
-0.022622356364218277
-0.10819102148647719
-0.005818111085915234
0.062467374718552904
-0.07892951287026762
0.08302714817478662
-0.027788545411032928
-0.027789787343500905
-0.05983064969141072
-0.038466866176760206
0.04790976101641675
-0.03917887174705115
0.08105492908796386
-0.019391257313081667
0.07382421435571018
-0.22146034456414654
-0.01956931117570271
0.023512429278589764
0.0512476844333456
0.06364954486786978
0.07382421435571018
-0.1218059774124729
-0.01844849936066506
-0.0008948035361102669
-0.04466517994807795
0.06318283133468316
-0.09359820865597968
-0.036421638107813514
0.0344322264021244
-0.03270475340709922
0.04920879849315085
0.01716964896203166
0.030122729138618354
-0.024170822975695394
-0.07892951287026762
-0.06109953281700342
-0.05120330655862837
-0.04126132556270612
0.043334141200254805
-0.22146034456414654
-0.013771885982464482
0.006746455834750975
0.047513051758585334
0.04799414960212012
-0.03270475340709922
-0.024170822975695394
0.03208636570286316
-0.08126108737944548
0.024801788304586125
0.04790976101641675
0.047513051758585334
-0.019514789449790015
-0.004841918958801372
0.028713620756199987
0.04590352204112591
-0.03173275161671363
-0.036421638107813514
0.05168531023255696
-0.03695834061658587
-0.06053051312501001
0.10240276235625068
0.04299886054755575
0.0278028767684102
-0.009588853389239205
0.017908695057996304
-0.005105231073404326
-0.09570667993071069
0.0203593980283987
-0.03997727574944321
-0.0038562351615762935
0.017908695057996304
-0.06285634704832255
0.024801788304586125
-0.02243129284092049
-0.013878349100881593
-0.08143178414826124
0.0278028767684102
0.08632977574364098
-0.049962429852048906
0.062467374718552904
-0.09359820865597968
0.07060672059698447
-0.02243129284092049
0.005173534568482907
0.08632977574364098
0.07586149829868472
0.0576314646823306
-0.019391257313081667
0.1417808980890598
-0.027788545411032928
-0.013771885982464482
-0.007543661478351282
0.08176108754913614
0.10240276235625068
0.08383912323474085
0.01579928711915457
-0.03695834061658587
0.08799230776265521
-0.06226621690008294
0.012394543666532698
-0.041376638974308655
-0.08143178414826124
-0.04466517994807795
-0.07892951287026762
0.07518071596092746
-0.037433866920196124
0.051344950513199095
0.011999720455214913
0.10240276235625068
0.06806350229329183
-0.011743957061684185
0.001954162314668828
-0.009588853389239205
-0.0849833488167917
-0.017136936568830308
-0.012372140541780041
0.06806350229329183
-0.028034859824940028
-0.005105231073404326
-0.05464289541014722
0.01724199139330551
0.10240276235625068
-0.007543661478351282
0.04299886054755575
0.0276177252845331
-0.012150300762606037
0.047513051758585334
0.008505479129739868
0.045224792909892564
0.0016709762031741349
-0.015144140805206874
-0.01956931117570271
-0.03997727574944321
-0.08721982612879486
0.01579928711915457
-0.007317237093852569
0.0216176650818376
0.10109672394520075
0.025722681761052968
0.08632977574364098
0.08176108754913614
-0.032340875642459466
-0.027393577402978764
0.008505479129739868
0.01716964896203166
-0.1218059774124729
-0.0005187167995490682
0.007058852839625374
0.08080248335888918
0.025524068456756588
0.01613403625846388
0.06806350229329183
0.0844852260058202
-0.010204897362879883
0.13480548385110502
0.0576314646823306
0.0027859037974478085
0.011553574399841615
-0.04466517994807795
0.10240276235625068
0.013109728048770641
0.04391937482752173
0.01613403625846388
0.0844852260058202
-0.0007657730469858848
0.025722681761052968
-0.03997727574944321
0.01699193585620762
-0.03270475340709922
0.17000938109242547
0.0022689688502968153
0.07382421435571018
0.08080248335888918
-0.009588853389239205
0.047513051758585334
-0.03563356684104946
-0.018864353824572078
0.08105492908796386
-0.02496648159475967
0.04790976101641675
0.08302714817478662
-0.022622356364218277
0.1399333926158075
-0.02496648159475967
0.1399333926158075
-0.08814864178677073
0.07586149829868472
0.06318283133468316
0.011999720455214913
0.008505479129739868
-0.06285634704832255
0.014471610315426986
-0.03695834061658587
-0.021161035659430283
0.02714223291166995
0.0278028767684102
0.014471610315426986
-0.004841918958801372
-0.07075486294590672
-0.13034379599603163
0.008505479129739868
-0.03270475340709922
0.17000938109242547
-0.03270475340709922
-0.08143178414826124
-0.05120330655862837
0.01699193585620762
-0.013771885982464482
-0.06053051312501001
-0.07075486294590672
0.08383912323474085
0.005173534568482907
0.0025784297617263974
-0.03695834061658587
0.04827168718050601
0.012299756912504733
-0.0636718542421022
-0.027789787343500905
0.06567138145123597
0.04823967565580034
0.05168531023255696
-0.002205271978588108
-0.032259158022980294
-0.014438989348697362
-0.0008948035361102669
0.024801788304586125
-0.038466866176760206
-0.09359820865597968
-0.03173275161671363
-0.10819102148647719
0.05182100602750328
0.04391937482752173
0.06567138145123597
-0.0007657730469858848
0.09718899306107964
0.01035787819304268
0.04827168718050601
0.0515617796937029
0.0022689688502968153
0.012394543666532698
-0.0002495311402075373
0.07586149829868472
0.024801788304586125
-0.05464289541014722
0.09718899306107964
-0.03173275161671363
0.037107507807760065
-0.012372140541780041
-0.050143819123519506
-0.2546008091448053
0.025722681761052968
0.06316607709876365
