-0.07465345378649157
-0.022622356364218277
-0.04126132556270612
-0.009588853389239205
-0.06109953281700342
-0.03133707462365809
0.08383912323474085
0.04299886054755575
0.04799414960212012
0.043334141200254805
-0.022821982956040543
-0.04126132556270612
-0.002205271978588108
-0.07465345378649157
0.06994395962703592
0.020567585268201682
0.04823967565580034
-0.06258250876081561
-0.022348210496932808
0.05436809318039337
0.011999720455214913
0.020083040980136246
0.04371378571481266
0.012390402416693647
0.025649122658425227
0.003822387934753202
0.0278028767684102
0.04135586741642605
0.04371378571481266
-0.08814864178677073
0.025524068456756588
-0.02496648159475967
-0.06464003578883037
-0.06720056781523276
0.012394543666532698
0.0165919313161762
-0.0038562351615762935
-0.047644828679283435
-0.08678886069673908
0.06316607709876365
-0.2546008091448053
0.013040071944516285
0.05799658946616226
0.026458811902690726
-0.05129888770798985
0.06567138145123597
-0.04466517994807795
0.06994395962703592
0.039209693040964666
0.01347000313241331
0.006746455834750975
0.005173534568482907
0.0515617796937029
-0.06285634704832255
0.04135586741642605
-0.007882998007099573
-0.002205271978588108
-0.009588853389239205
0.06925574960452696
0.0278028767684102
0.006746455834750975
-0.06226621690008294
-0.027788545411032928
0.08653619008305125
-0.03520416182162833
0.08732358904095427
-0.08814864178677073
0.04729149119249154
-0.03695834061658587
0.05198789125700998
0.04283497654615154
-0.02243129284092049
0.013109728048770641
-0.09570667993071069
0.04048653167530425
-0.0011970474263076625
0.09718899306107964
-0.007338419158481102
0.07518071596092746
-0.060513028914405353
-0.022821982956040543
-0.005818111085915234
-0.005105231073404326
0.0844852260058202
0.0027859037974478085
0.10240276235625068
-0.032259158022980294
-0.05699148198311299
0.02451643163530548
-0.007720686875989813
-0.03458770640829023
0.008665176454019985
-0.03173275161671363
0.001954162314668828
-0.0011970474263076625
-0.0636718542421022
0.04729149119249154
0.049538360788050184
-0.019391257313081667
-0.027393577402978764
0.04469322213864224
-0.07724758378448726
0.04729149119249154
0.13480548385110502
-0.06464003578883037
0.01716964896203166
0.04283497654615154
-0.09432889171755221
0.02520341309711238
-0.010532567714866659
0.02451643163530548
0.041840431302949455
-0.12033949778566289
0.062467374718552904
0.011553574399841615
-0.10819102148647719
-0.03045002278091502
-0.0002495311402075373
0.02520341309711238
-0.17661184642248884
-0.0013205999854228878
0.0216176650818376
0.04371378571481266
-0.12033949778566289
-0.07724758378448726
0.04590352204112591
-0.050143819123519506
0.04283497654615154
-0.012372140541780041
0.017908695057996304
-0.05282848588680089
0.030974972656109045
0.0022689688502968153
0.07060672059698447
-0.037433866920196124
0.02520341309711238
0.04995452527457189
-0.08814864178677073
0.013040071944516285
0.008505479129739868
-0.019514789449790015
-0.05983064969141072
0.014780240742707562
0.04590352204112591
0.1417808980890598
-0.03045002278091502
0.01661350063361855
-0.07075486294590672
0.028713620756199987
0.007058852839625374
-0.10013006587302442
-0.01249170093178087
0.025524068456756588
0.06761705055254463
0.06567138145123597
-0.08110299466350668
-0.07414653786004877
0.001954162314668828
0.029794720012301212
-0.03045002278091502
0.07518071596092746
-0.018864353824572078
0.08632977574364098
-0.04022536987465397
0.01613403625846388
0.13204555949274965
0.06228267241298191
-0.09359820865597968
0.10240276235625068
0.01661350063361855
0.03863378364598535
0.062467374718552904
0.006143668794592827
0.013065356771912562
0.10109672394520075
0.08121523150568599
-0.007338419158481102
0.019778644828504
-0.04022536987465397
-0.03458770640829023
-0.0005187167995490682
0.04048653167530425
-0.02496648159475967
0.04048653167530425
-0.007882998007099573
0.1417808980890598
-0.01956931117570271
-0.013878349100881593
0.025524068456756588
0.11840346286310233
0.06761705055254463
-0.06638125688640528
-0.04466517994807795
0.008505479129739868
0.056736527751481525
0.01661350063361855
0.022821768641877682
0.03861575224405023
0.005082074600808895
0.04283497654615154
-0.07075486294590672
-0.007720686875989813
-0.05654058267968054
0.1417808980890598
0.11522232211929584
0.015089270086424023
0.037107507807760065
0.020567585268201682
0.02773636562208104
0.006746455834750975
0.06925574960452696
0.04729149119249154
0.08732358904095427
0.03863378364598535
0.025722681761052968
-0.09570667993071069
0.0016709762031741349
0.1399333926158075
-0.0549153461639893
0.07586149829868472
-0.013771885982464482
0.022821768641877682
-0.027462288324585415
-0.0549153461639893
-0.03270475340709922
-0.005818111085915234
-0.05983064969141072
0.041840431302949455
0.13480548385110502
0.0016709762031741349
-0.02375973362478856
-0.03997727574944321
0.0326533364262076
-0.022622356364218277
0.1417808980890598
-0.06258250876081561
-0.04126132556270612
-0.045496030668886966
0.01046829599036414
0.06364954486786978
0.025524068456756588
0.022194058573782982
0.001954162314668828
0.01661350063361855
-0.002647647860884561
0.04590352204112591
-0.0005187167995490682
0.0344322264021244
0.028713620756199987
0.024801788304586125
0.03443624877469453
0.025649122658425227
-0.07414653786004877
0.0844852260058202
-0.038466866176760206
0.025524068456756588
-0.03695834061658587
-0.0849833488167917
-0.014438989348697362
-0.04126132556270612
-0.0489237727198617
0.08105492908796386
-0.05120330655862837
-0.07724758378448726
-0.009357776553262198
0.008665176454019985
0.01716964896203166
-0.027462288324585415
-0.027788545411032928
-0.013771885982464482
0.043334141200254805
0.04333086414918519
-0.010532567714866659
0.04299886054755575
0.01699193585620762
0.0512476844333456
0.0326533364262076
-0.2546008091448053
0.17000938109242547
-0.0636718542421022
-0.06226621690008294
0.013065356771912562
-0.04466517994807795
0.003822387934753202
0.07586149829868472
-0.005105231073404326
0.062467374718552904
-0.09359820865597968
-0.007543661478351282
-0.03270475340709922
-0.024170822975695394
0.04920879849315085
0.01347000313241331
0.04995452527457189
-0.032340875642459466
0.05168531023255696
-0.06720056781523276
-0.01844849936066506
-0.002647647860884561
