0.07382421435571018
0.02927401578257438
0.012394543666532698
-0.01249170093178087
0.015089270086424023
-0.02243129284092049
-0.05586089089844393
0.04790976101641675
-0.007882998007099573
-0.045496030668886966
-0.002205271978588108
0.01613403625846388
-0.009588853389239205
-0.022821982956040543
0.0276177252845331
-0.007543661478351282
0.015089270086424023
-0.06464003578883037
0.017908695057996304
-0.0013205999854228878
0.01046829599036414
0.13204555949274965
0.015089270086424023
0.048059232237648075
0.020567585268201682
0.04391937482752173
-0.017242733713295877
-0.0013205999854228878
-0.01844849936066506
0.005173534568482907
-0.0005187167995490682
-0.03173275161671363
-0.010204897362879883
-0.03563356684104946
-0.06226621690008294
-0.002647647860884561
0.0326533364262076
0.023512429278589764
0.08302714817478662
-0.06285634704832255
0.04995452527457189
-0.022898889969576786
0.08759468040243501
-0.01686722086916248
0.012299756912504733
0.01661350063361855
0.051344950513199095
-0.018864353824572078
0.06292625909621563
-0.02243129284092049
0.023512429278589764
-0.0002868205956847447
-0.03695834061658587
0.013040071944516285
-0.037433866920196124
0.037453479113841226
0.13204555949274965
-0.019391257313081667
-0.0357902826629255
-0.04022536987465397
0.049538360788050184
0.01613403625846388
0.04469322213864224
0.014471610315426986
-0.02375973362478856
-0.08143178414826124
-0.022898889969576786
0.06292625909621563
0.17000938109242547
0.006746455834750975
-0.027393577402978764
-0.03173275161671363
-0.08814864178677073
-0.019514789449790015
0.06994395962703592
0.03861575224405023
-0.02375973362478856
-0.2546008091448053
0.0688088340488946
-0.04126132556270612
-0.17661184642248884
0.01661350063361855
-0.007543661478351282
-0.060513028914405353
-0.0011970474263076625
-0.007882998007099573
0.01347000313241331
-0.02243129284092049
0.043334141200254805
-0.027789787343500905
-0.038466866176760206
-0.0002868205956847447
0.0203593980283987
0.029794720012301212
0.041840431302949455
-0.041376638974308655
-0.02243129284092049
0.048059232237648075
0.10240276235625068
0.0515617796937029
0.06569838178769771
0.04371378571481266
0.06318283133468316
-0.2546008091448053
-0.02375973362478856
0.0203593980283987
0.0025784297617263974
0.01613403625846388
-0.049962429852048906
-0.05282848588680089
0.06567138145123597
0.051344950513199095
0.0461992712042818
-0.002205271978588108
-0.08814864178677073
-0.014438989348697362
0.030122729138618354
0.017908695057996304
0.005082074600808895
0.06364954486786978
-0.013771885982464482
0.0216176650818376
-0.0636718542421022
0.013109728048770641
-0.002647647860884561
-0.12033949778566289
-0.03997727574944321
-0.08143178414826124
0.04606131559255999
-0.007882998007099573
0.08383912323474085
0.018593646962060006
0.051344950513199095
0.11522232211929584
-0.032340875642459466
-0.019391257313081667
-0.03917887174705115
0.015089270086424023
-0.008416174423421019
-0.05129888770798985
0.0278028767684102
0.04799414960212012
0.05182100602750328
0.0326533364262076
-0.0038562351615762935
0.001954162314668828
-0.037433866920196124
0.008665176454019985
-0.017136936568830308
0.04823967565580034
0.04371378571481266
0.0276177252845331
0.01716964896203166
0.04135586741642605
0.06569838178769771
0.08653619008305125
-0.032259158022980294
0.03882682382156144
0.03208636570286316
0.01716964896203166
-0.08814864178677073
-0.005818111085915234
-0.2546008091448053
-0.06258250876081561
0.013109728048770641
-0.09432889171755221
0.11522232211929584
0.013109728048770641
0.03994035520780326
-0.03997727574944321
0.06228267241298191
0.020083040980136246
0.06761705055254463
0.06761705055254463
-0.017136936568830308
0.04827168718050601
0.04665297339942498
-0.007720686875989813
0.0216176650818376
0.01579928711915457
-0.027393577402978764
0.0844852260058202
0.06364954486786978
0.029794720012301212
-0.014438989348697362
0.03208636570286316
0.020567585268201682
-0.010204897362879883
0.037453479113841226
0.04391937482752173
-0.05654058267968054
-0.004841918958801372
-0.05282848588680089
0.013065356771912562
0.06292625909621563
0.06994395962703592
-0.07724758378448726
-0.024170822975695394
0.019778644828504
0.014780240742707562
0.043334141200254805
-0.038466866176760206
-0.02496648159475967
-0.013878349100881593
-0.03917887174705115
-0.06285634704832255
-0.03173275161671363
-0.13034379599603163
0.02451643163530548
-0.09432889171755221
-0.009357776553262198
-0.004841918958801372
0.01613403625846388
0.003822387934753202
0.06605801367827979
-0.06720056781523276
0.026653357334457617
0.03643980545838055
0.025722681761052968
-0.0005187167995490682
0.03861575224405023
0.012394543666532698
0.0022689688502968153
-0.08110299466350668
0.05168531023255696
0.020446479141682516
0.037453479113841226
0.037107507807760065
-0.03133707462365809
0.0027859037974478085
0.07382421435571018
-0.047644828679283435
0.01046829599036414
0.0461992712042818
-0.06638125688640528
-0.07075486294590672
0.026458811902690726
-0.049962429852048906
0.02773636562208104
0.0165919313161762
-0.17661184642248884
-0.0489237727198617
-0.037433866920196124
0.07586149829868472
0.08759468040243501
0.06761705055254463
-0.013878349100881593
-0.002205271978588108
-0.0002495311402075373
-0.03458770640829023
-0.08126108737944548
0.08080248335888918
0.06567138145123597
0.005082074600808895
0.01347000313241331
0.04299886054755575
0.05168531023255696
-0.018864353824572078
0.020567585268201682
-0.10819102148647719
0.020567585268201682
0.012394543666532698
-0.022898889969576786
0.01724199139330551
-0.0008948035361102669
-0.07724758378448726
0.041840431302949455
-0.022622356364218277
-0.07212958518599066
-0.007317237093852569
-0.09432889171755221
0.020446479141682516
0.0041948137923384365
-0.022368622754905587
0.02451643163530548
-0.012150300762606037
-0.06053051312501001
-0.013771885982464482
0.03861575224405023
0.08732358904095427
-0.01956931117570271
-0.005818111085915234
-0.028034859824940028
-0.024170822975695394
-0.15702055781469149
-0.06464003578883037
0.11522232211929584
0.023560334148108097
-0.10013006587302442
0.049538360788050184
0.0016709762031741349
-0.08721982612879486
-0.014438989348697362
0.022194058573782982
0.043334141200254805
-0.022821982956040543
0.0278028767684102
-0.005818111085915234
0.04823967565580034
