-0.049962429852048906
0.04729149119249154
0.006143668794592827
0.007058852839625374
0.030974972656109045
0.003822387934753202
-0.08678886069673908
0.026005039289207943
0.028713620756199987
0.037453479113841226
0.008505479129739868
0.0216176650818376
0.0027859037974478085
-0.05282848588680089
0.09718899306107964
0.10109672394520075
-0.027393577402978764
0.047513051758585334
-0.10013006587302442
0.011553574399841615
-0.0013205999854228878
0.043334141200254805
0.062467374718552904
-0.03458770640829023
0.019778644828504
-0.0851300246174862
0.011999720455214913
0.06806350229329183
-0.10013006587302442
0.0027859037974478085
-0.08143178414826124
0.17000938109242547
-0.06720056781523276
-0.027393577402978764
0.025722681761052968
0.04283497654615154
-0.06053051312501001
0.0688088340488946
-0.06226621690008294
-0.05654058267968054
0.06761705055254463
0.011553574399841615
-0.0489237727198617
0.0344322264021244
-0.02862716582831837
0.017908695057996304
0.03208636570286316
0.1417808980890598
-0.17661184642248884
0.03208636570286316
0.043334141200254805
0.0515617796937029
-0.012372140541780041
-0.014438989348697362
-0.005818111085915234
0.07382421435571018
0.005173534568482907
-0.03173275161671363
0.013109728048770641
0.013065356771912562
0.0216176650818376
0.0844852260058202
0.02714223291166995
0.011999720455214913
0.0041948137923384365
0.013040071944516285
0.0276177252845331
-0.032340875642459466
0.0688088340488946
0.03861575224405023
0.048059232237648075
-0.02862716582831837
0.026005039289207943
0.0203593980283987
-0.0038562351615762935
0.009856619194733796
0.014471610315426986
0.0515617796937029
0.013109728048770641
-0.009357776553262198
-0.0005187167995490682
-0.022622356364218277
-0.04022536987465397
-0.012372140541780041
-0.060513028914405353
-0.09359820865597968
-0.02243129284092049
0.013040071944516285
0.022194058573782982
-0.05282848588680089
0.008665176454019985
-0.10013006587302442
0.039209693040964666
-0.019514789449790015
0.05799658946616226
0.03863378364598535
-0.027393577402978764
0.0276177252845331
-0.022348210496932808
0.009856619194733796
-0.060513028914405353
0.04827168718050601
-0.07892951287026762
0.022194058573782982
-0.06720056781523276
-0.008416174423421019
0.01579928711915457
0.0844852260058202
0.06761705055254463
0.08176108754913614
-0.10819102148647719
0.04665297339942498
0.08653619008305125
0.06364954486786978
-0.050143819123519506
0.04371378571481266
0.06605801367827979
0.028713620756199987
0.023512429278589764
0.008505479129739868
-0.045496030668886966
0.0688088340488946
0.04729149119249154
0.039209693040964666
-0.0008948035361102669
0.0022689688502968153
0.06316607709876365
-0.15702055781469149
-0.015144140805206874
-0.08678886069673908
0.024801788304586125
0.043334141200254805
-0.08126108737944548
0.1399333926158075
-0.013878349100881593
-0.03520416182162833
0.001954162314668828
0.025649122658425227
0.03863378364598535
0.014471610315426986
-0.027788545411032928
0.05198789125700998
0.009856619194733796
-0.0636718542421022
0.04827168718050601
-0.07465345378649157
-0.018864353824572078
0.012299756912504733
-0.05654058267968054
0.034283772423341574
-0.05282848588680089
-0.027788545411032928
-0.02375973362478856
-0.022821982956040543
0.014780240742707562
-0.01956931117570271
0.0461992712042818
0.0278028767684102
0.03863378364598535
0.06994395962703592
-0.019514789449790015
-0.05654058267968054
0.04380656992791998
-0.0038562351615762935
-0.10819102148647719
-0.0005187167995490682
-0.01844849936066506
0.014471610315426986
0.02773636562208104
0.02927401578257438
0.05799658946616226
0.04995452527457189
-0.08110299466350668
-0.03997727574944321
-0.036421638107813514
0.013065356771912562
-0.0002495311402075373
0.026458811902690726
0.04799414960212012
0.07518071596092746
0.0276177252845331
-0.17661184642248884
-0.009357776553262198
0.030974972656109045
0.04827168718050601
0.11840346286310233
-0.08143178414826124
0.022194058573782982
0.04590352204112591
-0.03045002278091502
-0.0005187167995490682
0.13480548385110502
0.13480548385110502
-0.007720686875989813
-0.032340875642459466
0.08632977574364098
-0.0002495311402075373
0.1417808980890598
-0.09432889171755221
-0.024170822975695394
0.04048653167530425
0.04606131559255999
-0.03563356684104946
-0.0851300246174862
-0.021161035659430283
-0.06464003578883037
0.04371378571481266
0.04920879849315085
-0.007317237093852569
0.06364954486786978
0.0203593980283987
-0.0002495311402075373
0.04380656992791998
0.08383912323474085
-0.0008948035361102669
-0.03997727574944321
0.07518071596092746
-0.015144140805206874
-0.03695834061658587
-0.08126108737944548
0.0326533364262076
0.03208636570286316
-0.05129888770798985
0.0027859037974478085
-0.013878349100881593
0.05425453554333082
0.0027859037974478085
0.005082074600808895
0.048059232237648075
-0.047644828679283435
0.017908695057996304
-0.0636718542421022
-0.010532567714866659
0.0041948137923384365
0.005082074600808895
-0.007543661478351282
-0.004841918958801372
0.037453479113841226
-0.15702055781469149
-0.05699148198311299
-0.08110299466350668
-0.015144140805206874
0.03882682382156144
0.08732358904095427
-0.06258250876081561
0.0515617796937029
0.05168531023255696
-0.04022536987465397
0.03208636570286316
-0.0007657730469858848
0.022194058573782982
0.04665297339942498
0.0025784297617263974
-0.041376638974308655
-0.007338419158481102
0.05182100602750328
0.17000938109242547
0.04823967565580034
-0.03133707462365809
0.0461992712042818
-0.021161035659430283
0.01724199139330551
-0.010532567714866659
-0.060513028914405353
0.04799414960212012
-0.10819102148647719
0.020446479141682516
0.01716964896203166
0.0022689688502968153
-0.13034379599603163
0.08080248335888918
0.07586149829868472
0.04799414960212012
0.003822387934753202
-0.027788545411032928
0.023512429278589764
-0.0851300246174862
0.0278028767684102
-0.0636718542421022
0.04371378571481266
0.03994035520780326
0.06605801367827979
-0.09359820865597968
0.11522232211929584
-0.050143819123519506
-0.027788545411032928
0.006265799221320201
-0.007338419158481102
0.0216176650818376
0.01716964896203166
0.07060672059698447
-0.0005187167995490682
0.025722681761052968
-0.08126108737944548
-0.005818111085915234
0.01613403625846388
0.056736527751481525
0.08121523150568599
-0.038466866176760206
