0.025649122658425227
0.0041948137923384365
0.031017376704207678
0.037107507807760065
0.029794720012301212
0.03973066370480538
-0.05654058267968054
-0.01686722086916248
-0.019391257313081667
-0.06285634704832255
-0.10013006587302442
0.02773636562208104
-0.027462288324585415
-0.03563356684104946
0.04283497654615154
-0.009357776553262198
-0.08285893181375492
-0.022898889969576786
-0.03520416182162833
-0.06464003578883037
-0.0849833488167917
0.007058852839625374
-0.02375973362478856
0.025524068456756588
-0.03997727574944321
-0.06720056781523276
-0.05416508205116166
0.0022689688502968153
0.025524068456756588
-0.017136936568830308
0.06567138145123597
-0.008416174423421019
-0.010204897362879883
0.1399333926158075
-0.03520416182162833
0.043334141200254805
0.0016709762031741349
-0.0005187167995490682
0.017908695057996304
0.08653619008305125
0.011553574399841615
0.06292625909621563
-0.06053051312501001
-0.036421638107813514
0.01613403625846388
0.1399333926158075
0.09718899306107964
0.0461992712042818
-0.07075486294590672
0.02432879134386301
-0.03458770640829023
0.02927401578257438
-0.08814864178677073
0.008665176454019985
0.018593646962060006
0.026005039289207943
-0.05983064969141072
-0.03520416182162833
-0.03045002278091502
-0.03270475340709922
0.037453479113841226
-0.06226621690008294
0.0515617796937029
0.019778644828504
0.11522232211929584
-0.06720056781523276
0.04048653167530425
0.0165919313161762
-0.005818111085915234
-0.03520416182162833
0.04995452527457189
0.05425453554333082
0.04590352204112591
-0.007543661478351282
0.011999720455214913
0.03994035520780326
0.01661350063361855
0.06569838178769771
0.037453479113841226
0.01035787819304268
0.05436809318039337
-0.06193714350214741
0.08732358904095427
0.003822387934753202
0.04299886054755575
0.08302714817478662
0.05436809318039337
-0.007720686875989813
-0.09432889171755221
-0.027788545411032928
0.0576314646823306
0.03643980545838055
-0.036421638107813514
0.031017376704207678
0.04799414960212012
0.15300088602597928
-0.021161035659430283
0.04299886054755575
-0.02375973362478856
-0.02375973362478856
0.005082074600808895
0.014780240742707562
-0.007543661478351282
-0.009588853389239205
0.03994035520780326
-0.008416174423421019
-0.013771885982464482
0.022821768641877682
-0.060513028914405353
0.030974972656109045
0.02451643163530548
0.02773636562208104
0.029794720012301212
0.08632977574364098
0.06316607709876365
0.0344322264021244
-0.03563356684104946
-0.06285634704832255
0.025649122658425227
-0.05120330655862837
0.07518071596092746
-0.022898889969576786
-0.0489237727198617
0.0688088340488946
-0.0636718542421022
-0.007882998007099573
-0.0011970474263076625
-0.0011970474263076625
0.0461992712042818
-0.0489237727198617
-0.2546008091448053
-0.06258250876081561
0.006265799221320201
-0.007338419158481102
0.008505479129739868
-0.0008948035361102669
0.062467374718552904
-0.01956931117570271
0.005082074600808895
0.025722681761052968
0.008665176454019985
0.08732358904095427
0.04799414960212012
0.012394543666532698
0.037107507807760065
0.06316607709876365
-0.005818111085915234
0.01661350063361855
0.06567138145123597
-0.012150300762606037
-0.041376638974308655
-0.08285893181375492
-0.10013006587302442
0.041840431302949455
0.0216176650818376
-0.019514789449790015
0.04606131559255999
0.02714223291166995
-0.05699148198311299
-0.036421638107813514
0.04135586741642605
-0.03133707462365809
-0.017242733713295877
0.01716964896203166
0.08105492908796386
0.0515617796937029
-0.0013205999854228878
0.08302714817478662
-0.0849833488167917
-0.03695834061658587
0.037453479113841226
-0.019391257313081667
0.023560334148108097
0.006265799221320201
-0.050143819123519506
0.007058852839625374
-0.0005187167995490682
0.013040071944516285
-0.05699148198311299
0.01724199139330551
0.011553574399841615
0.008505479129739868
0.0216176650818376
-0.032340875642459466
0.03882682382156144
-0.09359820865597968
-0.07212958518599066
-0.05983064969141072
-0.021161035659430283
-0.03045002278091502
0.04823967565580034
0.02773636562208104
-0.06464003578883037
-0.06464003578883037
-0.010204897362879883
0.04606131559255999
-0.045496030668886966
-0.09359820865597968
0.011999720455214913
0.030122729138618354
0.006265799221320201
0.05168531023255696
-0.02496648159475967
0.02714223291166995
-0.014438989348697362
0.051344950513199095
0.08653619008305125
0.08632977574364098
0.07518071596092746
0.0025784297617263974
-0.05699148198311299
0.029794720012301212
-0.019391257313081667
0.007058852839625374
-0.01956931117570271
0.013040071944516285
-0.009588853389239205
0.056736527751481525
0.03882682382156144
0.020083040980136246
-0.0636718542421022
0.0512476844333456
0.03973066370480538
-0.03520416182162833
-0.022821982956040543
-0.017242733713295877
-0.08721982612879486
-0.022622356364218277
0.025524068456756588
-0.06109953281700342
0.04995452527457189
-0.019514789449790015
-0.0038562351615762935
0.02773636562208104
0.014471610315426986
0.0203593980283987
-0.021161035659430283
-0.05699148198311299
0.03443624877469453
0.06318283133468316
0.02927401578257438
0.012390402416693647
-0.05120330655862837
0.08799230776265521
0.019778644828504
-0.015144140805206874
-0.06638125688640528
0.005173534568482907
-0.050143819123519506
0.04995452527457189
0.04790976101641675
-0.12033949778566289
-0.007338419158481102
0.04135586741642605
-0.03133707462365809
0.0025784297617263974
-0.008416174423421019
-0.1218059774124729
0.0512476844333456
-0.05586089089844393
-0.050143819123519506
0.10240276235625068
-0.03045002278091502
0.02432879134386301
0.005173534568482907
-0.06720056781523276
0.09718899306107964
0.02927401578257438
-0.027789787343500905
0.03208636570286316
-0.05983064969141072
0.06364954486786978
-0.0549153461639893
0.007058852839625374
0.04606131559255999
-0.03270475340709922
-0.009588853389239205
0.08105492908796386
-0.05654058267968054
-0.037433866920196124
0.0844852260058202
0.0344322264021244
-0.051670301345440706
0.014780240742707562
0.04048653167530425
-0.009588853389239205
-0.0011970474263076625
-0.022821982956040543
-0.10013006587302442
0.02773636562208104
-0.027393577402978764
-0.09570667993071069
-0.01249170093178087
-0.0002868205956847447
-0.019391257313081667
0.015089270086424023
0.0022689688502968153
0.014780240742707562
-0.045496030668886966
