-0.09359820865597968
0.011999720455214913
-0.007338419158481102
0.008505479129739868
0.04380656992791998
-0.051670301345440706
-0.032259158022980294
-0.0002495311402075373
-0.10013006587302442
0.08080248335888918
0.009856619194733796
0.08121523150568599
-0.02375973362478856
-0.06638125688640528
0.005082074600808895
-0.05120330655862837
0.05425453554333082
0.08799230776265521
-0.037433866920196124
-0.015144140805206874
0.17000938109242547
0.012299756912504733
0.07060672059698447
-0.13034379599603163
-0.045496030668886966
-0.017242733713295877
-0.03917887174705115
-0.1218059774124729
0.034283772423341574
0.06318283133468316
0.018593646962060006
-0.0002868205956847447
-0.02862716582831837
0.07518071596092746
0.03643980545838055
-0.022821982956040543
-0.012372140541780041
-0.022821982956040543
-0.022348210496932808
0.030122729138618354
-0.04466517994807795
0.025722681761052968
-0.0002495311402075373
-0.01844849936066506
-0.08285893181375492
0.020446479141682516
0.051344950513199095
-0.007338419158481102
0.01046829599036414
-0.05654058267968054
0.037453479113841226
0.04606131559255999
0.03443624877469453
-0.019391257313081667
-0.060513028914405353
-0.08126108737944548
-0.03270475340709922
0.062467374718552904
-0.08721982612879486
0.0216176650818376
0.08653619008305125
0.04371378571481266
0.04665297339942498
-0.17661184642248884
-0.07892951287026762
-0.22146034456414654
0.10109672394520075
-0.09432889171755221
0.04729149119249154
-0.15702055781469149
-0.008416174423421019
0.0278028767684102
0.04283497654615154
0.08632977574364098
0.0165919313161762
-0.02862716582831837
0.05168531023255696
0.041840431302949455
-0.05282848588680089
-0.0013205999854228878
0.026653357334457617
0.01579928711915457
0.08383912323474085
0.08759468040243501
0.08383912323474085
-0.0002495311402075373
0.006746455834750975
0.025722681761052968
0.04048653167530425
-0.013771885982464482
0.003822387934753202
-0.06053051312501001
-0.03133707462365809
-0.028034859824940028
0.013065356771912562
0.013109728048770641
0.10240276235625068
0.026005039289207943
0.013065356771912562
0.04606131559255999
-0.018864353824572078
-0.049962429852048906
-0.022348210496932808
-0.04126132556270612
-0.03917887174705115
-0.027788545411032928
0.0027859037974478085
-0.17661184642248884
0.04729149119249154
-0.0849833488167917
-0.050143819123519506
0.06318283133468316
0.047513051758585334
-0.017136936568830308
0.0344322264021244
-0.05699148198311299
0.11840346286310233
0.020446479141682516
0.0027859037974478085
0.05425453554333082
0.04995452527457189
0.0216176650818376
-0.03563356684104946
0.012394543666532698
-0.05416508205116166
0.0688088340488946
0.006265799221320201
-0.012372140541780041
-0.0005187167995490682
-0.07892951287026762
0.0203593980283987
0.06925574960452696
-0.036421638107813514
-0.0002868205956847447
-0.022348210496932808
-0.1218059774124729
0.039209693040964666
0.012299756912504733
0.04391937482752173
-0.05586089089844393
0.005082074600808895
0.03994035520780326
-0.0007657730469858848
0.026005039289207943
-0.032340875642459466
-0.0038562351615762935
0.04135586741642605
-0.08721982612879486
0.10240276235625068
-0.004841918958801372
0.049538360788050184
-0.050143819123519506
0.056736527751481525
-0.07724758378448726
-0.1218059774124729
-0.0636718542421022
0.02714223291166995
-0.005818111085915234
0.04823967565580034
-0.08126108737944548
0.06292625909621563
-0.022348210496932808
0.0016709762031741349
0.11840346286310233
0.018593646962060006
-0.012150300762606037
-0.015144140805206874
-0.0008948035361102669
-0.013771885982464482
-0.0007657730469858848
0.13204555949274965
-0.17661184642248884
0.0016709762031741349
0.01046829599036414
0.0016709762031741349
-0.009357776553262198
0.04283497654615154
-0.12033949778566289
-0.07212958518599066
0.08732358904095427
-0.04466517994807795
-0.014438989348697362
0.06228267241298191
0.0512476844333456
-0.013771885982464482
0.030974972656109045
-0.010532567714866659
0.03208636570286316
0.04995452527457189
0.05182100602750328
0.020446479141682516
0.04135586741642605
-0.045496030668886966
-0.010532567714866659
0.007058852839625374
0.02451643163530548
-0.0851300246174862
0.09718899306107964
0.018593646962060006
0.019778644828504
0.04391937482752173
-0.049962429852048906
0.07586149829868472
-0.0002495311402075373
0.031017376704207678
0.04371378571481266
0.15300088602597928
0.06364954486786978
0.04048653167530425
-0.12033949778566289
0.03994035520780326
-0.07724758378448726
0.09718899306107964
-0.05282848588680089
0.10240276235625068
0.045224792909892564
-0.05586089089844393
0.0027859037974478085
0.006265799221320201
0.13480548385110502
0.007058852839625374
-0.013771885982464482
-0.03917887174705115
-0.01686722086916248
0.043334141200254805
-0.09432889171755221
0.0016709762031741349
-0.015144140805206874
0.0512476844333456
-0.0002868205956847447
0.11522232211929584
-0.022622356364218277
0.02773636562208104
0.0165919313161762
0.045224792909892564
0.11840346286310233
0.013040071944516285
-0.0851300246174862
0.0203593980283987
0.011999720455214913
-0.012372140541780041
0.0027859037974478085
-0.06226621690008294
0.005082074600808895
-0.13034379599603163
-0.045496030668886966
0.02432879134386301
0.045224792909892564
0.04391937482752173
0.01661350063361855
0.05425453554333082
0.13204555949274965
0.06364954486786978
-0.06638125688640528
-0.0851300246174862
0.06228267241298191
0.02432879134386301
-0.03173275161671363
-0.09432889171755221
-0.01686722086916248
0.08383912323474085
-0.038466866176760206
-0.0849833488167917
-0.08678886069673908
0.01046829599036414
-0.05464289541014722
0.03443624877469453
0.009856619194733796
0.04606131559255999
0.01661350063361855
0.018593646962060006
0.001954162314668828
0.06228267241298191
0.05436809318039337
0.08759468040243501
-0.10819102148647719
0.04920879849315085
0.07060672059698447
0.02451643163530548
0.025649122658425227
-0.0011970474263076625
0.04606131559255999
0.09718899306107964
-0.0002868205956847447
-0.05983064969141072
-0.08110299466350668
-0.007720686875989813
-0.045496030668886966
0.04920879849315085
-0.08678886069673908
-0.0489237727198617
0.03643980545838055
-0.10819102148647719
-0.009357776553262198
0.15300088602597928
-0.0008948035361102669
0.06806350229329183
-0.05699148198311299
-0.06053051312501001
