-0.032340875642459466
0.06569838178769771
0.04995452527457189
0.028713620756199987
-0.06053051312501001
-0.002205271978588108
-0.028034859824940028
-0.027788545411032928
-0.07465345378649157
0.020567585268201682
-0.07724758378448726
0.04391937482752173
-0.06258250876081561
0.051344950513199095
0.08799230776265521
-0.06258250876081561
0.08732358904095427
0.06569838178769771
-0.005818111085915234
0.02451643163530548
-0.05416508205116166
-0.022348210496932808
0.05436809318039337
0.04469322213864224
-0.03133707462365809
-0.07892951287026762
-0.0038562351615762935
-0.045496030668886966
-0.005818111085915234
0.014471610315426986
0.0844852260058202
0.01613403625846388
0.012394543666532698
0.051344950513199095
-0.13034379599603163
0.0041948137923384365
-0.07212958518599066
-0.02243129284092049
-0.08126108737944548
0.1399333926158075
0.045224792909892564
0.01661350063361855
-0.08285893181375492
0.0216176650818376
0.051344950513199095
0.03882682382156144
-0.02862716582831837
0.07060672059698447
-0.01844849936066506
-0.051670301345440706
0.011553574399841615
0.01699193585620762
-0.07892951287026762
0.025649122658425227
0.026653357334457617
-0.015144140805206874
0.01699193585620762
0.0688088340488946
0.0344322264021244
0.0344322264021244
0.012390402416693647
0.048059232237648075
-0.008416174423421019
-0.0002495311402075373
0.013040071944516285
0.005082074600808895
0.04333086414918519
0.014471610315426986
0.023560334148108097
0.02432879134386301
-0.08110299466350668
0.03863378364598535
-0.021161035659430283
-0.0007657730469858848
0.07518071596092746
0.008505479129739868
0.07382421435571018
0.04790976101641675
0.04827168718050601
0.037453479113841226
0.037453479113841226
0.005082074600808895
-0.04466517994807795
0.03994035520780326
-0.004841918958801372
0.0344322264021244
-0.17661184642248884
0.04823967565580034
-0.06285634704832255
-0.010204897362879883
0.15300088602597928
0.04299886054755575
0.012299756912504733
-0.005105231073404326
0.05425453554333082
-0.05586089089844393
-0.0549153461639893
-0.01844849936066506
0.0576314646823306
-0.03997727574944321
0.15300088602597928
0.02927401578257438
-0.15702055781469149
-0.03563356684104946
-0.08143178414826124
-0.007338419158481102
0.04333086414918519
-0.01686722086916248
0.030974972656109045
0.08302714817478662
0.06925574960452696
0.04391937482752173
-0.010204897362879883
0.0025784297617263974
0.025722681761052968
0.020567585268201682
-0.010532567714866659
0.02773636562208104
0.07382421435571018
-0.036421638107813514
-0.05129888770798985
-0.0007657730469858848
-0.06053051312501001
0.03208636570286316
-0.07724758378448726
0.08105492908796386
0.014780240742707562
-0.015144140805206874
-0.028034859824940028
-0.09359820865597968
-0.004841918958801372
0.023512429278589764
-0.060513028914405353
-0.06226621690008294
0.006265799221320201
-0.03917887174705115
0.0016709762031741349
-0.03045002278091502
0.020567585268201682
0.013040071944516285
-0.05120330655862837
0.04048653167530425
0.04391937482752173
-0.007720686875989813
0.06994395962703592
-0.0011970474263076625
-0.019391257313081667
0.03443624877469453
0.02773636562208104
-0.06720056781523276
0.08632977574364098
0.0576314646823306
-0.0357902826629255
-0.002205271978588108
0.04333086414918519
-0.022821982956040543
0.15300088602597928
0.026005039289207943
0.06925574960452696
-0.03045002278091502
0.014780240742707562
0.09718899306107964
-0.019391257313081667
0.006746455834750975
0.04799414960212012
-0.027393577402978764
-0.10013006587302442
0.008505479129739868
-0.08814864178677073
0.012299756912504733
0.01716964896203166
-0.03458770640829023
0.04135586741642605
-0.07075486294590672
0.06806350229329183
0.013109728048770641
0.017908695057996304
0.08105492908796386
0.0844852260058202
-0.05464289541014722
-0.05282848588680089
-0.019391257313081667
-0.05282848588680089
-0.050143819123519506
0.05425453554333082
-0.08721982612879486
0.030122729138618354
-0.045496030668886966
0.01347000313241331
-0.01844849936066506
-0.1218059774124729
0.01699193585620762
-0.012150300762606037
0.03443624877469453
-0.0002868205956847447
-0.08814864178677073
-0.050143819123519506
-0.0002495311402075373
0.04048653167530425
-0.02243129284092049
-0.06638125688640528
0.006143668794592827
0.09718899306107964
0.0844852260058202
-0.2546008091448053
-0.07724758378448726
0.048059232237648075
-0.032259158022980294
0.04827168718050601
-0.010532567714866659
-0.10819102148647719
0.06292625909621563
-0.05699148198311299
0.04995452527457189
0.006746455834750975
0.0025784297617263974
0.01347000313241331
0.0041948137923384365
-0.02862716582831837
0.01347000313241331
0.030974972656109045
0.06228267241298191
-0.022898889969576786
-0.03997727574944321
-0.0002868205956847447
0.022194058573782982
-0.002205271978588108
0.031017376704207678
-0.06226621690008294
0.04283497654615154
0.028713620756199987
0.003822387934753202
0.08759468040243501
-0.06720056781523276
0.012299756912504733
0.01035787819304268
-0.06258250876081561
0.08653619008305125
0.04799414960212012
0.025722681761052968
0.02520341309711238
0.006143668794592827
-0.015144140805206874
0.022821768641877682
0.062467374718552904
-0.08721982612879486
0.11840346286310233
-0.08678886069673908
0.041840431302949455
-0.0011970474263076625
0.024801788304586125
-0.0549153461639893
-0.009357776553262198
-0.0013205999854228878
-0.03520416182162833
0.045224792909892564
-0.08721982612879486
-0.05120330655862837
-0.22146034456414654
-0.06464003578883037
0.17000938109242547
-0.1218059774124729
0.0326533364262076
-0.2546008091448053
-0.09570667993071069
0.0344322264021244
-0.022821982956040543
-0.02862716582831837
0.020083040980136246
-0.022368622754905587
0.005082074600808895
-0.07892951287026762
-0.017242733713295877
0.029794720012301212
-0.13034379599603163
0.049538360788050184
-0.007543661478351282
0.019778644828504
0.01035787819304268
0.048059232237648075
0.04333086414918519
0.0022689688502968153
-0.01844849936066506
-0.009357776553262198
-0.007317237093852569
-0.007882998007099573
0.0461992712042818
0.04665297339942498
-0.01686722086916248
-0.03520416182162833
0.020083040980136246
0.0022689688502968153
0.07518071596092746
-0.0007657730469858848
-0.01686722086916248
0.04827168718050601
0.015089270086424023
-0.03997727574944321
0.037453479113841226
