0.04048653167530425
-0.015144140805206874
0.09718899306107964
-0.04466517994807795
0.012299756912504733
0.07518071596092746
-0.12033949778566289
0.08176108754913614
-0.08814864178677073
0.04729149119249154
-0.09359820865597968
-0.037433866920196124
0.01716964896203166
0.0844852260058202
0.017908695057996304
0.007058852839625374
-0.22146034456414654
-0.050143819123519506
0.02451643163530548
0.02714223291166995
-0.024170822975695394
0.023560334148108097
0.03863378364598535
0.01046829599036414
0.06925574960452696
0.05198789125700998
-0.10819102148647719
0.05436809318039337
-0.08110299466350668
0.0688088340488946
0.08799230776265521
0.015089270086424023
0.08383912323474085
0.10109672394520075
-0.0007657730469858848
-0.03458770640829023
0.08080248335888918
0.034283772423341574
0.08176108754913614
0.056736527751481525
0.02714223291166995
0.08759468040243501
0.04729149119249154
0.01347000313241331
0.008505479129739868
0.020567585268201682
-0.027788545411032928
0.15300088602597928
-0.03458770640829023
-0.08285893181375492
-0.03045002278091502
0.10109672394520075
0.025722681761052968
-0.17661184642248884
-0.03695834061658587
0.048059232237648075
0.06316607709876365
0.025722681761052968
0.15300088602597928
0.0844852260058202
-0.06226621690008294
-0.0851300246174862
-0.02862716582831837
-0.002205271978588108
-0.01249170093178087
-0.012372140541780041
0.05425453554333082
0.0688088340488946
0.06316607709876365
0.0216176650818376
0.0688088340488946
0.06925574960452696
0.031017376704207678
0.04823967565580034
0.08383912323474085
0.10109672394520075
-0.047644828679283435
0.001954162314668828
-0.047644828679283435
-0.013878349100881593
-0.021161035659430283
-0.028034859824940028
-0.021161035659430283
0.0041948137923384365
-0.022821982956040543
-0.06285634704832255
0.1399333926158075
-0.007338419158481102
0.03643980545838055
0.009856619194733796
0.008665176454019985
-0.011743957061684185
0.02520341309711238
-0.032340875642459466
0.08799230776265521
-0.05699148198311299
-0.10013006587302442
-0.04466517994807795
-0.027789787343500905
0.11840346286310233
-0.07414653786004877
-0.06193714350214741
0.025524068456756588
-0.17661184642248884
-0.007543661478351282
-0.0038562351615762935
0.006265799221320201
-0.02496648159475967
0.04823967565580034
-0.03045002278091502
0.009856619194733796
0.0016709762031741349
0.06569838178769771
0.04391937482752173
-0.03695834061658587
0.01661350063361855
-0.027788545411032928
-0.09359820865597968
0.030974972656109045
0.04665297339942498
-0.03997727574944321
0.08105492908796386
-0.13034379599603163
0.013109728048770641
0.013065356771912562
0.006143668794592827
0.06569838178769771
-0.021161035659430283
-0.01686722086916248
-0.08110299466350668
0.04606131559255999
-0.03173275161671363
0.025649122658425227
0.03861575224405023
0.06806350229329183
-0.03917887174705115
-0.08721982612879486
-0.2546008091448053
0.048059232237648075
0.01347000313241331
-0.012150300762606037
-0.036421638107813514
-0.0005187167995490682
-0.010532567714866659
0.11522232211929584
-0.06193714350214741
-0.028034859824940028
0.04665297339942498
-0.05654058267968054
0.04920879849315085
0.011553574399841615
-0.01956931117570271
0.04391937482752173
-0.04126132556270612
0.0515617796937029
0.01046829599036414
0.020567585268201682
-0.024170822975695394
-0.0008948035361102669
0.04729149119249154
-0.019514789449790015
0.030974972656109045
-0.03997727574944321
-0.05699148198311299
0.17000938109242547
-0.009357776553262198
0.02927401578257438
0.06605801367827979
-0.010204897362879883
0.023560334148108097
0.013040071944516285
-0.03173275161671363
-0.004841918958801372
-0.05282848588680089
0.08121523150568599
0.056736527751481525
0.04333086414918519
0.012299756912504733
-0.05699148198311299
0.02708189422255458
0.037453479113841226
0.11840346286310233
0.006143668794592827
0.03443624877469453
-0.002205271978588108
0.047513051758585334
0.04729149119249154
0.031017376704207678
-0.03270475340709922
0.03861575224405023
0.04920879849315085
-0.018864353824572078
0.015089270086424023
-0.0636718542421022
0.04135586741642605
-0.02862716582831837
0.02520341309711238
0.015089270086424023
-0.03917887174705115
0.0016709762031741349
-0.03563356684104946
-0.03133707462365809
0.024801788304586125
-0.0002495311402075373
0.03973066370480538
0.013109728048770641
-0.038466866176760206
0.025722681761052968
-0.07892951287026762
-0.022622356364218277
-0.018864353824572078
0.15300088602597928
-0.008416174423421019
0.08080248335888918
-0.06109953281700342
-0.02862716582831837
0.0576314646823306
0.11522232211929584
-0.041376638974308655
0.05168531023255696
0.01661350063361855
0.09718899306107964
-0.019391257313081667
0.02451643163530548
-0.07465345378649157
0.04665297339942498
0.07518071596092746
0.037453479113841226
0.023512429278589764
0.11522232211929584
0.13480548385110502
0.049538360788050184
0.10109672394520075
-0.05586089089844393
0.04371378571481266
0.05436809318039337
-0.02496648159475967
-0.060513028914405353
0.08653619008305125
-0.08814864178677073
0.03861575224405023
-0.007317237093852569
0.01716964896203166
0.001954162314668828
0.007058852839625374
-0.04022536987465397
-0.03695834061658587
-0.05416508205116166
0.04995452527457189
-0.0007657730469858848
-0.03563356684104946
-0.09570667993071069
0.0344322264021244
0.011999720455214913
0.04380656992791998
0.001954162314668828
0.02432879134386301
0.056736527751481525
0.04995452527457189
-0.08143178414826124
-0.01844849936066506
-0.013878349100881593
0.01046829599036414
-0.018864353824572078
-0.08721982612879486
0.03861575224405023
-0.03695834061658587
0.08383912323474085
0.006265799221320201
0.020446479141682516
-0.05416508205116166
-0.06193714350214741
0.011553574399841615
0.07382421435571018
0.0278028767684102
0.01613403625846388
0.011553574399841615
-0.013878349100881593
0.0278028767684102
0.06569838178769771
-0.01844849936066506
0.0276177252845331
0.020446479141682516
0.0326533364262076
0.026005039289207943
-0.06258250876081561
0.003822387934753202
-0.007720686875989813
0.0203593980283987
-0.08143178414826124
0.07586149829868472
0.0216176650818376
-0.032259158022980294
0.13204555949274965
-0.03270475340709922
0.05799658946616226
-0.011743957061684185
-0.03173275161671363
0.04371378571481266
