0.03861575224405023
-0.05120330655862837
-0.027789787343500905
0.020567585268201682
-0.019391257313081667
0.008665176454019985
-0.06464003578883037
-0.06226621690008294
0.08732358904095427
-0.08285893181375492
0.11840346286310233
0.014780240742707562
0.005173534568482907
0.05198789125700998
-0.04466517994807795
-0.013878349100881593
-0.036421638107813514
-0.03563356684104946
-0.022898889969576786
0.06318283133468316
0.043334141200254805
-0.09570667993071069
0.05799658946616226
-0.027789787343500905
-0.02375973362478856
0.056736527751481525
-0.012372140541780041
0.09718899306107964
-0.06053051312501001
-0.04466517994807795
0.003822387934753202
-0.019514789449790015
0.0515617796937029
0.04391937482752173
-0.005105231073404326
0.005173534568482907
0.020567585268201682
0.04920879849315085
0.0844852260058202
-0.08285893181375492
0.001954162314668828
-0.02862716582831837
0.026458811902690726
0.003822387934753202
0.062467374718552904
0.04380656992791998
-0.041376638974308655
0.04283497654615154
0.008665176454019985
-0.09432889171755221
0.06318283133468316
-0.024170822975695394
0.02432879134386301
-0.0549153461639893
0.008505479129739868
-0.10013006587302442
-0.2546008091448053
-0.037433866920196124
-0.05282848588680089
-0.050143819123519506
-0.022821982956040543
-0.06053051312501001
-0.0489237727198617
-0.05120330655862837
-0.041376638974308655
-0.05699148198311299
0.05168531023255696
0.04469322213864224
-0.0357902826629255
0.07518071596092746
0.0844852260058202
-0.004841918958801372
-0.049962429852048906
-0.08678886069673908
0.17000938109242547
0.005082074600808895
0.001954162314668828
0.04469322213864224
0.062467374718552904
-0.0008948035361102669
0.045224792909892564
0.0025784297617263974
0.11522232211929584
-0.03270475340709922
0.04729149119249154
0.0022689688502968153
0.01046829599036414
-0.03520416182162833
0.08799230776265521
0.037107507807760065
0.020083040980136246
0.15300088602597928
0.05198789125700998
0.0461992712042818
0.0278028767684102
0.022194058573782982
0.06761705055254463
0.08105492908796386
-0.03270475340709922
0.08383912323474085
0.04729149119249154
-0.08126108737944548
-0.037433866920196124
0.019778644828504
0.05182100602750328
-0.03997727574944321
0.04469322213864224
0.04371378571481266
-0.0011970474263076625
-0.018864353824572078
-0.07465345378649157
0.025649122658425227
0.10109672394520075
-0.08126108737944548
0.04799414960212012
0.05198789125700998
0.008505479129739868
-0.03997727574944321
0.08653619008305125
-0.05654058267968054
0.02773636562208104
0.06761705055254463
-0.0851300246174862
0.13204555949274965
-0.027788545411032928
0.006265799221320201
-0.022821982956040543
-0.0008948035361102669
0.08121523150568599
-0.01686722086916248
-0.022622356364218277
-0.027789787343500905
-0.08143178414826124
0.15300088602597928
0.041840431302949455
-0.05654058267968054
0.07060672059698447
-0.07414653786004877
-0.013771885982464482
0.0165919313161762
-0.05699148198311299
-0.017136936568830308
-0.007543661478351282
0.05182100602750328
-0.03133707462365809
-0.08814864178677073
0.012299756912504733
0.0016709762031741349
-0.04022536987465397
0.013065356771912562
-0.0008948035361102669
0.047513051758585334
0.0278028767684102
0.03861575224405023
0.17000938109242547
0.07382421435571018
-0.0007657730469858848
-0.0357902826629255
-0.027788545411032928
-0.08143178414826124
0.025524068456756588
0.007058852839625374
-0.04022536987465397
-0.09432889171755221
-0.05586089089844393
-0.2546008091448053
0.017908695057996304
0.09718899306107964
-0.03563356684104946
0.034283772423341574
0.026653357334457617
-0.01249170093178087
-0.10819102148647719
-0.010204897362879883
-0.05464289541014722
-0.007720686875989813
-0.1218059774124729
0.09718899306107964
-0.012372140541780041
0.0027859037974478085
-0.06638125688640528
0.031017376704207678
-0.0357902826629255
-0.024170822975695394
0.06316607709876365
0.018593646962060006
0.01724199139330551
0.05425453554333082
0.01046829599036414
0.09718899306107964
0.0025784297617263974
0.030122729138618354
0.062467374718552904
-0.060513028914405353
-0.12033949778566289
0.03973066370480538
0.037453479113841226
0.031017376704207678
0.023560334148108097
0.0278028767684102
0.08759468040243501
-0.05699148198311299
0.04048653167530425
0.03643980545838055
-0.013878349100881593
-0.05983064969141072
0.06316607709876365
0.04283497654615154
-0.06193714350214741
0.012390402416693647
-0.03997727574944321
0.034283772423341574
0.06292625909621563
0.0576314646823306
0.13480548385110502
-0.0013205999854228878
-0.03458770640829023
-0.03173275161671363
0.0027859037974478085
0.020567585268201682
-0.005818111085915234
0.04790976101641675
0.009856619194733796
-0.0005187167995490682
0.014780240742707562
0.034283772423341574
-0.08285893181375492
0.045224792909892564
0.04391937482752173
-0.0849833488167917
-0.13034379599603163
0.08121523150568599
0.05198789125700998
0.017908695057996304
-0.007882998007099573
-0.05129888770798985
0.020083040980136246
0.04380656992791998
-0.2546008091448053
0.01716964896203166
0.02708189422255458
-0.04022536987465397
0.04590352204112591
0.04799414960212012
0.06569838178769771
-0.0851300246174862
0.02432879134386301
0.08383912323474085
-0.015144140805206874
-0.03458770640829023
0.006746455834750975
0.08799230776265521
-0.03270475340709922
-0.0636718542421022
0.06806350229329183
-0.04126132556270612
0.03882682382156144
-0.03045002278091502
0.04790976101641675
-0.0008948035361102669
0.02708189422255458
-0.0489237727198617
0.023560334148108097
-0.007882998007099573
-0.002205271978588108
0.049538360788050184
0.023512429278589764
0.0278028767684102
0.08732358904095427
-0.10819102148647719
-0.051670301345440706
-0.06109953281700342
-0.027789787343500905
0.026653357334457617
-0.0002495311402075373
-0.060513028914405353
0.037107507807760065
0.012299756912504733
0.01347000313241331
-0.045496030668886966
0.01579928711915457
-0.15702055781469149
0.04995452527457189
0.03863378364598535
-0.05654058267968054
0.04391937482752173
0.0025784297617263974
0.02927401578257438
-0.007317237093852569
-0.02862716582831837
-0.05983064969141072
0.01661350063361855
0.025524068456756588
0.013109728048770641
0.0203593980283987
-0.03695834061658587
-0.08143178414826124
0.0216176650818376
0.08799230776265521
