-0.0002868205956847447
0.02432879134386301
0.1399333926158075
0.05182100602750328
0.01579928711915457
0.06806350229329183
0.04135586741642605
-0.08285893181375492
-0.021161035659430283
0.0276177252845331
0.04790976101641675
0.04048653167530425
0.03643980545838055
-0.22146034456414654
-0.038466866176760206
0.01035787819304268
-0.018864353824572078
0.013109728048770641
0.08799230776265521
-0.07212958518599066
-0.0357902826629255
0.10109672394520075
-0.018864353824572078
0.026005039289207943
0.009856619194733796
0.0688088340488946
0.1399333926158075
-0.012372140541780041
-0.03997727574944321
0.04799414960212012
-0.05129888770798985
-0.0008948035361102669
-0.06226621690008294
0.06569838178769771
0.05198789125700998
-0.08126108737944548
0.008665176454019985
0.04827168718050601
0.1417808980890598
0.03443624877469453
0.06292625909621563
0.0016709762031741349
-0.06226621690008294
-0.0549153461639893
0.0326533364262076
0.007058852839625374
0.08105492908796386
0.0025784297617263974
-0.06258250876081561
0.04333086414918519
0.04299886054755575
-0.05586089089844393
0.06364954486786978
0.01613403625846388
-0.05120330655862837
-0.0013205999854228878
-0.03270475340709922
0.017908695057996304
-0.028034859824940028
0.0512476844333456
0.08632977574364098
0.02714223291166995
0.05182100602750328
-0.019391257313081667
0.0025784297617263974
0.006265799221320201
0.04380656992791998
-0.007338419158481102
0.06567138145123597
-0.04466517994807795
0.062467374718552904
-0.06464003578883037
-0.0489237727198617
0.01716964896203166
-0.022348210496932808
0.07060672059698447
0.15300088602597928
-0.0008948035361102669
-0.012150300762606037
-0.05586089089844393
0.011999720455214913
0.06761705055254463
0.0461992712042818
0.0844852260058202
-0.13034379599603163
0.05168531023255696
0.006265799221320201
0.01035787819304268
0.01716964896203166
-0.036421638107813514
0.04135586741642605
0.030122729138618354
-0.007882998007099573
-0.0005187167995490682
0.03994035520780326
-0.03173275161671363
0.11522232211929584
-0.08126108737944548
-0.012150300762606037
-0.017136936568830308
0.023560334148108097
0.05168531023255696
0.08105492908796386
0.026005039289207943
0.023512429278589764
0.08383912323474085
-0.027788545411032928
-0.0489237727198617
0.026458811902690726
0.01724199139330551
-0.0008948035361102669
-0.038466866176760206
0.08653619008305125
-0.22146034456414654
0.013040071944516285
-0.05129888770798985
-0.027788545411032928
0.020083040980136246
0.051344950513199095
-0.01956931117570271
0.05799658946616226
0.10240276235625068
0.0844852260058202
0.06318283133468316
0.015089270086424023
0.0515617796937029
-0.012150300762606037
0.005173534568482907
-0.17661184642248884
-0.02375973362478856
-0.02375973362478856
0.003822387934753202
-0.014438989348697362
-0.12033949778566289
0.06994395962703592
0.01347000313241331
0.025722681761052968
0.01046829599036414
-0.009588853389239205
-0.010204897362879883
-0.019514789449790015
0.048059232237648075
-0.03997727574944321
0.045224792909892564
0.022194058573782982
-0.012372140541780041
0.04333086414918519
0.028713620756199987
0.0276177252845331
0.06318283133468316
0.025649122658425227
-0.02375973362478856
0.031017376704207678
-0.060513028914405353
-0.015144140805206874
0.012299756912504733
-0.05983064969141072
0.007058852839625374
-0.07892951287026762
-0.08678886069673908
-0.013771885982464482
-0.01249170093178087
0.1417808980890598
0.1417808980890598
-0.03133707462365809
0.030974972656109045
0.08302714817478662
-0.032340875642459466
0.005173534568482907
0.015089270086424023
-0.08126108737944548
-0.037433866920196124
0.049538360788050184
-0.04466517994807795
0.06761705055254463
0.0844852260058202
-0.06258250876081561
0.04469322213864224
0.056736527751481525
0.06925574960452696
-0.05129888770798985
0.039209693040964666
0.07518071596092746
-0.22146034456414654
-0.024170822975695394
-0.03173275161671363
-0.028034859824940028
0.0344322264021244
0.04665297339942498
0.020446479141682516
0.009856619194733796
0.03882682382156144
0.09718899306107964
0.0041948137923384365
0.0165919313161762
0.04380656992791998
-0.0008948035361102669
-0.012150300762606037
-0.0013205999854228878
0.019778644828504
0.028713620756199987
0.026458811902690726
0.06806350229329183
-0.047644828679283435
-0.0002495311402075373
0.06761705055254463
0.02714223291166995
0.037453479113841226
0.04391937482752173
0.047513051758585334
-0.06720056781523276
0.008505479129739868
0.05168531023255696
-0.049962429852048906
-0.05416508205116166
-0.02496648159475967
-0.0008948035361102669
0.005082074600808895
0.01035787819304268
-0.012372140541780041
0.041840431302949455
0.013040071944516285
0.05182100602750328
0.006143668794592827
-0.01844849936066506
-0.018864353824572078
-0.045496030668886966
-0.13034379599603163
-0.02375973362478856
-0.07892951287026762
-0.02862716582831837
-0.10819102148647719
0.039209693040964666
0.08732358904095427
-0.07212958518599066
-0.06258250876081561
0.030122729138618354
-0.03917887174705115
0.0216176650818376
-0.10819102148647719
0.019778644828504
0.02773636562208104
0.0576314646823306
0.07060672059698447
0.024801788304586125
0.005173534568482907
0.06228267241298191
0.062467374718552904
0.01579928711915457
0.039209693040964666
0.0027859037974478085
0.023560334148108097
-0.05699148198311299
-0.0489237727198617
-0.038466866176760206
-0.05699148198311299
0.08302714817478662
-0.07724758378448726
0.04135586741642605
-0.0851300246174862
-0.08285893181375492
0.02520341309711238
0.05425453554333082
0.020567585268201682
0.0344322264021244
0.06761705055254463
0.011553574399841615
0.025649122658425227
0.04665297339942498
0.04729149119249154
-0.07724758378448726
0.08176108754913614
0.0022689688502968153
-0.047644828679283435
-0.07724758378448726
-0.04126132556270612
-0.002647647860884561
-0.09359820865597968
-0.02243129284092049
-0.08678886069673908
0.03973066370480538
0.012394543666532698
-0.07212958518599066
0.043334141200254805
0.01716964896203166
-0.03045002278091502
0.04665297339942498
0.006746455834750975
-0.06193714350214741
0.01699193585620762
0.08383912323474085
0.04590352204112591
0.07518071596092746
0.01716964896203166
-0.09359820865597968
-0.007338419158481102
0.03882682382156144
0.028713620756199987
0.062467374718552904
