-0.03270475340709922
-0.022368622754905587
0.02927401578257438
0.037107507807760065
0.06316607709876365
-0.007317237093852569
0.04048653167530425
0.020567585268201682
-0.037433866920196124
0.017908695057996304
0.04729149119249154
-0.07414653786004877
0.0278028767684102
0.025722681761052968
0.015089270086424023
-0.027393577402978764
0.08799230776265521
0.015089270086424023
0.01661350063361855
-0.0013205999854228878
-0.08721982612879486
-0.015144140805206874
0.01046829599036414
0.06605801367827979
0.0515617796937029
-0.010532567714866659
0.08632977574364098
-0.0007657730469858848
0.019778644828504
0.023560334148108097
0.05198789125700998
-0.013878349100881593
0.048059232237648075
-0.021161035659430283
-0.007543661478351282
0.04665297339942498
0.06761705055254463
0.08176108754913614
0.10109672394520075
-0.08721982612879486
0.1417808980890598
-0.17661184642248884
-0.015144140805206874
0.025722681761052968
0.012394543666532698
0.04665297339942498
-0.15702055781469149
0.01699193585620762
0.005082074600808895
0.0027859037974478085
0.04590352204112591
-0.08814864178677073
-0.02243129284092049
0.006143668794592827
-0.015144140805206874
-0.0357902826629255
-0.0636718542421022
0.01724199139330551
0.020446479141682516
0.05425453554333082
0.047513051758585334
0.022821768641877682
0.03994035520780326
-0.08143178414826124
0.011999720455214913
-0.051670301345440706
-0.009588853389239205
-0.0357902826629255
0.049538360788050184
-0.004841918958801372
-0.0357902826629255
0.01035787819304268
0.024801788304586125
0.048059232237648075
-0.03917887174705115
0.06228267241298191
0.11522232211929584
-0.03917887174705115
0.04665297339942498
0.01046829599036414
0.04920879849315085
-0.024170822975695394
-0.05983064969141072
0.04920879849315085
-0.005818111085915234
-0.0038562351615762935
0.012394543666532698
0.003822387934753202
0.008505479129739868
-0.01686722086916248
-0.013771885982464482
0.07382421435571018
0.06761705055254463
0.05198789125700998
0.04371378571481266
0.05198789125700998
-0.021161035659430283
-0.02243129284092049
0.04391937482752173
0.08383912323474085
0.048059232237648075
0.0022689688502968153
0.05436809318039337
-0.007543661478351282
-0.050143819123519506
0.04920879849315085
0.1417808980890598
0.04333086414918519
-0.2546008091448053
0.025649122658425227
0.048059232237648075
0.012394543666532698
0.0027859037974478085
0.037107507807760065
0.007058852839625374
-0.002647647860884561
0.06569838178769771
0.05182100602750328
0.08080248335888918
-0.06109953281700342
-0.012372140541780041
-0.03917887174705115
-0.051670301345440706
0.029794720012301212
-0.009357776553262198
0.03973066370480538
0.06292625909621563
-0.027788545411032928
-0.2546008091448053
0.037107507807760065
-0.06638125688640528
0.006746455834750975
0.0022689688502968153
-0.17661184642248884
0.047513051758585334
0.028713620756199987
0.04790976101641675
0.030974972656109045
0.011553574399841615
-0.009357776553262198
-0.08110299466350668
-0.027462288324585415
-0.049962429852048906
-0.06720056781523276
0.04380656992791998
0.049538360788050184
0.07382421435571018
0.006265799221320201
-0.0007657730469858848
0.04799414960212012
0.011553574399841615
0.020446479141682516
-0.0636718542421022
-0.0038562351615762935
0.012299756912504733
0.014471610315426986
0.05198789125700998
-0.007338419158481102
-0.02496648159475967
-0.0636718542421022
0.06761705055254463
0.022194058573782982
-0.08285893181375492
0.008665176454019985
-0.04466517994807795
-0.036421638107813514
0.012394543666532698
0.08383912323474085
-0.05983064969141072
0.04995452527457189
-0.013771885982464482
-0.049962429852048906
0.05436809318039337
-0.019514789449790015
0.005082074600808895
0.05182100602750328
0.11840346286310233
-0.005105231073404326
-0.0007657730469858848
0.01613403625846388
0.04995452527457189
-0.017136936568830308
0.05799658946616226
-0.002205271978588108
0.037107507807760065
0.005173534568482907
0.025722681761052968
0.020567585268201682
0.026005039289207943
0.025524068456756588
0.012394543666532698
-0.07212958518599066
-0.019391257313081667
-0.08126108737944548
-0.037433866920196124
0.020567585268201682
0.03882682382156144
-0.03133707462365809
0.019778644828504
0.03443624877469453
0.08799230776265521
0.0041948137923384365
-0.06285634704832255
-0.06638125688640528
0.062467374718552904
0.006143668794592827
-0.008416174423421019
-0.018864353824572078
-0.09432889171755221
0.06228267241298191
0.07518071596092746
0.011999720455214913
-0.008416174423421019
0.05436809318039337
0.03443624877469453
-0.10013006587302442
0.01613403625846388
-0.022368622754905587
-0.009357776553262198
0.06806350229329183
-0.045496030668886966
0.05799658946616226
0.04606131559255999
0.0326533364262076
-0.036421638107813514
-0.011743957061684185
-0.04126132556270612
-0.0002868205956847447
-0.06053051312501001
0.08799230776265521
-0.05654058267968054
-0.007543661478351282
0.041840431302949455
-0.02243129284092049
-0.0013205999854228878
-0.027788545411032928
0.0576314646823306
0.06364954486786978
0.041840431302949455
-0.004841918958801372
0.022194058573782982
0.08653619008305125
0.03973066370480538
-0.008416174423421019
0.08653619008305125
-0.022348210496932808
0.06292625909621563
0.02708189422255458
0.03443624877469453
-0.045496030668886966
0.08799230776265521
0.07586149829868472
0.026005039289207943
0.06605801367827979
0.05182100602750328
0.0025784297617263974
0.009856619194733796
0.015089270086424023
0.03994035520780326
0.06228267241298191
-0.06258250876081561
-0.05120330655862837
0.0844852260058202
-0.010204897362879883
-0.011743957061684185
0.01035787819304268
0.1417808980890598
-0.22146034456414654
0.13480548385110502
-0.007720686875989813
-0.07724758378448726
-0.027462288324585415
-0.07212958518599066
-0.01956931117570271
0.01716964896203166
-0.08126108737944548
-0.05586089089844393
-0.013771885982464482
0.08080248335888918
0.03994035520780326
0.06364954486786978
-0.05699148198311299
-0.012372140541780041
-0.15702055781469149
0.04920879849315085
0.008665176454019985
0.020083040980136246
0.04799414960212012
0.04729149119249154
0.04135586741642605
-0.027462288324585415
-0.027788545411032928
0.013040071944516285
0.0844852260058202
0.006143668794592827
-0.019514789449790015
0.013065356771912562
0.0027859037974478085
0.0027859037974478085
