0.07586149829868472
0.024801788304586125
0.04469322213864224
-0.06638125688640528
0.0041948137923384365
0.0461992712042818
0.006265799221320201
-0.027788545411032928
-0.06464003578883037
-0.002205271978588108
-0.08143178414826124
-0.0011970474263076625
-0.03045002278091502
0.08302714817478662
-0.050143819123519506
0.08799230776265521
-0.007882998007099573
0.017908695057996304
0.023560334148108097
0.041840431302949455
-0.005105231073404326
0.037107507807760065
0.05198789125700998
-0.05464289541014722
0.012394543666532698
0.0022689688502968153
-0.051670301345440706
-0.06285634704832255
-0.07892951287026762
-0.06258250876081561
-0.03270475340709922
-0.017242733713295877
0.049538360788050184
0.13480548385110502
0.04391937482752173
-0.04022536987465397
0.008665176454019985
0.0461992712042818
-0.05129888770798985
-0.022368622754905587
-0.017136936568830308
0.06806350229329183
0.051344950513199095
-0.03563356684104946
-0.15702055781469149
0.030974972656109045
0.023512429278589764
0.0165919313161762
-0.019391257313081667
-0.06638125688640528
0.029794720012301212
-0.03997727574944321
0.022821768641877682
-0.0357902826629255
-0.045496030668886966
0.03863378364598535
0.0688088340488946
0.015089270086424023
-0.06193714350214741
0.012390402416693647
-0.0549153461639893
-0.0636718542421022
0.06761705055254463
0.045224792909892564
0.06567138145123597
-0.047644828679283435
0.06925574960452696
0.10240276235625068
0.0461992712042818
0.01724199139330551
0.0512476844333456
0.028713620756199987
-0.05129888770798985
0.041840431302949455
-0.04126132556270612
-0.022348210496932808
-0.019514789449790015
-0.06258250876081561
0.022194058573782982
-0.04466517994807795
-0.07892951287026762
0.08105492908796386
0.0688088340488946
-0.012150300762606037
0.06994395962703592
-0.03520416182162833
-0.0489237727198617
0.0027859037974478085
-0.007543661478351282
-0.08126108737944548
0.07382421435571018
0.08759468040243501
-0.007882998007099573
0.020446479141682516
-0.07465345378649157
0.11522232211929584
0.014471610315426986
0.026005039289207943
0.008505479129739868
-0.2546008091448053
0.0515617796937029
0.08176108754913614
0.04799414960212012
0.012394543666532698
-0.002205271978588108
0.08302714817478662
0.041840431302949455
-0.01249170093178087
-0.0549153461639893
-0.07212958518599066
0.04799414960212012
0.0461992712042818
-0.060513028914405353
-0.041376638974308655
0.037453479113841226
0.08302714817478662
0.0027859037974478085
0.025649122658425227
0.014471610315426986
-0.0013205999854228878
0.0576314646823306
-0.03917887174705115
-0.03045002278091502
0.014780240742707562
-0.2546008091448053
0.03643980545838055
0.04391937482752173
-0.01249170093178087
0.04606131559255999
-0.06464003578883037
0.08383912323474085
-0.0549153461639893
0.02714223291166995
-0.0002868205956847447
0.08080248335888918
0.08632977574364098
-0.05586089089844393
-0.08285893181375492
0.06318283133468316
0.02432879134386301
0.041840431302949455
-0.08721982612879486
-0.03133707462365809
-0.022348210496932808
-0.05654058267968054
0.013065356771912562
0.019778644828504
-0.0849833488167917
0.04823967565580034
0.04729149119249154
0.01613403625846388
-0.03270475340709922
-0.05416508205116166
0.01579928711915457
0.08632977574364098
-0.08143178414826124
0.0326533364262076
0.08732358904095427
-0.022821982956040543
-0.013878349100881593
0.08080248335888918
-0.009357776553262198
-0.024170822975695394
0.08121523150568599
-0.0851300246174862
0.006265799221320201
0.08080248335888918
-0.04466517994807795
0.049538360788050184
0.10109672394520075
0.07060672059698447
0.026653357334457617
-0.005818111085915234
-0.03458770640829023
0.11840346286310233
0.015089270086424023
0.04606131559255999
-0.02496648159475967
0.03994035520780326
-0.0851300246174862
0.019778644828504
0.022821768641877682
0.0276177252845331
0.15300088602597928
-0.032340875642459466
0.03643980545838055
0.005082074600808895
-0.049962429852048906
0.04380656992791998
0.04469322213864224
0.03863378364598535
0.005173534568482907
-0.012372140541780041
-0.012372140541780041
0.04665297339942498
-0.050143819123519506
-0.06638125688640528
0.04380656992791998
-0.15702055781469149
-0.008416174423421019
-0.10819102148647719
0.04371378571481266
0.17000938109242547
0.03643980545838055
0.05436809318039337
-0.007720686875989813
-0.0851300246174862
0.006143668794592827
-0.10819102148647719
-0.0549153461639893
-0.05282848588680089
0.014471610315426986
-0.0007657730469858848
0.04665297339942498
0.02927401578257438
0.001954162314668828
0.13204555949274965
0.03643980545838055
0.07060672059698447
0.04333086414918519
-0.03458770640829023
0.04391937482752173
-0.018864353824572078
-0.03045002278091502
0.049538360788050184
-0.02496648159475967
0.02451643163530548
0.018593646962060006
0.0576314646823306
0.05799658946616226
0.03973066370480538
0.04823967565580034
0.13480548385110502
0.02520341309711238
0.17000938109242547
-0.15702055781469149
-0.0636718542421022
0.041840431302949455
0.17000938109242547
0.041840431302949455
0.051344950513199095
-0.0636718542421022
0.03443624877469453
-0.05983064969141072
0.005082074600808895
-0.013771885982464482
0.1417808980890598
0.17000938109242547
0.01716964896203166
-0.047644828679283435
0.012394543666532698
0.048059232237648075
-0.05416508205116166
-0.15702055781469149
-0.0851300246174862
-0.05282848588680089
0.0165919313161762
-0.03917887174705115
-0.050143819123519506
0.05425453554333082
-0.08110299466350668
-0.051670301345440706
0.0041948137923384365
-0.2546008091448053
-0.005818111085915234
0.062467374718552904
-0.017136936568830308
0.020446479141682516
-0.04022536987465397
-0.045496030668886966
-0.0007657730469858848
0.07518071596092746
-0.015144140805206874
0.020567585268201682
0.11522232211929584
0.10109672394520075
0.0216176650818376
0.0165919313161762
0.034283772423341574
0.07382421435571018
-0.049962429852048906
0.025524068456756588
-0.002647647860884561
-0.17661184642248884
-0.06720056781523276
0.04048653167530425
0.025524068456756588
0.04299886054755575
-0.0013205999854228878
0.1399333926158075
0.05198789125700998
0.15300088602597928
-0.049962429852048906
0.045224792909892564
-0.01956931117570271
-0.03270475340709922
-0.032340875642459466
-0.028034859824940028
-0.050143819123519506
