-0.08678886069673908
0.008505479129739868
0.02451643163530548
0.025649122658425227
0.020567585268201682
-0.022622356364218277
0.06605801367827979
0.014780240742707562
0.04799414960212012
0.03994035520780326
-0.06226621690008294
0.04391937482752173
0.07586149829868472
-0.013771885982464482
-0.1218059774124729
0.04823967565580034
0.06806350229329183
0.0844852260058202
-0.012150300762606037
0.0022689688502968153
-0.06053051312501001
0.07060672059698447
0.04299886054755575
-0.03270475340709922
0.039209693040964666
-0.03458770640829023
0.0461992712042818
0.06605801367827979
0.07586149829868472
-0.037433866920196124
-0.10819102148647719
0.04135586741642605
-0.027462288324585415
-0.050143819123519506
0.012299756912504733
-0.17661184642248884
-0.004841918958801372
0.11522232211929584
-0.0489237727198617
-0.0011970474263076625
-0.0851300246174862
0.0326533364262076
0.04799414960212012
0.019778644828504
0.012390402416693647
-0.0636718542421022
-0.027462288324585415
0.006746455834750975
0.04823967565580034
0.17000938109242547
-0.0002868205956847447
-0.032340875642459466
0.04920879849315085
-0.01956931117570271
0.0344322264021244
-0.07075486294590672
-0.027393577402978764
-0.027462288324585415
-0.0011970474263076625
0.06569838178769771
0.17000938109242547
0.023512429278589764
-0.0005187167995490682
0.04665297339942498
0.05182100602750328
-0.013771885982464482
-0.05464289541014722
0.02520341309711238
-0.03563356684104946
0.04048653167530425
-0.06053051312501001
-0.09570667993071069
-0.06193714350214741
0.04606131559255999
-0.013771885982464482
-0.0013205999854228878
-0.015144140805206874
0.025524068456756588
0.025722681761052968
-0.005818111085915234
0.08176108754913614
0.01724199139330551
-0.0549153461639893
-0.05129888770798985
-0.09359820865597968
0.009856619194733796
-0.0002868205956847447
0.0041948137923384365
-0.03520416182162833
0.03208636570286316
0.037453479113841226
0.07518071596092746
-0.0636718542421022
0.04665297339942498
0.15300088602597928
0.02451643163530548
0.048059232237648075
0.0576314646823306
0.04299886054755575
0.026653357334457617
0.01661350063361855
-0.03173275161671363
0.047513051758585334
-0.06226621690008294
0.0041948137923384365
-0.07465345378649157
0.01716964896203166
0.025524068456756588
-0.09359820865597968
-0.07724758378448726
0.006265799221320201
0.06316607709876365
-0.007720686875989813
0.048059232237648075
-0.036421638107813514
0.0461992712042818
-0.03270475340709922
-0.009357776553262198
-0.019391257313081667
-0.0549153461639893
0.08732358904095427
0.13204555949274965
-0.012372140541780041
-0.032259158022980294
-0.032259158022980294
-0.08143178414826124
0.047513051758585334
-0.05120330655862837
0.015089270086424023
0.06567138145123597
-0.02862716582831837
0.05799658946616226
0.03443624877469453
-0.06285634704832255
0.04920879849315085
-0.02375973362478856
0.030122729138618354
-0.06109953281700342
-0.013771885982464482
-0.021161035659430283
0.01347000313241331
0.037107507807760065
0.07382421435571018
-0.010204897362879883
-0.05586089089844393
0.04606131559255999
-0.03270475340709922
-0.02243129284092049
-0.06193714350214741
-0.009588853389239205
-0.007720686875989813
0.0515617796937029
-0.02496648159475967
0.04048653167530425
0.07060672059698447
0.026653357334457617
-0.051670301345440706
0.08176108754913614
-0.08814864178677073
-0.002205271978588108
-0.10013006587302442
0.11840346286310233
0.0022689688502968153
0.17000938109242547
-0.10013006587302442
-0.0008948035361102669
0.15300088602597928
-0.03045002278091502
0.04995452527457189
-0.049962429852048906
-0.05464289541014722
0.02708189422255458
-0.09359820865597968
0.025722681761052968
-0.03917887174705115
-0.05699148198311299
0.011999720455214913
-0.05120330655862837
-0.002647647860884561
-0.05282848588680089
-0.024170822975695394
-0.051670301345440706
0.02773636562208104
-0.07212958518599066
0.03643980545838055
-0.17661184642248884
-0.05586089089844393
-0.004841918958801372
0.026653357334457617
-0.06638125688640528
0.13204555949274965
-0.10819102148647719
-0.05282848588680089
0.04371378571481266
-0.08678886069673908
0.023512429278589764
-0.03695834061658587
0.0576314646823306
0.02714223291166995
0.04790976101641675
0.17000938109242547
0.06567138145123597
-0.08126108737944548
-0.06720056781523276
-0.037433866920196124
0.04790976101641675
-0.03133707462365809
0.0515617796937029
0.04790976101641675
0.005082074600808895
-0.007317237093852569
0.11522232211929584
-0.2546008091448053
-0.0005187167995490682
0.0688088340488946
0.02773636562208104
-0.07075486294590672
-0.032259158022980294
-0.06226621690008294
-0.04466517994807795
0.05799658946616226
-0.027789787343500905
-0.047644828679283435
0.06925574960452696
-0.06638125688640528
-0.013878349100881593
0.06292625909621563
0.005082074600808895
0.06364954486786978
-0.010204897362879883
0.07518071596092746
0.0022689688502968153
0.03643980545838055
-0.021161035659430283
0.023560334148108097
0.013109728048770641
-0.011743957061684185
0.0576314646823306
-0.002205271978588108
-0.050143819123519506
0.06316607709876365
-0.010204897362879883
-0.017136936568830308
0.030122729138618354
0.031017376704207678
-0.02375973362478856
0.11522232211929584
0.030974972656109045
-0.036421638107813514
0.13204555949274965
0.09718899306107964
-0.027788545411032928
0.10240276235625068
0.04590352204112591
-0.07465345378649157
0.08759468040243501
-0.004841918958801372
0.04790976101641675
0.006746455834750975
-0.03520416182162833
-0.05129888770798985
0.0165919313161762
-0.1218059774124729
-0.027393577402978764
0.048059232237648075
-0.009357776553262198
-0.03133707462365809
-0.0002868205956847447
0.022821768641877682
-0.0005187167995490682
-0.17661184642248884
0.03882682382156144
-0.037433866920196124
0.1399333926158075
-0.0002495311402075373
0.04790976101641675
0.012390402416693647
0.0276177252845331
0.0027859037974478085
0.06364954486786978
-0.004841918958801372
0.062467374718552904
-0.22146034456414654
0.020446479141682516
-0.08126108737944548
-0.0007657730469858848
-0.10013006587302442
0.01699193585620762
0.031017376704207678
-0.060513028914405353
-0.060513028914405353
-0.045496030668886966
-0.0851300246174862
0.04790976101641675
0.047513051758585334
0.031017376704207678
0.030974972656109045
-0.03173275161671363
-0.03133707462365809
