0.04665297339942498
-0.03458770640829023
0.014780240742707562
0.039209693040964666
0.01716964896203166
0.013040071944516285
0.06605801367827979
-0.004841918958801372
-0.05699148198311299
0.008505479129739868
0.008505479129739868
0.05425453554333082
0.020567585268201682
-0.018864353824572078
0.05198789125700998
-0.005105231073404326
-0.08285893181375492
-0.0489237727198617
-0.08143178414826124
0.011553574399841615
0.023560334148108097
0.013040071944516285
-0.019514789449790015
0.02520341309711238
-0.06053051312501001
0.08121523150568599
0.0576314646823306
-0.05654058267968054
-0.0005187167995490682
-0.022348210496932808
0.051344950513199095
0.04333086414918519
0.05198789125700998
0.01613403625846388
0.04590352204112591
-0.022821982956040543
0.06292625909621563
0.08632977574364098
0.05168531023255696
0.006746455834750975
0.04729149119249154
0.03643980545838055
0.023560334148108097
-0.07465345378649157
-0.03997727574944321
-0.02243129284092049
0.009856619194733796
0.026005039289207943
-0.028034859824940028
0.023512429278589764
0.13480548385110502
0.1417808980890598
-0.05416508205116166
0.06761705055254463
-0.014438989348697362
0.0027859037974478085
0.01035787819304268
0.01724199139330551
-0.06053051312501001
0.005082074600808895
-0.045496030668886966
-0.03563356684104946
-0.2546008091448053
-0.002647647860884561
-0.028034859824940028
0.034283772423341574
-0.03520416182162833
0.05182100602750328
0.05168531023255696
0.013109728048770641
-0.032259158022980294
0.04391937482752173
0.13204555949274965
0.04333086414918519
-0.01686722086916248
-0.018864353824572078
0.0512476844333456
0.0025784297617263974
-0.014438989348697362
-0.03133707462365809
-0.06464003578883037
0.06228267241298191
-0.03563356684104946
-0.0002868205956847447
0.013040071944516285
-0.03173275161671363
0.0688088340488946
-0.12033949778566289
0.022194058573782982
0.02708189422255458
-0.027788545411032928
0.10109672394520075
-0.07414653786004877
0.01661350063361855
0.025722681761052968
-0.027393577402978764
-0.03045002278091502
0.06925574960452696
-0.03997727574944321
-0.05416508205116166
0.08653619008305125
0.08732358904095427
0.022821768641877682
-0.019514789449790015
-0.022821982956040543
-0.041376638974308655
0.04606131559255999
-0.013878349100881593
0.030122729138618354
-0.12033949778566289
-0.03520416182162833
0.04333086414918519
0.02451643163530548
-0.004841918958801372
0.05436809318039337
-0.06053051312501001
0.04590352204112591
-0.007338419158481102
0.025649122658425227
0.007058852839625374
-0.005105231073404326
0.04048653167530425
0.01347000313241331
0.13480548385110502
-0.005105231073404326
-0.2546008091448053
0.03643980545838055
-0.02375973362478856
0.028713620756199987
0.0203593980283987
0.02520341309711238
-0.02496648159475967
0.012394543666532698
0.01661350063361855
0.022821768641877682
-0.0011970474263076625
-0.041376638974308655
-0.045496030668886966
0.0278028767684102
0.05799658946616226
0.015089270086424023
0.09718899306107964
-0.05699148198311299
0.011999720455214913
-0.06638125688640528
-0.0489237727198617
0.02708189422255458
0.013040071944516285
-0.015144140805206874
0.04590352204112591
-0.22146034456414654
-0.013878349100881593
-0.019514789449790015
-0.005105231073404326
-0.09570667993071069
-0.0011970474263076625
-0.017242733713295877
0.0025784297617263974
0.037107507807760065
-0.05983064969141072
-0.04022536987465397
0.024801788304586125
0.05198789125700998
0.023512429278589764
0.030974972656109045
0.08105492908796386
-0.08143178414826124
0.06761705055254463
0.014471610315426986
0.13204555949274965
0.11840346286310233
0.030974972656109045
-0.05983064969141072
0.03208636570286316
0.17000938109242547
0.022821768641877682
0.0576314646823306
-0.022622356364218277
0.01035787819304268
-0.0011970474263076625
-0.0849833488167917
0.048059232237648075
0.06605801367827979
-0.06258250876081561
-0.018864353824572078
-0.02375973362478856
-0.038466866176760206
-0.10819102148647719
-0.04022536987465397
-0.06464003578883037
-0.02375973362478856
0.011999720455214913
0.043334141200254805
-0.22146034456414654
0.0515617796937029
0.1417808980890598
-0.10819102148647719
0.0203593980283987
0.026005039289207943
0.012390402416693647
0.015089270086424023
0.0041948137923384365
-0.038466866176760206
0.025649122658425227
-0.04126132556270612
-0.038466866176760206
-0.0549153461639893
0.08653619008305125
0.13204555949274965
0.045224792909892564
0.037453479113841226
0.01035787819304268
0.01579928711915457
-0.06109953281700342
-0.032340875642459466
0.03208636570286316
0.03973066370480538
-0.03695834061658587
-0.022368622754905587
0.018593646962060006
0.01046829599036414
-0.07212958518599066
0.08176108754913614
0.0203593980283987
0.022194058573782982
-0.060513028914405353
0.05168531023255696
0.0027859037974478085
-0.05129888770798985
-0.06258250876081561
-0.0636718542421022
-0.06053051312501001
0.014471610315426986
0.019778644828504
0.0025784297617263974
-0.03045002278091502
-0.005105231073404326
0.05182100602750328
-0.08721982612879486
0.01699193585620762
0.0016709762031741349
-0.013771885982464482
0.1417808980890598
-0.022368622754905587
0.062467374718552904
0.031017376704207678
-0.027788545411032928
0.1417808980890598
-0.009588853389239205
0.034283772423341574
0.030122729138618354
-0.022348210496932808
-0.03695834061658587
-0.06720056781523276
-0.08143178414826124
0.05436809318039337
-0.011743957061684185
-0.010204897362879883
-0.007338419158481102
0.03861575224405023
-0.010204897362879883
0.0276177252845331
0.06292625909621563
0.05425453554333082
-0.10819102148647719
-0.02243129284092049
-0.005105231073404326
0.06994395962703592
-0.022898889969576786
-0.08285893181375492
0.008665176454019985
-0.036421638107813514
0.01347000313241331
-0.08143178414826124
0.012299756912504733
-0.0489237727198617
0.031017376704207678
-0.10819102148647719
-0.013878349100881593
-0.015144140805206874
0.024801788304586125
0.001954162314668828
0.05425453554333082
0.009856619194733796
-0.2546008091448053
-0.018864353824572078
-0.03917887174705115
0.01661350063361855
0.08759468040243501
-0.07414653786004877
0.06925574960452696
-0.03520416182162833
-0.038466866176760206
-0.0038562351615762935
-0.13034379599603163
-0.032259158022980294
0.0041948137923384365
0.0576314646823306
0.08799230776265521
