-0.09570667993071069
0.0016709762031741349
-0.0849833488167917
-0.021161035659430283
-0.018864353824572078
0.030974972656109045
0.045224792909892564
0.019778644828504
0.049538360788050184
0.037453479113841226
-0.03270475340709922
-0.0008948035361102669
0.04729149119249154
0.08121523150568599
-0.02496648159475967
-0.017136936568830308
0.08653619008305125
-0.009357776553262198
-0.010204897362879883
0.08121523150568599
-0.08678886069673908
-0.08721982612879486
-0.01249170093178087
0.02451643163530548
-0.03695834061658587
0.02773636562208104
-0.06464003578883037
0.023512429278589764
-0.07465345378649157
-0.022368622754905587
0.005082074600808895
0.020446479141682516
0.013040071944516285
-0.07414653786004877
0.034283772423341574
0.06806350229329183
0.025649122658425227
-0.17661184642248884
-0.02862716582831837
0.04590352204112591
0.06316607709876365
0.04790976101641675
-0.010204897362879883
0.0844852260058202
0.04920879849315085
0.04380656992791998
0.08653619008305125
-0.0636718542421022
-0.08721982612879486
-0.06638125688640528
-0.007317237093852569
-0.02862716582831837
0.03208636570286316
-0.01956931117570271
0.03994035520780326
0.04823967565580034
0.005173534568482907
-0.06109953281700342
-0.0357902826629255
0.05168531023255696
0.026458811902690726
0.062467374718552904
0.01035787819304268
0.06364954486786978
0.04380656992791998
-0.07892951287026762
-0.011743957061684185
-0.0005187167995490682
0.01046829599036414
-0.018864353824572078
0.05198789125700998
-0.050143819123519506
0.026653357334457617
-0.022898889969576786
0.0022689688502968153
0.062467374718552904
0.020083040980136246
-0.03045002278091502
-0.012150300762606037
0.03643980545838055
-0.051670301345440706
0.001954162314668828
0.012299756912504733
0.08799230776265521
0.05436809318039337
0.0688088340488946
0.1399333926158075
-0.06193714350214741
-0.03458770640829023
0.03643980545838055
0.04823967565580034
-0.007338419158481102
-0.06053051312501001
-0.032340875642459466
0.0165919313161762
0.013065356771912562
-0.009588853389239205
-0.032340875642459466
-0.03520416182162833
-0.027462288324585415
-0.06285634704832255
-0.06193714350214741
-0.0489237727198617
-0.08126108737944548
-0.007720686875989813
0.056736527751481525
0.0278028767684102
-0.005105231073404326
-0.08126108737944548
0.04299886054755575
-0.022821982956040543
0.08632977574364098
0.04333086414918519
0.06569838178769771
0.022821768641877682
0.037107507807760065
0.0027859037974478085
0.041840431302949455
0.006265799221320201
-0.027462288324585415
-0.036421638107813514
-0.019391257313081667
0.030974972656109045
-0.05129888770798985
-0.01249170093178087
0.026653357334457617
0.04665297339942498
0.001954162314668828
0.06605801367827979
-0.007720686875989813
0.1399333926158075
0.047513051758585334
0.0278028767684102
-0.011743957061684185
0.05182100602750328
-0.049962429852048906
0.02927401578257438
0.0216176650818376
-0.027462288324585415
0.06316607709876365
-0.060513028914405353
-0.05282848588680089
0.026458811902690726
-0.027788545411032928
-0.01249170093178087
-0.036421638107813514
0.06316607709876365
0.11522232211929584
-0.05129888770798985
-0.047644828679283435
-0.0489237727198617
0.10240276235625068
-0.018864353824572078
-0.032340875642459466
0.10109672394520075
0.1399333926158075
0.0203593980283987
0.008665176454019985
0.01347000313241331
0.0278028767684102
-0.008416174423421019
0.01035787819304268
-0.022348210496932808
0.04920879849315085
-0.0851300246174862
-0.014438989348697362
-0.002647647860884561
-0.04126132556270612
-0.09359820865597968
-0.06285634704832255
-0.011743957061684185
-0.037433866920196124
0.020567585268201682
0.0025784297617263974
0.023512429278589764
-0.041376638974308655
0.05168531023255696
0.012390402416693647
0.02773636562208104
0.08383912323474085
-0.05699148198311299
-0.01844849936066506
-0.07465345378649157
0.06228267241298191
-0.08814864178677073
0.02451643163530548
0.030974972656109045
-0.007882998007099573
-0.017136936568830308
-0.022348210496932808
0.08632977574364098
0.08759468040243501
-0.02862716582831837
0.02520341309711238
-0.02862716582831837
-0.06720056781523276
-0.02375973362478856
-0.02375973362478856
-0.022368622754905587
0.04665297339942498
-0.08110299466350668
-0.02243129284092049
-0.03563356684104946
-0.06638125688640528
-0.06285634704832255
0.0844852260058202
0.02714223291166995
-0.022348210496932808
0.0278028767684102
0.07382421435571018
0.02451643163530548
-0.005818111085915234
-0.06053051312501001
0.030974972656109045
0.10109672394520075
-0.0011970474263076625
0.0576314646823306
0.04827168718050601
0.019778644828504
0.08302714817478662
0.02927401578257438
0.023512429278589764
0.014471610315426986
0.0216176650818376
0.05182100602750328
0.13480548385110502
0.06364954486786978
-0.041376638974308655
-0.03520416182162833
0.06569838178769771
0.08383912323474085
-0.021161035659430283
0.06806350229329183
-0.009588853389239205
-0.09432889171755221
-0.04126132556270612
0.03861575224405023
-0.005105231073404326
0.02773636562208104
-0.009588853389239205
0.006143668794592827
0.08632977574364098
0.011553574399841615
-0.027788545411032928
-0.03045002278091502
0.05182100602750328
0.019778644828504
-0.007317237093852569
0.04799414960212012
0.034283772423341574
0.003822387934753202
0.0326533364262076
0.056736527751481525
-0.10819102148647719
-0.050143819123519506
-0.05129888770798985
0.0344322264021244
0.04920879849315085
0.025524068456756588
0.0041948137923384365
0.006746455834750975
0.008665176454019985
0.01724199139330551
0.08121523150568599
0.0461992712042818
-0.08143178414826124
-0.03563356684104946
-0.017242733713295877
-0.08678886069673908
0.01716964896203166
-0.01686722086916248
0.06994395962703592
0.025524068456756588
-0.010532567714866659
-0.019514789449790015
0.023560334148108097
-0.0011970474263076625
-0.07075486294590672
0.08632977574364098
0.014471610315426986
-0.014438989348697362
0.045224792909892564
0.0576314646823306
0.1417808980890598
0.01035787819304268
0.0025784297617263974
-0.15702055781469149
0.02432879134386301
0.037107507807760065
0.007058852839625374
0.022194058573782982
0.04380656992791998
-0.007338419158481102
-0.05120330655862837
-0.007720686875989813
-0.007338419158481102
-0.022348210496932808
0.0844852260058202
0.006143668794592827
