0.04920879849315085
-0.041376638974308655
-0.0008948035361102669
0.03973066370480538
0.011999720455214913
0.02927401578257438
-0.07465345378649157
0.025722681761052968
0.020567585268201682
0.020567585268201682
0.037453479113841226
-0.03133707462365809
0.03863378364598535
0.018593646962060006
-0.011743957061684185
-0.08285893181375492
0.01613403625846388
-0.007882998007099573
0.030974972656109045
0.051344950513199095
-0.007338419158481102
0.06605801367827979
0.025649122658425227
0.04380656992791998
0.02708189422255458
-0.02862716582831837
0.07518071596092746
-0.03270475340709922
-0.02496648159475967
0.11522232211929584
-0.009357776553262198
0.062467374718552904
-0.014438989348697362
-0.03563356684104946
0.030974972656109045
-0.021161035659430283
-0.01956931117570271
-0.08143178414826124
0.04371378571481266
0.0041948137923384365
0.022821768641877682
0.017908695057996304
-0.03133707462365809
0.01035787819304268
-0.045496030668886966
0.08121523150568599
0.047513051758585334
-0.002647647860884561
0.03973066370480538
0.10240276235625068
-0.002205271978588108
-0.008416174423421019
0.005173534568482907
0.06316607709876365
0.05168531023255696
0.013040071944516285
0.025722681761052968
-0.0005187167995490682
0.08080248335888918
0.01724199139330551
-0.22146034456414654
0.029794720012301212
0.012299756912504733
0.031017376704207678
0.0461992712042818
-0.03917887174705115
0.006143668794592827
0.06994395962703592
0.0276177252845331
-0.06053051312501001
0.0344322264021244
0.04823967565580034
0.019778644828504
0.031017376704207678
0.026458811902690726
0.05182100602750328
-0.011743957061684185
-0.037433866920196124
-0.06226621690008294
-0.12033949778566289
-0.1218059774124729
-0.045496030668886966
0.06292625909621563
0.04469322213864224
-0.050143819123519506
-0.03917887174705115
0.08302714817478662
0.06292625909621563
0.01716964896203166
-0.051670301345440706
-0.005818111085915234
-0.0002868205956847447
-0.038466866176760206
0.01716964896203166
-0.0357902826629255
0.030974972656109045
0.014780240742707562
0.026653357334457617
0.01046829599036414
0.0016709762031741349
0.0025784297617263974
-0.08678886069673908
0.11522232211929584
0.08302714817478662
-0.02862716582831837
-0.008416174423421019
0.019778644828504
-0.06285634704832255
0.07518071596092746
-0.060513028914405353
-0.06226621690008294
0.051344950513199095
0.026005039289207943
0.013040071944516285
-0.10013006587302442
0.049538360788050184
0.09718899306107964
0.0276177252845331
-0.0849833488167917
0.08080248335888918
0.03863378364598535
0.01661350063361855
0.03882682382156144
-0.010204897362879883
0.043334141200254805
-0.018864353824572078
-0.002647647860884561
-0.049962429852048906
-0.1218059774124729
-0.021161035659430283
-0.05464289541014722
-0.05699148198311299
-0.03520416182162833
0.014471610315426986
-0.009357776553262198
0.13204555949274965
0.001954162314668828
-0.07075486294590672
0.02432879134386301
0.04371378571481266
0.05168531023255696
-0.02375973362478856
-0.0038562351615762935
-0.0007657730469858848
0.0844852260058202
0.008505479129739868
-0.2546008091448053
0.01613403625846388
-0.10013006587302442
-0.03458770640829023
0.04590352204112591
-0.002205271978588108
0.1399333926158075
0.013040071944516285
-0.15702055781469149
-0.09570667993071069
-0.13034379599603163
0.01613403625846388
-0.050143819123519506
0.011553574399841615
-0.060513028914405353
0.003822387934753202
0.04135586741642605
0.062467374718552904
-0.037433866920196124
-0.07075486294590672
0.0344322264021244
0.001954162314668828
-0.06285634704832255
0.012299756912504733
-0.09570667993071069
-0.03133707462365809
-0.06226621690008294
0.04135586741642605
0.04283497654615154
0.022821768641877682
0.01579928711915457
-0.08721982612879486
-0.007543661478351282
-0.022348210496932808
0.04469322213864224
0.06228267241298191
-0.007882998007099573
0.028713620756199987
-0.09570667993071069
0.07518071596092746
0.04827168718050601
0.006143668794592827
-0.07075486294590672
0.08732358904095427
-0.08126108737944548
-0.03563356684104946
-0.02496648159475967
0.0025784297617263974
0.04380656992791998
0.04606131559255999
0.045224792909892564
0.1399333926158075
-0.010532567714866659
-0.050143819123519506
0.04469322213864224
0.022194058573782982
-0.036421638107813514
-0.008416174423421019
0.06228267241298191
0.06605801367827979
0.04048653167530425
-0.05699148198311299
-0.014438989348697362
0.0512476844333456
0.012394543666532698
-0.08678886069673908
0.1417808980890598
0.04469322213864224
0.02714223291166995
0.014780240742707562
-0.036421638107813514
-0.007882998007099573
0.023512429278589764
-0.007882998007099573
0.025524068456756588
0.06605801367827979
0.02714223291166995
0.07518071596092746
0.08302714817478662
-0.050143819123519506
0.049538360788050184
-0.07212958518599066
0.04790976101641675
0.01613403625846388
-0.03173275161671363
0.06228267241298191
-0.009357776553262198
0.0276177252845331
-0.0489237727198617
0.02432879134386301
0.07060672059698447
0.03208636570286316
0.020083040980136246
0.0844852260058202
0.01661350063361855
0.04371378571481266
-0.08110299466350668
0.01579928711915457
0.019778644828504
-0.06285634704832255
0.0844852260058202
0.062467374718552904
-0.03458770640829023
-0.08143178414826124
-0.22146034456414654
0.045224792909892564
-0.06193714350214741
0.06318283133468316
-0.041376638974308655
0.17000938109242547
-0.06109953281700342
0.01613403625846388
0.04333086414918519
-0.15702055781469149
-0.027789787343500905
0.005082074600808895
0.034283772423341574
-0.027393577402978764
0.03863378364598535
0.08799230776265521
0.04799414960212012
-0.007338419158481102
0.06605801367827979
-0.0002495311402075373
-0.06285634704832255
-0.019514789449790015
-0.07724758378448726
0.06567138145123597
0.03863378364598535
-0.08285893181375492
-0.06193714350214741
-0.027789787343500905
0.0278028767684102
0.007058852839625374
0.06806350229329183
0.01699193585620762
0.017908695057996304
0.03443624877469453
0.026005039289207943
0.0016709762031741349
0.07382421435571018
-0.05129888770798985
0.04790976101641675
0.0515617796937029
0.029794720012301212
-0.15702055781469149
0.07382421435571018
-0.011743957061684185
-0.0002495311402075373
-0.0549153461639893
-0.06226621690008294
-0.01844849936066506
0.01035787819304268
