0.01613403625846388
-0.06638125688640528
-0.05129888770798985
0.04823967565580034
-0.01249170093178087
-0.06720056781523276
-0.032259158022980294
0.06605801367827979
0.019778644828504
-0.0002495311402075373
0.03208636570286316
-0.05282848588680089
0.03643980545838055
0.08383912323474085
-0.008416174423421019
-0.05586089089844393
-0.07414653786004877
0.06292625909621563
0.008505479129739868
0.05436809318039337
0.03643980545838055
-0.008416174423421019
-0.032340875642459466
-0.012150300762606037
-0.07414653786004877
-0.02496648159475967
0.01347000313241331
-0.03173275161671363
-0.09570667993071069
0.015089270086424023
0.01716964896203166
-0.05699148198311299
0.11522232211929584
-0.0038562351615762935
0.04135586741642605
-0.06193714350214741
0.0025784297617263974
0.17000938109242547
0.01046829599036414
0.04920879849315085
0.037107507807760065
-0.0489237727198617
0.01716964896203166
0.03994035520780326
-0.022898889969576786
-0.0013205999854228878
0.020446479141682516
-0.007317237093852569
0.024801788304586125
0.013040071944516285
-0.2546008091448053
-0.0005187167995490682
-0.032259158022980294
-0.045496030668886966
0.008665176454019985
-0.0002868205956847447
-0.10819102148647719
0.025524068456756588
0.012299756912504733
0.0203593980283987
-0.03173275161671363
-0.004841918958801372
-0.07465345378649157
0.005082074600808895
-0.05586089089844393
0.022194058573782982
-0.0636718542421022
0.0844852260058202
-0.09570667993071069
0.0512476844333456
0.048059232237648075
-0.0013205999854228878
-0.0002868205956847447
-0.027393577402978764
0.0041948137923384365
0.008505479129739868
0.001954162314668828
-0.03520416182162833
0.06318283133468316
0.03863378364598535
-0.09432889171755221
-0.09432889171755221
0.04283497654615154
0.15300088602597928
0.025649122658425227
0.03994035520780326
0.0022689688502968153
0.17000938109242547
0.03443624877469453
0.0688088340488946
0.08799230776265521
0.08653619008305125
0.012299756912504733
-0.005818111085915234
0.0278028767684102
-0.05129888770798985
-0.0013205999854228878
0.07060672059698447
-0.05129888770798985
0.023512429278589764
-0.008416174423421019
0.007058852839625374
0.05436809318039337
-0.07892951287026762
0.018593646962060006
0.04391937482752173
0.005173534568482907
-0.09432889171755221
0.05198789125700998
-0.010204897362879883
0.05182100602750328
-0.002647647860884561
-0.22146034456414654
0.01613403625846388
-0.08285893181375492
0.04469322213864224
-0.02243129284092049
0.03861575224405023
0.02714223291166995
0.15300088602597928
-0.032340875642459466
-0.032340875642459466
0.04299886054755575
0.030122729138618354
0.001954162314668828
0.006143668794592827
0.10109672394520075
-0.037433866920196124
0.1417808980890598
-0.2546008091448053
-0.2546008091448053
-0.06053051312501001
0.0022689688502968153
-0.05983064969141072
0.06316607709876365
-0.08110299466350668
-0.03520416182162833
-0.010204897362879883
-0.05586089089844393
0.02451643163530548
0.051344950513199095
-0.019391257313081667
0.01347000313241331
-0.07414653786004877
0.08176108754913614
-0.08678886069673908
-0.06193714350214741
-0.03695834061658587
-0.1218059774124729
0.051344950513199095
0.017908695057996304
-0.03695834061658587
0.05182100602750328
0.01347000313241331
0.08799230776265521
0.06605801367827979
-0.06053051312501001
0.037107507807760065
0.0027859037974478085
0.034283772423341574
0.012299756912504733
-0.03917887174705115
0.022821768641877682
0.0515617796937029
0.0216176650818376
-0.0038562351615762935
-0.03695834061658587
-0.0038562351615762935
0.049538360788050184
0.06806350229329183
0.020446479141682516
-0.032259158022980294
-0.0008948035361102669
-0.002647647860884561
-0.007882998007099573
-0.17661184642248884
0.03882682382156144
0.026458811902690726
-0.04022536987465397
0.07382421435571018
0.13204555949274965
0.018593646962060006
0.04048653167530425
0.030974972656109045
0.04333086414918519
-0.06285634704832255
0.0326533364262076
0.08653619008305125
-0.09432889171755221
0.031017376704207678
0.11840346286310233
-0.010532567714866659
0.08732358904095427
0.006746455834750975
0.06925574960452696
-0.032340875642459466
0.05436809318039337
-0.010532567714866659
-0.07414653786004877
-0.07075486294590672
-0.03458770640829023
-0.05983064969141072
0.01724199139330551
0.03863378364598535
0.0022689688502968153
0.01699193585620762
-0.06285634704832255
-0.03133707462365809
-0.07075486294590672
-0.08143178414826124
0.028713620756199987
0.062467374718552904
0.013040071944516285
-0.12033949778566289
-0.17661184642248884
-0.0005187167995490682
-0.013771885982464482
0.07518071596092746
-0.036421638107813514
0.0016709762031741349
-0.05120330655862837
-0.1218059774124729
0.0576314646823306
0.07382421435571018
-0.019514789449790015
-0.037433866920196124
0.015089270086424023
-0.036421638107813514
-0.01844849936066506
-0.027462288324585415
0.02927401578257438
0.012394543666532698
0.062467374718552904
-0.045496030668886966
0.06605801367827979
-0.050143819123519506
-0.05120330655862837
0.0278028767684102
-0.022348210496932808
-0.027789787343500905
0.045224792909892564
-0.013771885982464482
-0.01956931117570271
0.10240276235625068
-0.027788545411032928
-0.06720056781523276
0.06567138145123597
0.031017376704207678
-0.022821982956040543
0.008665176454019985
-0.0489237727198617
-0.09570667993071069
0.04469322213864224
-0.012372140541780041
0.03973066370480538
0.05436809318039337
-0.009588853389239205
-0.03045002278091502
0.013065356771912562
-0.02375973362478856
0.01046829599036414
-0.012372140541780041
0.08732358904095427
-0.037433866920196124
-0.07465345378649157
0.015089270086424023
-0.06464003578883037
0.0688088340488946
-0.015144140805206874
0.06605801367827979
0.0576314646823306
-0.06193714350214741
-0.017242733713295877
-0.0005187167995490682
0.020567585268201682
0.022194058573782982
-0.05699148198311299
0.039209693040964666
0.05436809318039337
-0.022821982956040543
-0.002205271978588108
0.0326533364262076
-0.007882998007099573
0.012394543666532698
0.08080248335888918
-0.007543661478351282
0.05182100602750328
0.04920879849315085
-0.08285893181375492
-0.027788545411032928
0.03863378364598535
-0.06638125688640528
0.0326533364262076
0.04799414960212012
0.02773636562208104
0.024801788304586125
-0.010532567714866659
0.10109672394520075
0.01716964896203166
