0.07382421435571018
0.05436809318039337
0.02714223291166995
0.056736527751481525
0.0512476844333456
-0.013771885982464482
-0.012150300762606037
-0.15702055781469149
0.022821768641877682
0.07060672059698447
-0.009357776553262198
-0.06720056781523276
0.01661350063361855
0.03973066370480538
-0.007720686875989813
-0.008416174423421019
0.04606131559255999
-0.004841918958801372
-0.0549153461639893
0.028713620756199987
-0.08143178414826124
-0.047644828679283435
0.04590352204112591
-0.03458770640829023
0.034283772423341574
0.02927401578257438
0.04823967565580034
0.020567585268201682
0.0688088340488946
-0.021161035659430283
-0.027462288324585415
-0.027393577402978764
0.015089270086424023
0.07518071596092746
-0.07892951287026762
0.019778644828504
0.06228267241298191
0.07518071596092746
0.062467374718552904
-0.03695834061658587
-0.07465345378649157
-0.027462288324585415
0.0461992712042818
-0.08285893181375492
0.012299756912504733
0.06994395962703592
-0.07212958518599066
-0.022821982956040543
-0.02496648159475967
0.04790976101641675
-0.038466866176760206
0.045224792909892564
0.0576314646823306
-0.03458770640829023
-0.002647647860884561
-0.010204897362879883
0.014780240742707562
-0.047644828679283435
0.047513051758585334
0.04380656992791998
0.1417808980890598
-0.01844849936066506
-0.060513028914405353
0.05198789125700998
0.04995452527457189
-0.024170822975695394
-0.02496648159475967
0.008505479129739868
0.08080248335888918
-0.03045002278091502
0.01046829599036414
0.001954162314668828
-0.05586089089844393
-0.1218059774124729
0.06316607709876365
0.01699193585620762
0.012394543666532698
0.08080248335888918
0.03861575224405023
-0.06258250876081561
-0.004841918958801372
0.026653357334457617
0.05182100602750328
-0.010204897362879883
0.01661350063361855
0.008665176454019985
-0.027788545411032928
0.009856619194733796
-0.019514789449790015
-0.08110299466350668
-0.007317237093852569
0.028713620756199987
-0.07465345378649157
0.0844852260058202
0.03994035520780326
0.06569838178769771
0.006746455834750975
0.022194058573782982
-0.0038562351615762935
0.03882682382156144
0.04590352204112591
-0.12033949778566289
0.06761705055254463
0.012390402416693647
0.05182100602750328
0.04995452527457189
0.05425453554333082
-0.013878349100881593
-0.08126108737944548
-0.012150300762606037
-0.05129888770798985
-0.22146034456414654
-0.007720686875989813
0.023512429278589764
-0.002647647860884561
0.01035787819304268
-0.013878349100881593
0.023512429278589764
0.0576314646823306
0.0461992712042818
0.06605801367827979
-0.06285634704832255
0.06994395962703592
0.013109728048770641
0.026458811902690726
-0.06285634704832255
-0.019514789449790015
-0.014438989348697362
0.06569838178769771
0.030974972656109045
0.048059232237648075
0.030974972656109045
0.030122729138618354
0.02451643163530548
-0.0005187167995490682
-0.037433866920196124
-0.007338419158481102
-0.019514789449790015
0.08080248335888918
-0.047644828679283435
0.012299756912504733
0.019778644828504
0.024801788304586125
-0.03045002278091502
0.015089270086424023
-0.05586089089844393
-0.050143819123519506
-0.022622356364218277
0.045224792909892564
0.0515617796937029
-0.017136936568830308
0.0515617796937029
0.0027859037974478085
-0.051670301345440706
-0.06226621690008294
-0.02243129284092049
-0.008416174423421019
-0.02375973362478856
-0.047644828679283435
-0.012150300762606037
0.015089270086424023
-0.06053051312501001
0.03882682382156144
0.0276177252845331
-0.07075486294590672
0.031017376704207678
0.06228267241298191
0.0515617796937029
-0.002205271978588108
-0.047644828679283435
0.030974972656109045
0.03861575224405023
0.06316607709876365
0.02714223291166995
0.0344322264021244
-0.060513028914405353
0.025649122658425227
0.026458811902690726
0.012299756912504733
-0.008416174423421019
-0.06109953281700342
-0.03045002278091502
-0.047644828679283435
-0.02375973362478856
-0.0007657730469858848
-0.007543661478351282
-0.022622356364218277
0.04799414960212012
0.04391937482752173
-0.15702055781469149
-0.06109953281700342
0.011553574399841615
-0.060513028914405353
0.03643980545838055
-0.0038562351615762935
0.04827168718050601
0.011999720455214913
-0.12033949778566289
-0.012150300762606037
-0.06226621690008294
0.06605801367827979
0.06569838178769771
-0.027393577402978764
-0.037433866920196124
-0.021161035659430283
-0.0489237727198617
-0.028034859824940028
0.0016709762031741349
-0.0002868205956847447
0.048059232237648075
0.017908695057996304
-0.02375973362478856
0.030122729138618354
0.009856619194733796
-0.08285893181375492
-0.019514789449790015
0.0276177252845331
0.05168531023255696
-0.021161035659430283
-0.10013006587302442
-0.0357902826629255
0.08653619008305125
0.02451643163530548
0.07060672059698447
0.049538360788050184
-0.012372140541780041
-0.03133707462365809
-0.0005187167995490682
-0.01844849936066506
-0.027462288324585415
-0.049962429852048906
-0.13034379599603163
0.04665297339942498
0.08105492908796386
-0.045496030668886966
0.05168531023255696
-0.08721982612879486
0.04995452527457189
0.06364954486786978
-0.03045002278091502
-0.10819102148647719
0.0016709762031741349
-0.08721982612879486
0.05198789125700998
0.0512476844333456
-0.08678886069673908
0.04606131559255999
-0.02243129284092049
0.011999720455214913
0.03863378364598535
-0.04126132556270612
0.047513051758585334
0.0576314646823306
0.025649122658425227
0.030974972656109045
0.0326533364262076
-0.010532567714866659
0.05436809318039337
0.02451643163530548
-0.0007657730469858848
-0.05416508205116166
-0.07075486294590672
-0.013878349100881593
-0.007317237093852569
0.026458811902690726
0.06994395962703592
0.045224792909892564
0.028713620756199987
-0.0011970474263076625
0.05198789125700998
0.08732358904095427
0.06567138145123597
0.014780240742707562
0.08383912323474085
0.0022689688502968153
-0.0013205999854228878
0.0025784297617263974
0.13204555949274965
-0.041376638974308655
-0.17661184642248884
-0.2546008091448053
0.10240276235625068
-0.03270475340709922
0.014780240742707562
0.08759468040243501
-0.008416174423421019
0.0512476844333456
0.01579928711915457
0.06567138145123597
-0.0849833488167917
0.06569838178769771
0.03861575224405023
-0.08678886069673908
0.02773636562208104
-0.050143819123519506
0.01035787819304268
0.048059232237648075
-0.06720056781523276
-0.2546008091448053
