0.01046829599036414
0.022821768641877682
-0.02375973362478856
-0.05416508205116166
-0.06638125688640528
-0.07465345378649157
-0.02862716582831837
0.06605801367827979
-0.027788545411032928
0.026458811902690726
0.018593646962060006
0.0165919313161762
-0.07892951287026762
0.05436809318039337
0.007058852839625374
-0.017136936568830308
0.005082074600808895
-0.09359820865597968
0.01579928711915457
0.013065356771912562
-0.07075486294590672
-0.09359820865597968
-0.06464003578883037
-0.037433866920196124
0.05799658946616226
0.05198789125700998
0.049538360788050184
-0.002205271978588108
-0.047644828679283435
-0.06285634704832255
-0.027462288324585415
0.017908695057996304
-0.032340875642459466
0.008505479129739868
-0.03997727574944321
-0.07414653786004877
0.08176108754913614
-0.03520416182162833
0.009856619194733796
0.04380656992791998
0.031017376704207678
0.08632977574364098
0.04135586741642605
-0.06226621690008294
-0.03173275161671363
0.0027859037974478085
0.029794720012301212
0.0844852260058202
0.03208636570286316
-0.007882998007099573
0.0344322264021244
-0.017136936568830308
0.06316607709876365
0.05182100602750328
0.01347000313241331
-0.07892951287026762
-0.041376638974308655
0.041840431302949455
0.019778644828504
-0.08126108737944548
-0.17661184642248884
0.03443624877469453
-0.03045002278091502
-0.08721982612879486
0.04333086414918519
0.05436809318039337
0.026458811902690726
-0.10013006587302442
-0.0008948035361102669
0.10240276235625068
-0.027788545411032928
-0.09570667993071069
-0.027789787343500905
0.04283497654615154
0.011999720455214913
0.04371378571481266
0.07382421435571018
-0.09359820865597968
0.05168531023255696
-0.024170822975695394
-0.08678886069673908
-0.015144140805206874
0.05182100602750328
-0.007882998007099573
-0.027462288324585415
0.04827168718050601
0.012299756912504733
-0.1218059774124729
-0.06464003578883037
-0.050143819123519506
0.04799414960212012
-0.05983064969141072
-0.021161035659430283
-0.007720686875989813
-0.032340875642459466
0.012390402416693647
-0.12033949778566289
-0.004841918958801372
0.06569838178769771
0.015089270086424023
0.07518071596092746
-0.027393577402978764
-0.010204897362879883
0.04391937482752173
0.03208636570286316
-0.04466517994807795
0.017908695057996304
-0.06109953281700342
0.04380656992791998
0.037107507807760065
0.06228267241298191
0.08302714817478662
-0.05129888770798985
0.09718899306107964
-0.019514789449790015
-0.051670301345440706
0.030974972656109045
-0.08814864178677073
0.0344322264021244
0.07518071596092746
-0.027393577402978764
-0.007543661478351282
-0.027393577402978764
0.015089270086424023
0.023560334148108097
0.04823967565580034
-0.004841918958801372
-0.049962429852048906
0.07382421435571018
0.0344322264021244
0.048059232237648075
0.0461992712042818
0.04790976101641675
-0.015144140805206874
-0.0357902826629255
-0.02496648159475967
0.0022689688502968153
0.056736527751481525
0.030974972656109045
-0.0851300246174862
0.03882682382156144
-0.008416174423421019
-0.028034859824940028
-0.05120330655862837
0.07382421435571018
-0.05129888770798985
0.056736527751481525
0.009856619194733796
-0.08814864178677073
0.037107507807760065
0.062467374718552904
-0.047644828679283435
0.026458811902690726
0.04283497654615154
-0.002647647860884561
0.17000938109242547
0.04799414960212012
-0.049962429852048906
-0.0008948035361102669
-0.013771885982464482
-0.015144140805206874
0.0344322264021244
-0.012150300762606037
-0.06720056781523276
-0.0851300246174862
0.07586149829868472
-0.06638125688640528
0.03208636570286316
0.08080248335888918
0.05425453554333082
0.01716964896203166
-0.03695834061658587
0.0276177252845331
-0.22146034456414654
-0.09570667993071069
0.025649122658425227
0.04799414960212012
-0.022348210496932808
0.026005039289207943
0.030974972656109045
0.03443624877469453
-0.017136936568830308
-0.0549153461639893
-0.002205271978588108
0.011999720455214913
0.08653619008305125
-0.06109953281700342
0.04790976101641675
0.012299756912504733
0.02773636562208104
0.01579928711915457
0.005082074600808895
-0.017242733713295877
0.04823967565580034
0.13480548385110502
0.05182100602750328
0.0515617796937029
0.04371378571481266
0.005173534568482907
0.029794720012301212
-0.08110299466350668
0.006143668794592827
-0.0357902826629255
0.05198789125700998
0.08653619008305125
-0.07414653786004877
-0.049962429852048906
-0.012372140541780041
0.07382421435571018
-0.015144140805206874
-0.060513028914405353
0.08176108754913614
0.03643980545838055
0.030122729138618354
0.07060672059698447
-0.047644828679283435
-0.014438989348697362
0.04827168718050601
0.01347000313241331
-0.027788545411032928
-0.007720686875989813
-0.009588853389239205
0.025524068456756588
-0.06053051312501001
-0.07465345378649157
0.011553574399841615
0.15300088602597928
-0.03997727574944321
-0.12033949778566289
-0.007882998007099573
0.026653357334457617
-0.0005187167995490682
0.08080248335888918
0.0041948137923384365
-0.012372140541780041
-0.0007657730469858848
0.07586149829868472
0.0025784297617263974
0.01046829599036414
0.10109672394520075
-0.06638125688640528
0.03973066370480538
0.01724199139330551
-0.03520416182162833
-0.0038562351615762935
0.008505479129739868
-0.02375973362478856
-0.17661184642248884
0.017908695057996304
-0.05699148198311299
-0.02862716582831837
-0.007543661478351282
0.05198789125700998
0.15300088602597928
-0.03563356684104946
0.06925574960452696
0.005173534568482907
0.01613403625846388
-0.05983064969141072
0.011553574399841615
-0.032259158022980294
0.014780240742707562
0.10240276235625068
0.04823967565580034
0.02432879134386301
0.04299886054755575
0.0041948137923384365
-0.007543661478351282
-0.07892951287026762
-0.007317237093852569
0.04665297339942498
0.01347000313241331
-0.007720686875989813
0.005173534568482907
-0.007882998007099573
-0.032340875642459466
0.043334141200254805
-0.03520416182162833
0.1417808980890598
-0.08285893181375492
-0.041376638974308655
-0.049962429852048906
-0.022348210496932808
0.1399333926158075
0.015089270086424023
-0.024170822975695394
0.026005039289207943
0.020083040980136246
0.02451643163530548
0.015089270086424023
-0.022898889969576786
0.008505479129739868
0.005082074600808895
0.013040071944516285
-0.13034379599603163
0.02773636562208104
-0.01844849936066506
0.017908695057996304
0.0512476844333456
