0.005173534568482907
0.020567585268201682
-0.022622356364218277
-0.04022536987465397
0.009856619194733796
0.023512429278589764
-0.06053051312501001
0.005173534568482907
0.014780240742707562
0.007058852839625374
-0.024170822975695394
-0.08678886069673908
-0.06053051312501001
0.0016709762031741349
0.043334141200254805
-0.04466517994807795
0.02520341309711238
0.005082074600808895
-0.009357776553262198
-0.03520416182162833
0.04920879849315085
-0.015144140805206874
0.01724199139330551
0.05168531023255696
0.07518071596092746
-0.01956931117570271
-0.004841918958801372
0.06316607709876365
-0.019514789449790015
0.005082074600808895
0.06316607709876365
0.06569838178769771
0.006746455834750975
-0.027789787343500905
0.0278028767684102
0.03994035520780326
-0.03045002278091502
-0.007882998007099573
-0.019514789449790015
-0.0008948035361102669
0.024801788304586125
0.02708189422255458
-0.018864353824572078
-0.019391257313081667
0.04380656992791998
-0.07892951287026762
-0.06638125688640528
0.011553574399841615
0.0461992712042818
0.008665176454019985
0.1417808980890598
0.0576314646823306
0.06228267241298191
-0.013878349100881593
-0.041376638974308655
-0.027788545411032928
0.008505479129739868
-0.0011970474263076625
-0.038466866176760206
-0.050143819123519506
0.17000938109242547
0.037453479113841226
-0.05983064969141072
0.08732358904095427
0.06292625909621563
0.02927401578257438
0.05425453554333082
0.05168531023255696
0.17000938109242547
0.04283497654615154
0.020083040980136246
0.06292625909621563
0.04590352204112591
0.014471610315426986
0.01724199139330551
0.006143668794592827
0.04380656992791998
0.025722681761052968
-0.0851300246174862
-0.007338419158481102
-0.012372140541780041
0.026005039289207943
-0.010204897362879883
-0.06053051312501001
-0.01686722086916248
0.04799414960212012
0.1417808980890598
0.028713620756199987
0.056736527751481525
-0.03563356684104946
-0.03917887174705115
-0.008416174423421019
-0.002647647860884561
0.13204555949274965
0.04827168718050601
-0.036421638107813514
0.02773636562208104
0.03208636570286316
-0.06109953281700342
-0.09359820865597968
-0.07892951287026762
-0.007317237093852569
0.06569838178769771
0.03861575224405023
0.04729149119249154
0.13204555949274965
-0.02862716582831837
-0.004841918958801372
0.015089270086424023
0.037107507807760065
0.06925574960452696
0.018593646962060006
0.022194058573782982
0.02451643163530548
0.051344950513199095
0.013109728048770641
-0.028034859824940028
0.031017376704207678
-0.017242733713295877
0.02708189422255458
0.011999720455214913
-0.010532567714866659
0.04790976101641675
0.0216176650818376
0.01347000313241331
-0.007720686875989813
-0.0489237727198617
-0.01249170093178087
-0.09432889171755221
-0.03520416182162833
0.08383912323474085
0.0576314646823306
0.0022689688502968153
0.01579928711915457
0.011553574399841615
0.04135586741642605
0.008665176454019985
0.01699193585620762
0.03973066370480538
0.08632977574364098
0.15300088602597928
0.013040071944516285
-0.06464003578883037
0.011553574399841615
0.0512476844333456
0.045224792909892564
0.04606131559255999
0.025722681761052968
-0.05983064969141072
0.05168531023255696
0.007058852839625374
-0.13034379599603163
-0.0851300246174862
0.07518071596092746
0.006746455834750975
-0.05416508205116166
0.012390402416693647
-0.051670301345440706
0.08121523150568599
0.030122729138618354
-0.027393577402978764
0.07060672059698447
0.013065356771912562
0.015089270086424023
-0.0005187167995490682
-0.010532567714866659
0.062467374718552904
-0.0002868205956847447
0.001954162314668828
0.025722681761052968
-0.03270475340709922
0.04823967565580034
0.02520341309711238
0.02520341309711238
0.0515617796937029
0.02451643163530548
-0.07892951287026762
-0.013771885982464482
0.012394543666532698
0.06605801367827979
0.03863378364598535
-0.007317237093852569
0.009856619194733796
0.01579928711915457
0.003822387934753202
0.02773636562208104
-0.03997727574944321
0.030974972656109045
-0.013771885982464482
-0.0002868205956847447
-0.012150300762606037
0.03882682382156144
0.05168531023255696
0.05198789125700998
-0.010204897362879883
0.041840431302949455
0.011553574399841615
0.012390402416693647
0.06569838178769771
0.06569838178769771
0.014471610315426986
0.05168531023255696
0.08302714817478662
0.02927401578257438
0.06228267241298191
0.0016709762031741349
0.04299886054755575
0.06994395962703592
0.01724199139330551
0.11840346286310233
0.08732358904095427
0.01716964896203166
0.02451643163530548
0.026653357334457617
-0.013878349100881593
-0.045496030668886966
-0.022821982956040543
-0.0005187167995490682
0.06364954486786978
0.04799414960212012
0.02432879134386301
-0.08721982612879486
0.08653619008305125
0.025649122658425227
0.013109728048770641
-0.009588853389239205
0.04729149119249154
0.048059232237648075
0.08383912323474085
-0.004841918958801372
-0.02375973362478856
-0.07212958518599066
0.026005039289207943
-0.05586089089844393
0.06292625909621563
0.07382421435571018
0.041840431302949455
-0.05586089089844393
-0.0636718542421022
-0.09432889171755221
0.09718899306107964
-0.05129888770798985
0.02451643163530548
-0.02243129284092049
-0.03270475340709922
-0.0357902826629255
-0.08126108737944548
0.17000938109242547
0.06761705055254463
-0.10013006587302442
-0.03563356684104946
0.001954162314668828
-0.03458770640829023
0.023512429278589764
-0.08110299466350668
0.07518071596092746
0.006265799221320201
-0.03270475340709922
-0.010204897362879883
0.01035787819304268
0.08105492908796386
0.03973066370480538
0.008665176454019985
0.006143668794592827
0.023560334148108097
0.04995452527457189
0.01347000313241331
0.03882682382156144
0.03973066370480538
0.0515617796937029
-0.050143819123519506
0.024801788304586125
-0.13034379599603163
-0.05120330655862837
0.1399333926158075
-0.028034859824940028
0.03643980545838055
-0.06226621690008294
-0.2546008091448053
0.08383912323474085
-0.013878349100881593
-0.06109953281700342
0.02451643163530548
0.04333086414918519
0.06228267241298191
0.013109728048770641
0.02451643163530548
-0.047644828679283435
-0.06285634704832255
0.08632977574364098
-0.011743957061684185
-0.0005187167995490682
0.06316607709876365
-0.08110299466350668
-0.0549153461639893
0.07060672059698447
-0.051670301345440706
-0.03270475340709922
-0.08814864178677073
