0.0203593980283987
-0.0013205999854228878
0.13204555949274965
-0.07892951287026762
0.012390402416693647
0.020083040980136246
-0.012150300762606037
-0.03695834061658587
-0.06226621690008294
0.023512429278589764
-0.07892951287026762
-0.04022536987465397
-0.02375973362478856
-0.027393577402978764
-0.014438989348697362
-0.0007657730469858848
0.01035787819304268
-0.019514789449790015
-0.0489237727198617
0.025722681761052968
-0.037433866920196124
-0.017136936568830308
-0.07414653786004877
0.003822387934753202
0.06292625909621563
0.06364954486786978
0.022194058573782982
-0.07465345378649157
0.001954162314668828
0.04048653167530425
0.025649122658425227
-0.038466866176760206
0.014471610315426986
-0.0549153461639893
-0.04466517994807795
0.028713620756199987
-0.10819102148647719
-0.03458770640829023
-0.010204897362879883
-0.05129888770798985
-0.0005187167995490682
0.02432879134386301
-0.027789787343500905
0.04665297339942498
0.0278028767684102
-0.022348210496932808
0.08383912323474085
-0.0851300246174862
0.025649122658425227
-0.0002868205956847447
-0.05699148198311299
-0.041376638974308655
-0.04466517994807795
-0.027462288324585415
-0.036421638107813514
0.011999720455214913
-0.09359820865597968
-0.0849833488167917
-0.028034859824940028
-0.04126132556270612
0.08653619008305125
-0.07892951287026762
-0.018864353824572078
-0.05416508205116166
-0.08126108737944548
-0.04126132556270612
-0.009357776553262198
0.04135586741642605
-0.01686722086916248
-0.01249170093178087
0.08176108754913614
0.06292625909621563
0.03861575224405023
0.04799414960212012
0.018593646962060006
0.0688088340488946
0.1399333926158075
0.062467374718552904
-0.007338419158481102
0.04920879849315085
0.0515617796937029
-0.05416508205116166
-0.012150300762606037
-0.002205271978588108
0.02714223291166995
0.03643980545838055
0.03443624877469453
0.01613403625846388
-0.0002868205956847447
0.06567138145123597
0.03643980545838055
0.08759468040243501
-0.007317237093852569
0.06994395962703592
0.0688088340488946
-0.02375973362478856
-0.04466517994807795
0.008665176454019985
0.014780240742707562
0.04391937482752173
-0.09570667993071069
0.062467374718552904
-0.05282848588680089
0.06318283133468316
0.10109672394520075
-0.01956931117570271
0.013065356771912562
-0.06193714350214741
0.06318283133468316
-0.03520416182162833
0.022194058573782982
0.017908695057996304
0.07518071596092746
-0.019391257313081667
0.030122729138618354
-0.047644828679283435
-0.019391257313081667
0.08176108754913614
-0.07724758378448726
0.012394543666532698
0.06318283133468316
-0.051670301345440706
0.019778644828504
-0.01844849936066506
0.07586149829868472
-0.03173275161671363
0.05799658946616226
-0.07892951287026762
0.10109672394520075
0.01613403625846388
-0.041376638974308655
0.01724199139330551
0.026458811902690726
-0.0038562351615762935
0.06318283133468316
-0.07414653786004877
0.06994395962703592
0.04469322213864224
-0.0357902826629255
-0.03458770640829023
0.019778644828504
-0.051670301345440706
0.06292625909621563
0.04790976101641675
-0.010532567714866659
-0.051670301345440706
0.014780240742707562
0.01716964896203166
0.01699193585620762
0.018593646962060006
-0.10819102148647719
0.04590352204112591
0.030974972656109045
0.0344322264021244
0.05182100602750328
-0.02862716582831837
-0.0038562351615762935
0.1417808980890598
0.09718899306107964
-0.021161035659430283
0.048059232237648075
0.01716964896203166
0.05436809318039337
0.04283497654615154
-0.07075486294590672
-0.06109953281700342
0.07518071596092746
-0.09432889171755221
-0.0549153461639893
-0.010204897362879883
0.019778644828504
-0.03917887174705115
0.03882682382156144
0.009856619194733796
-0.03173275161671363
-0.008416174423421019
0.02773636562208104
0.0027859037974478085
-0.2546008091448053
-0.0013205999854228878
0.04790976101641675
0.02714223291166995
-0.010204897362879883
0.1399333926158075
0.05436809318039337
0.05168531023255696
0.051344950513199095
-0.04126132556270612
-0.002647647860884561
0.023560334148108097
-0.0005187167995490682
0.02432879134386301
0.025722681761052968
0.0326533364262076
-0.05699148198311299
-0.08126108737944548
0.04371378571481266
-0.038466866176760206
0.04135586741642605
0.062467374718552904
-0.02862716582831837
-0.08721982612879486
-0.03520416182162833
-0.03133707462365809
-0.010204897362879883
0.08383912323474085
0.013040071944516285
0.07586149829868472
-0.012372140541780041
0.041840431302949455
0.0165919313161762
0.01716964896203166
0.03443624877469453
0.04469322213864224
-0.10013006587302442
0.026458811902690726
0.08080248335888918
-0.09432889171755221
-0.013771885982464482
-0.08678886069673908
0.08105492908796386
0.06318283133468316
0.04827168718050601
-0.010532567714866659
-0.02862716582831837
0.08799230776265521
-0.03917887174705115
0.1417808980890598
-0.09432889171755221
0.06228267241298191
-0.17661184642248884
0.05425453554333082
0.04380656992791998
0.008665176454019985
-0.01686722086916248
-0.17661184642248884
0.03861575224405023
-0.05699148198311299
-0.05129888770798985
-0.0489237727198617
0.01035787819304268
0.024801788304586125
0.07060672059698447
0.0165919313161762
0.013109728048770641
0.022821768641877682
0.03208636570286316
0.019778644828504
0.04469322213864224
0.04299886054755575
0.04135586741642605
0.04827168718050601
0.02520341309711238
0.022821768641877682
-0.06109953281700342
0.05168531023255696
-0.1218059774124729
-0.010204897362879883
0.01579928711915457
0.019778644828504
-0.024170822975695394
0.049538360788050184
0.04665297339942498
0.0844852260058202
0.06228267241298191
0.023560334148108097
-0.051670301345440706
0.03208636570286316
-0.007317237093852569
0.09718899306107964
0.01046829599036414
0.11840346286310233
0.013065356771912562
0.04665297339942498
0.039209693040964666
-0.021161035659430283
-0.05416508205116166
0.0326533364262076
-0.08126108737944548
0.08632977574364098
0.06605801367827979
0.0576314646823306
0.07382421435571018
-0.03173275161671363
-0.03917887174705115
0.018593646962060006
0.05436809318039337
0.025649122658425227
0.08759468040243501
-0.007720686875989813
0.047513051758585334
-0.15702055781469149
0.07382421435571018
0.005082074600808895
-0.06053051312501001
0.051344950513199095
0.04729149119249154
-0.007882998007099573
0.06605801367827979
