-0.014438989348697362
-0.022348210496932808
0.08653619008305125
0.001954162314668828
0.026005039289207943
-0.03133707462365809
-0.05416508205116166
0.01035787819304268
0.037453479113841226
0.006143668794592827
0.025649122658425227
-0.06053051312501001
0.01716964896203166
0.024801788304586125
-0.12033949778566289
0.023512429278589764
-0.037433866920196124
0.04665297339942498
-0.005105231073404326
0.1399333926158075
0.006143668794592827
-0.06053051312501001
-0.007317237093852569
0.026005039289207943
-0.04022536987465397
-0.007317237093852569
0.006265799221320201
-0.08814864178677073
0.06567138145123597
0.008505479129739868
0.020446479141682516
0.01347000313241331
-0.03563356684104946
-0.10013006587302442
-0.027788545411032928
-0.011743957061684185
0.0344322264021244
-0.007317237093852569
0.08759468040243501
-0.024170822975695394
0.022194058573782982
0.026005039289207943
-0.06109953281700342
-0.2546008091448053
0.01724199139330551
-0.0549153461639893
0.01613403625846388
0.023512429278589764
-0.022368622754905587
0.04995452527457189
-0.021161035659430283
0.037107507807760065
0.0326533364262076
0.04790976101641675
0.0165919313161762
0.01699193585620762
0.017908695057996304
-0.07465345378649157
0.005173534568482907
-0.027393577402978764
-0.07465345378649157
-0.022622356364218277
0.06605801367827979
0.06364954486786978
0.0515617796937029
0.03443624877469453
-0.03520416182162833
-0.03917887174705115
0.013040071944516285
-0.05464289541014722
0.08383912323474085
0.0027859037974478085
0.11522232211929584
0.01699193585620762
0.06994395962703592
0.02773636562208104
0.02432879134386301
0.04790976101641675
-0.15702055781469149
0.02708189422255458
-0.022368622754905587
-0.05699148198311299
-0.06109953281700342
0.06228267241298191
0.01716964896203166
-0.08721982612879486
0.056736527751481525
0.017908695057996304
0.0276177252845331
-0.050143819123519506
-0.02496648159475967
-0.010204897362879883
0.05799658946616226
-0.03520416182162833
-0.041376638974308655
0.026005039289207943
-0.011743957061684185
-0.06053051312501001
-0.007882998007099573
-0.05983064969141072
0.07518071596092746
0.04995452527457189
0.01716964896203166
0.08732358904095427
-0.09359820865597968
0.022821768641877682
0.0326533364262076
0.06605801367827979
0.06994395962703592
-0.027789787343500905
0.012299756912504733
0.0027859037974478085
-0.06638125688640528
0.06605801367827979
-0.05282848588680089
0.07382421435571018
-0.03563356684104946
-0.009588853389239205
-0.05120330655862837
0.01613403625846388
-0.06285634704832255
0.0276177252845331
-0.02862716582831837
0.05168531023255696
0.0027859037974478085
-0.008416174423421019
-0.028034859824940028
0.04790976101641675
0.06569838178769771
0.04048653167530425
-0.01956931117570271
-0.04466517994807795
0.012299756912504733
-0.06109953281700342
0.1399333926158075
-0.0002495311402075373
0.04590352204112591
0.07518071596092746
0.06567138145123597
-0.007720686875989813
0.025524068456756588
0.007058852839625374
0.008505479129739868
-0.0013205999854228878
0.008505479129739868
-0.060513028914405353
-0.05416508205116166
0.06994395962703592
0.05799658946616226
-0.2546008091448053
-0.0002495311402075373
0.0165919313161762
0.006265799221320201
0.06316607709876365
0.08105492908796386
0.037107507807760065
0.015089270086424023
-0.041376638974308655
0.10109672394520075
0.013040071944516285
0.030974972656109045
0.04135586741642605
0.07518071596092746
0.01579928711915457
-0.027462288324585415
-0.011743957061684185
-0.050143819123519506
0.04371378571481266
-0.012372140541780041
0.04665297339942498
-0.018864353824572078
-0.03173275161671363
0.07518071596092746
0.09718899306107964
-0.06053051312501001
-0.015144140805206874
0.01347000313241331
-0.0005187167995490682
-0.05120330655862837
0.0216176650818376
0.022194058573782982
-0.02496648159475967
0.031017376704207678
-0.0038562351615762935
-0.06720056781523276
0.02708189422255458
-0.011743957061684185
-0.045496030668886966
0.04729149119249154
-0.027788545411032928
-0.06109953281700342
-0.05586089089844393
0.026653357334457617
-0.05416508205116166
-0.0549153461639893
-0.22146034456414654
-0.007720686875989813
0.10109672394520075
-0.06258250876081561
-0.027789787343500905
-0.0038562351615762935
0.0278028767684102
-0.050143819123519506
0.0027859037974478085
-0.0002495311402075373
0.02773636562208104
-0.08110299466350668
0.006265799221320201
-0.028034859824940028
0.014471610315426986
-0.07075486294590672
0.06318283133468316
-0.018864353824572078
-0.022821982956040543
0.026653357334457617
0.011999720455214913
-0.01956931117570271
0.015089270086424023
-0.0007657730469858848
-0.014438989348697362
0.06994395962703592
0.012394543666532698
-0.060513028914405353
0.04283497654615154
0.056736527751481525
0.045224792909892564
0.026653357334457617
0.04283497654615154
0.06316607709876365
-0.051670301345440706
0.08383912323474085
-0.011743957061684185
0.048059232237648075
0.04135586741642605
0.08732358904095427
-0.005818111085915234
0.01699193585620762
-0.037433866920196124
0.012394543666532698
0.008665176454019985
-0.009357776553262198
0.04380656992791998
-0.03695834061658587
0.08732358904095427
0.08105492908796386
0.02432879134386301
0.0461992712042818
-0.06720056781523276
0.11522232211929584
0.006265799221320201
0.0326533364262076
0.028713620756199987
-0.007317237093852569
0.029794720012301212
-0.07075486294590672
-0.002647647860884561
0.03994035520780326
0.07518071596092746
-0.010204897362879883
0.08080248335888918
0.06318283133468316
-0.03563356684104946
0.023560334148108097
0.08302714817478662
0.025649122658425227
0.022194058573782982
-0.03695834061658587
-0.009588853389239205
-0.03695834061658587
0.039209693040964666
-0.0849833488167917
-0.022368622754905587
-0.06109953281700342
-0.007720686875989813
-0.05586089089844393
-0.03917887174705115
0.041840431302949455
-0.08814864178677073
0.037107507807760065
0.09718899306107964
0.06761705055254463
0.025722681761052968
0.031017376704207678
0.02520341309711238
0.030974972656109045
-0.01956931117570271
0.062467374718552904
0.02708189422255458
-0.06258250876081561
-0.08143178414826124
0.014471610315426986
-0.007720686875989813
0.02773636562208104
0.012394543666532698
0.047513051758585334
-0.041376638974308655
0.03443624877469453
0.0027859037974478085
0.043334141200254805
