0.04135586741642605
-0.06638125688640528
0.04283497654615154
0.019778644828504
-0.07724758378448726
-0.07892951287026762
-0.08678886069673908
-0.032259158022980294
-0.007317237093852569
-0.07465345378649157
0.007058852839625374
0.0022689688502968153
0.04823967565580034
0.0016709762031741349
-0.01249170093178087
-0.0002495311402075373
-0.022368622754905587
0.08176108754913614
0.11840346286310233
0.07060672059698447
-0.08110299466350668
0.06569838178769771
0.014471610315426986
0.037107507807760065
0.01613403625846388
-0.06285634704832255
-0.027393577402978764
-0.06638125688640528
0.09718899306107964
0.06994395962703592
-0.049962429852048906
0.030122729138618354
0.04371378571481266
-0.02243129284092049
-0.009588853389239205
0.012299756912504733
0.05182100602750328
0.01661350063361855
-0.03270475340709922
-0.0013205999854228878
0.01724199139330551
-0.022898889969576786
-0.007317237093852569
-0.07212958518599066
-0.03520416182162833
0.03863378364598535
0.06318283133468316
0.08080248335888918
0.04371378571481266
-0.0851300246174862
-0.007720686875989813
-0.06464003578883037
-0.0038562351615762935
0.01579928711915457
-0.032259158022980294
0.04606131559255999
-0.004841918958801372
0.04469322213864224
-0.05983064969141072
-0.007317237093852569
0.11840346286310233
-0.03173275161671363
0.01613403625846388
-0.012372140541780041
0.05436809318039337
0.06228267241298191
0.006265799221320201
-0.01844849936066506
0.043334141200254805
0.01046829599036414
0.17000938109242547
-0.06285634704832255
0.01035787819304268
-0.05983064969141072
0.012299756912504733
0.0344322264021244
-0.018864353824572078
0.01724199139330551
-0.024170822975695394
0.04371378571481266
-0.02243129284092049
-0.012372140541780041
0.05436809318039337
0.02520341309711238
0.012390402416693647
-0.004841918958801372
0.04371378571481266
-0.06226621690008294
0.08632977574364098
0.005173534568482907
-0.08721982612879486
0.028713620756199987
-0.013771885982464482
0.08080248335888918
-0.05129888770798985
0.10240276235625068
-0.04022536987465397
0.06925574960452696
0.01035787819304268
-0.17661184642248884
-0.0549153461639893
0.0326533364262076
0.01035787819304268
0.04729149119249154
0.07518071596092746
0.05198789125700998
0.0278028767684102
0.0041948137923384365
0.08176108754913614
0.03863378364598535
-0.060513028914405353
-0.08721982612879486
0.01035787819304268
0.08121523150568599
-0.0357902826629255
0.007058852839625374
0.05425453554333082
-0.05129888770798985
0.13204555949274965
0.01661350063361855
-0.06053051312501001
-0.038466866176760206
-0.028034859824940028
0.06567138145123597
0.07586149829868472
-0.06053051312501001
0.06761705055254463
0.04380656992791998
-0.032259158022980294
0.022821768641877682
0.02927401578257438
-0.06720056781523276
0.049538360788050184
0.13480548385110502
0.023512429278589764
0.026653357334457617
-0.03695834061658587
0.05425453554333082
-0.12033949778566289
-0.15702055781469149
0.08632977574364098
0.01579928711915457
-0.03520416182162833
-0.15702055781469149
-0.04126132556270612
-0.013771885982464482
0.0326533364262076
-0.022898889969576786
0.013040071944516285
0.06316607709876365
0.04469322213864224
0.012394543666532698
-0.051670301345440706
0.0461992712042818
-0.013771885982464482
0.005173534568482907
-0.04126132556270612
0.08302714817478662
0.06318283133468316
-0.013878349100881593
0.02773636562208104
0.037453479113841226
0.0203593980283987
0.03443624877469453
-0.06464003578883037
0.07586149829868472
0.09718899306107964
-0.0038562351615762935
-0.027393577402978764
-0.021161035659430283
0.06569838178769771
-0.015144140805206874
-0.045496030668886966
0.1399333926158075
0.048059232237648075
0.0027859037974478085
-0.1218059774124729
0.026653357334457617
-0.007720686875989813
0.06925574960452696
-0.12033949778566289
0.006143668794592827
0.014471610315426986
0.018593646962060006
0.025524068456756588
-0.04126132556270612
0.04391937482752173
0.008505479129739868
0.006265799221320201
0.023560334148108097
0.022821768641877682
0.026005039289207943
-0.08721982612879486
-0.05416508205116166
-0.018864353824572078
0.048059232237648075
0.05799658946616226
0.04827168718050601
-0.0851300246174862
0.014471610315426986
0.013065356771912562
-0.027462288324585415
0.029794720012301212
0.08653619008305125
0.05198789125700998
0.011999720455214913
0.10109672394520075
0.07586149829868472
0.03973066370480538
-0.0357902826629255
0.04391937482752173
-0.05464289541014722
-0.017242733713295877
-0.05699148198311299
-0.04022536987465397
0.06318283133468316
0.017908695057996304
0.029794720012301212
-0.007720686875989813
-0.013771885982464482
0.08302714817478662
0.025524068456756588
-0.0013205999854228878
-0.0002495311402075373
0.008505479129739868
0.04048653167530425
0.05799658946616226
-0.06109953281700342
0.0027859037974478085
0.012390402416693647
-0.045496030668886966
-0.03173275161671363
-0.06258250876081561
-0.027462288324585415
-0.032340875642459466
-0.02496648159475967
0.014471610315426986
-0.15702055781469149
0.015089270086424023
0.028713620756199987
-0.07724758378448726
-0.032340875642459466
0.006143668794592827
0.011553574399841615
-0.007882998007099573
0.023560334148108097
0.034283772423341574
-0.013771885982464482
0.04333086414918519
0.028713620756199987
0.06761705055254463
-0.07212958518599066
-0.03695834061658587
0.026005039289207943
0.0276177252845331
-0.01249170093178087
-0.007882998007099573
-0.07075486294590672
0.13480548385110502
0.0344322264021244
0.026653357334457617
-0.13034379599603163
-0.004841918958801372
-0.0002868205956847447
0.05182100602750328
0.034283772423341574
-0.0002868205956847447
-0.07212958518599066
-0.03563356684104946
-0.013878349100881593
0.06316607709876365
-0.02496648159475967
-0.014438989348697362
0.01347000313241331
0.05182100602750328
0.09718899306107964
-0.06053051312501001
0.07586149829868472
0.007058852839625374
0.04380656992791998
-0.07075486294590672
0.09718899306107964
-0.03270475340709922
0.01035787819304268
-0.0008948035361102669
-0.010532567714866659
-0.021161035659430283
0.06567138145123597
0.06318283133468316
0.06806350229329183
0.0276177252845331
0.04590352204112591
0.0326533364262076
-0.007720686875989813
-0.0002868205956847447
0.04729149119249154
-0.028034859824940028
0.034283772423341574
0.005173534568482907
