0.01724199139330551
-0.049962429852048906
-0.02243129284092049
0.011999720455214913
-0.012372140541780041
0.04827168718050601
0.01046829599036414
0.02520341309711238
0.04827168718050601
-0.010532567714866659
-0.03695834061658587
0.04333086414918519
0.051344950513199095
-0.08110299466350668
0.018593646962060006
-0.05282848588680089
0.051344950513199095
-0.013771885982464482
-0.09570667993071069
-0.08285893181375492
-0.08721982612879486
-0.05699148198311299
-0.0849833488167917
0.029794720012301212
0.0461992712042818
0.011553574399841615
0.0216176650818376
0.03994035520780326
-0.06285634704832255
0.0027859037974478085
0.020567585268201682
0.009856619194733796
-0.0636718542421022
0.043334141200254805
0.0344322264021244
0.04391937482752173
0.06364954486786978
-0.050143819123519506
0.0512476844333456
-0.06720056781523276
0.045224792909892564
-0.08143178414826124
-0.012372140541780041
-0.06053051312501001
-0.007720686875989813
-0.08678886069673908
0.0203593980283987
0.01716964896203166
-0.03695834061658587
0.04469322213864224
-0.05416508205116166
0.012299756912504733
-0.01844849936066506
0.06994395962703592
-0.010204897362879883
-0.08143178414826124
-0.007543661478351282
0.08176108754913614
0.06292625909621563
0.030974972656109045
0.09718899306107964
0.08105492908796386
-0.06285634704832255
0.04333086414918519
-0.06285634704832255
0.0344322264021244
-0.08126108737944548
0.0165919313161762
-0.06258250876081561
-0.032259158022980294
0.0016709762031741349
-0.012372140541780041
-0.03563356684104946
0.04283497654615154
-0.05699148198311299
0.028713620756199987
0.062467374718552904
0.0203593980283987
0.0576314646823306
0.02520341309711238
-0.017242733713295877
-0.007338419158481102
-0.01249170093178087
0.08632977574364098
-0.07724758378448726
0.030974972656109045
0.02708189422255458
-0.06193714350214741
-0.017136936568830308
0.008505479129739868
0.013109728048770641
0.05436809318039337
0.01716964896203166
-0.022622356364218277
-0.06285634704832255
-0.05464289541014722
0.024801788304586125
0.0278028767684102
0.039209693040964666
-0.04466517994807795
-0.0357902826629255
-0.05699148198311299
-0.05282848588680089
-0.011743957061684185
-0.10819102148647719
-0.17661184642248884
-0.06193714350214741
0.03882682382156144
-0.036421638107813514
0.029794720012301212
-0.0002495311402075373
-0.037433866920196124
-0.012372140541780041
0.051344950513199095
-0.02243129284092049
0.04920879849315085
-0.010532567714866659
0.04729149119249154
0.06569838178769771
0.04823967565580034
-0.019391257313081667
0.0165919313161762
0.06925574960452696
0.0165919313161762
-0.08110299466350668
0.01661350063361855
-0.08678886069673908
-0.027393577402978764
0.06605801367827979
0.0165919313161762
0.013109728048770641
-0.05416508205116166
-0.05699148198311299
0.04729149119249154
0.012390402416693647
-0.15702055781469149
0.06994395962703592
0.045224792909892564
0.025722681761052968
0.1399333926158075
-0.0005187167995490682
0.01661350063361855
0.020083040980136246
0.0022689688502968153
0.04920879849315085
0.06228267241298191
-0.05983064969141072
-0.03045002278091502
-0.06053051312501001
0.04823967565580034
0.04048653167530425
-0.1218059774124729
-0.0013205999854228878
0.04048653167530425
0.08799230776265521
0.11522232211929584
-0.03045002278091502
0.08383912323474085
0.051344950513199095
0.023512429278589764
0.05182100602750328
-0.027789787343500905
0.03994035520780326
0.06364954486786978
0.011999720455214913
0.014780240742707562
0.022194058573782982
0.024801788304586125
-0.005818111085915234
0.056736527751481525
0.006746455834750975
0.037107507807760065
-0.01844849936066506
0.056736527751481525
0.01661350063361855
0.06925574960452696
0.0022689688502968153
0.025649122658425227
0.020446479141682516
-0.024170822975695394
-0.05464289541014722
0.02927401578257438
0.05168531023255696
-0.02496648159475967
0.04391937482752173
0.019778644828504
-0.10819102148647719
-0.08285893181375492
0.009856619194733796
0.0165919313161762
0.017908695057996304
0.0461992712042818
-0.06258250876081561
0.08302714817478662
-0.03563356684104946
0.037107507807760065
-0.06258250876081561
0.06316607709876365
0.006746455834750975
-0.06226621690008294
0.06994395962703592
-0.018864353824572078
0.04469322213864224
-0.06464003578883037
0.03863378364598535
-0.0008948035361102669
0.013065356771912562
0.06316607709876365
-0.05654058267968054
-0.0002868205956847447
-0.0007657730469858848
-0.009588853389239205
0.011553574399841615
-0.0038562351615762935
0.06316607709876365
-0.0013205999854228878
0.06605801367827979
0.15300088602597928
0.02927401578257438
-0.027462288324585415
-0.0851300246174862
-0.06720056781523276
-0.021161035659430283
-0.015144140805206874
0.029794720012301212
0.05182100602750328
0.01347000313241331
0.02927401578257438
-0.0549153461639893
-0.06109953281700342
-0.08143178414826124
0.03882682382156144
0.006265799221320201
0.05436809318039337
0.051344950513199095
0.047513051758585334
-0.0008948035361102669
-0.024170822975695394
-0.09570667993071069
-0.041376638974308655
-0.01956931117570271
0.0027859037974478085
-0.0038562351615762935
-0.10819102148647719
-0.08721982612879486
-0.06638125688640528
0.01699193585620762
0.08105492908796386
0.11840346286310233
0.08799230776265521
0.08302714817478662
0.06605801367827979
-0.1218059774124729
0.04048653167530425
-0.03270475340709922
0.08105492908796386
-0.041376638974308655
0.020083040980136246
-0.022622356364218277
0.06228267241298191
-0.045496030668886966
-0.06720056781523276
-0.05464289541014722
-0.012372140541780041
0.04333086414918519
-0.05282848588680089
0.01035787819304268
0.0461992712042818
-0.09432889171755221
0.0025784297617263974
0.031017376704207678
0.028713620756199987
-0.028034859824940028
-0.037433866920196124
0.023512429278589764
0.07060672059698447
0.04391937482752173
-0.09359820865597968
0.023560334148108097
0.0041948137923384365
-0.01249170093178087
-0.038466866176760206
-0.02496648159475967
-0.019514789449790015
0.03643980545838055
0.05198789125700998
-0.027788545411032928
0.04380656992791998
-0.03133707462365809
-0.010204897362879883
-0.08814864178677073
-0.06464003578883037
0.01716964896203166
-0.005818111085915234
0.13480548385110502
-0.01956931117570271
0.026458811902690726
-0.06464003578883037
0.05425453554333082
