-0.04466517994807795
-0.010532567714866659
0.0461992712042818
-0.007543661478351282
0.06925574960452696
-0.002647647860884561
0.048059232237648075
-0.05464289541014722
0.030974972656109045
0.05182100602750328
0.01661350063361855
0.0022689688502968153
0.11840346286310233
-0.022898889969576786
-0.022348210496932808
0.03643980545838055
-0.015144140805206874
-0.022898889969576786
0.03863378364598535
0.06605801367827979
0.03994035520780326
0.005082074600808895
0.062467374718552904
0.08653619008305125
0.04048653167530425
0.043334141200254805
0.034283772423341574
0.05436809318039337
-0.09432889171755221
-0.06285634704832255
0.08759468040243501
-0.0489237727198617
-0.049962429852048906
-0.0357902826629255
0.009856619194733796
-0.0851300246174862
-0.05129888770798985
-0.06226621690008294
0.020567585268201682
-0.0005187167995490682
0.025722681761052968
-0.011743957061684185
-0.02243129284092049
0.04469322213864224
0.005082074600808895
-0.06285634704832255
0.17000938109242547
0.06994395962703592
-0.07414653786004877
0.08759468040243501
-0.0002868205956847447
0.04299886054755575
0.06364954486786978
0.03643980545838055
0.06761705055254463
0.0515617796937029
0.037107507807760065
-0.012150300762606037
-0.01844849936066506
-0.007317237093852569
-0.02243129284092049
0.0016709762031741349
0.01724199139330551
0.029794720012301212
-0.05983064969141072
-0.012372140541780041
0.01699193585620762
0.03994035520780326
0.018593646962060006
0.02773636562208104
-0.10013006587302442
0.01579928711915457
-0.0851300246174862
-0.022898889969576786
0.06761705055254463
0.0461992712042818
-0.022348210496932808
-0.22146034456414654
-0.0849833488167917
0.03882682382156144
-0.036421638107813514
-0.06638125688640528
0.003822387934753202
0.05799658946616226
0.014471610315426986
-0.10013006587302442
-0.017242733713295877
-0.05282848588680089
0.04371378571481266
-0.014438989348697362
0.13480548385110502
0.08105492908796386
0.04606131559255999
0.06605801367827979
-0.014438989348697362
-0.03520416182162833
0.01699193585620762
0.03643980545838055
0.006746455834750975
0.04391937482752173
0.007058852839625374
-0.03173275161671363
0.09718899306107964
-0.07414653786004877
0.07586149829868472
0.03208636570286316
0.0165919313161762
-0.06285634704832255
0.020567585268201682
0.04283497654615154
0.062467374718552904
-0.06053051312501001
0.024801788304586125
-0.0038562351615762935
0.06364954486786978
0.0025784297617263974
-0.17661184642248884
-0.02496648159475967
-0.024170822975695394
-0.13034379599603163
0.04333086414918519
-0.05129888770798985
-0.05654058267968054
0.013065356771912562
0.041840431302949455
-0.0849833488167917
-0.01249170093178087
0.08759468040243501
-0.011743957061684185
-0.017242733713295877
0.09718899306107964
-0.01249170093178087
0.02714223291166995
0.17000938109242547
0.06318283133468316
-0.0013205999854228878
0.026458811902690726
0.03208636570286316
-0.06193714350214741
-0.09359820865597968
-0.0489237727198617
0.04283497654615154
-0.010204897362879883
-0.0489237727198617
0.06605801367827979
-0.06053051312501001
-0.0002495311402075373
0.045224792909892564
-0.03133707462365809
0.034283772423341574
-0.12033949778566289
-0.002205271978588108
-0.060513028914405353
-0.017136936568830308
-0.22146034456414654
0.04729149119249154
0.008665176454019985
0.01699193585620762
-0.012150300762606037
0.04799414960212012
0.0025784297617263974
0.01661350063361855
0.041840431302949455
0.04380656992791998
0.014780240742707562
0.04380656992791998
-0.032259158022980294
0.01347000313241331
0.08732358904095427
0.09718899306107964
0.039209693040964666
-0.0549153461639893
0.02708189422255458
-0.09570667993071069
-0.03045002278091502
0.0016709762031741349
-0.017136936568830308
0.04380656992791998
-0.05699148198311299
0.003822387934753202
-0.07414653786004877
0.08121523150568599
-0.007543661478351282
-0.007543661478351282
-0.07212958518599066
0.020567585268201682
-0.028034859824940028
-0.015144140805206874
0.017908695057996304
0.10240276235625068
-0.005818111085915234
0.001954162314668828
-0.038466866176760206
0.02773636562208104
-0.024170822975695394
-0.05464289541014722
0.013040071944516285
0.051344950513199095
-0.08126108737944548
0.04283497654615154
0.037453479113841226
0.013065356771912562
-0.03045002278091502
0.04371378571481266
0.0461992712042818
-0.011743957061684185
-0.024170822975695394
0.08653619008305125
0.04283497654615154
-0.002647647860884561
-0.05983064969141072
0.04995452527457189
0.08080248335888918
-0.027788545411032928
0.01046829599036414
-0.050143819123519506
0.02714223291166995
0.05198789125700998
0.07586149829868472
-0.007543661478351282
0.01613403625846388
-0.05129888770798985
-0.07892951287026762
0.06605801367827979
-0.10013006587302442
0.012394543666532698
-0.05654058267968054
-0.022821982956040543
-0.032259158022980294
0.039209693040964666
0.08653619008305125
-0.027393577402978764
0.014471610315426986
0.045224792909892564
0.06318283133468316
-0.0008948035361102669
-0.0002495311402075373
-0.05586089089844393
-0.05129888770798985
-0.009357776553262198
-0.027788545411032928
0.01716964896203166
-0.02243129284092049
0.011553574399841615
0.017908695057996304
-0.05699148198311299
-0.08678886069673908
-0.02862716582831837
0.0515617796937029
0.0844852260058202
0.011553574399841615
-0.017136936568830308
-0.08721982612879486
0.08383912323474085
0.04790976101641675
-0.2546008091448053
-0.017242733713295877
0.08176108754913614
-0.022821982956040543
0.049538360788050184
0.026458811902690726
-0.047644828679283435
0.013065356771912562
0.013065356771912562
-0.019391257313081667
0.013065356771912562
0.0276177252845331
-0.07212958518599066
0.056736527751481525
0.025722681761052968
0.03443624877469453
-0.10819102148647719
-0.051670301345440706
0.007058852839625374
0.01613403625846388
-0.07212958518599066
-0.06109953281700342
-0.06258250876081561
0.01035787819304268
-0.0002495311402075373
-0.2546008091448053
0.07518071596092746
0.012299756912504733
0.008505479129739868
0.013109728048770641
0.06925574960452696
0.11522232211929584
-0.07892951287026762
0.03643980545838055
-0.1218059774124729
0.02773636562208104
-0.036421638107813514
0.0576314646823306
-0.051670301345440706
0.025649122658425227
0.051344950513199095
0.0216176650818376
-0.019514789449790015
-0.013878349100881593
