0.018593646962060006
-0.013878349100881593
-0.024170822975695394
0.01035787819304268
-0.002647647860884561
-0.017242733713295877
0.04827168718050601
-0.04022536987465397
-0.050143819123519506
-0.10819102148647719
-0.027462288324585415
-0.007338419158481102
-0.0549153461639893
0.08105492908796386
-0.045496030668886966
-0.1218059774124729
0.04391937482752173
0.08176108754913614
-0.018864353824572078
-0.08721982612879486
0.04371378571481266
-0.08143178414826124
0.02520341309711238
0.047513051758585334
-0.05120330655862837
-0.021161035659430283
0.09718899306107964
0.03973066370480538
0.0576314646823306
-0.0849833488167917
-0.06720056781523276
-0.0007657730469858848
-0.07075486294590672
0.10109672394520075
0.0276177252845331
-0.0851300246174862
-0.012372140541780041
0.006143668794592827
-0.07465345378649157
0.05799658946616226
0.012394543666532698
0.008505479129739868
-0.012372140541780041
-0.03173275161671363
0.014471610315426986
0.018593646962060006
0.06994395962703592
0.019778644828504
0.05168531023255696
-0.045496030668886966
-0.03520416182162833
-0.06720056781523276
-0.010532567714866659
-0.06226621690008294
-0.022368622754905587
0.06567138145123597
-0.02862716582831837
-0.0007657730469858848
-0.04466517994807795
-0.005818111085915234
0.048059232237648075
-0.03917887174705115
-0.05282848588680089
-0.06638125688640528
0.006746455834750975
-0.015144140805206874
-0.03695834061658587
0.02773636562208104
0.03863378364598535
-0.019391257313081667
0.011553574399841615
-0.0007657730469858848
-0.0357902826629255
0.006746455834750975
0.019778644828504
0.10109672394520075
0.025524068456756588
0.008505479129739868
0.007058852839625374
0.02708189422255458
0.1399333926158075
-0.01844849936066506
-0.03695834061658587
0.005173534568482907
-0.03695834061658587
-0.024170822975695394
0.024801788304586125
0.01699193585620762
0.030122729138618354
-0.027393577402978764
-0.01686722086916248
-0.05120330655862837
-0.032340875642459466
0.0022689688502968153
0.04380656992791998
-0.0489237727198617
0.025649122658425227
-0.04022536987465397
0.06761705055254463
0.04920879849315085
0.1399333926158075
-0.009588853389239205
0.04827168718050601
0.039209693040964666
-0.09570667993071069
0.06292625909621563
-0.03045002278091502
0.0344322264021244
0.01724199139330551
0.0844852260058202
0.022821768641877682
0.017908695057996304
0.01724199139330551
-0.03133707462365809
0.06569838178769771
0.029794720012301212
0.018593646962060006
-0.036421638107813514
0.04371378571481266
-0.03045002278091502
-0.07724758378448726
-0.050143819123519506
0.0027859037974478085
-0.02375973362478856
0.08080248335888918
-0.009588853389239205
0.05182100602750328
-0.02375973362478856
-0.03563356684104946
-0.0002868205956847447
0.01035787819304268
0.04606131559255999
-0.038466866176760206
-0.06720056781523276
0.030974972656109045
-0.05654058267968054
-0.05129888770798985
0.07518071596092746
0.0016709762031741349
0.02708189422255458
0.09718899306107964
0.11522232211929584
0.012394543666532698
-0.018864353824572078
-0.022622356364218277
0.07060672059698447
-0.0002495311402075373
0.034283772423341574
0.01035787819304268
-0.051670301345440706
0.10109672394520075
0.04606131559255999
-0.01249170093178087
-0.017242733713295877
0.041840431302949455
0.06318283133468316
0.0025784297617263974
-0.06720056781523276
-0.04466517994807795
0.0515617796937029
0.0576314646823306
-0.015144140805206874
0.11522232211929584
0.049538360788050184
0.03863378364598535
-0.06193714350214741
-0.007317237093852569
0.11840346286310233
0.012394543666532698
0.026005039289207943
0.07382421435571018
-0.050143819123519506
-0.03045002278091502
0.013109728048770641
0.0025784297617263974
-0.01956931117570271
0.08732358904095427
0.030974972656109045
0.04729149119249154
0.009856619194733796
0.06318283133468316
-0.008416174423421019
-0.0013205999854228878
0.012394543666532698
0.01716964896203166
-0.0002495311402075373
-0.005818111085915234
0.06994395962703592
-0.050143819123519506
0.014780240742707562
-0.017136936568830308
-0.05416508205116166
0.0276177252845331
0.045224792909892564
-0.049962429852048906
0.07382421435571018
-0.0489237727198617
-0.002205271978588108
-0.09570667993071069
-0.0849833488167917
-0.012150300762606037
-0.0005187167995490682
-0.02375973362478856
0.03973066370480538
-0.02375973362478856
0.022194058573782982
0.06994395962703592
0.10240276235625068
-0.09432889171755221
-0.047644828679283435
-0.02496648159475967
0.13204555949274965
0.02927401578257438
-0.02862716582831837
0.008665176454019985
0.034283772423341574
-0.05464289541014722
-0.002647647860884561
0.03861575224405023
-0.05654058267968054
0.0016709762031741349
-0.03045002278091502
-0.037433866920196124
-0.10819102148647719
0.028713620756199987
0.01613403625846388
-0.010204897362879883
0.041840431302949455
-0.07075486294590672
0.0688088340488946
0.05425453554333082
0.11840346286310233
0.025722681761052968
0.01724199139330551
-0.0002868205956847447
-0.2546008091448053
0.1399333926158075
-0.17661184642248884
0.02927401578257438
0.0515617796937029
0.07060672059698447
-0.02496648159475967
0.01716964896203166
0.04299886054755575
0.02708189422255458
0.003822387934753202
0.039209693040964666
0.025524068456756588
-0.05983064969141072
0.02451643163530548
-0.05120330655862837
0.01579928711915457
-0.024170822975695394
0.08799230776265521
0.03861575224405023
-0.22146034456414654
0.024801788304586125
0.008505479129739868
0.04391937482752173
0.17000938109242547
0.08105492908796386
-0.08143178414826124
0.003822387934753202
-0.03173275161671363
0.05799658946616226
-0.05464289541014722
0.11522232211929584
0.022821768641877682
0.005173534568482907
0.029794720012301212
-0.050143819123519506
0.06567138145123597
0.0216176650818376
-0.012150300762606037
-0.0357902826629255
-0.03270475340709922
-0.028034859824940028
-0.03045002278091502
0.01613403625846388
-0.04466517994807795
-0.02375973362478856
-0.06285634704832255
-0.0636718542421022
-0.007720686875989813
0.01699193585620762
0.005173534568482907
0.01716964896203166
0.03861575224405023
-0.06193714350214741
-0.019514789449790015
0.02773636562208104
-0.08285893181375492
0.026005039289207943
-0.13034379599603163
0.041840431302949455
-0.09570667993071069
0.03861575224405023
0.03643980545838055
-0.05282848588680089
