0.08080248335888918
0.06806350229329183
0.037453479113841226
0.0688088340488946
-0.02862716582831837
0.03443624877469453
0.003822387934753202
-0.07724758378448726
0.037453479113841226
-0.010532567714866659
-0.018864353824572078
-0.17661184642248884
0.02520341309711238
0.04391937482752173
-0.08814864178677073
-0.002205271978588108
0.06925574960452696
0.030122729138618354
-0.021161035659430283
0.0576314646823306
-0.0002868205956847447
0.04790976101641675
-0.019514789449790015
-0.0851300246174862
0.0016709762031741349
-0.15702055781469149
0.04469322213864224
-0.037433866920196124
0.01035787819304268
0.01716964896203166
0.007058852839625374
0.06567138145123597
0.006143668794592827
0.05182100602750328
0.0016709762031741349
-0.06285634704832255
0.08732358904095427
-0.007720686875989813
0.08121523150568599
-0.002647647860884561
-0.013878349100881593
-0.032259158022980294
0.008505479129739868
0.04469322213864224
0.08653619008305125
-0.07075486294590672
0.03208636570286316
-0.022622356364218277
-0.05120330655862837
-0.07724758378448726
-0.0011970474263076625
0.04729149119249154
0.04371378571481266
-0.06638125688640528
-0.002205271978588108
-0.05282848588680089
0.037107507807760065
0.049538360788050184
0.0022689688502968153
-0.049962429852048906
-0.08721982612879486
-0.03045002278091502
-0.02375973362478856
0.06292625909621563
-0.0013205999854228878
0.05168531023255696
0.05436809318039337
0.08632977574364098
-0.032340875642459466
0.020446479141682516
0.06994395962703592
-0.06464003578883037
-0.01686722086916248
0.014471610315426986
-0.022821982956040543
0.006143668794592827
-0.05699148198311299
0.019778644828504
0.008505479129739868
0.017908695057996304
-0.17661184642248884
0.043334141200254805
-0.05983064969141072
-0.036421638107813514
0.08176108754913614
-0.022898889969576786
0.045224792909892564
0.013040071944516285
-0.05464289541014722
-0.047644828679283435
-0.06720056781523276
-0.014438989348697362
-0.06720056781523276
-0.08110299466350668
0.062467374718552904
0.01579928711915457
0.0203593980283987
0.018593646962060006
0.003822387934753202
0.008505479129739868
0.04048653167530425
-0.007543661478351282
0.001954162314668828
0.04048653167530425
0.023512429278589764
0.01661350063361855
0.03863378364598535
-0.027788545411032928
0.06292625909621563
0.02927401578257438
0.01724199139330551
-0.0002868205956847447
0.026458811902690726
-0.019391257313081667
0.01699193585620762
-0.019391257313081667
0.023512429278589764
0.012390402416693647
0.02520341309711238
0.01699193585620762
0.04391937482752173
0.0278028767684102
0.04380656992791998
-0.007720686875989813
0.06806350229329183
0.005082074600808895
0.04995452527457189
0.10109672394520075
-0.07212958518599066
-0.02375973362478856
0.06228267241298191
0.10240276235625068
0.02520341309711238
-0.0357902826629255
-0.06109953281700342
-0.005105231073404326
-0.041376638974308655
-0.022368622754905587
-0.007882998007099573
-0.05120330655862837
0.04827168718050601
-0.15702055781469149
0.020083040980136246
-0.017242733713295877
0.04729149119249154
-0.08110299466350668
0.02432879134386301
-0.05129888770798985
0.0278028767684102
-0.09359820865597968
-0.04126132556270612
0.037107507807760065
0.10109672394520075
0.0022689688502968153
0.05425453554333082
0.08799230776265521
-0.022898889969576786
0.01716964896203166
0.05198789125700998
-0.007338419158481102
0.039209693040964666
-0.07892951287026762
-0.03917887174705115
-0.017136936568830308
0.1399333926158075
0.020083040980136246
0.09718899306107964
-0.009357776553262198
-0.07724758378448726
0.07060672059698447
0.030974972656109045
-0.10819102148647719
0.07060672059698447
-0.0549153461639893
-0.013771885982464482
-0.03695834061658587
0.0326533364262076
0.025524068456756588
0.037453479113841226
-0.08285893181375492
-0.2546008091448053
-0.12033949778566289
0.08732358904095427
-0.02496648159475967
0.014780240742707562
0.10240276235625068
-0.06285634704832255
0.04590352204112591
0.05799658946616226
-0.05983064969141072
0.09718899306107964
0.025649122658425227
-0.019514789449790015
-0.007720686875989813
0.03443624877469453
0.006265799221320201
0.013065356771912562
0.05198789125700998
-0.05129888770798985
0.02927401578257438
0.06605801367827979
-0.013878349100881593
0.06364954486786978
-0.03270475340709922
0.008665176454019985
0.031017376704207678
-0.017136936568830308
0.062467374718552904
0.026653357334457617
0.08383912323474085
0.05198789125700998
0.08105492908796386
-0.10013006587302442
0.0576314646823306
-0.002647647860884561
0.02432879134386301
-0.0636718542421022
0.022821768641877682
-0.05464289541014722
-0.06464003578883037
0.051344950513199095
-0.08110299466350668
0.026458811902690726
0.051344950513199095
-0.06638125688640528
-0.05699148198311299
0.06925574960452696
0.08121523150568599
0.04391937482752173
0.0576314646823306
0.043334141200254805
0.02927401578257438
0.026458811902690726
0.014780240742707562
0.07586149829868472
0.019778644828504
0.02432879134386301
-0.06258250876081561
-0.08678886069673908
0.001954162314668828
0.0216176650818376
-0.0357902826629255
-0.04466517994807795
-0.007543661478351282
-0.10013006587302442
0.025524068456756588
0.06364954486786978
-0.07465345378649157
0.03973066370480538
-0.02862716582831837
0.10109672394520075
0.011999720455214913
-0.0007657730469858848
0.02714223291166995
-0.12033949778566289
0.06569838178769771
-0.08721982612879486
-0.0549153461639893
0.04135586741642605
-0.012150300762606037
0.018593646962060006
-0.2546008091448053
0.025524068456756588
-0.07075486294590672
0.006265799221320201
-0.036421638107813514
-0.007338419158481102
0.020083040980136246
0.029794720012301212
-0.08814864178677073
-0.012150300762606037
-0.019391257313081667
-0.0011970474263076625
0.04283497654615154
-0.05120330655862837
-0.0489237727198617
0.037107507807760065
0.02927401578257438
0.01699193585620762
-0.0008948035361102669
0.013040071944516285
-0.011743957061684185
0.0844852260058202
0.13480548385110502
-0.08285893181375492
0.06806350229329183
-0.0636718542421022
0.04823967565580034
0.06806350229329183
0.037107507807760065
0.062467374718552904
0.04729149119249154
-0.047644828679283435
0.03994035520780326
-0.0008948035361102669
-0.03997727574944321
0.022821768641877682
0.045224792909892564
0.045224792909892564
