0.05799658946616226
-0.0489237727198617
0.05198789125700998
0.048059232237648075
0.08799230776265521
0.07060672059698447
0.02451643163530548
-0.0013205999854228878
-0.02243129284092049
-0.015144140805206874
0.06925574960452696
0.06316607709876365
0.03882682382156144
-0.05654058267968054
-0.011743957061684185
0.03643980545838055
-0.07465345378649157
0.025722681761052968
-0.15702055781469149
0.023512429278589764
-0.041376638974308655
0.0844852260058202
-0.01249170093178087
-0.05464289541014722
0.06605801367827979
0.04283497654615154
0.025524068456756588
0.06364954486786978
-0.022348210496932808
-0.047644828679283435
-0.05699148198311299
0.01699193585620762
-0.08143178414826124
0.06318283133468316
-0.027462288324585415
0.11840346286310233
0.012299756912504733
-0.07212958518599066
-0.011743957061684185
0.06318283133468316
-0.022622356364218277
-0.0013205999854228878
0.04590352204112591
-0.1218059774124729
0.06364954486786978
-0.02375973362478856
0.03994035520780326
0.04391937482752173
-0.010204897362879883
0.018593646962060006
0.005082074600808895
-0.01686722086916248
-0.010532567714866659
-0.09432889171755221
0.04299886054755575
0.037453479113841226
0.048059232237648075
-0.0038562351615762935
-0.0008948035361102669
0.012390402416693647
-0.022368622754905587
-0.05464289541014722
0.1399333926158075
-0.007338419158481102
-0.02375973362478856
-0.22146034456414654
-0.027462288324585415
-0.007543661478351282
0.012390402416693647
0.04391937482752173
0.03643980545838055
0.04391937482752173
-0.0038562351615762935
0.06567138145123597
0.08105492908796386
0.011553574399841615
0.030974972656109045
-0.17661184642248884
0.07586149829868472
0.06228267241298191
0.05198789125700998
-0.07212958518599066
-0.008416174423421019
0.01724199139330551
0.13204555949274965
0.0016709762031741349
0.15300088602597928
-0.0038562351615762935
0.031017376704207678
0.011553574399841615
-0.07724758378448726
0.06994395962703592
0.020083040980136246
0.06761705055254463
0.015089270086424023
-0.007317237093852569
0.08176108754913614
-0.03045002278091502
-0.01686722086916248
-0.05654058267968054
-0.011743957061684185
0.022821768641877682
-0.047644828679283435
-0.032340875642459466
-0.018864353824572078
-0.07724758378448726
0.04283497654615154
-0.024170822975695394
0.08653619008305125
0.034283772423341574
0.020083040980136246
0.011999720455214913
-0.05120330655862837
-0.05699148198311299
-0.060513028914405353
0.04790976101641675
0.05799658946616226
-0.07414653786004877
-0.05654058267968054
0.020446479141682516
0.04391937482752173
0.0844852260058202
0.11522232211929584
0.04283497654615154
-0.08143178414826124
0.029794720012301212
-0.17661184642248884
-0.02862716582831837
0.011553574399841615
-0.038466866176760206
-0.07465345378649157
0.04299886054755575
-0.0489237727198617
0.03863378364598535
0.008505479129739868
-0.037433866920196124
0.1399333926158075
0.02927401578257438
-0.03458770640829023
0.06567138145123597
0.049538360788050184
0.01716964896203166
0.031017376704207678
-0.02375973362478856
-0.07075486294590672
0.0688088340488946
0.0165919313161762
0.041840431302949455
-0.008416174423421019
0.08799230776265521
0.022194058573782982
-0.07414653786004877
-0.008416174423421019
-0.10013006587302442
-0.03695834061658587
0.0022689688502968153
-0.08143178414826124
0.04333086414918519
0.020446479141682516
-0.0636718542421022
-0.010532567714866659
0.04665297339942498
-0.0549153461639893
0.0844852260058202
0.012299756912504733
0.02451643163530548
-0.045496030668886966
-0.045496030668886966
-0.03563356684104946
0.015089270086424023
-0.036421638107813514
0.011553574399841615
0.04729149119249154
0.005082074600808895
-0.0357902826629255
0.04606131559255999
0.019778644828504
0.07518071596092746
0.043334141200254805
-0.037433866920196124
0.01613403625846388
0.04665297339942498
-0.1218059774124729
0.03863378364598535
0.13204555949274965
-0.07465345378649157
0.0461992712042818
-0.01956931117570271
-0.007338419158481102
0.043334141200254805
0.06292625909621563
0.08105492908796386
-0.0357902826629255
0.0326533364262076
0.06806350229329183
0.04371378571481266
0.014780240742707562
-0.032259158022980294
0.0165919313161762
-0.0011970474263076625
-0.12033949778566289
0.048059232237648075
0.062467374718552904
0.03208636570286316
-0.05416508205116166
-0.06226621690008294
-0.07892951287026762
0.13480548385110502
-0.0851300246174862
0.0512476844333456
0.04391937482752173
-0.02862716582831837
-0.06226621690008294
-0.05282848588680089
0.041840431302949455
0.025722681761052968
-0.007543661478351282
0.09718899306107964
-0.03563356684104946
0.03863378364598535
0.10109672394520075
0.0027859037974478085
0.04790976101641675
-0.08126108737944548
0.023512429278589764
-0.01844849936066506
-0.007720686875989813
0.06316607709876365
0.04590352204112591
0.01035787819304268
0.03861575224405023
0.013109728048770641
0.07382421435571018
-0.2546008091448053
0.009856619194733796
-0.05282848588680089
-0.09570667993071069
0.1399333926158075
-0.04022536987465397
0.011999720455214913
-0.028034859824940028
0.019778644828504
-0.045496030668886966
0.04790976101641675
-0.06193714350214741
-0.022368622754905587
0.031017376704207678
0.005082074600808895
0.0165919313161762
0.01699193585620762
-0.05120330655862837
-0.015144140805206874
0.02773636562208104
-0.01956931117570271
-0.08143178414826124
-0.007882998007099573
0.0276177252845331
-0.12033949778566289
-0.013878349100881593
-0.007338419158481102
0.014471610315426986
0.009856619194733796
0.04920879849315085
-0.008416174423421019
0.02708189422255458
0.007058852839625374
-0.07212958518599066
0.08080248335888918
-0.022368622754905587
0.08632977574364098
-0.009588853389239205
-0.037433866920196124
0.05799658946616226
0.003822387934753202
-0.05129888770798985
-0.01686722086916248
-0.09432889171755221
0.03643980545838055
0.06316607709876365
0.03643980545838055
0.04380656992791998
0.1399333926158075
0.023560334148108097
0.022821768641877682
-0.12033949778566289
0.014780240742707562
-0.022821982956040543
-0.047644828679283435
0.020446479141682516
-0.07414653786004877
-0.17661184642248884
0.011999720455214913
-0.045496030668886966
0.014471610315426986
-0.045496030668886966
0.034283772423341574
0.028713620756199987
-0.08721982612879486
-0.02243129284092049
