0.049538360788050184
-0.047644828679283435
0.015089270086424023
-0.0008948035361102669
0.020083040980136246
-0.05120330655862837
0.0278028767684102
-0.045496030668886966
0.03443624877469453
-0.04022536987465397
0.006746455834750975
0.01613403625846388
0.01724199139330551
0.024801788304586125
-0.010532567714866659
-0.0013205999854228878
0.05425453554333082
-0.06720056781523276
0.03643980545838055
0.04799414960212012
0.01661350063361855
0.04827168718050601
0.018593646962060006
0.0688088340488946
-0.05416508205116166
0.051344950513199095
0.005173534568482907
0.06318283133468316
-0.050143819123519506
-0.05282848588680089
-0.027393577402978764
-0.03917887174705115
-0.013771885982464482
-0.036421638107813514
0.03443624877469453
0.07382421435571018
0.023560334148108097
-0.08143178414826124
0.11522232211929584
-0.027789787343500905
0.043334141200254805
-0.027462288324585415
0.01035787819304268
-0.060513028914405353
-0.04466517994807795
-0.036421638107813514
0.07518071596092746
-0.05416508205116166
0.013040071944516285
0.026653357334457617
-0.08678886069673908
0.022821768641877682
-0.0002495311402075373
0.02773636562208104
-0.03563356684104946
-0.007882998007099573
0.04135586741642605
-0.13034379599603163
0.020083040980136246
-0.008416174423421019
0.03443624877469453
-0.2546008091448053
0.17000938109242547
0.08799230776265521
0.05425453554333082
-0.0549153461639893
-0.03173275161671363
-0.02496648159475967
0.05436809318039337
0.15300088602597928
-0.007882998007099573
0.047513051758585334
0.007058852839625374
0.020446479141682516
-0.03270475340709922
-0.03997727574944321
0.03643980545838055
0.0844852260058202
0.026005039289207943
-0.008416174423421019
0.13204555949274965
0.05182100602750328
-0.022622356364218277
-0.007338419158481102
-0.005105231073404326
0.04469322213864224
0.08302714817478662
-0.0357902826629255
-0.0038562351615762935
0.1417808980890598
-0.06638125688640528
0.025649122658425227
0.0025784297617263974
-0.03695834061658587
-0.018864353824572078
-0.017136936568830308
0.0515617796937029
-0.050143819123519506
0.02773636562208104
-0.05586089089844393
0.03882682382156144
-0.06226621690008294
-0.09359820865597968
0.17000938109242547
-0.08721982612879486
0.0025784297617263974
-0.019514789449790015
0.006143668794592827
0.051344950513199095
-0.03520416182162833
-0.03695834061658587
0.029794720012301212
-0.07465345378649157
-0.0007657730469858848
0.04729149119249154
0.04995452527457189
-0.027393577402978764
-0.0007657730469858848
-0.022348210496932808
0.04380656992791998
-0.05120330655862837
-0.009357776553262198
-0.15702055781469149
0.005173534568482907
0.08632977574364098
0.008665176454019985
-0.03458770640829023
0.006143668794592827
0.031017376704207678
-0.018864353824572078
-0.07075486294590672
-0.04466517994807795
0.0216176650818376
0.08302714817478662
0.06364954486786978
-0.013878349100881593
0.037107507807760065
-0.06053051312501001
0.023512429278589764
0.06567138145123597
-0.009357776553262198
-0.09359820865597968
-0.027462288324585415
0.06228267241298191
0.02708189422255458
0.01035787819304268
-0.037433866920196124
-0.051670301345440706
-0.05464289541014722
0.03973066370480538
0.03643980545838055
0.026005039289207943
-0.06464003578883037
0.026005039289207943
-0.002647647860884561
-0.0013205999854228878
0.029794720012301212
-0.010204897362879883
-0.03270475340709922
0.0461992712042818
0.07518071596092746
0.03973066370480538
0.0461992712042818
-0.0489237727198617
0.06994395962703592
0.07586149829868472
0.0016709762031741349
-0.009357776553262198
0.0203593980283987
-0.0008948035361102669
-0.0011970474263076625
-0.038466866176760206
0.030122729138618354
-0.03997727574944321
0.023560334148108097
0.08176108754913614
-0.0002868205956847447
0.04590352204112591
-0.10819102148647719
-0.045496030668886966
-0.018864353824572078
-0.05983064969141072
-0.007317237093852569
0.049538360788050184
0.05425453554333082
-0.05120330655862837
0.01613403625846388
0.013065356771912562
-0.032340875642459466
0.034283772423341574
-0.22146034456414654
0.02714223291166995
0.047513051758585334
-0.06464003578883037
0.1417808980890598
0.025524068456756588
-0.03133707462365809
-0.08126108737944548
0.013065356771912562
0.037453479113841226
-0.08126108737944548
0.006746455834750975
-0.03997727574944321
0.013109728048770641
-0.005105231073404326
0.011999720455214913
0.1399333926158075
0.017908695057996304
0.013040071944516285
0.06569838178769771
0.0344322264021244
-0.03270475340709922
0.0041948137923384365
0.01347000313241331
0.07586149829868472
-0.0357902826629255
-0.0013205999854228878
0.05168531023255696
0.0344322264021244
-0.0549153461639893
0.02451643163530548
0.013065356771912562
0.0326533364262076
0.01613403625846388
0.04135586741642605
-0.0002868205956847447
-0.02243129284092049
0.06806350229329183
0.08632977574364098
-0.02243129284092049
-0.027462288324585415
0.05198789125700998
0.030122729138618354
-0.007338419158481102
0.11522232211929584
-0.03917887174705115
-0.01844849936066506
-0.005105231073404326
0.015089270086424023
0.0016709762031741349
0.05799658946616226
0.13480548385110502
-0.03270475340709922
-0.0849833488167917
0.04827168718050601
0.014780240742707562
0.05182100602750328
-0.032259158022980294
-0.002205271978588108
-0.08126108737944548
-0.012372140541780041
0.025722681761052968
0.056736527751481525
0.011999720455214913
0.06228267241298191
0.1399333926158075
-0.010204897362879883
-0.06193714350214741
-0.08143178414826124
0.006265799221320201
0.017908695057996304
-0.012372140541780041
0.06318283133468316
0.04920879849315085
-0.0849833488167917
-0.002205271978588108
0.08080248335888918
0.025722681761052968
-0.038466866176760206
-0.047644828679283435
0.01613403625846388
0.007058852839625374
-0.0851300246174862
-0.050143819123519506
-0.05416508205116166
0.026005039289207943
0.06605801367827979
-0.051670301345440706
0.08632977574364098
0.018593646962060006
-0.03520416182162833
0.049538360788050184
0.04299886054755575
-0.009588853389239205
0.013109728048770641
0.10240276235625068
0.02708189422255458
0.0203593980283987
0.0344322264021244
-0.024170822975695394
0.01661350063361855
-0.0005187167995490682
-0.05120330655862837
0.07060672059698447
0.06292625909621563
-0.036421638107813514
0.0576314646823306
0.013065356771912562
0.0512476844333456
