0.030122729138618354
0.17000938109242547
-0.022368622754905587
-0.06638125688640528
-0.07892951287026762
0.08121523150568599
0.07586149829868472
0.06318283133468316
-0.15702055781469149
0.08632977574364098
0.020083040980136246
-0.12033949778566289
0.030122729138618354
0.08105492908796386
-0.05464289541014722
0.04823967565580034
0.04380656992791998
0.04391937482752173
0.03863378364598535
-0.009588853389239205
-0.02496648159475967
-0.07724758378448726
0.047513051758585334
-0.051670301345440706
0.006746455834750975
0.08732358904095427
0.023560334148108097
0.020446479141682516
0.04135586741642605
0.04299886054755575
0.08176108754913614
-0.008416174423421019
-0.17661184642248884
0.08653619008305125
-0.036421638107813514
-0.0005187167995490682
-0.010532567714866659
0.062467374718552904
-0.011743957061684185
-0.05586089089844393
-0.09359820865597968
-0.050143819123519506
-0.06720056781523276
-0.0002868205956847447
0.051344950513199095
-0.022368622754905587
-0.05654058267968054
0.020083040980136246
0.10109672394520075
0.04665297339942498
0.0027859037974478085
-0.0007657730469858848
0.01716964896203166
0.04371378571481266
-0.06053051312501001
-0.07075486294590672
0.11522232211929584
0.04469322213864224
0.047513051758585334
-0.04022536987465397
-0.0549153461639893
-0.03997727574944321
-0.017136936568830308
0.05425453554333082
-0.02375973362478856
0.0515617796937029
-0.03270475340709922
-0.041376638974308655
0.04135586741642605
0.0165919313161762
0.0844852260058202
-0.019514789449790015
0.1399333926158075
0.014780240742707562
-0.03458770640829023
0.037107507807760065
0.008665176454019985
-0.017136936568830308
-0.04466517994807795
-0.05699148198311299
0.030122729138618354
-0.050143819123519506
-0.015144140805206874
-0.0489237727198617
0.0515617796937029
-0.04022536987465397
-0.018864353824572078
0.025649122658425227
-0.022898889969576786
-0.07892951287026762
0.039209693040964666
-0.02862716582831837
-0.03520416182162833
-0.017242733713295877
0.02708189422255458
0.04391937482752173
-0.03997727574944321
0.03994035520780326
0.07060672059698447
0.012299756912504733
0.13204555949274965
0.04371378571481266
0.0688088340488946
0.02714223291166995
-0.0549153461639893
0.008665176454019985
0.0022689688502968153
0.0025784297617263974
-0.05654058267968054
0.017908695057996304
0.03863378364598535
0.03973066370480538
0.06228267241298191
0.02708189422255458
0.06316607709876365
0.01347000313241331
0.09718899306107964
-0.0489237727198617
-0.0849833488167917
-0.009357776553262198
0.015089270086424023
0.03973066370480538
0.012299756912504733
-0.005818111085915234
0.025524068456756588
-0.002205271978588108
-0.1218059774124729
-0.028034859824940028
-0.0357902826629255
-0.05120330655862837
0.08759468040243501
-0.022622356364218277
-0.011743957061684185
0.056736527751481525
0.02708189422255458
0.005173534568482907
-0.03133707462365809
0.0016709762031741349
-0.0549153461639893
-0.07075486294590672
-0.06053051312501001
-0.03917887174705115
-0.03917887174705115
-0.0849833488167917
0.02714223291166995
-0.022368622754905587
-0.05282848588680089
-0.07414653786004877
-0.03270475340709922
-0.05586089089844393
0.06761705055254463
0.014471610315426986
-0.07465345378649157
0.11522232211929584
-0.01956931117570271
0.05168531023255696
0.01579928711915457
-0.007720686875989813
-0.09570667993071069
0.17000938109242547
0.04391937482752173
0.04729149119249154
0.062467374718552904
0.08732358904095427
0.009856619194733796
-0.05983064969141072
-0.10013006587302442
0.047513051758585334
0.08080248335888918
-0.08143178414826124
0.08632977574364098
0.06364954486786978
-0.08814864178677073
-0.022368622754905587
-0.0002868205956847447
-0.022622356364218277
-0.04126132556270612
0.07060672059698447
0.04799414960212012
0.07382421435571018
0.06567138145123597
0.023560334148108097
-0.03917887174705115
-0.0002868205956847447
-0.10819102148647719
0.0276177252845331
0.06318283133468316
0.0025784297617263974
-0.019391257313081667
0.0576314646823306
-0.05983064969141072
-0.021161035659430283
-0.010204897362879883
0.08302714817478662
0.011553574399841615
-0.007338419158481102
-0.05699148198311299
-0.038466866176760206
-0.0038562351615762935
0.11840346286310233
-0.09432889171755221
0.041840431302949455
0.0016709762031741349
-0.03520416182162833
-0.05699148198311299
0.03861575224405023
0.02520341309711238
0.07586149829868472
0.029794720012301212
-0.07075486294590672
0.013040071944516285
-0.08110299466350668
-0.08143178414826124
-0.0636718542421022
0.07586149829868472
0.025722681761052968
-0.022898889969576786
0.025722681761052968
0.009856619194733796
-0.019391257313081667
0.005082074600808895
0.1399333926158075
-0.17661184642248884
0.006265799221320201
-0.08721982612879486
0.02451643163530548
-0.07892951287026762
0.01046829599036414
0.041840431302949455
-0.09570667993071069
0.03882682382156144
-0.0549153461639893
0.020446479141682516
0.08632977574364098
0.04048653167530425
0.07518071596092746
0.030974972656109045
-0.01956931117570271
-0.036421638107813514
-0.06464003578883037
-0.06285634704832255
0.04371378571481266
0.06318283133468316
0.02451643163530548
-0.03917887174705115
-0.15702055781469149
0.03208636570286316
0.029794720012301212
-0.049962429852048906
-0.012150300762606037
0.037453479113841226
0.08080248335888918
0.049538360788050184
-0.06053051312501001
-0.017242733713295877
0.011553574399841615
-0.03917887174705115
-0.05416508205116166
0.15300088602597928
0.07060672059698447
-0.019514789449790015
0.006746455834750975
0.013040071944516285
-0.07075486294590672
-0.08143178414826124
0.03443624877469453
-0.03695834061658587
0.008505479129739868
0.02708189422255458
0.10109672394520075
0.01699193585620762
0.026458811902690726
-0.15702055781469149
0.02773636562208104
-0.06638125688640528
-0.0549153461639893
0.0844852260058202
-0.03917887174705115
-0.013878349100881593
-0.0008948035361102669
-0.09570667993071069
0.01661350063361855
-0.07465345378649157
0.05425453554333082
0.056736527751481525
0.13480548385110502
-0.04126132556270612
0.05182100602750328
-0.019391257313081667
0.04799414960212012
0.0461992712042818
0.02927401578257438
0.08732358904095427
0.05198789125700998
0.04469322213864224
0.043334141200254805
0.05425453554333082
0.08799230776265521
-0.049962429852048906
