-0.010204897362879883
0.04283497654615154
-0.06285634704832255
-0.008416174423421019
-0.03173275161671363
0.06228267241298191
0.03643980545838055
-0.028034859824940028
-0.03133707462365809
-0.017242733713295877
-0.036421638107813514
0.02927401578257438
-0.022368622754905587
-0.007882998007099573
0.056736527751481525
0.02927401578257438
0.07382421435571018
-0.0005187167995490682
0.0688088340488946
-0.03133707462365809
-0.022368622754905587
-0.014438989348697362
0.06567138145123597
0.012394543666532698
-0.03458770640829023
0.014471610315426986
0.01579928711915457
-0.06638125688640528
-0.010204897362879883
-0.06285634704832255
0.037453479113841226
-0.1218059774124729
0.03863378364598535
-0.02375973362478856
-0.08285893181375492
0.03861575224405023
-0.06464003578883037
0.006143668794592827
-0.015144140805206874
0.11840346286310233
-0.060513028914405353
0.10109672394520075
0.1399333926158075
0.020567585268201682
0.012394543666532698
0.02432879134386301
-0.010532567714866659
0.07060672059698447
0.04665297339942498
0.022821768641877682
-0.03520416182162833
0.04590352204112591
0.006265799221320201
-0.08678886069673908
0.0512476844333456
0.01724199139330551
0.05436809318039337
0.0512476844333456
-0.045496030668886966
0.019778644828504
0.030974972656109045
0.0216176650818376
-0.15702055781469149
0.022821768641877682
-0.014438989348697362
0.045224792909892564
-0.01956931117570271
0.11522232211929584
0.037453479113841226
-0.01844849936066506
-0.05120330655862837
-0.0007657730469858848
0.014780240742707562
0.037107507807760065
-0.06258250876081561
0.012299756912504733
0.05799658946616226
-0.09570667993071069
-0.10819102148647719
-0.005818111085915234
-0.03133707462365809
0.07382421435571018
-0.051670301345440706
0.056736527751481525
0.06761705055254463
0.04729149119249154
-0.08678886069673908
0.020446479141682516
-0.017136936568830308
-0.08814864178677073
0.04469322213864224
0.07586149829868472
-0.06464003578883037
-0.17661184642248884
0.029794720012301212
-0.022368622754905587
-0.037433866920196124
-0.08110299466350668
0.003822387934753202
-0.012150300762606037
-0.07414653786004877
-0.041376638974308655
0.05182100602750328
0.01046829599036414
0.04590352204112591
0.08105492908796386
0.03208636570286316
0.04391937482752173
-0.009357776553262198
0.01347000313241331
-0.005105231073404326
-0.019391257313081667
-0.060513028914405353
0.0165919313161762
-0.03997727574944321
-0.0005187167995490682
-0.049962429852048906
0.043334141200254805
0.013040071944516285
-0.002647647860884561
-0.060513028914405353
-0.03997727574944321
-0.0013205999854228878
0.0025784297617263974
0.04380656992791998
-0.08678886069673908
-0.032259158022980294
0.01716964896203166
0.03882682382156144
0.04135586741642605
-0.10819102148647719
0.056736527751481525
-0.011743957061684185
-0.0038562351615762935
-0.007543661478351282
-0.09432889171755221
-0.027789787343500905
0.08176108754913614
0.051344950513199095
0.03994035520780326
0.07060672059698447
-0.05282848588680089
0.029794720012301212
-0.0007657730469858848
-0.06109953281700342
0.039209693040964666
0.037453479113841226
-0.06193714350214741
-0.008416174423421019
-0.03695834061658587
-0.03563356684104946
-0.05464289541014722
0.07382421435571018
0.031017376704207678
-0.017242733713295877
0.07382421435571018
0.07518071596092746
0.08121523150568599
0.03443624877469453
-0.019514789449790015
0.024801788304586125
0.06569838178769771
0.04048653167530425
0.003822387934753202
-0.002647647860884561
-0.019391257313081667
-0.07414653786004877
0.08732358904095427
0.05436809318039337
-0.010204897362879883
0.008505479129739868
-0.13034379599603163
-0.009588853389239205
0.1417808980890598
-0.10013006587302442
-0.007543661478351282
-0.010204897362879883
0.01035787819304268
-0.03270475340709922
0.009856619194733796
-0.050143819123519506
0.006265799221320201
0.10109672394520075
0.049538360788050184
-0.027462288324585415
0.0512476844333456
0.03643980545838055
0.15300088602597928
0.026653357334457617
-0.05282848588680089
0.08732358904095427
0.04299886054755575
0.006143668794592827
-0.037433866920196124
0.06292625909621563
0.04827168718050601
-0.038466866176760206
-0.05983064969141072
0.08302714817478662
0.03861575224405023
0.051344950513199095
-0.15702055781469149
0.029794720012301212
-0.06226621690008294
-0.03520416182162833
-0.10013006587302442
0.013065356771912562
0.05198789125700998
-0.047644828679283435
-0.015144140805206874
0.022821768641877682
-0.09570667993071069
0.04729149119249154
0.009856619194733796
-0.2546008091448053
0.04469322213864224
0.07586149829868472
0.06567138145123597
-0.02375973362478856
-0.019514789449790015
-0.0849833488167917
0.03443624877469453
0.11840346286310233
-0.012372140541780041
0.06806350229329183
-0.022348210496932808
0.012390402416693647
0.04391937482752173
0.08759468040243501
0.0344322264021244
-0.022622356364218277
-0.008416174423421019
0.011999720455214913
-0.037433866920196124
0.008665176454019985
0.012299756912504733
-0.05699148198311299
0.037453479113841226
-0.009357776553262198
0.08759468040243501
0.005173534568482907
0.06364954486786978
0.06605801367827979
-0.02243129284092049
0.04590352204112591
-0.007882998007099573
0.022194058573782982
0.026653357334457617
0.04469322213864224
-0.08143178414826124
0.017908695057996304
0.020083040980136246
0.007058852839625374
-0.08721982612879486
-0.0038562351615762935
0.005082074600808895
0.014471610315426986
0.05182100602750328
-0.06226621690008294
-0.22146034456414654
0.017908695057996304
0.04590352204112591
0.17000938109242547
-0.03458770640829023
0.17000938109242547
0.03994035520780326
0.025722681761052968
-0.03133707462365809
-0.07414653786004877
0.013065356771912562
0.022194058573782982
-0.07075486294590672
-0.03133707462365809
-0.03133707462365809
0.023512429278589764
-0.027789787343500905
-0.036421638107813514
0.031017376704207678
-0.1218059774124729
-0.022821982956040543
0.025649122658425227
0.013040071944516285
0.04665297339942498
-0.0002495311402075373
0.062467374718552904
0.08121523150568599
0.06761705055254463
0.008505479129739868
0.06605801367827979
0.08302714817478662
-0.08126108737944548
0.031017376704207678
0.001954162314668828
0.05182100602750328
-0.09570667993071069
0.03863378364598535
-0.010204897362879883
0.03994035520780326
0.062467374718552904
