-0.05282848588680089
0.06994395962703592
-0.004841918958801372
-0.028034859824940028
0.08176108754913614
0.037453479113841226
0.03643980545838055
-0.07465345378649157
0.04729149119249154
0.024801788304586125
0.01716964896203166
-0.06720056781523276
0.02432879134386301
-0.07724758378448726
-0.017242733713295877
-0.027393577402978764
-0.03133707462365809
-0.06258250876081561
0.013065356771912562
-0.05699148198311299
0.1399333926158075
0.031017376704207678
0.018593646962060006
0.03643980545838055
-0.024170822975695394
0.008665176454019985
-0.022821982956040543
0.07382421435571018
0.022821768641877682
-0.03458770640829023
0.02451643163530548
-0.007338419158481102
-0.0013205999854228878
-0.04126132556270612
0.025649122658425227
-0.07724758378448726
0.06228267241298191
-0.06226621690008294
-0.08285893181375492
-0.03695834061658587
-0.07892951287026762
0.02714223291166995
0.025524068456756588
0.037107507807760065
0.06605801367827979
-0.05464289541014722
-0.12033949778566289
-0.12033949778566289
0.025649122658425227
-0.09570667993071069
-0.037433866920196124
0.026653357334457617
0.1417808980890598
0.020567585268201682
-0.010204897362879883
-0.032340875642459466
-0.05282848588680089
-0.01844849936066506
-0.08110299466350668
0.006143668794592827
-0.04022536987465397
-0.036421638107813514
-0.03270475340709922
0.08121523150568599
-0.06109953281700342
0.02708189422255458
-0.0357902826629255
-0.007543661478351282
0.04469322213864224
0.06806350229329183
-0.03458770640829023
-0.06720056781523276
0.022194058573782982
-0.08143178414826124
-0.024170822975695394
0.08632977574364098
-0.021161035659430283
-0.0002868205956847447
0.0025784297617263974
0.06567138145123597
0.037453479113841226
0.006143668794592827
0.0326533364262076
-0.05120330655862837
-0.028034859824940028
0.01613403625846388
0.03882682382156144
0.04920879849315085
0.09718899306107964
0.019778644828504
-0.0008948035361102669
0.0515617796937029
-0.011743957061684185
0.0165919313161762
-0.08126108737944548
0.07586149829868472
0.09718899306107964
-0.0851300246174862
-0.028034859824940028
-0.06285634704832255
-0.05129888770798985
0.0576314646823306
0.025649122658425227
-0.05983064969141072
-0.014438989348697362
0.07382421435571018
0.02714223291166995
0.03861575224405023
0.01661350063361855
0.022194058573782982
-0.004841918958801372
0.04048653167530425
-0.06464003578883037
-0.05654058267968054
-0.05282848588680089
-0.07075486294590672
-0.06226621690008294
0.0276177252845331
0.0278028767684102
-0.060513028914405353
-0.03997727574944321
-0.05654058267968054
0.09718899306107964
0.04729149119249154
-0.019514789449790015
-0.12033949778566289
-0.2546008091448053
0.05168531023255696
0.028713620756199987
0.0278028767684102
0.06364954486786978
-0.009357776553262198
0.08759468040243501
0.01347000313241331
-0.0002868205956847447
0.0278028767684102
0.014471610315426986
0.08176108754913614
0.04729149119249154
0.0025784297617263974
-0.02862716582831837
0.06318283133468316
0.014471610315426986
0.01661350063361855
0.029794720012301212
0.012299756912504733
-0.036421638107813514
0.030974972656109045
0.011553574399841615
0.03208636570286316
0.026005039289207943
0.17000938109242547
0.07586149829868472
0.02708189422255458
0.08080248335888918
0.04333086414918519
-0.05654058267968054
-0.024170822975695394
-0.10819102148647719
0.06567138145123597
0.028713620756199987
0.04665297339942498
-0.03270475340709922
-0.013771885982464482
-0.012150300762606037
-0.02375973362478856
0.012299756912504733
-0.03695834061658587
0.03882682382156144
0.0326533364262076
-0.03458770640829023
-0.0851300246174862
0.03443624877469453
-0.08285893181375492
0.0025784297617263974
-0.12033949778566289
0.04371378571481266
-0.07075486294590672
-0.050143819123519506
-0.01956931117570271
0.023560334148108097
0.01716964896203166
0.1417808980890598
0.04590352204112591
0.023560334148108097
0.04799414960212012
0.005082074600808895
-0.08126108737944548
0.01661350063361855
0.025524068456756588
-0.047644828679283435
0.043334141200254805
0.06316607709876365
0.022821768641877682
-0.07892951287026762
-0.021161035659430283
-0.022821982956040543
-0.024170822975695394
-0.13034379599603163
-0.10819102148647719
0.062467374718552904
0.0203593980283987
0.005082074600808895
-0.0013205999854228878
-0.017242733713295877
0.08653619008305125
-0.02862716582831837
-0.06720056781523276
0.020083040980136246
0.06292625909621563
0.04729149119249154
0.026458811902690726
-0.07075486294590672
-0.027788545411032928
0.025722681761052968
-0.10013006587302442
0.08383912323474085
0.04920879849315085
-0.05129888770798985
0.026005039289207943
-0.05416508205116166
0.006746455834750975
0.022821768641877682
0.026005039289207943
0.10109672394520075
0.007058852839625374
-0.018864353824572078
0.06605801367827979
0.045224792909892564
0.025649122658425227
-0.08126108737944548
0.0576314646823306
0.014471610315426986
0.11840346286310233
0.049538360788050184
-0.12033949778566289
0.02927401578257438
0.037107507807760065
-0.036421638107813514
-0.013771885982464482
0.06761705055254463
-0.01956931117570271
-0.09570667993071069
0.045224792909892564
-0.015144140805206874
0.01347000313241331
0.07060672059698447
-0.06226621690008294
0.17000938109242547
0.024801788304586125
0.10240276235625068
-0.008416174423421019
-0.1218059774124729
-0.0549153461639893
0.04729149119249154
-0.017136936568830308
0.04371378571481266
0.1399333926158075
-0.03133707462365809
-0.047644828679283435
-0.027789787343500905
0.08302714817478662
0.02927401578257438
0.003822387934753202
0.01661350063361855
-0.008416174423421019
0.02708189422255458
0.014471610315426986
-0.05586089089844393
0.04135586741642605
0.049538360788050184
-0.004841918958801372
0.02520341309711238
-0.07465345378649157
-0.03270475340709922
0.01699193585620762
0.17000938109242547
-0.08143178414826124
0.01579928711915457
-0.07414653786004877
-0.07075486294590672
-0.07724758378448726
-0.22146034456414654
-0.0007657730469858848
-0.012372140541780041
0.030122729138618354
-0.08126108737944548
-0.03173275161671363
-0.0008948035361102669
-0.008416174423421019
-0.0005187167995490682
0.05436809318039337
-0.07075486294590672
-0.01844849936066506
0.02927401578257438
0.005173534568482907
0.01046829599036414
0.07382421435571018
0.013065356771912562
