0.0461992712042818
-0.03133707462365809
0.015089270086424023
0.006746455834750975
-0.0849833488167917
0.05198789125700998
0.006746455834750975
0.04135586741642605
0.10109672394520075
0.013109728048770641
-0.005818111085915234
0.01716964896203166
0.04333086414918519
0.043334141200254805
0.029794720012301212
-0.03563356684104946
0.0216176650818376
0.03863378364598535
-0.2546008091448053
0.10240276235625068
0.045224792909892564
0.015089270086424023
0.01046829599036414
0.043334141200254805
0.006143668794592827
-0.002205271978588108
0.15300088602597928
-0.01686722086916248
-0.06285634704832255
-0.03173275161671363
0.01699193585620762
-0.0549153461639893
0.0844852260058202
0.04799414960212012
0.023560334148108097
0.007058852839625374
-0.010532567714866659
0.07586149829868472
-0.01249170093178087
-0.05129888770798985
0.0025784297617263974
0.024801788304586125
0.009856619194733796
-0.09359820865597968
-0.049962429852048906
0.13204555949274965
0.018593646962060006
0.013040071944516285
0.03208636570286316
-0.012372140541780041
0.01716964896203166
0.030974972656109045
-0.027788545411032928
-0.08143178414826124
-0.045496030668886966
-0.08678886069673908
-0.005818111085915234
0.0515617796937029
-0.011743957061684185
-0.02862716582831837
0.05182100602750328
-0.009357776553262198
-0.01249170093178087
-0.06258250876081561
-0.011743957061684185
0.024801788304586125
-0.036421638107813514
0.041840431302949455
0.03443624877469453
-0.009588853389239205
-0.06258250876081561
0.05182100602750328
0.0216176650818376
0.0688088340488946
0.04299886054755575
-0.09359820865597968
-0.005105231073404326
-0.0849833488167917
-0.05129888770798985
0.001954162314668828
0.017908695057996304
-0.021161035659430283
0.06605801367827979
0.0022689688502968153
-0.005105231073404326
0.05198789125700998
0.04995452527457189
0.07382421435571018
0.03994035520780326
0.0216176650818376
-0.06109953281700342
-0.03173275161671363
0.047513051758585334
0.005173534568482907
-0.02862716582831837
0.03861575224405023
-0.02375973362478856
-0.04126132556270612
0.013040071944516285
0.008505479129739868
0.0022689688502968153
-0.2546008091448053
0.06605801367827979
0.014471610315426986
0.012390402416693647
-0.01686722086916248
-0.07465345378649157
0.08759468040243501
0.06569838178769771
0.0688088340488946
0.06806350229329183
0.01046829599036414
0.08653619008305125
0.0515617796937029
-0.027788545411032928
-0.05586089089844393
0.013040071944516285
0.03861575224405023
0.029794720012301212
0.04391937482752173
0.0025784297617263974
0.04391937482752173
0.03861575224405023
0.06761705055254463
0.041840431302949455
-0.05654058267968054
-0.011743957061684185
-0.022368622754905587
0.022194058573782982
0.0203593980283987
-0.027462288324585415
0.04380656992791998
-0.06258250876081561
0.03443624877469453
-0.2546008091448053
-0.036421638107813514
0.039209693040964666
0.011999720455214913
0.04995452527457189
0.08799230776265521
0.0344322264021244
0.013109728048770641
-0.07414653786004877
-0.02496648159475967
0.07518071596092746
0.04790976101641675
-0.009588853389239205
0.006746455834750975
-0.022821982956040543
0.04333086414918519
-0.03997727574944321
-0.002647647860884561
-0.017136936568830308
-0.0013205999854228878
0.04606131559255999
-0.015144140805206874
0.04790976101641675
0.0461992712042818
0.018593646962060006
0.01046829599036414
0.025524068456756588
0.0016709762031741349
0.04048653167530425
0.0276177252845331
0.001954162314668828
-0.022368622754905587
0.08080248335888918
0.04469322213864224
-0.007338419158481102
-0.03173275161671363
-0.03695834061658587
-0.060513028914405353
0.03973066370480538
-0.0002495311402075373
0.01046829599036414
-0.05699148198311299
-0.037433866920196124
-0.08814864178677073
-0.06193714350214741
0.018593646962060006
-0.06638125688640528
0.0515617796937029
0.04606131559255999
0.07518071596092746
-0.002647647860884561
0.07518071596092746
0.0688088340488946
0.043334141200254805
-0.07892951287026762
-0.02496648159475967
0.01347000313241331
0.051344950513199095
-0.007720686875989813
0.05425453554333082
-0.03997727574944321
0.04135586741642605
0.13480548385110502
-0.022348210496932808
0.04283497654615154
0.04799414960212012
0.0461992712042818
-0.0005187167995490682
0.031017376704207678
0.017908695057996304
0.020446479141682516
0.026458811902690726
-0.027393577402978764
0.05198789125700998
0.023560334148108097
0.01724199139330551
0.07518071596092746
0.07060672059698447
0.031017376704207678
0.08176108754913614
-0.01686722086916248
0.0022689688502968153
0.015089270086424023
-0.03997727574944321
0.024801788304586125
-0.038466866176760206
-0.03695834061658587
-0.022622356364218277
0.019778644828504
0.015089270086424023
0.07518071596092746
0.007058852839625374
-0.07724758378448726
0.0165919313161762
-0.0002868205956847447
-0.051670301345440706
-0.0549153461639893
0.08121523150568599
0.025524068456756588
0.0016709762031741349
-0.03695834061658587
-0.07892951287026762
0.02773636562208104
0.06569838178769771
0.0165919313161762
0.05436809318039337
-0.022821982956040543
-0.0357902826629255
0.041840431302949455
0.04283497654615154
-0.03458770640829023
0.030974972656109045
0.030122729138618354
0.022821768641877682
0.062467374718552904
0.012299756912504733
-0.17661184642248884
-0.02243129284092049
0.043334141200254805
-0.007543661478351282
0.026458811902690726
0.03643980545838055
-0.01956931117570271
-0.012150300762606037
-0.036421638107813514
-0.01249170093178087
0.02927401578257438
-0.007882998007099573
-0.02862716582831837
-0.05416508205116166
-0.08110299466350668
-0.05129888770798985
0.01699193585620762
0.005173534568482907
-0.04126132556270612
0.0016709762031741349
-0.13034379599603163
0.029794720012301212
0.08759468040243501
-0.022622356364218277
-0.03458770640829023
0.04590352204112591
0.030122729138618354
0.030122729138618354
0.0276177252845331
0.007058852839625374
-0.06109953281700342
-0.028034859824940028
-0.0002495311402075373
0.012390402416693647
0.06364954486786978
-0.027393577402978764
-0.022622356364218277
0.08176108754913614
-0.041376638974308655
-0.05120330655862837
-0.047644828679283435
0.0041948137923384365
0.15300088602597928
0.03861575224405023
0.017908695057996304
-0.022368622754905587
0.06567138145123597
0.08383912323474085
-0.021161035659430283
