0.04135586741642605
0.08176108754913614
-0.04126132556270612
-0.015144140805206874
0.022821768641877682
-0.015144140805206874
0.025649122658425227
-0.050143819123519506
0.06994395962703592
0.014780240742707562
-0.022348210496932808
0.017908695057996304
0.06292625909621563
0.08121523150568599
0.0278028767684102
0.005173534568482907
-0.05120330655862837
0.008665176454019985
0.04380656992791998
0.04995452527457189
-0.03917887174705115
0.008505479129739868
0.03994035520780326
0.08653619008305125
-0.05129888770798985
-0.07075486294590672
0.0461992712042818
0.048059232237648075
0.047513051758585334
0.04299886054755575
-0.02496648159475967
-0.022622356364218277
-0.06226621690008294
-0.009357776553262198
0.02708189422255458
-0.007317237093852569
0.026653357334457617
-0.011743957061684185
0.030974972656109045
0.01661350063361855
0.0461992712042818
0.005082074600808895
-0.13034379599603163
0.06567138145123597
0.012394543666532698
0.05168531023255696
0.05198789125700998
-0.022368622754905587
0.0027859037974478085
0.0688088340488946
0.0326533364262076
-0.032340875642459466
0.028713620756199987
-0.05416508205116166
0.043334141200254805
-0.08126108737944548
-0.17661184642248884
-0.03695834061658587
0.03861575224405023
0.04799414960212012
0.04823967565580034
-0.011743957061684185
0.05198789125700998
-0.02243129284092049
0.08121523150568599
0.034283772423341574
0.01046829599036414
-0.01844849936066506
-0.10013006587302442
-0.13034379599603163
0.05198789125700998
-0.05120330655862837
0.04135586741642605
0.04790976101641675
-0.02496648159475967
-0.08721982612879486
0.0278028767684102
-0.021161035659430283
-0.027462288324585415
0.04333086414918519
0.06569838178769771
0.06806350229329183
0.012394543666532698
0.03973066370480538
-0.0489237727198617
0.024801788304586125
-0.08678886069673908
0.006265799221320201
-0.01844849936066506
-0.0011970474263076625
0.001954162314668828
0.018593646962060006
-0.0002868205956847447
0.045224792909892564
0.04665297339942498
0.01035787819304268
0.04827168718050601
0.02432879134386301
0.09718899306107964
0.06567138145123597
0.08121523150568599
-0.08285893181375492
-0.036421638107813514
0.08121523150568599
-0.060513028914405353
0.048059232237648075
0.08653619008305125
0.04135586741642605
-0.09359820865597968
0.04469322213864224
0.034283772423341574
0.04995452527457189
-0.032340875642459466
0.014780240742707562
-0.037433866920196124
0.08759468040243501
-0.045496030668886966
0.01724199139330551
-0.05586089089844393
0.07060672059698447
-0.06285634704832255
0.025649122658425227
0.025722681761052968
0.030122729138618354
0.0016709762031741349
0.009856619194733796
0.04995452527457189
0.012390402416693647
0.10109672394520075
-0.011743957061684185
0.011999720455214913
0.10109672394520075
0.08732358904095427
0.01046829599036414
-0.03917887174705115
-0.03270475340709922
0.06994395962703592
0.022821768641877682
0.0203593980283987
-0.2546008091448053
0.08302714817478662
0.022194058573782982
0.012299756912504733
-0.0011970474263076625
-0.019514789449790015
-0.05282848588680089
0.0276177252845331
0.04469322213864224
0.01716964896203166
0.04590352204112591
-0.027393577402978764
-0.002647647860884561
0.024801788304586125
-0.03695834061658587
0.013065356771912562
-0.047644828679283435
-0.0851300246174862
-0.01844849936066506
-0.007720686875989813
0.07518071596092746
0.13480548385110502
-0.027789787343500905
-0.018864353824572078
0.08653619008305125
0.13204555949274965
0.0041948137923384365
0.01046829599036414
0.1417808980890598
0.04590352204112591
-0.05416508205116166
0.06292625909621563
0.01724199139330551
0.08632977574364098
-0.06285634704832255
0.04048653167530425
-0.05129888770798985
-0.06720056781523276
-0.05654058267968054
0.11522232211929584
-0.019391257313081667
-0.06285634704832255
-0.04466517994807795
0.06228267241298191
-0.0008948035361102669
-0.08143178414826124
0.06925574960452696
0.13480548385110502
0.0515617796937029
0.04371378571481266
0.001954162314668828
0.08302714817478662
-0.051670301345440706
-0.013771885982464482
-0.045496030668886966
0.001954162314668828
0.04380656992791998
0.008665176454019985
0.02451643163530548
0.020446479141682516
0.04920879849315085
0.026653357334457617
-0.005105231073404326
0.04371378571481266
-0.02862716582831837
-0.04126132556270612
-0.007317237093852569
0.01613403625846388
0.05168531023255696
-0.027789787343500905
0.08653619008305125
0.0016709762031741349
-0.04466517994807795
-0.06285634704832255
0.07382421435571018
0.048059232237648075
0.01035787819304268
0.06806350229329183
-0.010204897362879883
-0.0007657730469858848
-0.009588853389239205
0.022194058573782982
0.001954162314668828
-0.047644828679283435
-0.010204897362879883
0.04380656992791998
0.08732358904095427
-0.22146034456414654
0.041840431302949455
-0.007543661478351282
-0.007338419158481102
0.062467374718552904
-0.002205271978588108
-0.051670301345440706
0.015089270086424023
0.08732358904095427
-0.011743957061684185
-0.05129888770798985
-0.019391257313081667
0.08732358904095427
-0.07075486294590672
-0.019391257313081667
0.0512476844333456
0.0022689688502968153
0.0022689688502968153
0.0576314646823306
-0.004841918958801372
-0.06285634704832255
0.0278028767684102
0.05198789125700998
0.04790976101641675
-0.01686722086916248
-0.08814864178677073
-0.06258250876081561
0.043334141200254805
-0.06109953281700342
0.04729149119249154
0.08653619008305125
-0.05983064969141072
0.034283772423341574
-0.06109953281700342
0.0461992712042818
-0.019391257313081667
0.041840431302949455
0.04333086414918519
0.006746455834750975
0.062467374718552904
-0.009588853389239205
-0.028034859824940028
-0.045496030668886966
0.06292625909621563
-0.013771885982464482
-0.2546008091448053
-0.010204897362879883
-0.012372140541780041
0.023560334148108097
-0.021161035659430283
0.06925574960452696
0.020083040980136246
-0.05120330655862837
0.08632977574364098
-0.08110299466350668
0.07060672059698447
-0.04022536987465397
0.06318283133468316
-0.13034379599603163
-0.05129888770798985
0.08105492908796386
0.01035787819304268
-0.012372140541780041
-0.22146034456414654
-0.0011970474263076625
-0.008416174423421019
-0.049962429852048906
-0.03173275161671363
-0.019514789449790015
-0.03520416182162833
0.08632977574364098
0.05168531023255696
-0.0002868205956847447
