0.06318283133468316
0.030974972656109045
-0.012150300762606037
0.08121523150568599
0.012299756912504733
-0.032340875642459466
-0.0636718542421022
-0.06053051312501001
0.0688088340488946
0.0203593980283987
-0.02375973362478856
-0.03695834061658587
0.03208636570286316
0.04469322213864224
-0.041376638974308655
0.06569838178769771
0.022194058573782982
-0.007338419158481102
-0.0005187167995490682
0.04283497654615154
-0.017242733713295877
0.003822387934753202
0.04995452527457189
0.05425453554333082
-0.019514789449790015
-0.007317237093852569
0.0461992712042818
0.03863378364598535
-0.05129888770798985
0.06292625909621563
-0.06109953281700342
0.030122729138618354
-0.17661184642248884
-0.0357902826629255
-0.06258250876081561
0.039209693040964666
-0.08126108737944548
0.04995452527457189
-0.08721982612879486
-0.009588853389239205
0.0203593980283987
-0.007720686875989813
0.02432879134386301
-0.17661184642248884
0.030974972656109045
0.04799414960212012
0.0326533364262076
-0.041376638974308655
0.026653357334457617
0.0041948137923384365
0.04048653167530425
-0.0002495311402075373
-0.013771885982464482
0.03863378364598535
0.0165919313161762
0.01035787819304268
0.013040071944516285
-0.009588853389239205
0.04606131559255999
-0.03270475340709922
0.06567138145123597
0.030974972656109045
0.04333086414918519
-0.1218059774124729
-0.07465345378649157
-0.022368622754905587
0.02714223291166995
-0.007317237093852569
0.04299886054755575
0.07586149829868472
-0.0489237727198617
-0.0849833488167917
-0.10819102148647719
0.03643980545838055
-0.0357902826629255
0.01724199139330551
0.05198789125700998
0.0688088340488946
-0.2546008091448053
0.06316607709876365
-0.0008948035361102669
0.0041948137923384365
0.028713620756199987
-0.09432889171755221
-0.009588853389239205
0.007058852839625374
-0.09432889171755221
-0.06053051312501001
-0.22146034456414654
0.041840431302949455
0.10240276235625068
0.04135586741642605
0.04299886054755575
-0.015144140805206874
-0.007317237093852569
-0.10013006587302442
-0.17661184642248884
-0.027789787343500905
0.0016709762031741349
0.04606131559255999
-0.15702055781469149
0.02432879134386301
0.06364954486786978
-0.02496648159475967
-0.051670301345440706
-0.022348210496932808
0.04827168718050601
-0.06638125688640528
0.08302714817478662
-0.07075486294590672
-0.05464289541014722
-0.17661184642248884
-0.007317237093852569
-0.024170822975695394
0.06925574960452696
0.11522232211929584
0.037107507807760065
0.019778644828504
-0.049962429852048906
0.03861575224405023
-0.049962429852048906
0.043334141200254805
0.04469322213864224
0.048059232237648075
-0.0002495311402075373
0.04665297339942498
0.04606131559255999
0.026653357334457617
-0.06258250876081561
-0.024170822975695394
0.06364954486786978
-0.06109953281700342
-0.03173275161671363
0.10240276235625068
-0.041376638974308655
0.02773636562208104
0.0326533364262076
0.026653357334457617
0.0022689688502968153
-0.024170822975695394
-0.021161035659430283
0.048059232237648075
0.0022689688502968153
-0.007543661478351282
0.04380656992791998
0.019778644828504
-0.008416174423421019
0.11522232211929584
-0.012372140541780041
0.045224792909892564
0.029794720012301212
-0.004841918958801372
-0.06258250876081561
0.05168531023255696
-0.027789787343500905
0.025524068456756588
0.05425453554333082
0.0022689688502968153
0.06567138145123597
-0.0636718542421022
0.026458811902690726
-0.045496030668886966
0.03994035520780326
-0.05129888770798985
-0.15702055781469149
0.04048653167530425
-0.013878349100881593
0.06806350229329183
0.013109728048770641
-0.017136936568830308
-0.008416174423421019
0.03208636570286316
0.014780240742707562
0.02773636562208104
-0.03133707462365809
-0.009357776553262198
0.030974972656109045
0.04333086414918519
-0.06053051312501001
-0.017136936568830308
0.0027859037974478085
0.013040071944516285
0.011999720455214913
-0.032340875642459466
0.006746455834750975
0.005082074600808895
0.041840431302949455
0.04790976101641675
-0.012372140541780041
0.04333086414918519
0.05182100602750328
0.06605801367827979
-0.0005187167995490682
0.006746455834750975
0.04391937482752173
0.062467374718552904
0.01699193585620762
0.03882682382156144
0.045224792909892564
-0.01249170093178087
0.019778644828504
0.10240276235625068
0.17000938109242547
0.04135586741642605
0.10109672394520075
-0.04126132556270612
-0.12033949778566289
0.051344950513199095
-0.0636718542421022
-0.06285634704832255
-0.05983064969141072
-0.0357902826629255
0.01661350063361855
0.03861575224405023
0.043334141200254805
0.012390402416693647
-0.07465345378649157
0.03994035520780326
0.05436809318039337
-0.06193714350214741
0.04729149119249154
0.06569838178769771
0.02520341309711238
0.08176108754913614
0.031017376704207678
-0.08126108737944548
0.11840346286310233
0.012394543666532698
0.005082074600808895
-0.041376638974308655
-0.08721982612879486
0.08121523150568599
0.013040071944516285
0.045224792909892564
-0.02243129284092049
-0.03997727574944321
-0.04022536987465397
-0.0013205999854228878
0.04135586741642605
-0.07892951287026762
0.06316607709876365
0.06316607709876365
-0.027789787343500905
-0.22146034456414654
0.018593646962060006
0.10109672394520075
0.03973066370480538
-0.05586089089844393
0.03443624877469453
0.04048653167530425
0.06567138145123597
0.17000938109242547
0.0027859037974478085
-0.03133707462365809
0.01699193585620762
0.030974972656109045
-0.15702055781469149
0.0165919313161762
-0.021161035659430283
0.0203593980283987
-0.01249170093178087
-0.05282848588680089
0.08759468040243501
0.006746455834750975
0.03882682382156144
0.0165919313161762
0.03994035520780326
0.10109672394520075
-0.022898889969576786
0.029794720012301212
0.06806350229329183
0.06806350229329183
0.022194058573782982
0.06806350229329183
0.07586149829868472
-0.005105231073404326
0.04135586741642605
0.014471610315426986
-0.009357776553262198
-0.011743957061684185
0.014780240742707562
0.01046829599036414
-0.1218059774124729
-0.06226621690008294
0.0203593980283987
0.04391937482752173
0.034283772423341574
0.037453479113841226
0.034283772423341574
0.01613403625846388
-0.10013006587302442
-0.013771885982464482
-0.007338419158481102
0.031017376704207678
-0.0008948035361102669
-0.018864353824572078
0.17000938109242547
-0.17661184642248884
-0.03133707462365809
