0.05168531023255696
0.06605801367827979
-0.05120330655862837
0.025524068456756588
-0.06464003578883037
-0.15702055781469149
0.013109728048770641
0.11840346286310233
0.03994035520780326
0.03973066370480538
-0.0489237727198617
0.05182100602750328
0.013109728048770641
0.06806350229329183
-0.08814864178677073
-0.007317237093852569
0.031017376704207678
-0.04466517994807795
0.04469322213864224
-0.10013006587302442
-0.0005187167995490682
0.013040071944516285
0.0016709762031741349
0.006143668794592827
0.051344950513199095
0.005082074600808895
-0.09359820865597968
0.024801788304586125
0.04048653167530425
0.1417808980890598
0.0515617796937029
0.1417808980890598
0.025722681761052968
-0.1218059774124729
0.022821768641877682
-0.002205271978588108
0.034283772423341574
0.022194058573782982
0.022194058573782982
0.06605801367827979
0.025649122658425227
0.08080248335888918
-0.009588853389239205
0.01613403625846388
-0.05416508205116166
-0.05416508205116166
-0.07075486294590672
-0.013878349100881593
0.011553574399841615
0.037453479113841226
0.06228267241298191
-0.0013205999854228878
-0.04466517994807795
0.05425453554333082
-0.012150300762606037
-0.06464003578883037
0.01046829599036414
0.0344322264021244
-0.0005187167995490682
0.0576314646823306
-0.037433866920196124
0.04299886054755575
0.03863378364598535
-0.01844849936066506
-0.10819102148647719
0.003822387934753202
0.0027859037974478085
0.11522232211929584
0.0844852260058202
-0.02496648159475967
0.020567585268201682
0.018593646962060006
-0.05464289541014722
0.045224792909892564
0.031017376704207678
-0.06226621690008294
0.0512476844333456
-0.037433866920196124
0.022194058573782982
0.04048653167530425
0.02714223291166995
-0.02375973362478856
0.037107507807760065
-0.005818111085915234
-0.007543661478351282
-0.037433866920196124
0.04371378571481266
-0.022622356364218277
0.04729149119249154
0.0165919313161762
-0.10013006587302442
0.05425453554333082
0.04371378571481266
0.029794720012301212
0.012394543666532698
-0.041376638974308655
0.04299886054755575
-0.03173275161671363
-0.010204897362879883
-0.028034859824940028
0.012299756912504733
0.06806350229329183
-0.045496030668886966
0.006265799221320201
-0.05129888770798985
0.08121523150568599
-0.06285634704832255
-0.05654058267968054
0.03443624877469453
0.08121523150568599
0.01724199139330551
-0.037433866920196124
0.04135586741642605
-0.07892951287026762
0.0025784297617263974
0.0165919313161762
0.0276177252845331
-0.0357902826629255
-0.022348210496932808
0.003822387934753202
-0.06638125688640528
-0.007882998007099573
-0.022622356364218277
-0.12033949778566289
-0.022348210496932808
-0.022348210496932808
-0.07075486294590672
0.041840431302949455
0.011999720455214913
0.06761705055254463
0.0216176650818376
0.034283772423341574
0.022821768641877682
0.02714223291166995
0.037453479113841226
-0.0489237727198617
-0.03173275161671363
-0.010532567714866659
0.01716964896203166
0.01579928711915457
0.0344322264021244
-0.027789787343500905
0.13480548385110502
-0.05654058267968054
0.08759468040243501
-0.07465345378649157
0.0461992712042818
0.005082074600808895
-0.15702055781469149
0.0203593980283987
-0.13034379599603163
0.013040071944516285
0.05168531023255696
-0.028034859824940028
0.062467374718552904
0.0025784297617263974
0.05436809318039337
-0.013771885982464482
0.07518071596092746
0.03443624877469453
-0.007317237093852569
-0.049962429852048906
0.04790976101641675
-0.0489237727198617
-0.03563356684104946
0.0326533364262076
0.08105492908796386
0.03994035520780326
0.006143668794592827
-0.009357776553262198
0.0216176650818376
-0.0357902826629255
-0.03045002278091502
0.04135586741642605
0.0576314646823306
-0.060513028914405353
-0.03563356684104946
-0.03045002278091502
-0.022821982956040543
0.04799414960212012
0.06228267241298191
-0.051670301345440706
0.0461992712042818
-0.07724758378448726
0.10109672394520075
-0.050143819123519506
-0.0002868205956847447
-0.027393577402978764
-0.13034379599603163
-0.0008948035361102669
0.04391937482752173
0.10240276235625068
0.0512476844333456
-0.007720686875989813
0.06228267241298191
-0.0011970474263076625
-0.0549153461639893
-0.010532567714866659
-0.008416174423421019
-0.032340875642459466
0.005173534568482907
-0.012150300762606037
0.0027859037974478085
-0.0636718542421022
0.014780240742707562
0.0041948137923384365
-0.0357902826629255
-0.007882998007099573
-0.05129888770798985
-0.15702055781469149
0.06567138145123597
0.014471610315426986
-0.050143819123519506
0.014780240742707562
-0.05120330655862837
0.013040071944516285
-0.0489237727198617
-0.02243129284092049
-0.027393577402978764
-0.08126108737944548
0.0278028767684102
0.018593646962060006
-0.08143178414826124
0.04827168718050601
-0.024170822975695394
-0.01249170093178087
0.006746455834750975
-0.02496648159475967
0.0576314646823306
0.04391937482752173
0.03882682382156144
-0.06053051312501001
0.0461992712042818
0.020446479141682516
-0.01686722086916248
0.06806350229329183
0.08105492908796386
0.04823967565580034
0.10240276235625068
-0.15702055781469149
-0.1218059774124729
0.04790976101641675
-0.10013006587302442
-0.047644828679283435
-0.017136936568830308
-0.022821982956040543
-0.007882998007099573
-0.08721982612879486
0.025524068456756588
-0.047644828679283435
0.029794720012301212
0.05198789125700998
0.0022689688502968153
0.01716964896203166
-0.05699148198311299
0.062467374718552904
-0.04466517994807795
-0.008416174423421019
-0.012150300762606037
0.01347000313241331
-0.0007657730469858848
0.005173534568482907
0.04380656992791998
0.012394543666532698
0.08302714817478662
0.037453479113841226
0.06761705055254463
0.012394543666532698
0.034283772423341574
-0.022622356364218277
-0.03520416182162833
0.001954162314668828
-0.03458770640829023
0.11522232211929584
0.08176108754913614
-0.011743957061684185
0.13204555949274965
-0.038466866176760206
0.0025784297617263974
0.02451643163530548
-0.014438989348697362
-0.028034859824940028
-0.004841918958801372
-0.05282848588680089
-0.03045002278091502
0.01035787819304268
0.005173534568482907
0.049538360788050184
0.056736527751481525
-0.019391257313081667
0.048059232237648075
0.04606131559255999
0.02927401578257438
0.04391937482752173
0.0326533364262076
0.05182100602750328
0.006143668794592827
-0.06464003578883037
-0.08143178414826124
