0.10240276235625068
-0.050143819123519506
0.02708189422255458
0.049538360788050184
0.039209693040964666
-0.019391257313081667
-0.03133707462365809
0.06994395962703592
0.0276177252845331
-0.13034379599603163
-0.0002868205956847447
0.0041948137923384365
-0.03133707462365809
-0.03173275161671363
-0.13034379599603163
-0.03917887174705115
-0.05129888770798985
-0.038466866176760206
0.06567138145123597
-0.019391257313081667
0.017908695057996304
-0.01844849936066506
-0.024170822975695394
0.026005039289207943
0.04380656992791998
0.04920879849315085
0.04135586741642605
-0.045496030668886966
0.07586149829868472
0.03863378364598535
0.001954162314668828
0.01035787819304268
-0.09432889171755221
0.011999720455214913
-0.012372140541780041
-0.005105231073404326
-0.08110299466350668
0.022194058573782982
-0.005818111085915234
0.026458811902690726
-0.015144140805206874
0.062467374718552904
0.04729149119249154
-0.008416174423421019
0.08383912323474085
0.0344322264021244
0.06761705055254463
0.019778644828504
0.012299756912504733
0.015089270086424023
-0.07414653786004877
-0.01686722086916248
0.030974972656109045
-0.028034859824940028
0.04048653167530425
0.0461992712042818
0.02773636562208104
0.0515617796937029
0.014471610315426986
-0.01686722086916248
0.048059232237648075
0.02773636562208104
-0.041376638974308655
-0.007338419158481102
-0.0008948035361102669
0.06318283133468316
0.06292625909621563
-0.024170822975695394
0.06605801367827979
-0.010204897362879883
0.08302714817478662
0.04920879849315085
-0.050143819123519506
0.0344322264021244
-0.007720686875989813
0.012299756912504733
0.019778644828504
0.02432879134386301
0.05425453554333082
-0.06464003578883037
0.012390402416693647
-0.03270475340709922
0.06318283133468316
0.003822387934753202
-0.10819102148647719
-0.03520416182162833
-0.027462288324585415
0.0326533364262076
0.01613403625846388
-0.05654058267968054
0.02520341309711238
-0.027393577402978764
-0.10013006587302442
-0.036421638107813514
0.04299886054755575
-0.01956931117570271
0.04299886054755575
0.08799230776265521
0.04606131559255999
-0.07724758378448726
0.08383912323474085
0.02773636562208104
-0.021161035659430283
0.08080248335888918
0.02708189422255458
-0.047644828679283435
0.014471610315426986
-0.06285634704832255
0.01716964896203166
0.026653357334457617
0.0016709762031741349
0.04333086414918519
0.02708189422255458
-0.07075486294590672
0.04790976101641675
0.08176108754913614
-0.06226621690008294
-0.10819102148647719
-0.032340875642459466
0.07382421435571018
0.0022689688502968153
0.028713620756199987
0.02432879134386301
0.01035787819304268
0.0576314646823306
0.11522232211929584
-0.037433866920196124
-0.01956931117570271
0.006143668794592827
-0.17661184642248884
0.05182100602750328
-0.05282848588680089
-0.05699148198311299
-0.002647647860884561
-0.05120330655862837
-0.05120330655862837
0.01579928711915457
0.0515617796937029
0.006143668794592827
0.04995452527457189
-0.027789787343500905
-0.02496648159475967
0.05198789125700998
0.01661350063361855
0.05799658946616226
0.005082074600808895
0.07518071596092746
0.07518071596092746
0.022194058573782982
-0.036421638107813514
-0.10013006587302442
-0.07465345378649157
0.06292625909621563
-0.12033949778566289
0.0027859037974478085
-0.2546008091448053
-0.07212958518599066
0.013109728048770641
-0.050143819123519506
-0.005105231073404326
0.012390402416693647
0.062467374718552904
0.03882682382156144
-0.047644828679283435
0.13204555949274965
-0.01956931117570271
-0.06053051312501001
-0.04126132556270612
0.06761705055254463
-0.013771885982464482
0.043334141200254805
0.05198789125700998
0.037453479113841226
0.025649122658425227
-0.08678886069673908
-0.05120330655862837
0.022194058573782982
0.08732358904095427
-0.022622356364218277
-0.0357902826629255
-0.03173275161671363
-0.05120330655862837
-0.015144140805206874
-0.01956931117570271
-0.12033949778566289
0.026458811902690726
0.022194058573782982
0.0844852260058202
0.012394543666532698
0.020446479141682516
0.020567585268201682
0.02432879134386301
0.005082074600808895
0.04920879849315085
0.11522232211929584
-0.0008948035361102669
0.0688088340488946
0.06318283133468316
-0.007543661478351282
0.07382421435571018
0.06925574960452696
0.05168531023255696
0.0276177252845331
-0.0636718542421022
0.08383912323474085
0.06806350229329183
-0.022348210496932808
-0.01249170093178087
0.008505479129739868
0.01613403625846388
0.04299886054755575
-0.07212958518599066
-0.02375973362478856
0.025722681761052968
0.0515617796937029
0.07586149829868472
0.07518071596092746
0.01347000313241331
-0.2546008091448053
-0.002647647860884561
-0.0038562351615762935
-0.06720056781523276
0.06925574960452696
-0.10819102148647719
-0.009588853389239205
-0.027788545411032928
-0.013878349100881593
0.011999720455214913
-0.0007657730469858848
0.03882682382156144
0.13204555949274965
0.0027859037974478085
0.0203593980283987
-0.04022536987465397
-0.028034859824940028
-0.01956931117570271
0.028713620756199987
-0.0008948035361102669
0.048059232237648075
-0.060513028914405353
-0.08721982612879486
0.012390402416693647
-0.09359820865597968
0.04665297339942498
-0.051670301345440706
-0.022821982956040543
-0.05464289541014722
0.04371378571481266
-0.017136936568830308
-0.047644828679283435
0.0512476844333456
-0.0849833488167917
0.020567585268201682
0.006746455834750975
0.0326533364262076
0.17000938109242547
0.015089270086424023
0.03208636570286316
-0.014438989348697362
-0.022622356364218277
-0.07892951287026762
0.037453479113841226
0.0022689688502968153
0.008505479129739868
0.03973066370480538
0.019778644828504
-0.09432889171755221
0.01046829599036414
0.01613403625846388
-0.018864353824572078
-0.036421638107813514
0.0276177252845331
0.04299886054755575
0.03208636570286316
0.01699193585620762
-0.05699148198311299
0.023560334148108097
0.08799230776265521
0.03882682382156144
-0.03133707462365809
0.017908695057996304
-0.041376638974308655
0.008665176454019985
0.01724199139330551
-0.004841918958801372
0.01716964896203166
0.04606131559255999
-0.0005187167995490682
0.020446479141682516
0.04606131559255999
0.13480548385110502
0.04283497654615154
-0.01249170093178087
-0.002647647860884561
0.022821768641877682
0.04135586741642605
-0.032259158022980294
-0.010204897362879883
0.013040071944516285
