0.02773636562208104
0.04665297339942498
0.020446479141682516
-0.007317237093852569
-0.08143178414826124
-0.08285893181375492
0.0576314646823306
-0.10013006587302442
0.0512476844333456
-0.060513028914405353
-0.03695834061658587
0.02432879134386301
-0.0005187167995490682
-0.01686722086916248
0.03994035520780326
0.0165919313161762
0.01579928711915457
-0.03563356684104946
-0.028034859824940028
-0.0005187167995490682
0.0278028767684102
-0.08814864178677073
0.04333086414918519
0.017908695057996304
0.012390402416693647
-0.1218059774124729
0.03208636570286316
0.012299756912504733
-0.17661184642248884
0.026653357334457617
-0.0849833488167917
0.008505479129739868
0.03443624877469453
0.1399333926158075
-0.010532567714866659
0.02451643163530548
0.03863378364598535
0.07518071596092746
-0.05464289541014722
-0.032340875642459466
0.02927401578257438
0.13204555949274965
-0.007338419158481102
-0.04466517994807795
-0.07892951287026762
-0.07414653786004877
0.03643980545838055
-0.010532567714866659
0.06569838178769771
0.013109728048770641
-0.09432889171755221
0.020083040980136246
-0.0002868205956847447
-0.0636718542421022
0.01579928711915457
0.0278028767684102
0.03863378364598535
-0.02496648159475967
-0.08814864178677073
-0.027789787343500905
-0.027462288324585415
0.008505479129739868
-0.051670301345440706
0.04299886054755575
0.02927401578257438
0.01724199139330551
-0.013771885982464482
0.04729149119249154
0.0278028767684102
-0.03133707462365809
0.03863378364598535
0.05436809318039337
-0.08721982612879486
0.15300088602597928
-0.08126108737944548
-0.01956931117570271
-0.05120330655862837
0.0041948137923384365
-0.06053051312501001
-0.03695834061658587
-0.009357776553262198
-0.041376638974308655
-0.0038562351615762935
0.051344950513199095
-0.027462288324585415
0.01661350063361855
-0.06226621690008294
-0.036421638107813514
-0.021161035659430283
-0.03520416182162833
-0.07414653786004877
0.0022689688502968153
0.048059232237648075
-0.04466517994807795
0.028713620756199987
-0.08814864178677073
0.022821768641877682
0.0512476844333456
-0.017242733713295877
0.03208636570286316
0.0326533364262076
-0.02862716582831837
-0.0002868205956847447
0.045224792909892564
0.07518071596092746
0.01579928711915457
-0.051670301345440706
0.018593646962060006
0.01579928711915457
0.011999720455214913
-0.12033949778566289
0.0276177252845331
0.04469322213864224
-0.017242733713295877
0.04333086414918519
-0.0005187167995490682
-0.07212958518599066
-0.012372140541780041
0.07518071596092746
-0.0849833488167917
0.08176108754913614
-0.0011970474263076625
0.04995452527457189
0.04380656992791998
0.08302714817478662
0.04729149119249154
0.04590352204112591
-0.019391257313081667
0.06994395962703592
0.045224792909892564
-0.03917887174705115
0.01613403625846388
-0.0489237727198617
0.0022689688502968153
-0.02862716582831837
-0.08814864178677073
-0.0002495311402075373
-0.007882998007099573
0.04299886054755575
0.0027859037974478085
0.05436809318039337
0.04790976101641675
0.05799658946616226
-0.01686722086916248
0.029794720012301212
-0.028034859824940028
0.02714223291166995
0.013065356771912562
0.17000938109242547
0.051344950513199095
-0.005818111085915234
-0.004841918958801372
-0.024170822975695394
0.08799230776265521
0.043334141200254805
-0.03917887174705115
0.0203593980283987
0.011553574399841615
0.06806350229329183
0.03861575224405023
0.003822387934753202
0.025722681761052968
0.013109728048770641
0.07518071596092746
0.05182100602750328
-0.022368622754905587
0.0165919313161762
-0.012150300762606037
-0.05654058267968054
0.028713620756199987
-0.0002495311402075373
-0.06638125688640528
0.10109672394520075
0.013040071944516285
0.04729149119249154
-0.17661184642248884
0.051344950513199095
0.01613403625846388
-0.08721982612879486
0.015089270086424023
0.0276177252845331
-0.03270475340709922
-0.09432889171755221
-0.08285893181375492
-0.007317237093852569
0.06567138145123597
-0.05416508205116166
0.025722681761052968
-0.041376638974308655
-0.022368622754905587
-0.002205271978588108
-0.05464289541014722
0.0688088340488946
0.01347000313241331
0.04391937482752173
-0.027393577402978764
0.08121523150568599
0.012394543666532698
0.02773636562208104
-0.10013006587302442
0.025649122658425227
-0.022622356364218277
0.05168531023255696
-0.01249170093178087
-0.03133707462365809
-0.04126132556270612
0.07060672059698447
-0.05129888770798985
-0.03520416182162833
0.006265799221320201
0.03861575224405023
-0.03173275161671363
-0.017242733713295877
-0.06226621690008294
0.024801788304586125
0.05799658946616226
0.02927401578257438
-0.08110299466350668
0.015089270086424023
0.17000938109242547
-0.024170822975695394
0.03443624877469453
-0.018864353824572078
0.06364954486786978
-0.022821982956040543
-0.03695834061658587
0.0022689688502968153
0.0844852260058202
0.030122729138618354
0.01661350063361855
0.05436809318039337
0.018593646962060006
-0.17661184642248884
0.06228267241298191
-0.019391257313081667
0.0688088340488946
-0.0013205999854228878
-0.08285893181375492
0.0576314646823306
0.007058852839625374
-0.0002495311402075373
-0.011743957061684185
0.006143668794592827
-0.05416508205116166
0.037453479113841226
0.051344950513199095
0.08759468040243501
0.0688088340488946
-0.03173275161671363
-0.017242733713295877
-0.10013006587302442
0.05425453554333082
0.049538360788050184
0.04333086414918519
0.05168531023255696
-0.03695834061658587
0.0688088340488946
0.0461992712042818
0.02927401578257438
-0.03695834061658587
-0.022821982956040543
0.056736527751481525
0.10109672394520075
-0.07414653786004877
0.030974972656109045
0.006265799221320201
0.02520341309711238
-0.0005187167995490682
-0.007543661478351282
0.07382421435571018
-0.021161035659430283
0.02714223291166995
0.1399333926158075
0.06761705055254463
0.014780240742707562
0.08653619008305125
-0.03133707462365809
0.01661350063361855
0.04799414960212012
0.043334141200254805
0.05436809318039337
-0.09570667993071069
0.03443624877469453
0.001954162314668828
-0.027788545411032928
0.11522232211929584
0.018593646962060006
0.01724199139330551
-0.02496648159475967
0.03994035520780326
0.06994395962703592
-0.038466866176760206
0.008505479129739868
0.04665297339942498
0.08759468040243501
0.0326533364262076
-0.011743957061684185
0.013040071944516285
-0.0013205999854228878
