0.04665297339942498
0.051344950513199095
-0.04022536987465397
-0.06638125688640528
0.007058852839625374
-0.03133707462365809
0.04391937482752173
-0.09570667993071069
0.04333086414918519
0.0276177252845331
0.020567585268201682
-0.03173275161671363
-0.09359820865597968
-0.0005187167995490682
-0.01844849936066506
0.023512429278589764
-0.05654058267968054
-0.03270475340709922
0.03861575224405023
0.05436809318039337
-0.07075486294590672
0.03882682382156144
0.006746455834750975
0.08121523150568599
0.05425453554333082
-0.036421638107813514
-0.007543661478351282
-0.05654058267968054
-0.007543661478351282
-0.0357902826629255
-0.03520416182162833
-0.022348210496932808
0.01613403625846388
0.049538360788050184
0.03443624877469453
0.0276177252845331
0.05436809318039337
0.0276177252845331
0.028713620756199987
0.06318283133468316
0.030974972656109045
-0.06638125688640528
0.04665297339942498
-0.002205271978588108
0.025722681761052968
-0.005818111085915234
0.0844852260058202
-0.06109953281700342
0.04729149119249154
-0.02496648159475967
0.0216176650818376
-0.08126108737944548
-0.038466866176760206
0.01579928711915457
-0.06053051312501001
0.0461992712042818
0.05799658946616226
0.02714223291166995
-0.007338419158481102
-0.022368622754905587
-0.10013006587302442
0.02708189422255458
-0.0849833488167917
-0.027789787343500905
0.13204555949274965
0.05182100602750328
0.028713620756199987
-0.010532567714866659
0.029794720012301212
0.022194058573782982
-0.002205271978588108
0.13480548385110502
-0.22146034456414654
0.037107507807760065
0.0041948137923384365
0.0165919313161762
0.04283497654615154
-0.1218059774124729
-0.0038562351615762935
-0.038466866176760206
0.08759468040243501
0.02451643163530548
-0.07892951287026762
0.07382421435571018
0.020446479141682516
-0.22146034456414654
-0.021161035659430283
0.03973066370480538
0.043334141200254805
0.01724199139330551
0.08121523150568599
0.026005039289207943
0.01724199139330551
0.04469322213864224
0.051344950513199095
-0.017136936568830308
-0.0002868205956847447
0.05436809318039337
0.07518071596092746
0.015089270086424023
-0.02375973362478856
-0.06720056781523276
0.06292625909621563
-0.0849833488167917
0.030974972656109045
0.0203593980283987
-0.0038562351615762935
-0.04022536987465397
0.10240276235625068
0.008505479129739868
-0.01686722086916248
-0.08110299466350668
0.03208636570286316
-0.02496648159475967
0.13204555949274965
0.02927401578257438
0.056736527751481525
-0.06720056781523276
-0.022368622754905587
0.04790976101641675
-0.012372140541780041
0.006143668794592827
-0.022821982956040543
0.0027859037974478085
0.02708189422255458
0.015089270086424023
0.06316607709876365
-0.12033949778566289
0.1417808980890598
-0.06053051312501001
0.017908695057996304
0.0165919313161762
0.0016709762031741349
-0.02243129284092049
-0.01956931117570271
-0.012372140541780041
-0.03133707462365809
0.0276177252845331
0.08080248335888918
-0.07414653786004877
0.04799414960212012
0.05198789125700998
-0.050143819123519506
0.04995452527457189
0.02927401578257438
-0.07892951287026762
0.0027859037974478085
-0.017242733713295877
-0.02375973362478856
-0.01686722086916248
-0.0038562351615762935
0.048059232237648075
0.045224792909892564
0.07518071596092746
-0.06464003578883037
-0.01249170093178087
0.08632977574364098
-0.06285634704832255
0.04665297339942498
-0.22146034456414654
-0.06109953281700342
-0.032340875642459466
0.0276177252845331
0.0165919313161762
0.06994395962703592
-0.05120330655862837
0.026005039289207943
-0.05654058267968054
-0.03270475340709922
0.08732358904095427
0.05425453554333082
-0.07414653786004877
-0.03045002278091502
-0.05654058267968054
-0.08814864178677073
-0.0636718542421022
0.022194058573782982
0.003822387934753202
-0.06464003578883037
0.04790976101641675
0.019778644828504
-0.01844849936066506
0.08653619008305125
0.006746455834750975
0.11840346286310233
0.022821768641877682
0.024801788304586125
-0.04022536987465397
-0.06053051312501001
-0.0005187167995490682
0.008505479129739868
-0.022348210496932808
0.012394543666532698
-0.17661184642248884
0.04827168718050601
0.0216176650818376
-0.03917887174705115
-0.06226621690008294
0.0016709762031741349
0.0688088340488946
0.04606131559255999
-0.04022536987465397
0.028713620756199987
-0.024170822975695394
-0.05464289541014722
0.10109672394520075
-0.0005187167995490682
0.045224792909892564
-0.10819102148647719
-0.041376638974308655
0.15300088602597928
0.0512476844333456
-0.010532567714866659
-0.007720686875989813
-0.007338419158481102
-0.047644828679283435
0.029794720012301212
0.07518071596092746
-0.022622356364218277
-0.027789787343500905
0.06569838178769771
0.06994395962703592
-0.047644828679283435
-0.06109953281700342
-0.008416174423421019
0.04135586741642605
0.014780240742707562
-0.03520416182162833
0.01046829599036414
-0.05416508205116166
-0.03133707462365809
0.011999720455214913
0.022194058573782982
0.04995452527457189
-0.10819102148647719
-0.10013006587302442
0.08105492908796386
-0.0357902826629255
-0.0002868205956847447
-0.03563356684104946
-0.041376638974308655
-0.03917887174705115
0.013065356771912562
-0.04022536987465397
-0.022368622754905587
0.02432879134386301
0.02927401578257438
0.11522232211929584
-0.012150300762606037
-0.045496030668886966
-0.05416508205116166
0.0576314646823306
-0.050143819123519506
-0.04022536987465397
-0.22146034456414654
0.030122729138618354
0.08121523150568599
-0.05654058267968054
-0.07212958518599066
-0.022898889969576786
0.0512476844333456
0.01661350063361855
0.17000938109242547
0.014471610315426986
0.05436809318039337
-0.22146034456414654
0.05168531023255696
-0.022898889969576786
0.07586149829868472
0.04371378571481266
0.02714223291166995
-0.08126108737944548
0.03973066370480538
0.08759468040243501
-0.005818111085915234
0.012390402416693647
-0.17661184642248884
-0.10013006587302442
-0.032259158022980294
0.03994035520780326
0.13480548385110502
0.06292625909621563
-0.10819102148647719
-0.027789787343500905
-0.007882998007099573
0.006143668794592827
-0.037433866920196124
-0.03133707462365809
-0.0007657730469858848
-0.09359820865597968
0.025649122658425227
0.0688088340488946
-0.07414653786004877
0.025524068456756588
-0.008416174423421019
-0.01249170093178087
-0.009588853389239205
0.07586149829868472
0.0512476844333456
