0.02773636562208104
0.051344950513199095
0.01699193585620762
0.04299886054755575
-0.022368622754905587
-0.0013205999854228878
0.049538360788050184
-0.05699148198311299
0.04823967565580034
0.013040071944516285
0.028713620756199987
-0.041376638974308655
0.05168531023255696
-0.019514789449790015
0.01613403625846388
0.0022689688502968153
0.0027859037974478085
0.012390402416693647
0.04299886054755575
0.005082074600808895
0.06605801367827979
0.04606131559255999
-0.010532567714866659
0.13480548385110502
0.005082074600808895
0.008505479129739868
0.08383912323474085
0.01347000313241331
-0.027788545411032928
-0.06258250876081561
0.037453479113841226
0.0461992712042818
-0.032259158022980294
0.02773636562208104
0.05436809318039337
0.04299886054755575
-0.002205271978588108
-0.0013205999854228878
-0.05282848588680089
-0.036421638107813514
-0.024170822975695394
0.017908695057996304
0.048059232237648075
0.02927401578257438
0.011999720455214913
-0.032259158022980294
-0.03133707462365809
-0.027393577402978764
-0.04466517994807795
0.0461992712042818
-0.007882998007099573
-0.05282848588680089
0.03643980545838055
0.03973066370480538
0.02432879134386301
-0.007720686875989813
-0.08721982612879486
0.02520341309711238
-0.049962429852048906
0.11840346286310233
-0.06226621690008294
0.08080248335888918
-0.03917887174705115
-0.06638125688640528
0.030122729138618354
0.051344950513199095
0.006746455834750975
-0.06053051312501001
0.01579928711915457
0.03973066370480538
0.04299886054755575
0.012299756912504733
0.003822387934753202
-0.010532567714866659
-0.041376638974308655
-0.012372140541780041
0.007058852839625374
-0.01249170093178087
0.012299756912504733
0.006143668794592827
0.001954162314668828
0.05168531023255696
-0.004841918958801372
0.014780240742707562
0.005082074600808895
0.04333086414918519
0.02520341309711238
-0.013771885982464482
0.02714223291166995
-0.08126108737944548
0.029794720012301212
-0.050143819123519506
-0.027788545411032928
0.04995452527457189
-0.06720056781523276
-0.03917887174705115
0.0027859037974478085
-0.002205271978588108
0.08302714817478662
-0.02496648159475967
0.005082074600808895
-0.037433866920196124
-0.01844849936066506
-0.06109953281700342
-0.02243129284092049
-0.05129888770798985
-0.019391257313081667
-0.07075486294590672
-0.0549153461639893
-0.05983064969141072
-0.007882998007099573
0.022194058573782982
-0.06193714350214741
-0.021161035659430283
-0.021161035659430283
0.05182100602750328
0.06605801367827979
-0.017136936568830308
-0.015144140805206874
-0.0636718542421022
-0.032340875642459466
-0.011743957061684185
0.08759468040243501
-0.007882998007099573
0.020446479141682516
-0.022821982956040543
0.030122729138618354
-0.0849833488167917
-0.03917887174705115
-0.0357902826629255
0.025722681761052968
0.08080248335888918
0.04790976101641675
-0.007338419158481102
-0.0549153461639893
0.04606131559255999
-0.07212958518599066
0.009856619194733796
0.05799658946616226
-0.17661184642248884
0.04469322213864224
-0.049962429852048906
-0.022368622754905587
0.08121523150568599
-0.009588853389239205
0.030974972656109045
-0.022368622754905587
0.06569838178769771
-0.0851300246174862
0.043334141200254805
-0.05983064969141072
-0.01844849936066506
0.06364954486786978
0.06994395962703592
0.06316607709876365
0.08121523150568599
-0.07465345378649157
-0.0489237727198617
-0.004841918958801372
-0.045496030668886966
-0.028034859824940028
0.04920879849315085
-0.07212958518599066
0.006143668794592827
0.0276177252845331
-0.019514789449790015
-0.10819102148647719
0.10109672394520075
0.025524068456756588
0.04920879849315085
-0.17661184642248884
0.11522232211929584
-0.0013205999854228878
-0.051670301345440706
-0.010204897362879883
0.02773636562208104
0.011999720455214913
0.04995452527457189
0.022194058573782982
-0.010532567714866659
0.030974972656109045
0.04283497654615154
-0.10819102148647719
0.014471610315426986
0.03861575224405023
0.06228267241298191
0.02927401578257438
0.02451643163530548
0.009856619194733796
-0.017136936568830308
0.0165919313161762
-0.04022536987465397
0.11522232211929584
0.026458811902690726
-0.05282848588680089
-0.019391257313081667
0.024801788304586125
0.09718899306107964
0.04995452527457189
-0.0549153461639893
-0.019514789449790015
0.001954162314668828
-0.027393577402978764
-0.09570667993071069
0.08732358904095427
0.01661350063361855
0.08799230776265521
0.06318283133468316
0.030122729138618354
0.06761705055254463
0.04995452527457189
0.06316607709876365
0.06761705055254463
0.020567585268201682
0.013065356771912562
0.08302714817478662
0.022821768641877682
0.06605801367827979
-0.03997727574944321
-0.0005187167995490682
0.01035787819304268
-0.06193714350214741
-0.005105231073404326
0.02773636562208104
0.15300088602597928
0.0344322264021244
0.030974972656109045
-0.05282848588680089
0.007058852839625374
0.17000938109242547
0.03882682382156144
0.008665176454019985
0.02714223291166995
-0.019514789449790015
0.04729149119249154
0.0576314646823306
-0.047644828679283435
0.0512476844333456
0.06316607709876365
-0.04126132556270612
-0.005105231073404326
-0.051670301345440706
-0.022898889969576786
-0.014438989348697362
-0.08110299466350668
0.0025784297617263974
0.020567585268201682
0.012299756912504733
-0.15702055781469149
0.014780240742707562
-0.13034379599603163
-0.027788545411032928
-0.0549153461639893
-0.049962429852048906
0.04920879849315085
0.1399333926158075
-0.0357902826629255
-0.0002868205956847447
-0.10819102148647719
0.012390402416693647
-0.06053051312501001
0.006143668794592827
-0.03173275161671363
0.01046829599036414
0.08653619008305125
0.007058852839625374
-0.04466517994807795
0.034283772423341574
-0.007720686875989813
-0.04466517994807795
0.06228267241298191
0.02773636562208104
0.0688088340488946
0.08653619008305125
-0.03917887174705115
-0.017136936568830308
-0.03173275161671363
-0.0007657730469858848
0.08105492908796386
-0.03458770640829023
0.020446479141682516
0.04995452527457189
0.012299756912504733
-0.024170822975695394
0.006265799221320201
0.009856619194733796
-0.07075486294590672
0.008505479129739868
0.03861575224405023
-0.007317237093852569
0.04729149119249154
0.04469322213864224
-0.10013006587302442
-0.03270475340709922
-0.041376638974308655
0.04606131559255999
0.012394543666532698
-0.07724758378448726
-0.1218059774124729
