0.006143668794592827
-0.004841918958801372
0.037453479113841226
0.04380656992791998
0.04371378571481266
0.03861575224405023
0.04823967565580034
-0.0002868205956847447
0.04790976101641675
-0.05586089089844393
0.02432879134386301
0.04371378571481266
0.07060672059698447
-0.07892951287026762
-0.007543661478351282
-0.1218059774124729
0.03861575224405023
-0.02375973362478856
0.10109672394520075
-0.22146034456414654
0.02520341309711238
-0.019514789449790015
-0.0851300246174862
0.015089270086424023
0.003822387934753202
0.047513051758585334
0.01661350063361855
0.05182100602750328
0.06567138145123597
-0.009588853389239205
0.08121523150568599
0.014471610315426986
-0.0013205999854228878
-0.01844849936066506
0.03861575224405023
0.11522232211929584
0.043334141200254805
0.04799414960212012
-0.015144140805206874
-0.05586089089844393
0.01347000313241331
0.02520341309711238
-0.007338419158481102
0.06228267241298191
-0.06258250876081561
0.029794720012301212
-0.03045002278091502
0.08105492908796386
-0.2546008091448053
-0.01956931117570271
-0.06226621690008294
0.07586149829868472
-0.01249170093178087
-0.017136936568830308
-0.10013006587302442
-0.009588853389239205
0.03643980545838055
-0.014438989348697362
0.02432879134386301
0.013109728048770641
0.012394543666532698
0.07382421435571018
0.05182100602750328
0.03208636570286316
-0.002205271978588108
0.008505479129739868
-0.0011970474263076625
-0.027788545411032928
-0.027462288324585415
-0.2546008091448053
0.008505479129739868
0.09718899306107964
-0.05586089089844393
-0.01956931117570271
0.13480548385110502
0.001954162314668828
0.043334141200254805
0.02520341309711238
-0.014438989348697362
-0.013878349100881593
0.030974972656109045
-0.05129888770798985
0.01579928711915457
0.0027859037974478085
0.06228267241298191
-0.005818111085915234
0.022194058573782982
0.13204555949274965
-0.07075486294590672
0.08105492908796386
-0.09359820865597968
-0.027789787343500905
0.02520341309711238
0.04590352204112591
0.006746455834750975
-0.03173275161671363
0.01699193585620762
0.023560334148108097
-0.050143819123519506
-0.06226621690008294
-0.013878349100881593
-0.019514789449790015
0.04790976101641675
-0.10819102148647719
-0.036421638107813514
-0.007720686875989813
-0.013771885982464482
-0.012150300762606037
0.10109672394520075
0.04920879849315085
0.012299756912504733
0.01035787819304268
0.06364954486786978
0.08759468040243501
0.0844852260058202
-0.022821982956040543
-0.07414653786004877
0.020446479141682516
-0.03997727574944321
0.0576314646823306
0.034283772423341574
0.030974972656109045
-0.024170822975695394
-0.08814864178677073
-0.0489237727198617
-0.03133707462365809
0.011999720455214913
-0.017242733713295877
-0.05699148198311299
0.02927401578257438
-0.03270475340709922
-0.08678886069673908
0.06569838178769771
0.051344950513199095
0.051344950513199095
-0.019514789449790015
-0.09359820865597968
-0.0549153461639893
-0.012150300762606037
0.015089270086424023
0.006143668794592827
-0.06193714350214741
-0.03563356684104946
-0.22146034456414654
0.04391937482752173
0.0461992712042818
-0.014438989348697362
-0.05120330655862837
-0.13034379599603163
0.051344950513199095
-0.08110299466350668
-0.037433866920196124
-0.013878349100881593
-0.050143819123519506
0.13480548385110502
-0.007543661478351282
-0.03563356684104946
0.08759468040243501
0.09718899306107964
-0.03563356684104946
0.06994395962703592
0.0278028767684102
0.01046829599036414
-0.08678886069673908
-0.0002495311402075373
0.04920879849315085
-0.032340875642459466
-0.009357776553262198
0.008665176454019985
-0.0489237727198617
-0.0011970474263076625
-0.007720686875989813
-0.03045002278091502
0.07382421435571018
0.06994395962703592
-0.049962429852048906
0.012394543666532698
-0.13034379599603163
0.13204555949274965
0.03208636570286316
-0.049962429852048906
0.02520341309711238
0.02927401578257438
0.05182100602750328
0.08080248335888918
0.029794720012301212
-0.0489237727198617
0.01699193585620762
-0.022898889969576786
0.056736527751481525
-0.02243129284092049
-0.06258250876081561
0.13204555949274965
-0.022898889969576786
0.06994395962703592
-0.08285893181375492
0.0203593980283987
0.0844852260058202
0.012390402416693647
0.01716964896203166
0.0022689688502968153
0.029794720012301212
-0.005105231073404326
0.04799414960212012
-0.06638125688640528
0.034283772423341574
0.08653619008305125
0.04333086414918519
0.025722681761052968
0.062467374718552904
0.04048653167530425
-0.017242733713295877
0.0461992712042818
-0.07075486294590672
-0.05983064969141072
-0.06720056781523276
-0.007338419158481102
0.025524068456756588
-0.06285634704832255
0.03973066370480538
0.06994395962703592
0.014471610315426986
-0.0636718542421022
-0.09432889171755221
0.01661350063361855
0.0461992712042818
0.012394543666532698
0.08799230776265521
0.031017376704207678
-0.027462288324585415
0.04135586741642605
-0.0008948035361102669
0.13480548385110502
0.13480548385110502
0.026653357334457617
0.03643980545838055
0.028713620756199987
0.045224792909892564
0.020083040980136246
0.04823967565580034
0.009856619194733796
-0.06109953281700342
-0.027788545411032928
0.023560334148108097
0.01716964896203166
0.04606131559255999
0.02927401578257438
-0.027393577402978764
0.04135586741642605
0.06316607709876365
0.04391937482752173
-0.032259158022980294
-0.04466517994807795
-0.06193714350214741
0.01724199139330551
0.025524068456756588
0.02432879134386301
-0.007338419158481102
-0.10819102148647719
0.01347000313241331
0.03643980545838055
0.0022689688502968153
-0.027393577402978764
-0.027789787343500905
-0.022622356364218277
0.007058852839625374
-0.15702055781469149
-0.03917887174705115
0.025722681761052968
0.020083040980136246
-0.0489237727198617
0.06318283133468316
-0.03045002278091502
0.08383912323474085
0.01716964896203166
-0.06285634704832255
0.009856619194733796
0.034283772423341574
-0.02496648159475967
-0.0005187167995490682
0.06567138145123597
0.006143668794592827
0.028713620756199987
0.025524068456756588
-0.036421638107813514
0.03863378364598535
-0.09570667993071069
-0.005105231073404326
0.0216176650818376
0.08080248335888918
0.04823967565580034
-0.032259158022980294
-0.017242733713295877
-0.008416174423421019
0.0025784297617263974
0.024801788304586125
-0.0007657730469858848
0.012299756912504733
0.045224792909892564
