-0.051670301345440706
-0.08678886069673908
0.025649122658425227
-0.03695834061658587
0.17000938109242547
0.04371378571481266
0.0326533364262076
0.07060672059698447
-0.032340875642459466
-0.0011970474263076625
0.015089270086424023
0.06567138145123597
-0.0007657730469858848
-0.05654058267968054
0.034283772423341574
-0.05983064969141072
-0.03997727574944321
0.07586149829868472
0.04823967565580034
-0.037433866920196124
0.04729149119249154
-0.009588853389239205
0.06761705055254463
0.06994395962703592
-0.041376638974308655
0.02708189422255458
0.06806350229329183
0.1399333926158075
0.08105492908796386
-0.007720686875989813
-0.02862716582831837
-0.007338419158481102
0.013065356771912562
0.04729149119249154
-0.041376638974308655
-0.007543661478351282
-0.0013205999854228878
-0.013771885982464482
0.031017376704207678
0.08732358904095427
-0.022622356364218277
0.030974972656109045
-0.028034859824940028
0.02520341309711238
0.05182100602750328
-0.027788545411032928
0.0844852260058202
0.01661350063361855
0.04469322213864224
0.006265799221320201
0.0344322264021244
0.07586149829868472
0.04371378571481266
-0.04466517994807795
0.062467374718552904
0.0041948137923384365
-0.04466517994807795
0.04380656992791998
-0.005105231073404326
0.03443624877469453
-0.010532567714866659
0.026458811902690726
-0.022821982956040543
-0.06464003578883037
0.05182100602750328
0.05168531023255696
-0.013878349100881593
0.04333086414918519
-0.0008948035361102669
-0.0489237727198617
0.06925574960452696
-0.03695834061658587
-0.013771885982464482
0.05168531023255696
-0.018864353824572078
-0.0005187167995490682
-0.1218059774124729
0.03861575224405023
0.0688088340488946
-0.08143178414826124
-0.017242733713295877
-0.014438989348697362
-0.08678886069673908
0.06567138145123597
0.007058852839625374
-0.10013006587302442
0.04590352204112591
-0.06638125688640528
0.0216176650818376
0.0576314646823306
0.045224792909892564
0.028713620756199987
-0.060513028914405353
0.01716964896203166
-0.07212958518599066
0.014471610315426986
-0.017136936568830308
-0.051670301345440706
0.003822387934753202
-0.050143819123519506
-0.05983064969141072
-0.019514789449790015
0.017908695057996304
0.001954162314668828
0.01613403625846388
0.07060672059698447
0.06567138145123597
-0.02243129284092049
-0.005818111085915234
0.05182100602750328
0.06569838178769771
-0.009588853389239205
0.04380656992791998
0.014471610315426986
0.037453479113841226
-0.05699148198311299
0.08799230776265521
0.030122729138618354
-0.049962429852048906
0.04135586741642605
0.01724199139330551
0.02520341309711238
0.014780240742707562
0.031017376704207678
0.006143668794592827
0.020446479141682516
-0.07465345378649157
-0.01249170093178087
0.0041948137923384365
-0.022898889969576786
0.019778644828504
-0.005818111085915234
-0.050143819123519506
0.06925574960452696
0.08632977574364098
0.014780240742707562
0.03863378364598535
-0.009357776553262198
-0.09432889171755221
0.05182100602750328
0.006746455834750975
0.039209693040964666
-0.0489237727198617
0.005173534568482907
0.04827168718050601
-0.009357776553262198
0.05182100602750328
-0.007338419158481102
-0.007338419158481102
0.012390402416693647
-0.0489237727198617
0.012394543666532698
0.030974972656109045
-0.022622356364218277
-0.013771885982464482
0.0022689688502968153
0.06364954486786978
-0.05120330655862837
0.041840431302949455
0.03443624877469453
0.012299756912504733
0.03973066370480538
0.08383912323474085
-0.06109953281700342
-0.06464003578883037
0.0027859037974478085
-0.041376638974308655
0.0022689688502968153
-0.007338419158481102
0.012390402416693647
-0.03563356684104946
-0.05654058267968054
0.0461992712042818
-0.027462288324585415
0.0041948137923384365
-0.06226621690008294
0.014471610315426986
-0.022348210496932808
-0.027462288324585415
-0.01686722086916248
0.01579928711915457
0.07518071596092746
0.0016709762031741349
-0.024170822975695394
0.04729149119249154
-0.06109953281700342
0.13480548385110502
-0.07892951287026762
-0.012372140541780041
-0.02375973362478856
0.008665176454019985
-0.02496648159475967
0.11522232211929584
-0.09570667993071069
-0.0849833488167917
0.03861575224405023
0.001954162314668828
0.04391937482752173
0.062467374718552904
0.009856619194733796
-0.060513028914405353
0.001954162314668828
0.06569838178769771
0.08759468040243501
-0.06720056781523276
-0.050143819123519506
-0.024170822975695394
0.0576314646823306
0.0216176650818376
0.1417808980890598
-0.036421638107813514
0.03861575224405023
-0.05120330655862837
0.07586149829868472
-0.005105231073404326
0.05436809318039337
-0.022368622754905587
-0.08110299466350668
-0.05129888770798985
0.006265799221320201
-0.018864353824572078
0.02520341309711238
-0.037433866920196124
0.04995452527457189
-0.06226621690008294
0.08653619008305125
-0.0005187167995490682
-0.018864353824572078
-0.050143819123519506
0.06605801367827979
0.02708189422255458
0.013065356771912562
0.01661350063361855
0.01661350063361855
-0.04126132556270612
0.014471610315426986
-0.09359820865597968
-0.01956931117570271
0.03208636570286316
0.04606131559255999
0.003822387934753202
-0.09570667993071069
-0.1218059774124729
0.045224792909892564
-0.01249170093178087
0.04729149119249154
-0.060513028914405353
-0.03270475340709922
0.08653619008305125
0.039209693040964666
0.02714223291166995
0.06925574960452696
-0.012150300762606037
0.08732358904095427
0.026458811902690726
-0.05129888770798985
-0.04022536987465397
0.0576314646823306
0.022194058573782982
-0.03695834061658587
0.08759468040243501
0.0344322264021244
0.05182100602750328
-0.03133707462365809
-0.037433866920196124
0.01699193585620762
0.0016709762031741349
0.06761705055254463
-0.06720056781523276
0.07060672059698447
0.012394543666532698
-0.02243129284092049
-0.002647647860884561
-0.02496648159475967
0.13480548385110502
0.04827168718050601
-0.17661184642248884
-0.06638125688640528
-0.01956931117570271
-0.06720056781523276
0.020446479141682516
0.025649122658425227
-0.09570667993071069
0.029794720012301212
0.08302714817478662
-0.05416508205116166
0.005082074600808895
0.013109728048770641
0.04995452527457189
0.04469322213864224
0.02773636562208104
0.030122729138618354
0.04469322213864224
0.08732358904095427
0.1417808980890598
0.0203593980283987
-0.05654058267968054
0.04606131559255999
0.026653357334457617
