0.048059232237648075
-0.1218059774124729
0.0344322264021244
0.03208636570286316
0.0512476844333456
-0.06109953281700342
0.06605801367827979
0.014780240742707562
0.023560334148108097
-0.06053051312501001
0.009856619194733796
0.0344322264021244
0.08080248335888918
0.06567138145123597
0.04827168718050601
-0.05654058267968054
0.0027859037974478085
-0.007543661478351282
0.062467374718552904
0.011553574399841615
-0.004841918958801372
-0.1218059774124729
0.04729149119249154
0.0688088340488946
0.06364954486786978
0.019778644828504
-0.015144140805206874
0.05425453554333082
0.03863378364598535
0.043334141200254805
0.0344322264021244
0.06292625909621563
-0.049962429852048906
-0.0013205999854228878
-0.011743957061684185
-0.06464003578883037
0.01716964896203166
-0.007317237093852569
-0.03133707462365809
-0.05654058267968054
0.04665297339942498
-0.012372140541780041
0.08121523150568599
-0.005105231073404326
-0.06193714350214741
0.023560334148108097
0.0344322264021244
-0.022622356364218277
0.026653357334457617
0.05799658946616226
0.051344950513199095
-0.002647647860884561
-0.08110299466350668
0.006265799221320201
0.17000938109242547
0.04380656992791998
-0.08721982612879486
-0.0489237727198617
0.06605801367827979
-0.03917887174705115
0.015089270086424023
0.014471610315426986
0.07518071596092746
0.08759468040243501
-0.027788545411032928
0.02714223291166995
-0.0038562351615762935
0.15300088602597928
0.02451643163530548
0.04391937482752173
-0.015144140805206874
0.08632977574364098
0.08732358904095427
0.031017376704207678
0.006143668794592827
-0.08126108737944548
0.026458811902690726
0.047513051758585334
-0.0013205999854228878
0.09718899306107964
-0.0851300246174862
-0.022821982956040543
0.019778644828504
0.06569838178769771
0.06806350229329183
0.1399333926158075
0.17000938109242547
0.03973066370480538
-0.012150300762606037
0.04048653167530425
-0.0002868205956847447
0.025649122658425227
-0.007543661478351282
0.01347000313241331
-0.021161035659430283
0.037453479113841226
-0.013878349100881593
-0.09359820865597968
0.023512429278589764
-0.047644828679283435
-0.037433866920196124
-0.07414653786004877
-0.011743957061684185
-0.014438989348697362
-0.03045002278091502
0.01579928711915457
-0.011743957061684185
0.01724199139330551
-0.060513028914405353
-0.007882998007099573
0.03863378364598535
0.04391937482752173
-0.06464003578883037
-0.13034379599603163
0.06925574960452696
-0.03520416182162833
0.051344950513199095
0.051344950513199095
0.041840431302949455
-0.06193714350214741
-0.047644828679283435
0.017908695057996304
0.08732358904095427
0.06318283133468316
0.0844852260058202
0.0344322264021244
-0.13034379599603163
-0.028034859824940028
0.006746455834750975
-0.019391257313081667
0.029794720012301212
-0.009357776553262198
0.001954162314668828
-0.03173275161671363
0.014780240742707562
0.13480548385110502
0.029794720012301212
-0.027788545411032928
0.01699193585620762
-0.024170822975695394
-0.013878349100881593
0.04920879849315085
-0.07075486294590672
-0.041376638974308655
0.012299756912504733
0.017908695057996304
0.06761705055254463
0.0022689688502968153
-0.021161035659430283
0.04380656992791998
-0.12033949778566289
-0.041376638974308655
-0.08110299466350668
-0.014438989348697362
0.08732358904095427
-0.005105231073404326
0.020083040980136246
-0.05464289541014722
0.11522232211929584
-0.010204897362879883
0.08105492908796386
0.025524068456756588
0.013040071944516285
-0.027462288324585415
0.006746455834750975
-0.007317237093852569
-0.0005187167995490682
0.018593646962060006
0.06228267241298191
-0.007338419158481102
0.037453479113841226
0.08759468040243501
-0.02375973362478856
-0.017242733713295877
-0.03563356684104946
0.007058852839625374
0.028713620756199987
0.056736527751481525
0.04920879849315085
0.08080248335888918
-0.07075486294590672
-0.013771885982464482
0.07060672059698447
-0.007543661478351282
0.012299756912504733
0.011999720455214913
-0.027789787343500905
0.049538360788050184
-0.014438989348697362
-0.07724758378448726
-0.03133707462365809
0.01613403625846388
0.04606131559255999
-0.03997727574944321
-0.012372140541780041
-0.017136936568830308
-0.08143178414826124
-0.007882998007099573
0.051344950513199095
-0.007317237093852569
-0.013771885982464482
0.05198789125700998
0.0344322264021244
-0.0002495311402075373
-0.06053051312501001
-0.007882998007099573
-0.049962429852048906
-0.004841918958801372
0.0165919313161762
0.006746455834750975
-0.027462288324585415
-0.03173275161671363
-0.009357776553262198
0.0688088340488946
0.04665297339942498
-0.050143819123519506
-0.13034379599603163
0.0461992712042818
0.031017376704207678
-0.007543661478351282
-0.022821982956040543
0.043334141200254805
0.02773636562208104
0.04590352204112591
-0.009357776553262198
-0.0008948035361102669
-0.06720056781523276
0.0844852260058202
0.039209693040964666
0.02451643163530548
-0.007338419158481102
0.08176108754913614
-0.01844849936066506
-0.008416174423421019
0.018593646962060006
0.030974972656109045
-0.10819102148647719
-0.005105231073404326
0.030974972656109045
0.043334141200254805
0.07586149829868472
-0.06720056781523276
0.047513051758585334
0.06364954486786978
0.018593646962060006
0.04827168718050601
0.11522232211929584
0.04995452527457189
0.08732358904095427
0.05168531023255696
0.13480548385110502
0.09718899306107964
0.045224792909892564
0.029794720012301212
-0.05282848588680089
-0.02375973362478856
0.025649122658425227
0.01716964896203166
0.07382421435571018
0.06806350229329183
-0.045496030668886966
0.06228267241298191
0.04469322213864224
-0.15702055781469149
-0.002205271978588108
-0.08110299466350668
0.04469322213864224
-0.03458770640829023
-0.045496030668886966
0.04790976101641675
0.01046829599036414
0.045224792909892564
0.06994395962703592
-0.03997727574944321
0.04283497654615154
-0.05654058267968054
-0.05586089089844393
-0.014438989348697362
-0.051670301345440706
0.04283497654615154
0.026458811902690726
-0.0002868205956847447
-0.02496648159475967
0.04729149119249154
0.04469322213864224
-0.06193714350214741
-0.0002495311402075373
-0.038466866176760206
-0.007317237093852569
-0.032259158022980294
0.01699193585620762
0.005082074600808895
0.045224792909892564
0.02773636562208104
0.03973066370480538
0.04391937482752173
-0.018864353824572078
-0.002647647860884561
-0.07414653786004877
