0.10240276235625068
-0.002647647860884561
0.08653619008305125
0.0025784297617263974
-0.05654058267968054
-0.019514789449790015
0.008665176454019985
-0.041376638974308655
-0.0002495311402075373
0.008505479129739868
-0.0549153461639893
-0.017136936568830308
0.049538360788050184
0.04665297339942498
0.037453479113841226
-0.027462288324585415
0.04790976101641675
0.04391937482752173
-0.0011970474263076625
0.05425453554333082
0.02773636562208104
0.06316607709876365
0.001954162314668828
-0.07075486294590672
0.056736527751481525
0.051344950513199095
-0.019391257313081667
-0.0357902826629255
-0.1218059774124729
0.04590352204112591
0.04299886054755575
-0.05586089089844393
0.0515617796937029
-0.060513028914405353
-0.05120330655862837
0.003822387934753202
-0.009357776553262198
0.04283497654615154
-0.04022536987465397
0.062467374718552904
0.020083040980136246
-0.09359820865597968
0.08176108754913614
0.02520341309711238
-0.010204897362879883
-0.012150300762606037
0.051344950513199095
0.013065356771912562
-0.05416508205116166
-0.10819102148647719
-0.07892951287026762
0.0025784297617263974
-0.03997727574944321
-0.04466517994807795
-0.0549153461639893
0.011999720455214913
-0.01686722086916248
0.0515617796937029
-0.05983064969141072
-0.008416174423421019
-0.07212958518599066
-0.01956931117570271
-0.03520416182162833
0.06994395962703592
0.0515617796937029
0.06761705055254463
-0.22146034456414654
-0.02243129284092049
0.008665176454019985
0.020083040980136246
0.018593646962060006
0.0016709762031741349
0.0688088340488946
-0.004841918958801372
-0.04466517994807795
-0.022898889969576786
-0.005105231073404326
0.02451643163530548
-0.05129888770798985
-0.007317237093852569
-0.08721982612879486
-0.013878349100881593
0.007058852839625374
-0.07212958518599066
0.023512429278589764
0.014780240742707562
-0.01956931117570271
-0.028034859824940028
-0.022368622754905587
0.011999720455214913
0.04299886054755575
0.041840431302949455
-0.02496648159475967
0.05425453554333082
0.029794720012301212
0.04469322213864224
-0.004841918958801372
0.056736527751481525
0.05198789125700998
-0.04466517994807795
0.003822387934753202
0.012299756912504733
-0.0851300246174862
-0.03917887174705115
-0.13034379599603163
0.04606131559255999
0.06761705055254463
-0.03173275161671363
-0.0008948035361102669
-0.22146034456414654
-0.0849833488167917
-0.0011970474263076625
0.04827168718050601
-0.0002495311402075373
-0.07414653786004877
0.04048653167530425
-0.05586089089844393
0.023560334148108097
0.03973066370480538
0.03994035520780326
0.034283772423341574
0.11840346286310233
-0.027393577402978764
-0.04466517994807795
-0.03270475340709922
0.03208636570286316
0.018593646962060006
-0.0851300246174862
-0.03173275161671363
-0.06109953281700342
-0.04022536987465397
0.01699193585620762
-0.0008948035361102669
0.043334141200254805
0.08799230776265521
0.06994395962703592
-0.04466517994807795
0.03861575224405023
0.1399333926158075
-0.027789787343500905
-0.05416508205116166
-0.0013205999854228878
-0.09570667993071069
-0.015144140805206874
0.04135586741642605
-0.03458770640829023
0.01035787819304268
0.029794720012301212
-0.017242733713295877
0.13480548385110502
0.014780240742707562
-0.15702055781469149
0.026005039289207943
0.04299886054755575
0.06994395962703592
0.026653357334457617
0.13480548385110502
0.031017376704207678
0.018593646962060006
-0.04466517994807795
0.023512429278589764
-0.047644828679283435
-0.011743957061684185
-0.0002495311402075373
-0.007720686875989813
-0.012150300762606037
-0.005105231073404326
-0.09570667993071069
-0.08721982612879486
0.02520341309711238
0.06316607709876365
-0.06285634704832255
-0.02496648159475967
-0.04022536987465397
-0.05416508205116166
-0.01249170093178087
0.051344950513199095
0.0022689688502968153
0.034283772423341574
-0.2546008091448053
-0.06193714350214741
-0.010204897362879883
-0.03270475340709922
0.014780240742707562
0.0165919313161762
-0.0636718542421022
-0.015144140805206874
0.15300088602597928
-0.05416508205116166
0.08632977574364098
0.008665176454019985
-0.0002495311402075373
0.045224792909892564
0.029794720012301212
-0.09359820865597968
0.01613403625846388
0.03443624877469453
0.0216176650818376
-0.045496030668886966
-0.0849833488167917
-0.004841918958801372
-0.10819102148647719
0.012394543666532698
-0.007720686875989813
0.06994395962703592
-0.004841918958801372
0.019778644828504
-0.05120330655862837
0.013040071944516285
0.08302714817478662
-0.01249170093178087
0.0326533364262076
0.001954162314668828
0.08302714817478662
-0.009588853389239205
-0.022821982956040543
-0.007543661478351282
0.0041948137923384365
0.011553574399841615
-0.03917887174705115
0.08632977574364098
-0.049962429852048906
0.03208636570286316
0.01347000313241331
-0.03045002278091502
-0.05282848588680089
0.011999720455214913
-0.06720056781523276
0.04665297339942498
0.008665176454019985
-0.0007657730469858848
-0.004841918958801372
0.02708189422255458
0.0027859037974478085
0.014471610315426986
-0.05983064969141072
0.009856619194733796
-0.0002495311402075373
0.08176108754913614
0.04995452527457189
0.026653357334457617
-0.07465345378649157
0.07382421435571018
0.01724199139330551
0.0165919313161762
-0.012150300762606037
-0.03997727574944321
0.02451643163530548
-0.04022536987465397
0.0688088340488946
0.04469322213864224
0.020446479141682516
0.037453479113841226
0.08176108754913614
-0.004841918958801372
0.001954162314668828
-0.06720056781523276
0.006746455834750975
0.06605801367827979
0.01035787819304268
0.005173534568482907
-0.013771885982464482
-0.027789787343500905
0.02432879134386301
0.0326533364262076
-0.03270475340709922
0.05425453554333082
-0.0851300246174862
0.06567138145123597
0.07060672059698447
-0.05654058267968054
0.01699193585620762
0.041840431302949455
0.04371378571481266
-0.06053051312501001
-0.022368622754905587
0.012394543666532698
-0.009588853389239205
-0.06720056781523276
-0.06285634704832255
-0.03917887174705115
0.04333086414918519
-0.08814864178677073
0.03861575224405023
0.022821768641877682
-0.041376638974308655
-0.032340875642459466
0.013109728048770641
-0.22146034456414654
0.0276177252845331
0.08632977574364098
0.07382421435571018
-0.013771885982464482
0.03643980545838055
0.013109728048770641
0.014471610315426986
0.04590352204112591
0.019778644828504
-0.03695834061658587
