0.001954162314668828
0.006143668794592827
0.04135586741642605
0.0326533364262076
0.05168531023255696
-0.04126132556270612
-0.06109953281700342
0.04380656992791998
0.08176108754913614
0.0278028767684102
-0.02243129284092049
0.025649122658425227
-0.0002868205956847447
0.05436809318039337
-0.05120330655862837
0.01661350063361855
-0.03045002278091502
-0.03270475340709922
0.047513051758585334
0.03863378364598535
-0.0013205999854228878
0.04827168718050601
0.05425453554333082
-0.002647647860884561
0.039209693040964666
0.03994035520780326
-0.2546008091448053
-0.06720056781523276
0.062467374718552904
0.0688088340488946
0.051344950513199095
0.013065356771912562
-0.03133707462365809
-0.0549153461639893
-0.08143178414826124
-0.015144140805206874
0.05198789125700998
0.01661350063361855
0.08383912323474085
0.13204555949274965
0.04729149119249154
0.04333086414918519
-0.03458770640829023
-0.03133707462365809
0.10109672394520075
-0.008416174423421019
-0.03045002278091502
-0.06258250876081561
0.07518071596092746
-0.13034379599603163
0.06806350229329183
-0.07892951287026762
-0.0002495311402075373
0.08732358904095427
-0.004841918958801372
-0.03695834061658587
0.026005039289207943
-0.022622356364218277
-0.08110299466350668
0.10109672394520075
-0.005105231073404326
-0.05586089089844393
0.04299886054755575
0.031017376704207678
-0.13034379599603163
0.020567585268201682
-0.06109953281700342
0.04790976101641675
0.02708189422255458
0.01661350063361855
0.02708189422255458
-0.04466517994807795
0.03973066370480538
-0.06464003578883037
-0.022622356364218277
-0.07892951287026762
0.014780240742707562
-0.0013205999854228878
0.11840346286310233
-0.007543661478351282
0.04920879849315085
0.049538360788050184
-0.038466866176760206
0.0461992712042818
0.05198789125700998
0.045224792909892564
-0.04022536987465397
-0.009357776553262198
-0.013771885982464482
-0.06258250876081561
0.005082074600808895
0.0027859037974478085
-0.060513028914405353
-0.08285893181375492
0.0344322264021244
-0.027393577402978764
0.018593646962060006
-0.02496648159475967
0.03973066370480538
-0.13034379599603163
0.04283497654615154
0.020083040980136246
0.011999720455214913
-0.0489237727198617
0.01046829599036414
-0.05586089089844393
0.02927401578257438
0.03443624877469453
-0.004841918958801372
0.06228267241298191
-0.004841918958801372
0.030122729138618354
0.012299756912504733
0.026458811902690726
0.049538360788050184
0.0276177252845331
0.03994035520780326
0.03208636570286316
-0.05983064969141072
-0.02862716582831837
0.02714223291166995
-0.06193714350214741
0.013040071944516285
0.025722681761052968
0.06806350229329183
0.0688088340488946
0.020567585268201682
0.018593646962060006
-0.03563356684104946
0.11840346286310233
-0.036421638107813514
-0.09432889171755221
-0.03997727574944321
0.04048653167530425
0.06567138145123597
0.0844852260058202
-0.06285634704832255
0.05198789125700998
-0.02862716582831837
-0.01249170093178087
0.06761705055254463
-0.06053051312501001
-0.03270475340709922
-0.10013006587302442
-0.07724758378448726
-0.03563356684104946
0.022821768641877682
0.04827168718050601
-0.028034859824940028
0.03994035520780326
-0.03458770640829023
-0.011743957061684185
-0.01956931117570271
-0.012372140541780041
-0.04466517994807795
-0.007882998007099573
-0.01249170093178087
0.026458811902690726
-0.03458770640829023
-0.0011970474263076625
0.024801788304586125
-0.05654058267968054
-0.010204897362879883
0.04391937482752173
0.043334141200254805
0.07382421435571018
-0.05654058267968054
0.01579928711915457
0.06605801367827979
0.05425453554333082
0.0041948137923384365
0.06316607709876365
0.05182100602750328
0.008505479129739868
0.039209693040964666
0.05198789125700998
0.06994395962703592
-0.0489237727198617
0.008505479129739868
0.02708189422255458
-0.047644828679283435
0.02432879134386301
0.03994035520780326
0.03994035520780326
-0.22146034456414654
0.05436809318039337
0.01699193585620762
-0.10819102148647719
0.037453479113841226
0.062467374718552904
0.013109728048770641
-0.09359820865597968
0.005173534568482907
-0.04126132556270612
-0.07212958518599066
0.04299886054755575
-0.017242733713295877
0.026653357334457617
-0.07414653786004877
0.0276177252845331
0.012394543666532698
0.005173534568482907
0.01046829599036414
0.017908695057996304
0.08732358904095427
0.022194058573782982
-0.007720686875989813
-0.13034379599603163
-0.05699148198311299
0.020083040980136246
-0.022368622754905587
0.022821768641877682
-0.014438989348697362
0.08105492908796386
0.008665176454019985
0.0203593980283987
-0.060513028914405353
0.03443624877469453
-0.03695834061658587
-0.08110299466350668
0.026005039289207943
0.08176108754913614
0.05425453554333082
0.0041948137923384365
-0.03695834061658587
0.04920879849315085
0.0165919313161762
0.020446479141682516
0.04790976101641675
0.025524068456756588
-0.08721982612879486
-0.060513028914405353
0.006746455834750975
0.037453479113841226
-0.0007657730469858848
-0.07724758378448726
-0.01686722086916248
-0.032259158022980294
0.030974972656109045
-0.041376638974308655
-0.01844849936066506
0.04333086414918519
0.006143668794592827
0.01661350063361855
-0.047644828679283435
-0.03563356684104946
-0.021161035659430283
0.03443624877469453
0.07586149829868472
0.0515617796937029
0.06806350229329183
0.03994035520780326
0.006746455834750975
-0.018864353824572078
0.04790976101641675
0.011553574399841615
-0.03695834061658587
0.047513051758585334
0.08383912323474085
-0.01844849936066506
0.03861575224405023
-0.007543661478351282
0.02927401578257438
0.03973066370480538
-0.007882998007099573
0.007058852839625374
-0.05464289541014722
-0.0002495311402075373
0.01699193585620762
0.0276177252845331
-0.05983064969141072
0.056736527751481525
-0.010204897362879883
-0.08126108737944548
0.01724199139330551
0.08632977574364098
-0.019391257313081667
0.04299886054755575
-0.0636718542421022
0.0512476844333456
0.026653357334457617
0.04371378571481266
-0.050143819123519506
-0.022368622754905587
-0.0636718542421022
-0.013771885982464482
-0.06638125688640528
-0.007882998007099573
0.06994395962703592
0.04823967565580034
0.025649122658425227
0.026005039289207943
0.005173534568482907
-0.008416174423421019
0.03208636570286316
0.04920879849315085
0.006143668794592827
0.0203593980283987
-0.017136936568830308
