-0.010204897362879883
-0.0489237727198617
-0.08814864178677073
0.023512429278589764
-0.041376638974308655
-0.051670301345440706
0.0461992712042818
0.06761705055254463
-0.06193714350214741
0.07586149829868472
-0.22146034456414654
-0.06464003578883037
-0.08110299466350668
-0.08126108737944548
-0.12033949778566289
-0.032340875642459466
0.06569838178769771
0.02432879134386301
-0.06464003578883037
0.13480548385110502
0.03973066370480538
0.003822387934753202
0.026458811902690726
0.07382421435571018
-0.06285634704832255
0.08383912323474085
0.026458811902690726
0.026653357334457617
-0.09432889171755221
0.001954162314668828
-0.060513028914405353
-0.01686722086916248
0.02927401578257438
0.01724199139330551
-0.060513028914405353
-0.05282848588680089
-0.037433866920196124
-0.08721982612879486
0.01699193585620762
0.03208636570286316
-0.08721982612879486
-0.0849833488167917
0.06292625909621563
0.08383912323474085
-0.03133707462365809
0.043334141200254805
0.007058852839625374
0.047513051758585334
0.024801788304586125
0.07382421435571018
0.02714223291166995
-0.08126108737944548
-0.0002868205956847447
0.08799230776265521
-0.011743957061684185
0.1399333926158075
-0.03997727574944321
0.005082074600808895
0.051344950513199095
0.06806350229329183
-0.05282848588680089
0.03443624877469453
0.020446479141682516
-0.005818111085915234
0.08302714817478662
0.031017376704207678
-0.019391257313081667
0.01347000313241331
-0.10013006587302442
-0.07414653786004877
0.037107507807760065
0.023560334148108097
0.003822387934753202
-0.007720686875989813
-0.03173275161671363
0.025649122658425227
0.08121523150568599
-0.05983064969141072
-0.03997727574944321
0.020446479141682516
-0.02496648159475967
0.0278028767684102
-0.06109953281700342
-0.008416174423421019
0.047513051758585334
-0.03270475340709922
0.02451643163530548
0.06316607709876365
-0.04126132556270612
-0.03133707462365809
0.1417808980890598
-0.0489237727198617
0.011999720455214913
-0.032340875642459466
0.05168531023255696
0.0165919313161762
-0.0849833488167917
0.05425453554333082
-0.03045002278091502
-0.03695834061658587
-0.07414653786004877
-0.050143819123519506
0.07518071596092746
-0.015144140805206874
0.020567585268201682
0.015089270086424023
0.008665176454019985
-0.06053051312501001
0.08080248335888918
-0.03173275161671363
0.006265799221320201
0.0165919313161762
-0.01956931117570271
-0.04022536987465397
-0.0011970474263076625
-0.10013006587302442
0.03973066370480538
0.047513051758585334
0.05425453554333082
-0.22146034456414654
-0.0489237727198617
-0.06285634704832255
-0.0002495311402075373
0.003822387934753202
0.039209693040964666
0.06292625909621563
0.037107507807760065
-0.08678886069673908
0.01046829599036414
0.045224792909892564
-0.05983064969141072
0.03643980545838055
0.003822387934753202
0.17000938109242547
0.006143668794592827
-0.03695834061658587
0.026653357334457617
-0.03270475340709922
-0.02862716582831837
-0.07075486294590672
-0.032340875642459466
-0.05416508205116166
-0.047644828679283435
0.022821768641877682
-0.17661184642248884
-0.051670301345440706
0.005173534568482907
-0.022622356364218277
0.0025784297617263974
0.05425453554333082
-0.09432889171755221
0.17000938109242547
-0.06226621690008294
-0.022348210496932808
0.04799414960212012
0.0203593980283987
0.04606131559255999
0.03861575224405023
0.13480548385110502
-0.0849833488167917
0.07060672059698447
-0.07892951287026762
0.041840431302949455
0.026005039289207943
0.04790976101641675
-0.05120330655862837
0.026458811902690726
0.02520341309711238
-0.03045002278091502
0.025649122658425227
-0.03997727574944321
-0.04466517994807795
0.05425453554333082
-0.05654058267968054
-0.09570667993071069
0.01724199139330551
0.048059232237648075
0.031017376704207678
0.1417808980890598
-0.2546008091448053
0.028713620756199987
-0.01844849936066506
-0.07724758378448726
0.04823967565580034
0.005082074600808895
0.013065356771912562
0.037453479113841226
0.06569838178769771
0.049538360788050184
-0.08110299466350668
-0.05120330655862837
-0.051670301345440706
0.037453479113841226
0.08732358904095427
0.13204555949274965
0.028713620756199987
-0.0002868205956847447
0.026005039289207943
-0.036421638107813514
0.06316607709876365
-0.007882998007099573
-0.06193714350214741
-0.024170822975695394
0.017908695057996304
0.03863378364598535
0.020567585268201682
-0.03045002278091502
0.014471610315426986
-0.022348210496932808
-0.050143819123519506
-0.08678886069673908
0.006143668794592827
0.048059232237648075
0.022194058573782982
0.08383912323474085
-0.06053051312501001
0.014471610315426986
0.026653357334457617
-0.03173275161671363
0.17000938109242547
-0.05983064969141072
-0.09359820865597968
0.06994395962703592
0.04048653167530425
-0.17661184642248884
-0.009357776553262198
0.06567138145123597
-0.06193714350214741
-0.014438989348697362
0.0165919313161762
-0.03045002278091502
-0.06226621690008294
-0.012372140541780041
0.026653357334457617
-0.015144140805206874
-0.05464289541014722
-0.08721982612879486
-0.02375973362478856
0.029794720012301212
-0.010204897362879883
0.06605801367827979
0.04371378571481266
0.15300088602597928
-0.009357776553262198
-0.03458770640829023
-0.08285893181375492
0.04729149119249154
-0.05699148198311299
0.02714223291166995
-0.05120330655862837
-0.022821982956040543
0.01046829599036414
-0.06638125688640528
0.02714223291166995
-0.06285634704832255
-0.019514789449790015
0.04391937482752173
0.0688088340488946
0.04665297339942498
-0.01686722086916248
0.08176108754913614
0.043334141200254805
0.037453479113841226
0.022821768641877682
0.04380656992791998
0.08105492908796386
0.037453479113841226
-0.018864353824572078
-0.22146034456414654
0.05182100602750328
0.03443624877469453
-0.03173275161671363
-0.12033949778566289
-0.04022536987465397
0.043334141200254805
-0.03133707462365809
0.11522232211929584
-0.011743957061684185
-0.07075486294590672
-0.045496030668886966
-0.10819102148647719
-0.012372140541780041
0.017908695057996304
0.0165919313161762
0.05198789125700998
0.11522232211929584
0.026458811902690726
-0.049962429852048906
0.02708189422255458
0.026005039289207943
0.018593646962060006
-0.0002495311402075373
-0.027393577402978764
0.011999720455214913
0.013040071944516285
0.034283772423341574
-0.08814864178677073
-0.022898889969576786
-0.038466866176760206
