-0.09570667993071069
-0.03458770640829023
0.007058852839625374
-0.019391257313081667
0.04283497654615154
0.04920879849315085
-0.007543661478351282
0.0216176650818376
-0.027789787343500905
-0.07892951287026762
-0.022821982956040543
0.009856619194733796
0.04995452527457189
-0.0357902826629255
0.06605801367827979
-0.005818111085915234
-0.060513028914405353
0.013065356771912562
-0.037433866920196124
-0.045496030668886966
-0.0357902826629255
-0.007338419158481102
-0.17661184642248884
0.02451643163530548
0.011553574399841615
-0.007338419158481102
-0.024170822975695394
-0.027789787343500905
0.04299886054755575
-0.06638125688640528
-0.17661184642248884
-0.007720686875989813
-0.06638125688640528
0.017908695057996304
0.026005039289207943
0.0461992712042818
0.08632977574364098
0.08080248335888918
0.01613403625846388
0.04371378571481266
0.008665176454019985
0.024801788304586125
-0.0636718542421022
-0.08814864178677073
0.006143668794592827
0.026458811902690726
-0.06193714350214741
-0.0549153461639893
0.04299886054755575
0.04333086414918519
0.06228267241298191
0.09718899306107964
-0.027788545411032928
-0.15702055781469149
0.04665297339942498
0.08121523150568599
0.06316607709876365
0.04391937482752173
0.0216176650818376
0.04299886054755575
0.06567138145123597
0.06605801367827979
-0.09359820865597968
0.04790976101641675
0.026458811902690726
0.008505479129739868
0.011999720455214913
-0.0008948035361102669
0.01035787819304268
0.048059232237648075
0.06605801367827979
0.062467374718552904
-0.03695834061658587
0.03973066370480538
0.08759468040243501
0.007058852839625374
-0.02862716582831837
-0.08110299466350668
0.03443624877469453
0.13204555949274965
0.0461992712042818
-0.007317237093852569
-0.05586089089844393
0.0025784297617263974
-0.06464003578883037
-0.002647647860884561
-0.027789787343500905
0.06994395962703592
-0.08126108737944548
0.05168531023255696
-0.05586089089844393
0.019778644828504
-0.009357776553262198
0.007058852839625374
-0.02496648159475967
-0.07892951287026762
-0.0013205999854228878
0.0276177252845331
-0.005105231073404326
-0.1218059774124729
-0.07212958518599066
0.024801788304586125
0.07060672059698447
0.001954162314668828
-0.027393577402978764
0.03973066370480538
0.019778644828504
-0.10013006587302442
0.07060672059698447
0.08799230776265521
0.0203593980283987
-0.010532567714866659
-0.007338419158481102
0.012299756912504733
-0.007543661478351282
-0.07075486294590672
-0.06053051312501001
-0.05282848588680089
-0.03270475340709922
0.0027859037974478085
-0.09570667993071069
0.02432879134386301
-0.011743957061684185
-0.009588853389239205
0.007058852839625374
0.01579928711915457
-0.013878349100881593
0.062467374718552904
0.0165919313161762
-0.03695834061658587
0.08383912323474085
-0.02375973362478856
0.034283772423341574
-0.06053051312501001
0.04665297339942498
0.08080248335888918
0.056736527751481525
-0.010204897362879883
0.029794720012301212
0.11840346286310233
-0.013878349100881593
0.07060672059698447
-0.038466866176760206
-0.051670301345440706
0.0025784297617263974
0.07586149829868472
0.08799230776265521
-0.03458770640829023
0.013065356771912562
-0.02496648159475967
0.023512429278589764
0.023512429278589764
-0.038466866176760206
0.04391937482752173
0.037107507807760065
0.01613403625846388
0.01716964896203166
0.0344322264021244
-0.0002868205956847447
0.10240276235625068
-0.2546008091448053
-0.08678886069673908
0.026458811902690726
0.02773636562208104
-0.0038562351615762935
0.03863378364598535
0.06569838178769771
0.012394543666532698
-0.009357776553262198
-0.04126132556270612
-0.007338419158481102
0.005082074600808895
-0.06258250876081561
-0.03520416182162833
-0.032340875642459466
0.06316607709876365
-0.05586089089844393
-0.08721982612879486
-0.008416174423421019
0.02451643163530548
-0.0636718542421022
0.03994035520780326
0.02773636562208104
-0.010532567714866659
0.008665176454019985
-0.05983064969141072
-0.004841918958801372
-0.027393577402978764
0.11522232211929584
-0.0038562351615762935
-0.036421638107813514
-0.05586089089844393
-0.08110299466350668
-0.0002495311402075373
0.06994395962703592
-0.03270475340709922
-0.03458770640829023
-0.09359820865597968
-0.002647647860884561
-0.09570667993071069
0.06364954486786978
0.014780240742707562
0.0512476844333456
-0.02375973362478856
0.039209693040964666
-0.0357902826629255
-0.08285893181375492
0.02708189422255458
-0.17661184642248884
0.025524068456756588
-0.02862716582831837
0.15300088602597928
0.07382421435571018
-0.05586089089844393
0.08176108754913614
0.0461992712042818
0.030122729138618354
-0.06053051312501001
-0.07075486294590672
0.05425453554333082
0.01579928711915457
-0.017136936568830308
-0.15702055781469149
-0.01249170093178087
-0.013878349100881593
0.001954162314668828
-0.0849833488167917
0.030974972656109045
0.013065356771912562
0.047513051758585334
-0.045496030668886966
0.026653357334457617
-0.08814864178677073
-0.004841918958801372
-0.05464289541014722
0.0165919313161762
0.05799658946616226
-0.05464289541014722
-0.012150300762606037
-0.036421638107813514
0.04391937482752173
0.026458811902690726
-0.0636718542421022
0.08302714817478662
0.04469322213864224
0.13480548385110502
-0.07724758378448726
0.08105492908796386
0.022194058573782982
-0.09432889171755221
0.07060672059698447
0.0512476844333456
0.008505479129739868
-0.05464289541014722
0.15300088602597928
0.05168531023255696
-0.03997727574944321
-0.0636718542421022
-0.022898889969576786
-0.012150300762606037
0.11522232211929584
-0.008416174423421019
0.013065356771912562
0.06292625909621563
0.08383912323474085
0.01579928711915457
0.08799230776265521
-0.004841918958801372
0.04729149119249154
-0.08721982612879486
-0.007338419158481102
-0.007543661478351282
-0.04126132556270612
0.08799230776265521
0.01613403625846388
-0.010204897362879883
-0.08814864178677073
0.06569838178769771
-0.022368622754905587
-0.06053051312501001
-0.13034379599603163
-0.0636718542421022
-0.03997727574944321
0.012299756912504733
0.062467374718552904
0.012390402416693647
-0.03133707462365809
-0.027393577402978764
0.06806350229329183
-0.015144140805206874
0.07060672059698447
0.08176108754913614
-0.027462288324585415
0.06316607709876365
-0.008416174423421019
0.051344950513199095
0.04371378571481266
-0.0849833488167917
0.026653357334457617
