-0.02496648159475967
0.0022689688502968153
0.08799230776265521
0.08176108754913614
-0.1218059774124729
0.025722681761052968
0.017908695057996304
-0.010532567714866659
0.10240276235625068
-0.002205271978588108
0.030122729138618354
0.08732358904095427
-0.007882998007099573
0.0278028767684102
0.023560334148108097
-0.03045002278091502
0.0688088340488946
0.019778644828504
-0.010204897362879883
-0.10013006587302442
-0.0038562351615762935
-0.08814864178677073
0.0016709762031741349
-0.07465345378649157
-0.02496648159475967
-0.05699148198311299
-0.013771885982464482
0.005082074600808895
-0.009357776553262198
-0.009357776553262198
0.08732358904095427
0.06994395962703592
-0.017242733713295877
0.02714223291166995
-0.0038562351615762935
-0.06285634704832255
-0.09359820865597968
-0.019514789449790015
0.0216176650818376
0.022821768641877682
0.0515617796937029
-0.017242733713295877
0.011999720455214913
0.01046829599036414
-0.09359820865597968
0.04827168718050601
0.06994395962703592
0.1417808980890598
0.05436809318039337
0.01613403625846388
-0.03173275161671363
-0.15702055781469149
0.019778644828504
-0.005105231073404326
0.03861575224405023
0.06925574960452696
0.06318283133468316
0.04283497654615154
-0.03695834061658587
0.039209693040964666
0.0344322264021244
0.15300088602597928
-0.027393577402978764
0.06806350229329183
0.043334141200254805
-0.005105231073404326
0.013065356771912562
0.08383912323474085
0.051344950513199095
0.051344950513199095
-0.08126108737944548
0.019778644828504
-0.022622356364218277
0.0326533364262076
0.0016709762031741349
0.041840431302949455
0.026458811902690726
-0.07465345378649157
0.06318283133468316
0.017908695057996304
0.03861575224405023
0.03882682382156144
-0.0013205999854228878
-0.0005187167995490682
0.08383912323474085
0.030122729138618354
0.06806350229329183
0.01724199139330551
0.018593646962060006
0.02927401578257438
0.06318283133468316
0.06569838178769771
-0.03458770640829023
0.04299886054755575
0.09718899306107964
-0.05464289541014722
-0.002205271978588108
0.02520341309711238
0.015089270086424023
0.07586149829868472
-0.08721982612879486
0.03973066370480538
0.08105492908796386
0.06567138145123597
-0.007543661478351282
0.0461992712042818
0.08653619008305125
0.031017376704207678
0.030974972656109045
0.06364954486786978
0.0344322264021244
0.17000938109242547
0.04283497654615154
-0.027789787343500905
0.0844852260058202
0.014780240742707562
-0.047644828679283435
-0.036421638107813514
-0.08678886069673908
0.11522232211929584
-0.010204897362879883
-0.007882998007099573
0.026653357334457617
0.023560334148108097
0.07586149829868472
0.037453479113841226
-0.009357776553262198
-0.07465345378649157
-0.0007657730469858848
-0.08110299466350668
-0.07414653786004877
0.01661350063361855
0.009856619194733796
0.06567138145123597
0.0216176650818376
-0.06053051312501001
0.04380656992791998
0.03208636570286316
0.039209693040964666
0.05436809318039337
-0.036421638107813514
0.08383912323474085
0.04283497654615154
0.06318283133468316
0.04048653167530425
0.08383912323474085
-0.08721982612879486
-0.08285893181375492
0.06316607709876365
0.01661350063361855
0.0165919313161762
-0.0007657730469858848
-0.08721982612879486
0.0165919313161762
-0.06720056781523276
-0.03270475340709922
0.08732358904095427
-0.022622356364218277
0.02927401578257438
-0.004841918958801372
0.014471610315426986
0.08176108754913614
0.051344950513199095
-0.03997727574944321
-0.047644828679283435
-0.10013006587302442
-0.051670301345440706
-0.03997727574944321
-0.06109953281700342
-0.07465345378649157
-0.011743957061684185
0.037453479113841226
-0.002205271978588108
0.05168531023255696
-0.028034859824940028
0.10109672394520075
0.13204555949274965
-0.03695834061658587
0.04391937482752173
0.0576314646823306
0.08732358904095427
-0.06109953281700342
-0.0636718542421022
-0.0636718542421022
0.005082074600808895
-0.011743957061684185
0.018593646962060006
-0.05120330655862837
0.03643980545838055
0.020567585268201682
-0.09570667993071069
0.08632977574364098
-0.05983064969141072
-0.022622356364218277
0.1417808980890598
0.0344322264021244
0.01699193585620762
-0.009357776553262198
0.04823967565580034
-0.022348210496932808
-0.007317237093852569
0.04665297339942498
-0.013878349100881593
0.1417808980890598
-0.04466517994807795
0.1417808980890598
-0.0357902826629255
0.043334141200254805
-0.05129888770798985
0.041840431302949455
0.022821768641877682
0.037453479113841226
0.04729149119249154
0.04333086414918519
0.03863378364598535
-0.024170822975695394
0.031017376704207678
0.04380656992791998
-0.05464289541014722
0.03973066370480538
0.06994395962703592
-0.011743957061684185
0.03208636570286316
0.07382421435571018
0.013065356771912562
0.1417808980890598
0.026653357334457617
0.04665297339942498
-0.10819102148647719
0.10240276235625068
-0.022821982956040543
-0.010204897362879883
-0.027789787343500905
0.07518071596092746
-0.038466866176760206
0.04729149119249154
-0.005105231073404326
0.06569838178769771
0.03443624877469453
-0.036421638107813514
-0.06193714350214741
-0.036421638107813514
-0.04126132556270612
0.025722681761052968
-0.037433866920196124
-0.0849833488167917
0.0016709762031741349
0.013065356771912562
0.06316607709876365
0.08732358904095427
0.06761705055254463
0.02520341309711238
0.04135586741642605
0.03643980545838055
-0.06464003578883037
0.04283497654615154
-0.007543661478351282
-0.07465345378649157
0.06569838178769771
-0.011743957061684185
-0.04466517994807795
0.020083040980136246
-0.2546008091448053
-0.03270475340709922
-0.014438989348697362
-0.0002868205956847447
0.13204555949274965
0.04371378571481266
0.020083040980136246
0.07518071596092746
0.013040071944516285
-0.0002495311402075373
0.022821768641877682
0.025524068456756588
-0.015144140805206874
-0.02243129284092049
0.008505479129739868
-0.022821982956040543
0.03208636570286316
0.01661350063361855
-0.0549153461639893
-0.027788545411032928
0.01716964896203166
0.02520341309711238
0.04333086414918519
-0.011743957061684185
-0.05464289541014722
0.026458811902690726
0.0165919313161762
-0.07465345378649157
0.0203593980283987
0.03863378364598535
0.0016709762031741349
0.0512476844333456
-0.007882998007099573
0.006265799221320201
-0.06638125688640528
0.0344322264021244
-0.02496648159475967
