-0.01249170093178087
-0.022348210496932808
0.031017376704207678
0.037453479113841226
0.06567138145123597
-0.005818111085915234
0.01613403625846388
-0.017242733713295877
0.04391937482752173
0.04469322213864224
0.005082074600808895
0.02432879134386301
-0.0489237727198617
-0.13034379599603163
-0.022898889969576786
-0.08143178414826124
0.05198789125700998
0.04380656992791998
0.01724199139330551
0.018593646962060006
0.04606131559255999
-0.0007657730469858848
-0.012150300762606037
-0.0851300246174862
0.02451643163530548
-0.027462288324585415
-0.05983064969141072
-0.014438989348697362
-0.06193714350214741
0.01347000313241331
0.06569838178769771
0.05799658946616226
-0.013771885982464482
-0.005105231073404326
-0.03133707462365809
0.0016709762031741349
0.01661350063361855
0.08176108754913614
0.04995452527457189
-0.050143819123519506
-0.013878349100881593
-0.04126132556270612
-0.01686722086916248
0.0326533364262076
0.02708189422255458
-0.0002495311402075373
-0.17661184642248884
-0.01844849936066506
0.1399333926158075
0.07382421435571018
-0.0011970474263076625
-0.09359820865597968
0.0576314646823306
-0.04466517994807795
0.07060672059698447
0.039209693040964666
-0.03695834061658587
-0.022898889969576786
-0.036421638107813514
-0.007882998007099573
0.013040071944516285
0.029794720012301212
0.07586149829868472
-0.0007657730469858848
-0.08814864178677073
0.02451643163530548
-0.03045002278091502
-0.05586089089844393
0.0344322264021244
0.020446479141682516
0.019778644828504
0.007058852839625374
0.06318283133468316
-0.005818111085915234
-0.05129888770798985
0.006143668794592827
0.034283772423341574
-0.06258250876081561
-0.010532567714866659
0.020083040980136246
-0.07212958518599066
0.08799230776265521
0.031017376704207678
-0.0851300246174862
0.04827168718050601
0.037453479113841226
-0.05129888770798985
0.0025784297617263974
-0.007720686875989813
0.09718899306107964
-0.03173275161671363
0.0461992712042818
-0.07414653786004877
-0.03045002278091502
-0.0013205999854228878
0.05436809318039337
-0.009588853389239205
0.06925574960452696
0.028713620756199987
-0.015144140805206874
0.025524068456756588
-0.02862716582831837
0.08302714817478662
0.04135586741642605
-0.10013006587302442
-0.0005187167995490682
-0.07212958518599066
0.017908695057996304
0.08799230776265521
-0.027462288324585415
-0.0007657730469858848
-0.08143178414826124
-0.002205271978588108
0.018593646962060006
0.04048653167530425
-0.05120330655862837
0.06318283133468316
0.0025784297617263974
0.0512476844333456
-0.050143819123519506
0.049538360788050184
0.03994035520780326
0.0016709762031741349
-0.08110299466350668
0.03443624877469453
0.08732358904095427
0.007058852839625374
-0.021161035659430283
0.025649122658425227
-0.02375973362478856
0.06228267241298191
-0.07724758378448726
-0.047644828679283435
-0.06109953281700342
0.034283772423341574
0.06569838178769771
-0.01844849936066506
0.01579928711915457
0.06292625909621563
0.026005039289207943
0.02773636562208104
0.039209693040964666
0.04299886054755575
0.02432879134386301
0.02927401578257438
-0.022368622754905587
0.043334141200254805
0.04283497654615154
0.04729149119249154
0.0165919313161762
-0.007317237093852569
0.07586149829868472
0.05425453554333082
0.04729149119249154
-0.021161035659430283
0.08759468040243501
-0.01686722086916248
0.034283772423341574
0.06364954486786978
-0.012150300762606037
0.04391937482752173
0.04469322213864224
-0.01956931117570271
-0.03045002278091502
0.04729149119249154
-0.015144140805206874
-0.014438989348697362
0.10240276235625068
0.0515617796937029
-0.027789787343500905
0.04920879849315085
-0.03695834061658587
-0.002205271978588108
0.025524068456756588
-0.01844849936066506
0.006143668794592827
-0.10819102148647719
-0.012150300762606037
0.11840346286310233
-0.09432889171755221
0.06761705055254463
-0.05282848588680089
-0.007543661478351282
0.012394543666532698
-0.07892951287026762
0.031017376704207678
0.08799230776265521
-0.007338419158481102
-0.0849833488167917
0.01046829599036414
0.03443624877469453
0.06569838178769771
0.11522232211929584
0.07586149829868472
0.012394543666532698
-0.019514789449790015
0.04606131559255999
-0.05983064969141072
0.04380656992791998
-0.01956931117570271
-0.007317237093852569
0.01716964896203166
0.025649122658425227
0.013040071944516285
-0.06285634704832255
-0.009357776553262198
0.008505479129739868
0.025649122658425227
0.030122729138618354
0.02432879134386301
-0.08110299466350668
0.17000938109242547
0.05425453554333082
0.07060672059698447
0.0203593980283987
0.04799414960212012
-0.022898889969576786
0.03443624877469453
-0.08285893181375492
0.0027859037974478085
-0.08678886069673908
-0.03133707462365809
-0.07075486294590672
-0.07892951287026762
0.0512476844333456
-0.032340875642459466
-0.027789787343500905
-0.013771885982464482
-0.005818111085915234
0.005173534568482907
-0.01844849936066506
0.023512429278589764
-0.0008948035361102669
-0.007543661478351282
0.08080248335888918
-0.004841918958801372
-0.045496030668886966
0.012390402416693647
0.15300088602597928
0.04590352204112591
0.04665297339942498
0.11522232211929584
-0.0008948035361102669
0.023560334148108097
0.006265799221320201
-0.060513028914405353
0.08799230776265521
-0.09432889171755221
-0.0038562351615762935
-0.06638125688640528
-0.09432889171755221
0.06316607709876365
0.1399333926158075
-0.08814864178677073
-0.0005187167995490682
0.0688088340488946
0.06316607709876365
0.04590352204112591
-0.013878349100881593
-0.0549153461639893
0.09718899306107964
0.06567138145123597
0.02520341309711238
0.01613403625846388
0.049538360788050184
0.09718899306107964
0.005082074600808895
0.08759468040243501
-0.045496030668886966
-0.03458770640829023
-0.0002868205956847447
0.019778644828504
-0.007338419158481102
0.034283772423341574
-0.0005187167995490682
-0.045496030668886966
0.009856619194733796
0.01716964896203166
-0.019514789449790015
-0.03563356684104946
-0.08721982612879486
-0.027462288324585415
0.0515617796937029
-0.002647647860884561
0.06318283133468316
-0.007317237093852569
-0.051670301345440706
0.03208636570286316
-0.02243129284092049
0.08732358904095427
0.011999720455214913
-0.08721982612879486
0.04371378571481266
-0.01956931117570271
-0.0849833488167917
-0.0002495311402075373
0.03994035520780326
-0.049962429852048906
-0.01249170093178087
