0.04995452527457189
-0.0008948035361102669
-0.07414653786004877
0.020567585268201682
0.08105492908796386
0.011999720455214913
-0.045496030668886966
0.0216176650818376
0.013065356771912562
-0.009357776553262198
-0.22146034456414654
0.01046829599036414
0.06925574960452696
0.012299756912504733
0.04590352204112591
0.08799230776265521
0.03443624877469453
0.0041948137923384365
-0.05120330655862837
-0.019514789449790015
-0.06053051312501001
0.003822387934753202
-0.0851300246174862
0.06364954486786978
0.018593646962060006
0.03882682382156144
0.06806350229329183
-0.02243129284092049
-0.02243129284092049
0.08105492908796386
0.0515617796937029
-0.08678886069673908
-0.06053051312501001
0.049538360788050184
-0.08143178414826124
-0.005105231073404326
-0.015144140805206874
0.03643980545838055
0.017908695057996304
-0.0008948035361102669
-0.032340875642459466
-0.03458770640829023
0.04665297339942498
0.10109672394520075
-0.06226621690008294
-0.07075486294590672
0.0278028767684102
0.0515617796937029
-0.0038562351615762935
0.006265799221320201
0.04590352204112591
0.08383912323474085
0.0461992712042818
0.01699193585620762
-0.08143178414826124
-0.051670301345440706
-0.022622356364218277
0.06292625909621563
0.13204555949274965
-0.014438989348697362
0.1399333926158075
0.01699193585620762
-0.07892951287026762
0.06925574960452696
0.020446479141682516
-0.007543661478351282
-0.0008948035361102669
-0.0849833488167917
0.041840431302949455
0.01724199139330551
-0.02375973362478856
0.06228267241298191
-0.024170822975695394
0.07060672059698447
-0.011743957061684185
-0.051670301345440706
-0.05699148198311299
0.08080248335888918
-0.04466517994807795
-0.05586089089844393
-0.15702055781469149
-0.0636718542421022
-0.022348210496932808
0.014780240742707562
-0.22146034456414654
-0.004841918958801372
-0.002647647860884561
0.07518071596092746
-0.03917887174705115
0.006746455834750975
0.15300088602597928
0.006265799221320201
0.04299886054755575
-0.01249170093178087
0.019778644828504
0.06228267241298191
0.014780240742707562
0.05425453554333082
0.019778644828504
0.06761705055254463
-0.06464003578883037
-0.0038562351615762935
-0.08285893181375492
-0.03917887174705115
0.0025784297617263974
0.0203593980283987
0.05182100602750328
-0.0636718542421022
0.025649122658425227
-0.03045002278091502
-0.017136936568830308
0.028713620756199987
-0.03270475340709922
-0.02375973362478856
0.01035787819304268
0.07518071596092746
0.03208636570286316
0.041840431302949455
0.01661350063361855
0.025649122658425227
-0.0005187167995490682
0.08121523150568599
0.005082074600808895
-0.0005187167995490682
-0.07892951287026762
-0.07724758378448726
-0.021161035659430283
-0.027788545411032928
0.005173534568482907
0.08632977574364098
0.0276177252845331
0.04827168718050601
0.030974972656109045
0.026005039289207943
-0.0038562351615762935
0.05198789125700998
0.012299756912504733
0.0216176650818376
-0.0849833488167917
-0.032340875642459466
-0.01249170093178087
-0.03997727574944321
-0.07212958518599066
-0.03997727574944321
-0.018864353824572078
0.01724199139330551
-0.060513028914405353
-0.008416174423421019
-0.036421638107813514
0.06925574960452696
-0.0013205999854228878
-0.07465345378649157
0.04333086414918519
0.04790976101641675
0.06364954486786978
-0.0849833488167917
0.01716964896203166
0.08632977574364098
-0.07892951287026762
0.023560334148108097
-0.012150300762606037
-0.037433866920196124
0.029794720012301212
0.04729149119249154
0.04606131559255999
0.07518071596092746
-0.0005187167995490682
0.06994395962703592
0.0165919313161762
0.012299756912504733
-0.051670301345440706
0.08799230776265521
-0.0002495311402075373
0.034283772423341574
0.08105492908796386
0.11522232211929584
-0.010204897362879883
0.02927401578257438
-0.013878349100881593
-0.05654058267968054
0.001954162314668828
0.039209693040964666
-0.013878349100881593
-0.005105231073404326
0.005082074600808895
0.017908695057996304
0.04790976101641675
-0.032340875642459466
0.012394543666532698
0.0515617796937029
0.01046829599036414
-0.019391257313081667
0.019778644828504
-0.05282848588680089
-0.027788545411032928
0.030122729138618354
-0.0011970474263076625
0.03863378364598535
0.01716964896203166
-0.007338419158481102
-0.07414653786004877
0.0016709762031741349
0.04729149119249154
0.030974972656109045
-0.2546008091448053
0.022194058573782982
-0.01686722086916248
-0.07414653786004877
-0.051670301345440706
-0.2546008091448053
0.06316607709876365
-0.05983064969141072
-0.019391257313081667
0.1417808980890598
0.04995452527457189
0.06569838178769771
0.020083040980136246
0.06364954486786978
0.034283772423341574
-0.02862716582831837
0.017908695057996304
-0.007882998007099573
-0.0851300246174862
-0.060513028914405353
0.0461992712042818
0.08653619008305125
-0.0002495311402075373
-0.011743957061684185
0.06994395962703592
-0.012150300762606037
0.031017376704207678
0.08176108754913614
0.012390402416693647
-0.03458770640829023
0.011999720455214913
0.1399333926158075
0.048059232237648075
0.043334141200254805
0.013065356771912562
-0.03133707462365809
-0.07892951287026762
0.04283497654615154
0.04135586741642605
0.0326533364262076
-0.03695834061658587
-0.03695834061658587
0.08176108754913614
0.006143668794592827
0.06292625909621563
-0.019391257313081667
0.04299886054755575
-0.060513028914405353
-0.005818111085915234
0.01716964896203166
0.0688088340488946
0.0576314646823306
0.02773636562208104
0.039209693040964666
0.06316607709876365
0.019778644828504
-0.0489237727198617
-0.060513028914405353
0.056736527751481525
-0.09359820865597968
0.08080248335888918
-0.037433866920196124
0.0515617796937029
0.04790976101641675
-0.0002495311402075373
0.06318283133468316
-0.010532567714866659
0.06994395962703592
0.05198789125700998
-0.0849833488167917
0.013065356771912562
0.07382421435571018
0.06228267241298191
0.08653619008305125
0.04333086414918519
0.06567138145123597
-0.0549153461639893
0.1399333926158075
-0.08285893181375492
0.06761705055254463
0.015089270086424023
-0.047644828679283435
-0.03520416182162833
-0.08143178414826124
0.014471610315426986
0.04048653167530425
-0.015144140805206874
0.04391937482752173
-0.019514789449790015
-0.09432889171755221
-0.02243129284092049
0.03882682382156144
0.0203593980283987
-0.0636718542421022
0.08176108754913614
