-0.022368622754905587
0.0515617796937029
-0.009357776553262198
0.08176108754913614
-0.008416174423421019
0.01613403625846388
0.062467374718552904
0.06364954486786978
-0.05129888770798985
-0.008416174423421019
-0.06464003578883037
0.014780240742707562
-0.019391257313081667
0.018593646962060006
-0.017136936568830308
0.005173534568482907
0.04391937482752173
-0.02862716582831837
0.04995452527457189
0.012299756912504733
0.022821768641877682
-0.09570667993071069
-0.022821982956040543
0.13204555949274965
0.031017376704207678
-0.1218059774124729
0.06316607709876365
-0.10013006587302442
-0.01249170093178087
0.02708189422255458
0.025722681761052968
0.07060672059698447
-0.04466517994807795
-0.0008948035361102669
-0.0002495311402075373
-0.05654058267968054
0.025524068456756588
-0.17661184642248884
-0.13034379599603163
-0.05699148198311299
0.02520341309711238
-0.06720056781523276
0.043334141200254805
0.04333086414918519
-0.09432889171755221
-0.019391257313081667
0.04920879849315085
0.011999720455214913
0.03863378364598535
0.005082074600808895
-0.03458770640829023
0.02451643163530548
0.03443624877469453
-0.021161035659430283
-0.004841918958801372
0.005082074600808895
0.13480548385110502
0.05425453554333082
-0.09432889171755221
-0.022622356364218277
0.03994035520780326
0.008665176454019985
0.07586149829868472
-0.005105231073404326
0.01613403625846388
0.026458811902690726
-0.0011970474263076625
-0.047644828679283435
0.08176108754913614
0.02520341309711238
0.028713620756199987
0.06316607709876365
-0.04126132556270612
-0.1218059774124729
-0.08126108737944548
0.049538360788050184
-0.10819102148647719
0.024801788304586125
-0.027393577402978764
0.0022689688502968153
-0.014438989348697362
0.030974972656109045
0.01613403625846388
0.04799414960212012
0.013065356771912562
0.10109672394520075
-0.09432889171755221
0.0216176650818376
0.02451643163530548
-0.07724758378448726
0.01661350063361855
0.011553574399841615
-0.07414653786004877
-0.09359820865597968
0.02451643163530548
0.051344950513199095
0.026005039289207943
-0.05282848588680089
0.0276177252845331
-0.051670301345440706
-0.03520416182162833
-0.032259158022980294
0.15300088602597928
0.08302714817478662
-0.06258250876081561
-0.022898889969576786
0.011999720455214913
0.03443624877469453
-0.0011970474263076625
-0.05699148198311299
-0.049962429852048906
-0.02862716582831837
0.02714223291166995
-0.007543661478351282
0.01347000313241331
0.03882682382156144
-0.06226621690008294
-0.2546008091448053
0.04790976101641675
0.047513051758585334
0.07382421435571018
0.039209693040964666
0.048059232237648075
0.03973066370480538
0.05182100602750328
0.08653619008305125
-0.017136936568830308
-0.019514789449790015
0.04380656992791998
-0.002647647860884561
-0.028034859824940028
-0.047644828679283435
-0.08285893181375492
-0.012150300762606037
-0.08126108737944548
0.04048653167530425
0.029794720012301212
0.0688088340488946
-0.013878349100881593
-0.002647647860884561
0.018593646962060006
-0.012150300762606037
-0.007338419158481102
0.05168531023255696
-0.06720056781523276
0.08653619008305125
0.17000938109242547
0.01579928711915457
0.0326533364262076
-0.06258250876081561
0.01046829599036414
0.0844852260058202
0.06605801367827979
0.020083040980136246
-0.041376638974308655
0.0276177252845331
0.04283497654615154
0.06925574960452696
0.0216176650818376
-0.0549153461639893
-0.050143819123519506
-0.05654058267968054
-0.10013006587302442
-0.041376638974308655
-0.06720056781523276
0.028713620756199987
-0.010532567714866659
-0.0489237727198617
0.11522232211929584
0.06364954486786978
-0.027462288324585415
0.056736527751481525
0.05425453554333082
0.012299756912504733
-0.008416174423421019
0.001954162314668828
0.0165919313161762
-0.03045002278091502
-0.03563356684104946
-0.017136936568830308
-0.0013205999854228878
-0.012372140541780041
0.01579928711915457
0.07382421435571018
0.01661350063361855
-0.03133707462365809
0.020083040980136246
-0.032259158022980294
0.04729149119249154
-0.0357902826629255
0.05182100602750328
-0.0007657730469858848
-0.07212958518599066
-0.10013006587302442
0.01716964896203166
-0.022348210496932808
-0.04466517994807795
-0.010532567714866659
0.13204555949274965
-0.0013205999854228878
-0.08126108737944548
0.04391937482752173
-0.022348210496932808
-0.051670301345440706
0.005082074600808895
0.0276177252845331
0.01347000313241331
0.06994395962703592
0.11522232211929584
0.0326533364262076
-0.06258250876081561
0.006265799221320201
0.023560334148108097
0.03643980545838055
0.006746455834750975
0.01046829599036414
0.006265799221320201
0.0025784297617263974
-0.07212958518599066
-0.06464003578883037
0.15300088602597928
0.06228267241298191
-0.02496648159475967
0.06569838178769771
0.04469322213864224
-0.1218059774124729
0.0041948137923384365
0.08732358904095427
-0.03458770640829023
0.015089270086424023
-0.007338419158481102
0.013040071944516285
-0.05654058267968054
0.13480548385110502
-0.10819102148647719
-0.04466517994807795
0.10109672394520075
0.06761705055254463
-0.007338419158481102
0.034283772423341574
-0.04466517994807795
0.022821768641877682
0.003822387934753202
0.10109672394520075
0.0461992712042818
0.005173534568482907
0.048059232237648075
-0.03695834061658587
0.06292625909621563
0.06316607709876365
0.04827168718050601
0.007058852839625374
0.014471610315426986
0.09718899306107964
-0.009588853389239205
0.06925574960452696
0.014780240742707562
-0.010532567714866659
-0.02243129284092049
-0.017136936568830308
0.026005039289207943
0.08080248335888918
-0.06638125688640528
-0.0549153461639893
0.1399333926158075
0.06316607709876365
0.08799230776265521
0.006265799221320201
0.023560334148108097
0.06228267241298191
-0.019514789449790015
0.020083040980136246
-0.03458770640829023
0.03973066370480538
-0.032340875642459466
0.009856619194733796
-0.0849833488167917
0.026458811902690726
0.06567138145123597
-0.022622356364218277
-0.05464289541014722
-0.02243129284092049
0.06292625909621563
0.02927401578257438
-0.07892951287026762
-0.05282848588680089
0.0512476844333456
0.04799414960212012
0.08105492908796386
0.08121523150568599
0.07382421435571018
-0.013771885982464482
0.04590352204112591
-0.0002495311402075373
0.0276177252845331
0.03443624877469453
0.04823967565580034
-0.13034379599603163
0.02714223291166995
