0.03443624877469453
-0.011743957061684185
0.03443624877469453
0.023560334148108097
0.0203593980283987
0.08383912323474085
0.0025784297617263974
0.0844852260058202
0.013109728048770641
0.08732358904095427
-0.027462288324585415
-0.004841918958801372
0.014780240742707562
-0.022898889969576786
-0.07892951287026762
0.01046829599036414
-0.08721982612879486
0.10109672394520075
-0.07465345378649157
0.06806350229329183
0.030974972656109045
0.029794720012301212
-0.01956931117570271
-0.022622356364218277
0.0515617796937029
0.041840431302949455
-0.002647647860884561
-0.06464003578883037
-0.0849833488167917
0.05799658946616226
0.031017376704207678
0.037453479113841226
-0.08110299466350668
-0.027789787343500905
0.001954162314668828
0.005173534568482907
0.05436809318039337
0.03882682382156144
-0.007543661478351282
-0.017136936568830308
0.051344950513199095
-0.0849833488167917
0.02773636562208104
-0.02862716582831837
0.07382421435571018
0.006265799221320201
0.04371378571481266
0.001954162314668828
0.013109728048770641
-0.03270475340709922
-0.02375973362478856
-0.038466866176760206
-0.10013006587302442
-0.05282848588680089
0.012299756912504733
-0.0357902826629255
0.1417808980890598
0.01716964896203166
-0.07212958518599066
-0.015144140805206874
0.05436809318039337
-0.007338419158481102
0.04048653167530425
0.0844852260058202
-0.06720056781523276
-0.0008948035361102669
0.04827168718050601
0.048059232237648075
-0.03520416182162833
-0.027789787343500905
0.1417808980890598
0.01699193585620762
0.018593646962060006
0.0688088340488946
-0.0008948035361102669
0.0276177252845331
0.047513051758585334
0.045224792909892564
0.06316607709876365
0.06318283133468316
-0.007317237093852569
0.08759468040243501
0.04799414960212012
-0.008416174423421019
-0.07724758378448726
-0.03520416182162833
0.04827168718050601
0.08080248335888918
0.019778644828504
-0.037433866920196124
0.04799414960212012
-0.08721982612879486
0.003822387934753202
0.06318283133468316
0.04135586741642605
0.08302714817478662
0.013065356771912562
-0.032259158022980294
-0.08721982612879486
0.07060672059698447
0.0025784297617263974
0.0165919313161762
0.039209693040964666
-0.03917887174705115
-0.08126108737944548
-0.032259158022980294
0.01699193585620762
0.04135586741642605
0.06228267241298191
0.022194058573782982
-0.03695834061658587
-0.027788545411032928
-0.01686722086916248
-0.0013205999854228878
-0.047644828679283435
0.17000938109242547
0.03208636570286316
0.01699193585620762
0.06316607709876365
-0.02243129284092049
-0.06638125688640528
0.04380656992791998
0.02708189422255458
-0.06638125688640528
-0.06720056781523276
-0.06109953281700342
0.0344322264021244
0.0688088340488946
-0.06720056781523276
-0.012372140541780041
0.009856619194733796
0.008505479129739868
0.07382421435571018
0.006265799221320201
0.06605801367827979
0.03208636570286316
0.026005039289207943
0.06925574960452696
0.05436809318039337
0.0576314646823306
0.003822387934753202
0.04920879849315085
-0.024170822975695394
0.025524068456756588
-0.02243129284092049
-0.0851300246174862
0.0326533364262076
-0.02862716582831837
0.10109672394520075
0.014780240742707562
0.0512476844333456
0.04135586741642605
-0.027788545411032928
0.051344950513199095
-0.022898889969576786
-0.011743957061684185
0.01661350063361855
-0.013771885982464482
-0.013878349100881593
-0.13034379599603163
-0.027789787343500905
-0.07075486294590672
0.006143668794592827
0.0688088340488946
-0.06226621690008294
0.03882682382156144
-0.06226621690008294
0.1417808980890598
-0.02496648159475967
0.006143668794592827
-0.0011970474263076625
0.04827168718050601
0.08302714817478662
0.007058852839625374
0.023560334148108097
0.031017376704207678
0.03973066370480538
-0.032259158022980294
-0.0851300246174862
-0.0008948035361102669
-0.037433866920196124
0.07586149829868472
0.02520341309711238
0.01046829599036414
-0.04126132556270612
0.01716964896203166
0.0688088340488946
0.04790976101641675
0.04380656992791998
-0.06109953281700342
-0.007720686875989813
0.0216176650818376
-0.02375973362478856
0.04827168718050601
0.04606131559255999
0.037107507807760065
-0.08143178414826124
-0.022348210496932808
-0.03270475340709922
0.012299756912504733
0.05168531023255696
0.05799658946616226
-0.022821982956040543
0.04333086414918519
0.02773636562208104
0.03882682382156144
-0.024170822975695394
0.011999720455214913
0.031017376704207678
-0.0008948035361102669
-0.01686722086916248
0.008505479129739868
0.11840346286310233
0.019778644828504
-0.0011970474263076625
0.017908695057996304
-0.06720056781523276
0.06994395962703592
-0.03270475340709922
0.02773636562208104
-0.10013006587302442
0.06567138145123597
0.08632977574364098
-0.02243129284092049
-0.22146034456414654
-0.007720686875989813
-0.022348210496932808
0.0216176650818376
0.06925574960452696
0.10240276235625068
-0.05983064969141072
0.08176108754913614
0.08732358904095427
-0.10013006587302442
-0.09359820865597968
-0.1218059774124729
-0.014438989348697362
-0.011743957061684185
0.0844852260058202
0.012390402416693647
-0.06226621690008294
-0.02375973362478856
-0.01686722086916248
0.17000938109242547
0.06569838178769771
-0.02496648159475967
-0.005105231073404326
-0.0636718542421022
-0.013878349100881593
0.008505479129739868
-0.06638125688640528
-0.08814864178677073
0.008665176454019985
0.10109672394520075
-0.04126132556270612
0.03443624877469453
0.0022689688502968153
-0.022898889969576786
0.043334141200254805
0.02708189422255458
0.09718899306107964
-0.02862716582831837
-0.06464003578883037
-0.005818111085915234
-0.027789787343500905
-0.03173275161671363
-0.07075486294590672
0.006265799221320201
-0.05282848588680089
0.025524068456756588
0.04283497654615154
0.045224792909892564
0.0344322264021244
-0.002647647860884561
-0.002205271978588108
-0.06285634704832255
0.014780240742707562
-0.09570667993071069
-0.03133707462365809
0.062467374718552904
-0.0005187167995490682
-0.02243129284092049
0.026005039289207943
-0.1218059774124729
-0.0013205999854228878
0.04299886054755575
-0.007338419158481102
-0.09359820865597968
0.03643980545838055
-0.0013205999854228878
0.04827168718050601
0.05198789125700998
-0.03270475340709922
0.03443624877469453
-0.06258250876081561
-0.0002495311402075373
0.03443624877469453
0.08080248335888918
0.0576314646823306
