0.039209693040964666
-0.03133707462365809
0.06567138145123597
0.04995452527457189
-0.02243129284092049
-0.09432889171755221
0.04469322213864224
-0.05282848588680089
0.06364954486786978
0.08383912323474085
0.006265799221320201
0.0022689688502968153
0.01046829599036414
0.039209693040964666
0.02520341309711238
0.0512476844333456
-0.08126108737944548
0.08105492908796386
-0.045496030668886966
0.008665176454019985
0.018593646962060006
0.03861575224405023
0.06292625909621563
-0.045496030668886966
-0.0013205999854228878
-0.009588853389239205
0.028713620756199987
0.09718899306107964
-0.05983064969141072
-0.007338419158481102
-0.03997727574944321
0.01661350063361855
0.08080248335888918
-0.047644828679283435
0.019778644828504
0.014780240742707562
0.0326533364262076
-0.07075486294590672
-0.024170822975695394
0.05436809318039337
0.10240276235625068
-0.03695834061658587
-0.019514789449790015
0.04827168718050601
0.04380656992791998
0.03208636570286316
0.07586149829868472
-0.05464289541014722
0.07060672059698447
-0.050143819123519506
-0.019514789449790015
0.08732358904095427
0.03861575224405023
-0.08814864178677073
-0.09359820865597968
0.006265799221320201
-0.0851300246174862
-0.037433866920196124
0.06567138145123597
-0.10013006587302442
0.04590352204112591
-0.0007657730469858848
0.041840431302949455
0.03643980545838055
0.0461992712042818
-0.04126132556270612
-0.05129888770798985
-0.05120330655862837
-0.0007657730469858848
0.003822387934753202
-0.041376638974308655
0.013065356771912562
0.0326533364262076
0.07586149829868472
0.02714223291166995
0.08759468040243501
0.04469322213864224
-0.0489237727198617
0.0326533364262076
0.030122729138618354
0.056736527751481525
0.017908695057996304
0.03994035520780326
0.013040071944516285
0.1417808980890598
-0.22146034456414654
-0.007338419158481102
0.041840431302949455
0.04391937482752173
-0.01956931117570271
0.005082074600808895
-0.02496648159475967
-0.01844849936066506
0.0278028767684102
0.020083040980136246
-0.027789787343500905
0.024801788304586125
-0.010204897362879883
-0.005105231073404326
-0.01249170093178087
0.015089270086424023
0.06292625909621563
0.03208636570286316
0.04469322213864224
0.04283497654615154
-0.045496030668886966
0.0165919313161762
-0.17661184642248884
-0.01956931117570271
-0.017136936568830308
0.001954162314668828
-0.007882998007099573
-0.011743957061684185
0.08759468040243501
-0.011743957061684185
0.07518071596092746
0.026458811902690726
-0.036421638107813514
-0.037433866920196124
-0.09359820865597968
0.02451643163530548
0.04920879849315085
0.01661350063361855
-0.060513028914405353
-0.007882998007099573
-0.10819102148647719
0.037453479113841226
-0.036421638107813514
-0.04466517994807795
-0.0038562351615762935
0.06761705055254463
0.001954162314668828
0.009856619194733796
-0.04022536987465397
0.014780240742707562
-0.050143819123519506
-0.07212958518599066
-0.0549153461639893
-0.037433866920196124
-0.027788545411032928
-0.0002868205956847447
0.07518071596092746
0.05198789125700998
-0.0013205999854228878
-0.08110299466350668
0.08176108754913614
0.026458811902690726
0.03861575224405023
-0.06720056781523276
0.04371378571481266
0.04283497654615154
0.06925574960452696
0.0512476844333456
-0.002205271978588108
-0.005105231073404326
-0.05129888770798985
0.06567138145123597
0.01347000313241331
0.08799230776265521
-0.01956931117570271
0.08176108754913614
0.006265799221320201
-0.013878349100881593
0.05182100602750328
-0.09432889171755221
-0.06464003578883037
0.008665176454019985
0.01579928711915457
-0.06053051312501001
0.04371378571481266
0.03208636570286316
0.013065356771912562
-0.13034379599603163
0.04283497654615154
0.006265799221320201
0.030122729138618354
0.056736527751481525
0.17000938109242547
0.06925574960452696
-0.03520416182162833
0.02708189422255458
0.1417808980890598
0.01579928711915457
0.02927401578257438
0.04790976101641675
0.005082074600808895
0.08105492908796386
0.07382421435571018
-0.013771885982464482
0.04371378571481266
0.011999720455214913
0.04729149119249154
0.012390402416693647
-0.05654058267968054
0.0203593980283987
-0.06464003578883037
-0.045496030668886966
-0.06053051312501001
-0.06109953281700342
0.025722681761052968
0.018593646962060006
-0.17661184642248884
0.04827168718050601
-0.05699148198311299
-0.051670301345440706
0.0278028767684102
0.01613403625846388
0.022821768641877682
-0.045496030668886966
0.024801788304586125
0.037453479113841226
-0.022368622754905587
-0.08126108737944548
-0.009588853389239205
-0.01956931117570271
0.028713620756199987
0.04920879849315085
0.034283772423341574
-0.019391257313081667
-0.09359820865597968
0.02773636562208104
0.011553574399841615
-0.022821982956040543
0.13480548385110502
-0.0357902826629255
0.05198789125700998
0.07382421435571018
-0.02375973362478856
-0.06285634704832255
0.031017376704207678
0.008665176454019985
-0.05416508205116166
0.17000938109242547
-0.07414653786004877
0.08302714817478662
-0.010204897362879883
0.13480548385110502
0.024801788304586125
0.006143668794592827
0.05425453554333082
-0.0005187167995490682
-0.0549153461639893
-0.011743957061684185
0.07518071596092746
0.15300088602597928
0.08105492908796386
-0.013771885982464482
0.041840431302949455
-0.15702055781469149
-0.13034379599603163
-0.028034859824940028
-0.060513028914405353
0.039209693040964666
-0.027789787343500905
0.04380656992791998
-0.03520416182162833
0.020083040980136246
-0.06193714350214741
0.06605801367827979
0.037453479113841226
-0.05654058267968054
0.10109672394520075
-0.04126132556270612
-0.007882998007099573
0.04283497654615154
0.06292625909621563
0.04799414960212012
-0.10013006587302442
0.03861575224405023
0.09718899306107964
0.08121523150568599
-0.06226621690008294
0.04048653167530425
0.11840346286310233
0.15300088602597928
0.04729149119249154
-0.06285634704832255
0.03643980545838055
0.0688088340488946
0.02714223291166995
0.014471610315426986
-0.024170822975695394
-0.0011970474263076625
-0.1218059774124729
0.023512429278589764
0.01579928711915457
0.02432879134386301
0.009856619194733796
0.09718899306107964
0.02927401578257438
-0.07075486294590672
-0.0851300246174862
-0.032340875642459466
0.023512429278589764
-0.022622356364218277
-0.01844849936066506
0.04371378571481266
0.0022689688502968153
0.048059232237648075
