-0.03917887174705115
0.0515617796937029
-0.013878349100881593
0.025649122658425227
-0.03270475340709922
-0.049962429852048906
-0.038466866176760206
-0.1218059774124729
0.0278028767684102
-0.02375973362478856
0.08759468040243501
-0.06109953281700342
-0.019391257313081667
0.06228267241298191
0.011999720455214913
-0.032340875642459466
0.005082074600808895
-0.09359820865597968
-0.05699148198311299
0.051344950513199095
0.051344950513199095
-0.09432889171755221
-0.07075486294590672
0.02708189422255458
-0.002647647860884561
0.045224792909892564
-0.04466517994807795
-0.005818111085915234
0.049538360788050184
0.039209693040964666
0.10109672394520075
0.04135586741642605
-0.09359820865597968
-0.03997727574944321
0.045224792909892564
0.01613403625846388
0.05182100602750328
-0.01686722086916248
-0.037433866920196124
0.006265799221320201
0.11522232211929584
-0.05699148198311299
0.04790976101641675
0.06318283133468316
0.026653357334457617
-0.05129888770798985
-0.041376638974308655
0.007058852839625374
-0.05282848588680089
-0.01956931117570271
0.04333086414918519
0.03643980545838055
0.0515617796937029
0.037453479113841226
-0.0007657730469858848
0.04391937482752173
0.017908695057996304
0.01699193585620762
0.08632977574364098
0.013109728048770641
-0.0849833488167917
0.037107507807760065
0.01699193585620762
-0.02375973362478856
-0.041376638974308655
0.01035787819304268
-0.04022536987465397
0.022821768641877682
0.026005039289207943
0.024801788304586125
-0.06258250876081561
0.04371378571481266
0.048059232237648075
-0.05120330655862837
0.008665176454019985
-0.05699148198311299
-0.13034379599603163
0.04799414960212012
0.11840346286310233
0.06228267241298191
0.08176108754913614
-0.08285893181375492
0.012299756912504733
0.024801788304586125
0.04380656992791998
-0.06638125688640528
0.08632977574364098
0.05799658946616226
0.005173534568482907
0.062467374718552904
-0.0851300246174862
0.09718899306107964
0.03973066370480538
-0.027789787343500905
-0.007543661478351282
0.051344950513199095
0.015089270086424023
-0.060513028914405353
0.014780240742707562
0.037453479113841226
0.003822387934753202
-0.022368622754905587
-0.012372140541780041
0.012299756912504733
0.0461992712042818
-0.06638125688640528
0.06925574960452696
-0.027789787343500905
-0.06193714350214741
-0.05129888770798985
0.10109672394520075
-0.007882998007099573
0.08632977574364098
-0.09570667993071069
-0.06193714350214741
0.0844852260058202
0.06228267241298191
-0.07465345378649157
-0.08678886069673908
-0.08814864178677073
0.04799414960212012
0.05425453554333082
-0.05129888770798985
0.04283497654615154
0.026653357334457617
0.08105492908796386
0.01347000313241331
0.0216176650818376
-0.07414653786004877
0.007058852839625374
0.0278028767684102
-0.027462288324585415
-0.02862716582831837
-0.03917887174705115
0.0326533364262076
-0.0005187167995490682
-0.06226621690008294
0.0276177252845331
-0.005105231073404326
0.08121523150568599
-0.014438989348697362
0.02708189422255458
-0.02375973362478856
-0.03173275161671363
-0.002205271978588108
-0.0636718542421022
0.08302714817478662
-0.02375973362478856
0.08302714817478662
-0.03520416182162833
0.06925574960452696
-0.08814864178677073
-0.06193714350214741
0.0041948137923384365
0.022194058573782982
0.025649122658425227
0.015089270086424023
-0.021161035659430283
0.026653357334457617
0.04299886054755575
0.006746455834750975
0.051344950513199095
0.04380656992791998
-0.06638125688640528
0.04469322213864224
0.02708189422255458
-0.08285893181375492
0.020567585268201682
-0.01844849936066506
-0.010532567714866659
0.043334141200254805
-0.04466517994807795
0.051344950513199095
-0.007720686875989813
-0.02496648159475967
0.02451643163530548
0.030974972656109045
0.019778644828504
0.01661350063361855
0.07518071596092746
0.06569838178769771
-0.02496648159475967
0.01579928711915457
0.03443624877469453
-0.05282848588680089
-0.045496030668886966
-0.07724758378448726
0.0203593980283987
0.0276177252845331
0.08632977574364098
0.015089270086424023
0.062467374718552904
-0.038466866176760206
-0.01956931117570271
-0.0002868205956847447
-0.0002868205956847447
-0.0489237727198617
-0.01249170093178087
-0.022348210496932808
-0.09570667993071069
0.0203593980283987
-0.002205271978588108
-0.01249170093178087
-0.005818111085915234
0.0216176650818376
0.09718899306107964
-0.08110299466350668
0.024801788304586125
-0.05983064969141072
0.011999720455214913
0.03882682382156144
0.01661350063361855
-0.08143178414826124
0.11522232211929584
0.03882682382156144
-0.07212958518599066
0.0844852260058202
0.05182100602750328
-0.0011970474263076625
0.019778644828504
-0.0005187167995490682
0.0276177252845331
0.026653357334457617
0.014780240742707562
0.02708189422255458
-0.0549153461639893
-0.0008948035361102669
-0.004841918958801372
-0.1218059774124729
0.034283772423341574
0.05425453554333082
-0.15702055781469149
-0.04466517994807795
-0.06226621690008294
0.007058852839625374
0.056736527751481525
0.026005039289207943
0.04606131559255999
0.11840346286310233
0.04823967565580034
-0.041376638974308655
0.01046829599036414
0.08732358904095427
0.04371378571481266
-0.027788545411032928
-0.03173275161671363
0.013040071944516285
0.09718899306107964
0.062467374718552904
0.01699193585620762
0.04590352204112591
0.05182100602750328
0.0576314646823306
-0.01249170093178087
0.08632977574364098
-0.06720056781523276
0.15300088602597928
0.029794720012301212
-0.03270475340709922
-0.04126132556270612
0.04283497654615154
0.015089270086424023
-0.013771885982464482
-0.024170822975695394
0.0025784297617263974
-0.0636718542421022
0.04606131559255999
0.006143668794592827
0.0515617796937029
0.08105492908796386
0.0022689688502968153
0.012394543666532698
0.13204555949274965
0.08759468040243501
-0.05654058267968054
0.007058852839625374
-0.0002495311402075373
-0.03173275161671363
-0.0038562351615762935
-0.07075486294590672
-0.04022536987465397
-0.0002868205956847447
0.06569838178769771
-0.036421638107813514
0.0688088340488946
0.03643980545838055
0.13480548385110502
0.0022689688502968153
0.026653357334457617
-0.037433866920196124
0.11522232211929584
0.01579928711915457
0.06569838178769771
0.04799414960212012
-0.05129888770798985
0.10240276235625068
-0.15702055781469149
0.0278028767684102
0.04135586741642605
