0.04380656992791998
-0.03563356684104946
0.041840431302949455
-0.0636718542421022
0.10240276235625068
-0.10013006587302442
-0.03917887174705115
-0.007338419158481102
-0.004841918958801372
0.026005039289207943
0.08383912323474085
0.08105492908796386
0.012390402416693647
-0.07075486294590672
0.04665297339942498
0.049538360788050184
0.07060672059698447
0.025722681761052968
0.01661350063361855
-0.022821982956040543
0.018593646962060006
-0.0851300246174862
-0.08126108737944548
0.0344322264021244
0.04391937482752173
0.0344322264021244
-0.028034859824940028
0.08105492908796386
0.08383912323474085
-0.0549153461639893
0.041840431302949455
0.03861575224405023
-0.0849833488167917
0.047513051758585334
-0.004841918958801372
0.037107507807760065
-0.06226621690008294
0.04391937482752173
0.04380656992791998
0.04790976101641675
0.030974972656109045
0.0041948137923384365
0.012394543666532698
-0.0636718542421022
0.02432879134386301
-0.009588853389239205
-0.12033949778566289
0.012390402416693647
0.031017376704207678
-0.007543661478351282
0.15300088602597928
-0.0549153461639893
0.04380656992791998
-0.05586089089844393
0.062467374718552904
-0.0005187167995490682
0.0022689688502968153
0.037453479113841226
0.04135586741642605
0.030974972656109045
-0.02496648159475967
-0.07212958518599066
0.06806350229329183
0.06567138145123597
0.03443624877469453
-0.04466517994807795
-0.017136936568830308
-0.010204897362879883
0.07586149829868472
-0.028034859824940028
0.01716964896203166
-0.04022536987465397
-0.06720056781523276
-0.08110299466350668
-0.15702055781469149
0.03973066370480538
0.013109728048770641
-0.02243129284092049
0.04469322213864224
-0.019514789449790015
0.01347000313241331
0.018593646962060006
0.11522232211929584
0.026005039289207943
0.04299886054755575
-0.027789787343500905
-0.010204897362879883
-0.0002495311402075373
0.02927401578257438
0.047513051758585334
0.049538360788050184
0.026005039289207943
0.047513051758585334
-0.06053051312501001
-0.07212958518599066
0.0512476844333456
0.05198789125700998
-0.05120330655862837
0.1417808980890598
0.0041948137923384365
-0.028034859824940028
0.0165919313161762
0.06316607709876365
-0.013878349100881593
-0.049962429852048906
-0.012150300762606037
0.06925574960452696
0.0203593980283987
-0.032340875642459466
0.04283497654615154
0.04995452527457189
-0.08678886069673908
0.020567585268201682
0.10109672394520075
0.0278028767684102
0.05799658946616226
-0.013771885982464482
-0.06285634704832255
0.022821768641877682
0.07518071596092746
0.022194058573782982
0.04283497654615154
0.043334141200254805
0.1417808980890598
-0.04126132556270612
-0.05129888770798985
0.04606131559255999
0.13204555949274965
-0.041376638974308655
0.08176108754913614
0.005173534568482907
0.04995452527457189
0.019778644828504
-0.05586089089844393
0.02520341309711238
0.04606131559255999
-0.06193714350214741
0.013040071944516285
-0.09359820865597968
0.08080248335888918
0.0461992712042818
-0.08126108737944548
0.07382421435571018
-0.037433866920196124
0.037107507807760065
0.04827168718050601
0.08302714817478662
-0.08814864178677073
-0.017242733713295877
0.06567138145123597
0.01661350063361855
0.08759468040243501
-0.022821982956040543
-0.03133707462365809
0.026458811902690726
-0.03695834061658587
-0.013878349100881593
0.04048653167530425
0.022194058573782982
-0.007317237093852569
-0.13034379599603163
0.0203593980283987
0.018593646962060006
0.06228267241298191
0.009856619194733796
-0.032340875642459466
-0.08110299466350668
0.04333086414918519
0.04299886054755575
0.08732358904095427
0.01579928711915457
-0.04022536987465397
0.06567138145123597
0.06228267241298191
0.04729149119249154
0.05425453554333082
0.020446479141682516
-0.060513028914405353
0.024801788304586125
-0.010532567714866659
0.013109728048770641
-0.05654058267968054
0.006265799221320201
0.03994035520780326
0.043334141200254805
0.020083040980136246
0.0688088340488946
-0.022622356364218277
0.02708189422255458
0.15300088602597928
-0.05120330655862837
-0.017136936568830308
0.05425453554333082
-0.05416508205116166
-0.0007657730469858848
-0.09432889171755221
0.049538360788050184
0.07586149829868472
0.04333086414918519
-0.045496030668886966
0.04135586741642605
-0.08814864178677073
0.08176108754913614
-0.05129888770798985
-0.022821982956040543
0.011999720455214913
0.07518071596092746
0.0027859037974478085
0.04590352204112591
0.01347000313241331
-0.007720686875989813
-0.05586089089844393
0.030974972656109045
-0.06109953281700342
-0.007317237093852569
0.037453479113841226
0.01347000313241331
-0.03997727574944321
0.06925574960452696
0.0461992712042818
-0.06193714350214741
-0.027789787343500905
-0.01956931117570271
-0.10819102148647719
-0.06720056781523276
0.05182100602750328
-0.036421638107813514
0.04380656992791998
0.1417808980890598
-0.0849833488167917
0.019778644828504
-0.08814864178677073
-0.0008948035361102669
-0.007882998007099573
-0.014438989348697362
0.11840346286310233
-0.051670301345440706
0.003822387934753202
0.006746455834750975
-0.06464003578883037
-0.08285893181375492
0.025722681761052968
-0.03997727574944321
0.041840431302949455
-0.01249170093178087
0.022194058573782982
0.04283497654615154
-0.05464289541014722
-0.01686722086916248
0.023512429278589764
-0.09570667993071069
-0.03270475340709922
-0.012372140541780041
0.04299886054755575
0.04333086414918519
-0.007882998007099573
0.1399333926158075
-0.2546008091448053
-0.07724758378448726
0.03643980545838055
0.07060672059698447
-0.10013006587302442
0.13480548385110502
0.04380656992791998
-0.01844849936066506
-0.06464003578883037
0.005173534568482907
0.0326533364262076
0.06605801367827979
-0.037433866920196124
0.01661350063361855
0.005082074600808895
0.08121523150568599
0.0216176650818376
-0.047644828679283435
0.01046829599036414
-0.04022536987465397
0.013109728048770641
-0.0013205999854228878
0.037453479113841226
-0.0008948035361102669
0.0165919313161762
-0.008416174423421019
0.0576314646823306
0.07586149829868472
-0.045496030668886966
0.023512429278589764
0.020567585268201682
-0.06193714350214741
-0.004841918958801372
-0.01956931117570271
0.02708189422255458
0.02520341309711238
-0.005105231073404326
0.08302714817478662
-0.007720686875989813
-0.022821982956040543
0.0216176650818376
0.1417808980890598
