0.01724199139330551
0.0461992712042818
-0.0489237727198617
0.0165919313161762
0.04380656992791998
0.037453479113841226
-0.09359820865597968
-0.03695834061658587
0.02773636562208104
0.012299756912504733
0.0041948137923384365
-0.007720686875989813
0.0278028767684102
0.026005039289207943
-0.06285634704832255
-0.009357776553262198
0.04827168718050601
0.06806350229329183
-0.045496030668886966
-0.05416508205116166
0.047513051758585334
-0.04466517994807795
-0.06464003578883037
0.06605801367827979
-0.038466866176760206
0.11840346286310233
-0.05586089089844393
0.008505479129739868
-0.032340875642459466
0.019778644828504
-0.05129888770798985
0.047513051758585334
-0.045496030668886966
-0.022622356364218277
-0.041376638974308655
0.0344322264021244
0.04827168718050601
0.0344322264021244
-0.004841918958801372
-0.038466866176760206
-0.022898889969576786
0.06761705055254463
-0.03695834061658587
-0.037433866920196124
-0.007543661478351282
0.06994395962703592
-0.009588853389239205
0.041840431302949455
0.0278028767684102
-0.07724758378448726
-0.17661184642248884
0.13480548385110502
-0.051670301345440706
0.04391937482752173
-0.017136936568830308
-0.060513028914405353
-0.024170822975695394
0.047513051758585334
0.06925574960452696
0.012390402416693647
-0.06285634704832255
0.08302714817478662
-0.036421638107813514
0.03973066370480538
0.0326533364262076
0.0461992712042818
-0.0005187167995490682
-0.08285893181375492
-0.019514789449790015
0.006143668794592827
0.1417808980890598
0.04371378571481266
0.04827168718050601
-0.06464003578883037
0.001954162314668828
-0.03520416182162833
-0.08721982612879486
0.07382421435571018
-0.02496648159475967
0.017908695057996304
0.01661350063361855
-0.013771885982464482
-0.02375973362478856
-0.05416508205116166
-0.0489237727198617
0.005082074600808895
0.08302714817478662
-0.0002868205956847447
0.06316607709876365
-0.0013205999854228878
0.003822387934753202
-0.0849833488167917
0.0461992712042818
0.06228267241298191
0.04590352204112591
0.15300088602597928
0.13204555949274965
-0.036421638107813514
-0.0005187167995490682
0.0844852260058202
-0.05282848588680089
-0.08110299466350668
0.026458811902690726
-0.08126108737944548
0.06994395962703592
0.0276177252845331
0.034283772423341574
-0.06053051312501001
-0.06193714350214741
0.047513051758585334
-0.09359820865597968
-0.027462288324585415
-0.005105231073404326
0.07382421435571018
-0.03520416182162833
0.1399333926158075
-0.005818111085915234
0.0512476844333456
0.012390402416693647
-0.0008948035361102669
0.07382421435571018
0.025722681761052968
-0.002205271978588108
0.015089270086424023
0.06994395962703592
0.047513051758585334
-0.021161035659430283
-0.12033949778566289
0.01347000313241331
0.08176108754913614
0.0025784297617263974
0.0576314646823306
0.0688088340488946
0.08080248335888918
-0.013878349100881593
0.051344950513199095
0.043334141200254805
-0.009588853389239205
0.051344950513199095
0.008665176454019985
0.025524068456756588
0.056736527751481525
-0.0008948035361102669
-0.0008948035361102669
-0.022348210496932808
0.04606131559255999
-0.2546008091448053
-0.032340875642459466
-0.02375973362478856
0.10240276235625068
-0.022898889969576786
-0.036421638107813514
0.0016709762031741349
0.06761705055254463
0.05799658946616226
0.02773636562208104
0.026005039289207943
0.08799230776265521
0.005082074600808895
0.025722681761052968
0.014471610315426986
-0.08126108737944548
-0.02243129284092049
-0.013771885982464482
-0.08126108737944548
0.020446479141682516
0.03863378364598535
0.0203593980283987
0.03863378364598535
-0.06638125688640528
0.005173534568482907
-0.05699148198311299
0.06605801367827979
-0.0005187167995490682
-0.09432889171755221
0.047513051758585334
-0.0636718542421022
0.01716964896203166
-0.027462288324585415
0.03443624877469453
-0.013771885982464482
0.02520341309711238
0.06806350229329183
-0.007720686875989813
0.06318283133468316
0.06994395962703592
-0.028034859824940028
0.08799230776265521
0.04371378571481266
-0.09570667993071069
-0.019514789449790015
0.05436809318039337
-0.22146034456414654
0.04135586741642605
-0.019514789449790015
0.0216176650818376
0.013065356771912562
0.06567138145123597
0.007058852839625374
-0.012150300762606037
-0.022622356364218277
-0.08143178414826124
0.02714223291166995
-0.05699148198311299
0.028713620756199987
-0.06053051312501001
-0.0357902826629255
-0.014438989348697362
-0.017136936568830308
0.04135586741642605
-0.022348210496932808
-0.022622356364218277
0.05168531023255696
-0.02375973362478856
-0.022622356364218277
0.028713620756199987
0.04920879849315085
0.08732358904095427
0.0344322264021244
-0.06053051312501001
0.019778644828504
-0.06226621690008294
0.01699193585620762
0.005173534568482907
0.025649122658425227
0.024801788304586125
0.04920879849315085
-0.002205271978588108
-0.022821982956040543
0.041840431302949455
0.1399333926158075
0.030974972656109045
0.026005039289207943
-0.015144140805206874
0.05436809318039337
0.018593646962060006
-0.021161035659430283
0.006265799221320201
0.05425453554333082
0.0276177252845331
0.06316607709876365
-0.028034859824940028
0.0276177252845331
-0.009588853389239205
-0.2546008091448053
-0.03563356684104946
-0.007543661478351282
0.03863378364598535
-0.08110299466350668
-0.06464003578883037
-0.03173275161671363
0.07060672059698447
-0.05699148198311299
-0.01956931117570271
0.11522232211929584
0.051344950513199095
-0.09359820865597968
0.07518071596092746
0.018593646962060006
0.0025784297617263974
-0.009588853389239205
0.0216176650818376
-0.010532567714866659
-0.024170822975695394
0.05198789125700998
-0.045496030668886966
0.04380656992791998
-0.07892951287026762
0.08653619008305125
0.020083040980136246
0.05198789125700998
0.011999720455214913
-0.06285634704832255
0.08121523150568599
-0.06109953281700342
-0.009357776553262198
0.07060672059698447
0.0515617796937029
-0.027788545411032928
-0.050143819123519506
0.056736527751481525
0.02708189422255458
-0.022622356364218277
-0.024170822975695394
-0.0002868205956847447
-0.017242733713295877
-0.05699148198311299
0.039209693040964666
-0.010204897362879883
-0.0008948035361102669
0.025649122658425227
-0.07414653786004877
-0.08126108737944548
0.005173534568482907
0.04665297339942498
-0.0011970474263076625
-0.005105231073404326
-0.02862716582831837
0.06228267241298191
