-0.12033949778566289
-0.09432889171755221
0.04590352204112591
0.043334141200254805
0.023560334148108097
-0.06053051312501001
-0.012372140541780041
0.08176108754913614
-0.05129888770798985
0.011999720455214913
0.04299886054755575
0.06806350229329183
-0.005818111085915234
0.17000938109242547
-0.022622356364218277
-0.06638125688640528
-0.051670301345440706
0.04391937482752173
-0.009588853389239205
0.005173534568482907
-0.028034859824940028
0.06318283133468316
0.0576314646823306
0.11522232211929584
-0.010204897362879883
0.030974972656109045
-0.0849833488167917
-0.0013205999854228878
-0.014438989348697362
-0.060513028914405353
0.020083040980136246
-0.17661184642248884
-0.010532567714866659
0.0025784297617263974
-0.03997727574944321
0.04333086414918519
0.024801788304586125
0.034283772423341574
-0.027393577402978764
0.0041948137923384365
0.013040071944516285
-0.04022536987465397
0.17000938109242547
-0.06226621690008294
-0.0008948035361102669
-0.01956931117570271
0.026653357334457617
-0.0489237727198617
-0.02243129284092049
-0.10013006587302442
0.026653357334457617
0.04823967565580034
-0.08285893181375492
0.023512429278589764
0.006746455834750975
0.02432879134386301
0.012390402416693647
0.01613403625846388
0.01046829599036414
-0.08285893181375492
-0.09570667993071069
-0.07075486294590672
0.07586149829868472
0.037107507807760065
0.01699193585620762
-0.03997727574944321
0.05425453554333082
-0.027788545411032928
0.17000938109242547
0.03973066370480538
-0.03563356684104946
0.03443624877469453
-0.01686722086916248
0.06316607709876365
0.01699193585620762
-0.051670301345440706
0.06318283133468316
-0.08110299466350668
0.06605801367827979
0.08080248335888918
-0.0489237727198617
-0.03520416182162833
0.045224792909892564
0.08121523150568599
-0.027462288324585415
0.014780240742707562
-0.06638125688640528
0.012299756912504733
-0.032259158022980294
0.028713620756199987
0.012390402416693647
0.08653619008305125
-0.02862716582831837
0.019778644828504
0.1399333926158075
-0.037433866920196124
0.07518071596092746
0.0344322264021244
-0.010204897362879883
-0.12033949778566289
-0.02496648159475967
-0.03917887174705115
0.020567585268201682
-0.02243129284092049
0.04823967565580034
0.015089270086424023
-0.022898889969576786
-0.12033949778566289
0.062467374718552904
0.028713620756199987
0.15300088602597928
-0.022622356364218277
0.08799230776265521
-0.03045002278091502
0.03973066370480538
0.045224792909892564
-0.02862716582831837
-0.06226621690008294
0.02451643163530548
0.11522232211929584
-0.027462288324585415
-0.019391257313081667
-0.03997727574944321
0.049538360788050184
0.08759468040243501
0.03208636570286316
0.02773636562208104
-0.07075486294590672
0.04135586741642605
0.047513051758585334
-0.06258250876081561
0.04823967565580034
-0.005105231073404326
0.062467374718552904
-0.06109953281700342
0.0041948137923384365
-0.047644828679283435
0.0027859037974478085
0.030974972656109045
0.045224792909892564
-0.05983064969141072
-0.022898889969576786
-0.002205271978588108
0.015089270086424023
0.031017376704207678
-0.22146034456414654
0.0512476844333456
-0.027788545411032928
-0.06464003578883037
0.06925574960452696
0.037107507807760065
-0.024170822975695394
0.13204555949274965
0.037107507807760065
0.10240276235625068
-0.02862716582831837
0.034283772423341574
0.02714223291166995
0.008505479129739868
-0.0636718542421022
0.014471610315426986
-0.01249170093178087
0.024801788304586125
0.017908695057996304
0.06761705055254463
0.014780240742707562
0.0278028767684102
0.013040071944516285
0.028713620756199987
-0.03045002278091502
0.07382421435571018
0.014471610315426986
0.043334141200254805
0.04799414960212012
-0.012150300762606037
0.006143668794592827
0.0022689688502968153
0.03994035520780326
0.04299886054755575
0.04790976101641675
0.03443624877469453
0.026005039289207943
0.041840431302949455
0.037453479113841226
-0.007882998007099573
0.02773636562208104
0.028713620756199987
0.04380656992791998
0.030122729138618354
-0.011743957061684185
0.0688088340488946
-0.01844849936066506
0.04823967565580034
-0.08814864178677073
-0.017136936568830308
0.025722681761052968
0.025649122658425227
0.0515617796937029
0.037107507807760065
0.026653357334457617
0.026458811902690726
0.045224792909892564
0.0326533364262076
0.04469322213864224
-0.04466517994807795
0.0165919313161762
0.05168531023255696
-0.05983064969141072
0.08176108754913614
0.01661350063361855
0.06318283133468316
0.005173534568482907
0.05182100602750328
0.01579928711915457
0.0461992712042818
0.026653357334457617
-0.03458770640829023
0.031017376704207678
0.028713620756199987
0.04823967565580034
-0.004841918958801372
0.01035787819304268
-0.008416174423421019
0.05198789125700998
0.17000938109242547
-0.060513028914405353
-0.17661184642248884
0.03882682382156144
-0.047644828679283435
0.1399333926158075
-0.022821982956040543
-0.010204897362879883
0.006746455834750975
-0.032259158022980294
0.03643980545838055
-0.0005187167995490682
-0.05120330655862837
0.0278028767684102
0.11522232211929584
0.051344950513199095
-0.02496648159475967
-0.0038562351615762935
0.01699193585620762
0.04665297339942498
-0.028034859824940028
0.08080248335888918
-0.03270475340709922
0.020083040980136246
0.008505479129739868
0.0165919313161762
0.012394543666532698
0.06567138145123597
-0.05464289541014722
0.06318283133468316
-0.0636718542421022
0.08105492908796386
0.02451643163530548
-0.15702055781469149
-0.04466517994807795
0.05198789125700998
0.09718899306107964
0.08105492908796386
0.05168531023255696
0.06228267241298191
0.031017376704207678
-0.007882998007099573
0.01035787819304268
0.015089270086424023
-0.06285634704832255
-0.06053051312501001
-0.0038562351615762935
-0.007882998007099573
-0.03270475340709922
-0.17661184642248884
0.012299756912504733
-0.0489237727198617
-0.03520416182162833
0.0022689688502968153
-0.011743957061684185
0.10240276235625068
0.01579928711915457
0.01046829599036414
0.031017376704207678
-0.07724758378448726
-0.017136936568830308
0.005082074600808895
0.029794720012301212
0.09718899306107964
0.04048653167530425
0.022821768641877682
0.0276177252845331
-0.06464003578883037
-0.05464289541014722
-0.04466517994807795
-0.0549153461639893
-0.08285893181375492
0.017908695057996304
-0.05282848588680089
0.0461992712042818
