0.05799658946616226
0.02520341309711238
-0.02243129284092049
0.0025784297617263974
0.07060672059698447
-0.047644828679283435
0.028713620756199987
-0.013878349100881593
0.05182100602750328
0.0041948137923384365
-0.012150300762606037
0.11522232211929584
-0.09432889171755221
-0.013771885982464482
-0.07465345378649157
0.10109672394520075
-0.007720686875989813
0.02451643163530548
0.04606131559255999
0.049538360788050184
-0.0008948035361102669
0.04665297339942498
0.04823967565580034
0.02773636562208104
0.06761705055254463
0.02927401578257438
0.07518071596092746
0.04299886054755575
-0.051670301345440706
-0.007882998007099573
-0.007543661478351282
0.020083040980136246
0.03973066370480538
-0.17661184642248884
-0.060513028914405353
0.023560334148108097
0.0016709762031741349
-0.0002868205956847447
0.0022689688502968153
-0.07724758378448726
-0.038466866176760206
-0.08143178414826124
0.08799230776265521
-0.027462288324585415
-0.09432889171755221
0.08653619008305125
0.0016709762031741349
-0.022898889969576786
0.013065356771912562
0.06569838178769771
-0.09570667993071069
0.08632977574364098
-0.05120330655862837
-0.05586089089844393
0.006746455834750975
0.03863378364598535
0.006265799221320201
-0.027788545411032928
0.005173534568482907
-0.0013205999854228878
0.014780240742707562
-0.015144140805206874
0.08653619008305125
0.025722681761052968
-0.0849833488167917
-0.06109953281700342
0.04283497654615154
-0.0008948035361102669
0.1399333926158075
-0.08126108737944548
0.08799230776265521
-0.041376638974308655
0.02520341309711238
0.04469322213864224
-0.022898889969576786
0.005173534568482907
0.1399333926158075
0.13204555949274965
0.0844852260058202
-0.032259158022980294
-0.03563356684104946
0.018593646962060006
-0.06193714350214741
-0.017242733713295877
0.07518071596092746
-0.0008948035361102669
0.09718899306107964
-0.002647647860884561
0.01699193585620762
0.0027859037974478085
-0.0011970474263076625
0.04799414960212012
0.01046829599036414
-0.06258250876081561
-0.005105231073404326
0.04371378571481266
0.015089270086424023
0.013040071944516285
-0.06109953281700342
0.009856619194733796
0.030974972656109045
-0.02375973362478856
0.06806350229329183
-0.0013205999854228878
0.08080248335888918
0.0027859037974478085
-0.013771885982464482
0.04391937482752173
-0.027462288324585415
-0.03520416182162833
-0.02375973362478856
-0.047644828679283435
-0.0002868205956847447
0.0515617796937029
-0.022368622754905587
0.008665176454019985
-0.06638125688640528
-0.011743957061684185
-0.07075486294590672
-0.07212958518599066
0.05799658946616226
-0.0002495311402075373
-0.007543661478351282
-0.04126132556270612
0.08383912323474085
-0.027393577402978764
0.02708189422255458
-0.06109953281700342
0.07518071596092746
-0.0489237727198617
0.01724199139330551
0.0025784297617263974
-0.041376638974308655
-0.07075486294590672
-0.03458770640829023
0.06228267241298191
0.013040071944516285
-0.03458770640829023
0.007058852839625374
-0.02862716582831837
0.011553574399841615
0.05198789125700998
0.019778644828504
-0.07414653786004877
0.008505479129739868
0.08121523150568599
0.03861575224405023
-0.06720056781523276
-0.06720056781523276
-0.08814864178677073
-0.17661184642248884
0.06228267241298191
-0.022821982956040543
0.02451643163530548
0.10240276235625068
0.03643980545838055
-0.07892951287026762
-0.10819102148647719
0.037453479113841226
-0.03458770640829023
-0.03270475340709922
-0.021161035659430283
0.07586149829868472
0.0515617796937029
0.04799414960212012
0.039209693040964666
-0.007338419158481102
0.02714223291166995
0.04135586741642605
0.04606131559255999
0.0203593980283987
0.0461992712042818
0.01347000313241331
-0.06285634704832255
-0.17661184642248884
0.051344950513199095
0.04799414960212012
-0.1218059774124729
-0.0851300246174862
-0.036421638107813514
0.04790976101641675
0.04371378571481266
0.02927401578257438
0.011553574399841615
-0.027788545411032928
0.005082074600808895
0.01724199139330551
0.04333086414918519
0.07382421435571018
0.017908695057996304
-0.0007657730469858848
-0.05464289541014722
0.0027859037974478085
0.001954162314668828
-0.15702055781469149
-0.08143178414826124
-0.05129888770798985
-0.07212958518599066
0.0203593980283987
-0.028034859824940028
0.05198789125700998
-0.05586089089844393
-0.049962429852048906
0.018593646962060006
-0.004841918958801372
-0.03458770640829023
-0.0011970474263076625
-0.05586089089844393
0.05168531023255696
-0.09570667993071069
0.15300088602597928
0.023512429278589764
0.005173534568482907
0.06994395962703592
-0.049962429852048906
0.06806350229329183
-0.08285893181375492
-0.0008948035361102669
0.06364954486786978
0.0844852260058202
0.08799230776265521
-0.012372140541780041
-0.05586089089844393
0.019778644828504
-0.012150300762606037
-0.10013006587302442
0.01347000313241331
0.049538360788050184
-0.22146034456414654
-0.027462288324585415
0.0276177252845331
0.02432879134386301
0.06605801367827979
0.012394543666532698
0.029794720012301212
-0.03563356684104946
-0.15702055781469149
0.028713620756199987
0.02520341309711238
0.028713620756199987
0.0326533364262076
-0.03270475340709922
-0.08285893181375492
0.0027859037974478085
-0.02496648159475967
-0.05416508205116166
0.0326533364262076
0.0027859037974478085
0.10109672394520075
-0.010532567714866659
-0.10013006587302442
-0.12033949778566289
-0.009588853389239205
-0.07465345378649157
0.08176108754913614
0.0512476844333456
0.07586149829868472
0.04920879849315085
-0.02375973362478856
0.04371378571481266
-0.06464003578883037
-0.013771885982464482
-0.038466866176760206
-0.007317237093852569
0.022194058573782982
0.0203593980283987
-0.07414653786004877
-0.01844849936066506
0.06925574960452696
0.062467374718552904
-0.15702055781469149
0.02714223291166995
-0.12033949778566289
0.011553574399841615
0.06228267241298191
0.05436809318039337
-0.009588853389239205
-0.027789787343500905
-0.08678886069673908
0.02520341309711238
0.0276177252845331
0.039209693040964666
0.0022689688502968153
0.029794720012301212
0.04283497654615154
-0.09359820865597968
0.001954162314668828
-0.05699148198311299
0.012299756912504733
0.05182100602750328
-0.010204897362879883
0.03994035520780326
-0.09359820865597968
-0.01249170093178087
-0.06226621690008294
0.037453479113841226
-0.027788545411032928
0.08383912323474085
0.06567138145123597
