0.020083040980136246
0.06605801367827979
0.012390402416693647
-0.014438989348697362
0.04995452527457189
-0.06109953281700342
-0.05282848588680089
-0.007317237093852569
-0.06720056781523276
0.045224792909892564
0.06364954486786978
0.03994035520780326
-0.022368622754905587
0.02451643163530548
0.013109728048770641
0.007058852839625374
0.07060672059698447
-0.012150300762606037
0.0844852260058202
0.07382421435571018
-0.08110299466350668
-0.03563356684104946
0.03973066370480538
0.007058852839625374
-0.05654058267968054
-0.017136936568830308
0.0515617796937029
-0.06464003578883037
0.06318283133468316
0.04790976101641675
0.025649122658425227
-0.03173275161671363
0.06569838178769771
-0.02375973362478856
0.0326533364262076
-0.09570667993071069
-0.0489237727198617
-0.01249170093178087
0.04590352204112591
-0.06226621690008294
0.03973066370480538
-0.07465345378649157
0.03863378364598535
0.009856619194733796
-0.01844849936066506
0.17000938109242547
-0.027788545411032928
0.017908695057996304
0.11522232211929584
0.01699193585620762
-0.012150300762606037
-0.05586089089844393
0.0276177252845331
0.014780240742707562
0.014780240742707562
-0.06720056781523276
0.022821768641877682
0.0165919313161762
0.02773636562208104
0.026005039289207943
0.0165919313161762
-0.060513028914405353
0.019778644828504
0.029794720012301212
-0.02375973362478856
0.0278028767684102
-0.06720056781523276
0.030974972656109045
-0.047644828679283435
-0.005105231073404326
0.0027859037974478085
-0.027393577402978764
0.04283497654615154
-0.06638125688640528
0.030974972656109045
0.04799414960212012
0.062467374718552904
-0.06638125688640528
0.02773636562208104
0.0165919313161762
0.01613403625846388
0.0576314646823306
0.012390402416693647
-0.007338419158481102
-0.005818111085915234
0.018593646962060006
-0.021161035659430283
-0.03520416182162833
0.03208636570286316
-0.007543661478351282
0.04371378571481266
0.07518071596092746
0.0688088340488946
-0.002647647860884561
-0.018864353824572078
0.0041948137923384365
0.15300088602597928
0.047513051758585334
-0.08814864178677073
-0.07075486294590672
0.056736527751481525
0.04048653167530425
0.020446479141682516
-0.08143178414826124
0.03882682382156144
-0.0007657730469858848
0.0512476844333456
0.043334141200254805
0.0276177252845331
-0.09570667993071069
-0.013878349100881593
0.008505479129739868
-0.013878349100881593
-0.05120330655862837
0.0027859037974478085
0.02708189422255458
-0.07212958518599066
-0.032340875642459466
0.020083040980136246
-0.005105231073404326
-0.004841918958801372
0.02708189422255458
0.06318283133468316
0.06605801367827979
0.025722681761052968
-0.05120330655862837
0.01699193585620762
-0.007338419158481102
0.014471610315426986
-0.05282848588680089
0.001954162314668828
-0.04466517994807795
-0.03997727574944321
-0.06226621690008294
-0.07212958518599066
-0.022348210496932808
0.04135586741642605
-0.012372140541780041
0.0512476844333456
-0.03045002278091502
-0.07465345378649157
0.0041948137923384365
-0.03045002278091502
-0.0013205999854228878
0.056736527751481525
-0.03458770640829023
-0.03997727574944321
0.013109728048770641
0.0461992712042818
-0.0357902826629255
-0.08285893181375492
-0.06109953281700342
-0.01956931117570271
0.04391937482752173
-0.05120330655862837
-0.05699148198311299
-0.021161035659430283
0.06316607709876365
-0.005105231073404326
0.03643980545838055
0.01716964896203166
-0.03173275161671363
-0.13034379599603163
0.030974972656109045
0.043334141200254805
0.06364954486786978
0.02451643163530548
-0.013878349100881593
0.0688088340488946
-0.012150300762606037
-0.08721982612879486
0.003822387934753202
-0.10013006587302442
-0.007720686875989813
-0.05586089089844393
0.02927401578257438
-0.009588853389239205
0.0203593980283987
-0.045496030668886966
0.06806350229329183
-0.05464289541014722
-0.045496030668886966
0.06925574960452696
-0.05983064969141072
-0.06053051312501001
-0.0011970474263076625
0.05425453554333082
0.08759468040243501
0.020567585268201682
-0.032340875642459466
0.10240276235625068
0.025649122658425227
0.04283497654615154
-0.03695834061658587
0.011553574399841615
0.062467374718552904
-0.019514789449790015
0.05799658946616226
-0.13034379599603163
-0.08285893181375492
0.07382421435571018
0.022194058573782982
0.05182100602750328
-0.08285893181375492
0.06569838178769771
-0.010532567714866659
0.07382421435571018
0.08121523150568599
0.06806350229329183
0.04790976101641675
0.05168531023255696
-0.0007657730469858848
0.037107507807760065
0.013065356771912562
-0.050143819123519506
-0.03917887174705115
-0.08678886069673908
-0.03520416182162833
0.006265799221320201
-0.04466517994807795
-0.050143819123519506
0.020446479141682516
0.04790976101641675
-0.050143819123519506
-0.022821982956040543
0.013040071944516285
0.01724199139330551
-0.009588853389239205
0.04606131559255999
0.0025784297617263974
0.041840431302949455
0.013109728048770641
0.011553574399841615
-0.08126108737944548
0.08105492908796386
0.01661350063361855
-0.02496648159475967
0.01613403625846388
-0.03045002278091502
0.06292625909621563
-0.04466517994807795
0.11522232211929584
0.04665297339942498
0.045224792909892564
-0.032340875642459466
0.0844852260058202
-0.028034859824940028
-0.06109953281700342
-0.04022536987465397
-0.032340875642459466
-0.15702055781469149
0.006265799221320201
-0.04466517994807795
0.01661350063361855
0.08176108754913614
0.15300088602597928
-0.09359820865597968
-0.015144140805206874
-0.03270475340709922
-0.02496648159475967
0.012299756912504733
-0.017242733713295877
0.019778644828504
-0.017242733713295877
0.039209693040964666
0.11522232211929584
0.02927401578257438
0.022194058573782982
0.04380656992791998
0.048059232237648075
0.022194058573782982
0.04283497654615154
-0.007882998007099573
-0.022622356364218277
-0.04466517994807795
-0.017242733713295877
-0.0002868205956847447
0.014471610315426986
0.04827168718050601
0.01035787819304268
0.0027859037974478085
0.049538360788050184
-0.012372140541780041
0.020083040980136246
-0.0008948035361102669
0.04333086414918519
-0.06464003578883037
0.062467374718552904
0.10240276235625068
0.08080248335888918
0.019778644828504
0.04380656992791998
0.07518071596092746
0.07518071596092746
0.01046829599036414
-0.02496648159475967
0.04391937482752173
0.04380656992791998
0.0278028767684102
