-0.009357776553262198
0.04590352204112591
0.0844852260058202
0.041840431302949455
0.06925574960452696
-0.07212958518599066
-0.04466517994807795
0.026653357334457617
-0.05129888770798985
0.03208636570286316
0.045224792909892564
-0.04126132556270612
-0.0357902826629255
0.04799414960212012
-0.10013006587302442
0.048059232237648075
0.08653619008305125
0.06569838178769771
-0.05654058267968054
0.07518071596092746
0.013040071944516285
-0.04022536987465397
-0.037433866920196124
-0.06720056781523276
-0.06720056781523276
0.034283772423341574
0.028713620756199987
0.04606131559255999
-0.22146034456414654
-0.08110299466350668
0.0216176650818376
-0.013878349100881593
0.05168531023255696
0.04469322213864224
-0.007543661478351282
0.05436809318039337
0.031017376704207678
-0.022348210496932808
-0.05699148198311299
0.0041948137923384365
0.012390402416693647
0.018593646962060006
-0.009588853389239205
0.07518071596092746
0.06318283133468316
0.0461992712042818
0.014471610315426986
-0.05120330655862837
0.037453479113841226
0.025722681761052968
0.025524068456756588
-0.007720686875989813
0.025524068456756588
0.007058852839625374
0.01347000313241331
0.047513051758585334
0.026458811902690726
-0.04126132556270612
-0.007338419158481102
-0.01844849936066506
0.13204555949274965
-0.07212958518599066
0.0688088340488946
0.037453479113841226
0.09718899306107964
0.02927401578257438
-0.02243129284092049
0.011999720455214913
0.04920879849315085
0.05198789125700998
-0.010204897362879883
0.03994035520780326
0.06228267241298191
0.06605801367827979
0.08653619008305125
0.0344322264021244
0.005173534568482907
-0.0002868205956847447
-0.024170822975695394
0.10240276235625068
0.08732358904095427
0.008665176454019985
0.012390402416693647
-0.08285893181375492
0.037107507807760065
0.05799658946616226
0.020446479141682516
-0.03173275161671363
0.030974972656109045
0.02432879134386301
0.04995452527457189
-0.08110299466350668
-0.009588853389239205
0.01716964896203166
0.08653619008305125
-0.06109953281700342
-0.002205271978588108
0.06318283133468316
0.013065356771912562
-0.007720686875989813
-0.06638125688640528
0.0515617796937029
0.05182100602750328
-0.050143819123519506
-0.05654058267968054
0.026653357334457617
0.04283497654615154
-0.01956931117570271
-0.009357776553262198
0.018593646962060006
-0.045496030668886966
0.04823967565580034
0.03208636570286316
-0.04466517994807795
0.08653619008305125
-0.08721982612879486
-0.06258250876081561
-0.03270475340709922
0.0512476844333456
-0.0013205999854228878
-0.17661184642248884
0.08302714817478662
0.03882682382156144
0.01716964896203166
0.024801788304586125
0.04590352204112591
-0.07075486294590672
-0.06258250876081561
-0.17661184642248884
0.06925574960452696
-0.10013006587302442
-0.06193714350214741
0.017908695057996304
0.04333086414918519
0.026653357334457617
0.06925574960452696
-0.09359820865597968
-0.07414653786004877
-0.06638125688640528
0.012394543666532698
0.04590352204112591
0.0344322264021244
0.09718899306107964
0.0515617796937029
0.0025784297617263974
0.11522232211929584
-0.05416508205116166
-0.05464289541014722
-0.009357776553262198
0.014471610315426986
-0.027462288324585415
-0.0489237727198617
0.062467374718552904
-0.041376638974308655
0.048059232237648075
-0.15702055781469149
0.029794720012301212
0.02927401578257438
0.07518071596092746
0.041840431302949455
-0.024170822975695394
-0.04126132556270612
0.08080248335888918
0.05436809318039337
0.028713620756199987
-0.07892951287026762
0.04606131559255999
0.07060672059698447
0.03882682382156144
0.17000938109242547
0.06761705055254463
0.022194058573782982
0.043334141200254805
0.006143668794592827
0.006746455834750975
0.04048653167530425
0.0512476844333456
0.024801788304586125
0.08105492908796386
-0.09359820865597968
-0.0489237727198617
0.01716964896203166
-0.013771885982464482
0.07586149829868472
-0.0849833488167917
-0.022622356364218277
-0.0008948035361102669
0.0041948137923384365
0.08383912323474085
-0.06720056781523276
-0.03520416182162833
-0.01956931117570271
-0.09359820865597968
-0.007543661478351282
0.08653619008305125
0.04469322213864224
-0.027393577402978764
-0.018864353824572078
-0.012150300762606037
0.04799414960212012
-0.17661184642248884
0.06318283133468316
0.15300088602597928
0.1399333926158075
-0.01686722086916248
0.01347000313241331
-0.008416174423421019
0.026458811902690726
0.017908695057996304
0.019778644828504
-0.038466866176760206
-0.038466866176760206
-0.03520416182162833
0.012390402416693647
0.0022689688502968153
0.13204555949274965
0.03643980545838055
0.06569838178769771
0.05799658946616226
-0.02496648159475967
0.0461992712042818
0.051344950513199095
0.0216176650818376
0.009856619194733796
-0.04126132556270612
-0.013878349100881593
0.009856619194733796
0.006143668794592827
0.04380656992791998
0.062467374718552904
0.06318283133468316
-0.07724758378448726
0.04391937482752173
-0.007720686875989813
0.006143668794592827
0.02451643163530548
-0.041376638974308655
0.06925574960452696
0.03208636570286316
0.03994035520780326
0.039209693040964666
0.06228267241298191
0.13480548385110502
-0.012372140541780041
0.17000938109242547
0.04283497654615154
-0.05654058267968054
-0.05699148198311299
0.08799230776265521
0.05182100602750328
0.012390402416693647
-0.0005187167995490682
-0.02375973362478856
0.008505479129739868
-0.027789787343500905
-0.08126108737944548
-0.0849833488167917
0.08732358904095427
-0.022348210496932808
-0.07075486294590672
-0.22146034456414654
0.0203593980283987
-0.004841918958801372
0.011553574399841615
-0.0549153461639893
-0.01956931117570271
-0.027393577402978764
-0.005818111085915234
0.0515617796937029
-0.0849833488167917
-0.038466866176760206
-0.22146034456414654
0.025649122658425227
0.008505479129739868
-0.018864353824572078
0.03443624877469453
-0.049962429852048906
0.06364954486786978
0.020446479141682516
-0.013771885982464482
0.047513051758585334
0.05425453554333082
0.08105492908796386
0.04048653167530425
0.062467374718552904
0.02432879134386301
0.05198789125700998
0.019778644828504
0.07518071596092746
0.13480548385110502
-0.021161035659430283
-0.05699148198311299
0.023560334148108097
0.03973066370480538
0.06292625909621563
-0.012150300762606037
-0.08721982612879486
-0.027789787343500905
-0.0008948035361102669
