0.026005039289207943
0.04283497654615154
-0.032340875642459466
0.07060672059698447
0.025649122658425227
0.10240276235625068
0.01035787819304268
0.023560334148108097
0.04995452527457189
-0.045496030668886966
0.04135586741642605
0.020446479141682516
0.03443624877469453
0.037107507807760065
-0.0005187167995490682
0.08759468040243501
0.04391937482752173
-0.022368622754905587
-0.009357776553262198
-0.07414653786004877
-0.07212958518599066
-0.06053051312501001
-0.09359820865597968
0.007058852839625374
0.026458811902690726
0.0027859037974478085
0.08632977574364098
0.02451643163530548
-0.0849833488167917
0.08732358904095427
0.026458811902690726
-0.032340875642459466
-0.06053051312501001
-0.012150300762606037
0.026653357334457617
0.06316607709876365
-0.07414653786004877
0.05425453554333082
0.0165919313161762
0.05799658946616226
0.014780240742707562
0.01724199139330551
0.04333086414918519
-0.02243129284092049
0.03861575224405023
-0.08814864178677073
-0.0849833488167917
0.0344322264021244
-0.07414653786004877
-0.019391257313081667
0.03973066370480538
0.03882682382156144
0.02708189422255458
0.08105492908796386
-0.022622356364218277
-0.04466517994807795
-0.09432889171755221
-0.08721982612879486
0.006746455834750975
0.1399333926158075
0.02708189422255458
-0.008416174423421019
-0.05983064969141072
0.007058852839625374
-0.012372140541780041
-0.07724758378448726
0.04299886054755575
-0.05983064969141072
0.018593646962060006
0.0203593980283987
0.03643980545838055
0.006143668794592827
-0.06053051312501001
-0.0013205999854228878
0.01699193585620762
0.0203593980283987
0.012299756912504733
0.0515617796937029
-0.05129888770798985
0.023560334148108097
-0.010204897362879883
-0.022898889969576786
-0.09432889171755221
-0.012372140541780041
-0.004841918958801372
-0.05983064969141072
0.017908695057996304
0.02927401578257438
0.037107507807760065
0.011999720455214913
0.02432879134386301
0.01699193585620762
-0.02496648159475967
-0.05129888770798985
-0.01686722086916248
0.03973066370480538
0.05182100602750328
-0.05416508205116166
-0.007317237093852569
-0.027462288324585415
-0.06638125688640528
0.08121523150568599
0.09718899306107964
0.006746455834750975
0.006143668794592827
0.05182100602750328
0.01579928711915457
0.05182100602750328
0.023512429278589764
-0.06053051312501001
-0.002205271978588108
0.02714223291166995
0.003822387934753202
0.019778644828504
0.01613403625846388
0.017908695057996304
0.025649122658425227
-0.022898889969576786
-0.007543661478351282
-0.021161035659430283
-0.09432889171755221
0.17000938109242547
-0.03520416182162833
0.03643980545838055
0.04469322213864224
-0.027393577402978764
0.022194058573782982
-0.03458770640829023
0.003822387934753202
0.08759468040243501
0.03863378364598535
0.07060672059698447
-0.007882998007099573
-0.049962429852048906
0.07382421435571018
-0.05282848588680089
0.041840431302949455
0.025722681761052968
0.10240276235625068
-0.05282848588680089
0.0515617796937029
0.0165919313161762
0.047513051758585334
0.0276177252845331
-0.012372140541780041
-0.05586089089844393
-0.08126108737944548
-0.051670301345440706
0.01661350063361855
-0.027789787343500905
-0.007317237093852569
0.01347000313241331
-0.007338419158481102
-0.06193714350214741
-0.07892951287026762
-0.0008948035361102669
0.06228267241298191
-0.0002495311402075373
-0.02496648159475967
-0.019391257313081667
0.10240276235625068
-0.010532567714866659
0.041840431302949455
0.013109728048770641
0.06569838178769771
0.08383912323474085
-0.0849833488167917
-0.06464003578883037
0.04391937482752173
-0.010204897362879883
-0.0002495311402075373
-0.08143178414826124
-0.004841918958801372
0.020083040980136246
0.034283772423341574
0.08383912323474085
-0.06285634704832255
0.02451643163530548
0.012394543666532698
0.08121523150568599
0.0278028767684102
-0.05983064969141072
0.08653619008305125
0.0027859037974478085
-0.07414653786004877
0.01046829599036414
-0.007720686875989813
-0.051670301345440706
-0.05416508205116166
0.020567585268201682
0.023512429278589764
0.02927401578257438
-0.005105231073404326
0.05436809318039337
-0.05699148198311299
0.012394543666532698
-0.06053051312501001
-0.03695834061658587
0.03994035520780326
0.02520341309711238
-0.05586089089844393
-0.0002495311402075373
-0.027393577402978764
0.025722681761052968
0.0515617796937029
-0.0636718542421022
-0.05129888770798985
0.07060672059698447
0.012394543666532698
-0.0002495311402075373
0.04391937482752173
0.037107507807760065
0.06567138145123597
-0.04022536987465397
0.06761705055254463
0.062467374718552904
0.0326533364262076
0.02520341309711238
-0.0489237727198617
0.0688088340488946
0.04469322213864224
-0.002205271978588108
-0.1218059774124729
0.025722681761052968
-0.08721982612879486
-0.017242733713295877
-0.017242733713295877
0.0216176650818376
-0.005105231073404326
-0.03045002278091502
0.11522232211929584
0.08732358904095427
0.06567138145123597
0.062467374718552904
-0.0851300246174862
-0.014438989348697362
-0.0011970474263076625
0.06925574960452696
0.08799230776265521
-0.007543661478351282
0.011999720455214913
0.006143668794592827
-0.06464003578883037
-0.060513028914405353
-0.007338419158481102
-0.027789787343500905
0.17000938109242547
-0.027789787343500905
-0.049962429852048906
-0.03045002278091502
0.017908695057996304
0.04729149119249154
0.062467374718552904
0.006143668794592827
0.08759468040243501
-0.011743957061684185
-0.014438989348697362
0.06292625909621563
0.012394543666532698
0.06318283133468316
0.06761705055254463
-0.06285634704832255
0.0203593980283987
-0.019391257313081667
0.049538360788050184
-0.0007657730469858848
0.03973066370480538
-0.017136936568830308
-0.017242733713295877
-0.07465345378649157
-0.022348210496932808
0.0027859037974478085
0.01347000313241331
-0.011743957061684185
-0.002205271978588108
0.047513051758585334
0.13204555949274965
-0.041376638974308655
0.012390402416693647
0.08799230776265521
-0.22146034456414654
0.025524068456756588
0.06569838178769771
0.10240276235625068
-0.022622356364218277
-0.022898889969576786
0.02520341309711238
-0.09570667993071069
0.062467374718552904
-0.04126132556270612
-0.03520416182162833
0.013065356771912562
-0.010532567714866659
0.08632977574364098
0.04590352204112591
-0.024170822975695394
0.06292625909621563
-0.027462288324585415
0.04799414960212012
