-0.0008948035361102669
-0.02243129284092049
0.006265799221320201
-0.06464003578883037
0.13204555949274965
-0.005818111085915234
-0.004841918958801372
-0.06285634704832255
0.011999720455214913
0.04135586741642605
-0.028034859824940028
-0.02243129284092049
0.06228267241298191
-0.007882998007099573
-0.07075486294590672
0.03882682382156144
-0.09432889171755221
-0.005105231073404326
0.017908695057996304
0.03973066370480538
0.04299886054755575
-0.05129888770798985
0.045224792909892564
0.09718899306107964
-0.07724758378448726
0.008665176454019985
-0.051670301345440706
0.04299886054755575
0.05198789125700998
0.06994395962703592
-0.027462288324585415
0.03863378364598535
0.030974972656109045
-0.03173275161671363
0.009856619194733796
0.047513051758585334
-0.03270475340709922
0.06761705055254463
0.04920879849315085
0.006143668794592827
0.08105492908796386
0.0344322264021244
-0.01249170093178087
0.04799414960212012
-0.04466517994807795
-0.07075486294590672
0.0216176650818376
-0.032340875642459466
-0.09570667993071069
0.024801788304586125
0.04590352204112591
-0.05416508205116166
-0.051670301345440706
0.026653357334457617
0.17000938109242547
0.013040071944516285
0.05436809318039337
0.062467374718552904
0.11522232211929584
0.03994035520780326
-0.017136936568830308
0.012394543666532698
0.012299756912504733
-0.04466517994807795
0.04729149119249154
0.01699193585620762
0.02708189422255458
0.06761705055254463
-0.009357776553262198
0.017908695057996304
-0.027788545411032928
0.045224792909892564
-0.0357902826629255
0.11840346286310233
-0.041376638974308655
-0.05983064969141072
-0.022348210496932808
-0.012150300762606037
-0.07465345378649157
0.020083040980136246
-0.10013006587302442
0.008665176454019985
-0.004841918958801372
-0.02496648159475967
0.08176108754913614
-0.06720056781523276
0.05425453554333082
-0.04126132556270612
0.02714223291166995
0.01724199139330551
0.01579928711915457
-0.06638125688640528
0.020083040980136246
-0.017136936568830308
-0.05416508205116166
0.025722681761052968
0.06761705055254463
0.08121523150568599
-0.03173275161671363
-0.02862716582831837
0.06567138145123597
0.04469322213864224
0.049538360788050184
-0.032340875642459466
0.06994395962703592
0.08732358904095427
0.0461992712042818
0.02520341309711238
0.009856619194733796
0.08383912323474085
-0.010204897362879883
0.0041948137923384365
0.034283772423341574
0.04590352204112591
-0.010532567714866659
-0.050143819123519506
-0.06285634704832255
-0.0636718542421022
0.1399333926158075
-0.08285893181375492
0.04665297339942498
0.01579928711915457
-0.022348210496932808
0.08732358904095427
-0.024170822975695394
0.026458811902690726
0.012394543666532698
-0.019391257313081667
-0.036421638107813514
-0.06285634704832255
-0.08678886069673908
0.062467374718552904
0.006265799221320201
0.08732358904095427
-0.07724758378448726
0.03994035520780326
-0.06258250876081561
0.03994035520780326
0.029794720012301212
-0.17661184642248884
-0.007543661478351282
0.005082074600808895
0.04048653167530425
0.012394543666532698
-0.022348210496932808
0.01046829599036414
0.04665297339942498
-0.03917887174705115
-0.09432889171755221
-0.036421638107813514
-0.04126132556270612
-0.022368622754905587
0.006746455834750975
0.06318283133468316
0.13204555949274965
-0.22146034456414654
0.006143668794592827
0.011999720455214913
0.07060672059698447
0.0276177252845331
0.025722681761052968
-0.007543661478351282
0.05436809318039337
-0.027393577402978764
0.0041948137923384365
-0.2546008091448053
0.08799230776265521
0.008505479129739868
-0.0007657730469858848
0.04590352204112591
-0.032259158022980294
0.03863378364598535
0.03973066370480538
-0.028034859824940028
0.04606131559255999
-0.06053051312501001
0.003822387934753202
0.06292625909621563
0.01046829599036414
0.02520341309711238
-0.012372140541780041
-0.03997727574944321
0.01724199139330551
0.045224792909892564
-0.0489237727198617
0.01046829599036414
-0.01249170093178087
0.08080248335888918
0.043334141200254805
-0.03458770640829023
0.048059232237648075
-0.028034859824940028
0.0461992712042818
-0.06258250876081561
0.04469322213864224
0.011999720455214913
-0.03133707462365809
0.01661350063361855
0.0016709762031741349
-0.03997727574944321
0.02451643163530548
0.07060672059698447
0.013065356771912562
-0.0013205999854228878
0.17000938109242547
0.020083040980136246
-0.08110299466350668
0.07060672059698447
-0.07414653786004877
0.02773636562208104
0.04827168718050601
0.15300088602597928
0.043334141200254805
0.011553574399841615
0.006143668794592827
0.026005039289207943
0.15300088602597928
0.013065356771912562
-0.0851300246174862
-0.12033949778566289
0.04299886054755575
-0.022368622754905587
0.0344322264021244
0.07586149829868472
-0.027462288324585415
0.031017376704207678
0.006746455834750975
-0.07892951287026762
0.011999720455214913
-0.06464003578883037
-0.08143178414826124
0.03443624877469453
0.04606131559255999
0.04827168718050601
0.01046829599036414
-0.050143819123519506
0.04995452527457189
-0.10819102148647719
-0.007882998007099573
0.08121523150568599
-0.08143178414826124
0.04823967565580034
0.04590352204112591
0.07382421435571018
-0.017242733713295877
0.017908695057996304
0.0216176650818376
-0.008416174423421019
-0.01956931117570271
-0.027462288324585415
0.0203593980283987
0.09718899306107964
-0.008416174423421019
-0.01956931117570271
0.07060672059698447
-0.03563356684104946
-0.012150300762606037
-0.015144140805206874
-0.007338419158481102
0.013040071944516285
0.001954162314668828
0.034283772423341574
0.05425453554333082
0.03208636570286316
0.039209693040964666
-0.022898889969576786
0.01724199139330551
0.03863378364598535
0.04590352204112591
0.08799230776265521
-0.021161035659430283
0.01579928711915457
0.01661350063361855
0.006143668794592827
-0.06109953281700342
-0.09570667993071069
-0.019391257313081667
0.013065356771912562
0.014780240742707562
0.009856619194733796
0.03443624877469453
0.012394543666532698
-0.03133707462365809
-0.06464003578883037
-0.007882998007099573
0.05436809318039337
0.0344322264021244
-0.0008948035361102669
0.01661350063361855
0.08302714817478662
0.02927401578257438
0.01046829599036414
-0.032259158022980294
-0.060513028914405353
-0.007720686875989813
0.001954162314668828
0.04380656992791998
-0.018864353824572078
0.08176108754913614
