0.01661350063361855
0.08383912323474085
0.0022689688502968153
-0.049962429852048906
0.08105492908796386
0.045224792909892564
-0.0038562351615762935
0.02520341309711238
-0.08814864178677073
0.01724199139330551
0.020446479141682516
0.02927401578257438
0.022194058573782982
0.05182100602750328
-0.007720686875989813
-0.03520416182162833
-0.010204897362879883
0.0025784297617263974
-0.007317237093852569
0.023560334148108097
-0.060513028914405353
0.01347000313241331
0.020567585268201682
-0.032340875642459466
0.0027859037974478085
-0.038466866176760206
-0.005105231073404326
0.012390402416693647
-0.05654058267968054
0.02520341309711238
0.014471610315426986
0.025524068456756588
0.04391937482752173
-0.0038562351615762935
0.06605801367827979
0.005173534568482907
-0.0851300246174862
-0.018864353824572078
0.013065356771912562
-0.012372140541780041
-0.07724758378448726
-0.05129888770798985
0.012299756912504733
0.02708189422255458
0.01035787819304268
0.012394543666532698
-0.07414653786004877
0.048059232237648075
0.08632977574364098
0.0022689688502968153
0.08383912323474085
0.02714223291166995
0.062467374718552904
0.047513051758585334
0.05182100602750328
-0.06285634704832255
0.02432879134386301
0.04469322213864224
-0.037433866920196124
0.13480548385110502
-0.05120330655862837
0.08080248335888918
-0.08110299466350668
0.06994395962703592
0.04283497654615154
0.06994395962703592
0.020567585268201682
-0.08143178414826124
0.025649122658425227
0.013109728048770641
-0.0849833488167917
0.023560334148108097
-0.07724758378448726
-0.027393577402978764
0.014780240742707562
0.05425453554333082
0.04729149119249154
0.10240276235625068
0.001954162314668828
0.06569838178769771
0.041840431302949455
0.022194058573782982
-0.04022536987465397
-0.0849833488167917
-0.09570667993071069
0.06228267241298191
0.07586149829868472
-0.017242733713295877
0.0515617796937029
0.0027859037974478085
0.01046829599036414
0.04590352204112591
0.037107507807760065
-0.01956931117570271
0.020083040980136246
0.0041948137923384365
0.02520341309711238
-0.027462288324585415
0.08080248335888918
-0.09432889171755221
0.01347000313241331
0.08759468040243501
0.023512429278589764
0.06605801367827979
-0.005818111085915234
-0.027462288324585415
0.011553574399841615
0.01716964896203166
0.03973066370480538
0.028713620756199987
-0.01956931117570271
-0.0851300246174862
-0.07212958518599066
0.005082074600808895
-0.08285893181375492
0.0326533364262076
-0.15702055781469149
0.024801788304586125
0.031017376704207678
0.08302714817478662
0.06806350229329183
0.025722681761052968
-0.01686722086916248
0.006143668794592827
-0.06193714350214741
-0.0005187167995490682
0.0041948137923384365
-0.019514789449790015
-0.03997727574944321
0.05425453554333082
0.04469322213864224
0.008505479129739868
-0.10013006587302442
-0.03695834061658587
0.15300088602597928
-0.047644828679283435
-0.007543661478351282
0.08176108754913614
0.028713620756199987
0.020567585268201682
0.0203593980283987
0.04827168718050601
-0.03695834061658587
0.012390402416693647
-0.0005187167995490682
0.02773636562208104
-0.007543661478351282
-0.05654058267968054
0.0326533364262076
-0.007882998007099573
-0.007317237093852569
-0.03917887174705115
0.0216176650818376
0.003822387934753202
-0.05654058267968054
-0.018864353824572078
-0.027789787343500905
0.08732358904095427
-0.0002495311402075373
0.039209693040964666
0.0326533364262076
0.05182100602750328
0.007058852839625374
-0.014438989348697362
-0.0008948035361102669
0.01699193585620762
-0.07212958518599066
-0.05654058267968054
-0.002647647860884561
-0.024170822975695394
-0.05464289541014722
0.02520341309711238
-0.05416508205116166
0.062467374718552904
-0.06720056781523276
-0.012372140541780041
-0.06109953281700342
-0.06226621690008294
0.05182100602750328
0.08632977574364098
-0.03133707462365809
-0.04466517994807795
0.048059232237648075
0.02773636562208104
-0.005105231073404326
0.04729149119249154
-0.022821982956040543
-0.007720686875989813
-0.07724758378448726
0.06806350229329183
0.062467374718552904
0.01661350063361855
0.09718899306107964
0.02520341309711238
0.0203593980283987
0.06316607709876365
0.17000938109242547
0.05168531023255696
-0.009357776553262198
0.018593646962060006
0.04729149119249154
0.020446479141682516
0.01724199139330551
-0.0008948035361102669
0.062467374718552904
-0.02375973362478856
0.07382421435571018
-0.05654058267968054
0.028713620756199987
-0.07212958518599066
-0.007882998007099573
0.17000938109242547
-0.049962429852048906
0.014780240742707562
-0.02496648159475967
-0.09570667993071069
-0.0549153461639893
0.11840346286310233
0.001954162314668828
0.10240276235625068
-0.049962429852048906
0.013065356771912562
-0.03133707462365809
0.051344950513199095
0.0041948137923384365
-0.01844849936066506
0.017908695057996304
0.08632977574364098
0.0203593980283987
0.01046829599036414
0.048059232237648075
-0.0013205999854228878
0.019778644828504
-0.01956931117570271
0.012394543666532698
0.0326533364262076
0.08632977574364098
0.04380656992791998
-0.08143178414826124
0.07586149829868472
0.08383912323474085
-0.007317237093852569
-0.009357776553262198
0.0203593980283987
-0.03045002278091502
-0.07414653786004877
0.08121523150568599
0.007058852839625374
0.08759468040243501
0.04391937482752173
0.05799658946616226
0.04048653167530425
0.017908695057996304
-0.027789787343500905
-0.05282848588680089
0.039209693040964666
-0.09359820865597968
0.009856619194733796
-0.050143819123519506
0.04827168718050601
0.048059232237648075
0.06318283133468316
-0.008416174423421019
0.020567585268201682
0.026005039289207943
0.07586149829868472
0.025722681761052968
-0.05282848588680089
0.03208636570286316
-0.07212958518599066
0.013040071944516285
0.04790976101641675
0.043334141200254805
-0.08285893181375492
0.08080248335888918
0.13480548385110502
0.013109728048770641
0.13480548385110502
0.06292625909621563
-0.02862716582831837
-0.22146034456414654
0.08105492908796386
0.02432879134386301
0.026005039289207943
-0.06053051312501001
0.06925574960452696
-0.05120330655862837
0.0844852260058202
0.03882682382156144
0.009856619194733796
0.0027859037974478085
0.017908695057996304
0.0515617796937029
0.045224792909892564
0.0027859037974478085
-0.028034859824940028
-0.01844849936066506
0.020083040980136246
-0.019514789449790015
