-0.01844849936066506
0.17000938109242547
0.0203593980283987
0.02451643163530548
0.06318283133468316
0.045224792909892564
0.023560334148108097
0.020083040980136246
0.020083040980136246
-0.036421638107813514
-0.009588853389239205
-0.012372140541780041
-0.017242733713295877
-0.03458770640829023
0.0276177252845331
-0.06720056781523276
-0.03173275161671363
0.0688088340488946
0.08799230776265521
-0.014438989348697362
-0.01249170093178087
0.06292625909621563
0.014471610315426986
-0.05699148198311299
-0.08721982612879486
0.08302714817478662
-0.06464003578883037
0.11522232211929584
0.0041948137923384365
0.041840431302949455
-0.007882998007099573
0.06567138145123597
0.04827168718050601
-0.07075486294590672
-0.0002868205956847447
0.020567585268201682
0.023512429278589764
0.08383912323474085
0.009856619194733796
0.02520341309711238
0.05425453554333082
0.06292625909621563
-0.017242733713295877
0.15300088602597928
-0.002647647860884561
0.030122729138618354
0.019778644828504
0.062467374718552904
-0.0489237727198617
-0.02375973362478856
-0.08110299466350668
-0.05983064969141072
0.07586149829868472
-0.02862716582831837
0.08632977574364098
0.04299886054755575
-0.05586089089844393
0.013065356771912562
-0.07724758378448726
0.03643980545838055
-0.07075486294590672
-0.0357902826629255
-0.027462288324585415
0.06761705055254463
0.01613403625846388
0.013065356771912562
0.03863378364598535
0.04333086414918519
0.01347000313241331
-0.02243129284092049
0.04299886054755575
0.0461992712042818
0.011999720455214913
-0.022622356364218277
0.08080248335888918
0.051344950513199095
0.02451643163530548
0.011553574399841615
0.04799414960212012
-0.032340875642459466
-0.01249170093178087
0.10109672394520075
0.04665297339942498
-0.022348210496932808
0.04333086414918519
0.0576314646823306
0.009856619194733796
0.012394543666532698
-0.014438989348697362
-0.014438989348697362
-0.008416174423421019
-0.03917887174705115
0.06567138145123597
-0.0013205999854228878
0.06228267241298191
0.023560334148108097
0.03994035520780326
0.01716964896203166
0.008505479129739868
-0.0851300246174862
0.04333086414918519
0.048059232237648075
-0.07465345378649157
0.10240276235625068
-0.060513028914405353
-0.03133707462365809
0.09718899306107964
-0.04022536987465397
0.10109672394520075
0.0688088340488946
-0.06285634704832255
0.006143668794592827
-0.0489237727198617
-0.05416508205116166
-0.06109953281700342
-0.060513028914405353
0.17000938109242547
-0.07892951287026762
0.0022689688502968153
0.04469322213864224
0.08121523150568599
-0.17661184642248884
0.0025784297617263974
0.07382421435571018
-0.07212958518599066
-0.021161035659430283
0.06994395962703592
0.011553574399841615
0.05799658946616226
-0.0002868205956847447
0.06994395962703592
0.03973066370480538
-0.0357902826629255
-0.022368622754905587
-0.013771885982464482
-0.08285893181375492
-0.0007657730469858848
-0.022821982956040543
-0.021161035659430283
-0.06109953281700342
0.026458811902690726
0.017908695057996304
-0.008416174423421019
0.012394543666532698
0.13204555949274965
-0.013771885982464482
0.012390402416693647
-0.03173275161671363
-0.007317237093852569
0.08302714817478662
0.0512476844333456
-0.011743957061684185
-0.0011970474263076625
-0.0002868205956847447
0.08080248335888918
0.008505479129739868
-0.03520416182162833
0.04827168718050601
-0.06193714350214741
-0.0357902826629255
0.006265799221320201
-0.022348210496932808
-0.027462288324585415
-0.022898889969576786
-0.010532567714866659
-0.027393577402978764
-0.02375973362478856
0.0016709762031741349
-0.022821982956040543
-0.005105231073404326
0.06364954486786978
-0.04022536987465397
-0.0357902826629255
0.06994395962703592
0.001954162314668828
-0.08126108737944548
-0.22146034456414654
-0.05654058267968054
0.04135586741642605
0.1399333926158075
-0.007720686875989813
0.048059232237648075
-0.049962429852048906
-0.0011970474263076625
0.17000938109242547
0.08302714817478662
0.01724199139330551
0.08176108754913614
0.02520341309711238
0.003822387934753202
-0.03458770640829023
0.07060672059698447
0.037453479113841226
0.06316607709876365
-0.05129888770798985
0.001954162314668828
0.03973066370480538
0.04823967565580034
0.0165919313161762
-0.05654058267968054
-0.22146034456414654
0.17000938109242547
-0.0011970474263076625
0.003822387934753202
-0.05983064969141072
0.026458811902690726
0.0515617796937029
-0.03563356684104946
0.06292625909621563
-0.012150300762606037
-0.07892951287026762
-0.017136936568830308
0.07518071596092746
0.011999720455214913
-0.06720056781523276
0.0688088340488946
-0.027393577402978764
0.10240276235625068
0.025722681761052968
-0.005818111085915234
0.015089270086424023
-0.02375973362478856
-0.01844849936066506
-0.0007657730469858848
-0.022622356364218277
-0.0013205999854228878
-0.10819102148647719
0.012394543666532698
0.0278028767684102
0.048059232237648075
0.011999720455214913
-0.0013205999854228878
0.04135586741642605
0.02714223291166995
0.06316607709876365
-0.028034859824940028
-0.2546008091448053
0.08121523150568599
0.037107507807760065
0.022194058573782982
-0.014438989348697362
-0.07724758378448726
0.034283772423341574
0.030974972656109045
0.0027859037974478085
-0.0008948035361102669
0.0041948137923384365
-0.03563356684104946
0.08632977574364098
-0.007338419158481102
-0.037433866920196124
0.037107507807760065
0.006265799221320201
-0.019514789449790015
-0.027462288324585415
0.0203593980283987
0.06364954486786978
0.03973066370480538
-0.22146034456414654
0.0165919313161762
0.0512476844333456
0.03882682382156144
0.1399333926158075
-0.021161035659430283
-0.07892951287026762
-0.045496030668886966
0.03861575224405023
0.04380656992791998
0.03208636570286316
0.005082074600808895
0.022194058573782982
-0.01249170093178087
0.08383912323474085
0.08383912323474085
0.022821768641877682
0.07382421435571018
0.03208636570286316
-0.06720056781523276
0.022194058573782982
0.07518071596092746
-0.051670301345440706
-0.05699148198311299
-0.0008948035361102669
-0.027462288324585415
0.02714223291166995
-0.022821982956040543
-0.013771885982464482
-0.009357776553262198
-0.01249170093178087
-0.0357902826629255
0.012394543666532698
0.04135586741642605
0.08105492908796386
0.06364954486786978
0.013065356771912562
0.07382421435571018
-0.07465345378649157
-0.0357902826629255
-0.0005187167995490682
