0.06994395962703592
0.1417808980890598
-0.0549153461639893
0.08080248335888918
0.03208636570286316
0.02773636562208104
-0.03133707462365809
0.013040071944516285
-0.032340875642459466
-0.03458770640829023
-0.06053051312501001
-0.0038562351615762935
0.025722681761052968
-0.0549153461639893
-0.0636718542421022
-0.009357776553262198
0.06318283133468316
-0.004841918958801372
-0.008416174423421019
-0.022348210496932808
0.06316607709876365
0.07586149829868472
0.041840431302949455
-0.049962429852048906
0.01613403625846388
-0.08143178414826124
0.006265799221320201
-0.03173275161671363
0.08759468040243501
-0.01249170093178087
-0.007338419158481102
-0.012150300762606037
0.0025784297617263974
-0.05983064969141072
0.02708189422255458
0.007058852839625374
0.03973066370480538
-0.07724758378448726
0.08632977574364098
-0.05129888770798985
0.04299886054755575
0.06228267241298191
0.014471610315426986
0.06364954486786978
0.08383912323474085
0.049538360788050184
0.02432879134386301
0.1417808980890598
-0.17661184642248884
0.001954162314668828
0.08105492908796386
0.012299756912504733
-0.002205271978588108
-0.04126132556270612
0.025649122658425227
-0.03563356684104946
0.020446479141682516
0.06806350229329183
0.049538360788050184
-0.0038562351615762935
0.019778644828504
-0.05654058267968054
0.008665176454019985
0.020446479141682516
0.01046829599036414
0.023560334148108097
0.01699193585620762
0.025524068456756588
-0.02862716582831837
-0.0038562351615762935
-0.007882998007099573
0.0344322264021244
0.01347000313241331
0.013065356771912562
0.0515617796937029
0.04469322213864224
-0.06109953281700342
0.015089270086424023
0.04606131559255999
0.06569838178769771
-0.03520416182162833
0.0027859037974478085
0.012390402416693647
0.07518071596092746
-0.02375973362478856
-0.07724758378448726
0.03882682382156144
-0.0005187167995490682
0.04333086414918519
0.056736527751481525
0.01579928711915457
-0.03695834061658587
0.006143668794592827
0.0344322264021244
0.06318283133468316
0.022194058573782982
-0.06464003578883037
0.01699193585620762
0.0016709762031741349
0.01724199139330551
0.06569838178769771
0.018593646962060006
-0.0549153461639893
-0.007338419158481102
0.003822387934753202
0.08732358904095427
0.13480548385110502
0.05425453554333082
-0.08721982612879486
-0.05586089089844393
0.02714223291166995
-0.01956931117570271
0.0512476844333456
0.0027859037974478085
-0.013771885982464482
-0.019391257313081667
0.003822387934753202
-0.06285634704832255
0.043334141200254805
0.03882682382156144
-0.0849833488167917
0.08302714817478662
-0.02496648159475967
0.10109672394520075
0.048059232237648075
-0.06464003578883037
-0.011743957061684185
-0.027393577402978764
0.04665297339942498
0.0326533364262076
0.0576314646823306
-0.027788545411032928
0.06605801367827979
0.013065356771912562
0.08176108754913614
-0.018864353824572078
0.05436809318039337
-0.05654058267968054
0.013040071944516285
0.04790976101641675
-0.021161035659430283
0.06605801367827979
0.005173534568482907
-0.08126108737944548
0.07382421435571018
0.05168531023255696
-0.0038562351615762935
-0.0005187167995490682
-0.06258250876081561
0.043334141200254805
0.10240276235625068
0.048059232237648075
0.11522232211929584
0.005173534568482907
-0.06285634704832255
-0.045496030668886966
-0.013878349100881593
-0.041376638974308655
0.05198789125700998
-0.03563356684104946
0.020567585268201682
0.024801788304586125
0.01716964896203166
0.029794720012301212
-0.018864353824572078
0.0461992712042818
0.043334141200254805
0.037107507807760065
0.006746455834750975
0.022821768641877682
-0.027393577402978764
0.014780240742707562
-0.024170822975695394
-0.007317237093852569
-0.03173275161671363
-0.03520416182162833
-0.022898889969576786
-0.013771885982464482
0.0041948137923384365
-0.03520416182162833
0.06806350229329183
-0.03270475340709922
0.008665176454019985
0.025524068456756588
0.041840431302949455
-0.019391257313081667
-0.022898889969576786
-0.0002868205956847447
0.15300088602597928
0.029794720012301212
-0.009588853389239205
-0.06720056781523276
0.02773636562208104
0.0344322264021244
-0.0357902826629255
-0.0549153461639893
0.04380656992791998
0.025649122658425227
-0.037433866920196124
-0.05699148198311299
0.06567138145123597
-0.05654058267968054
-0.05699148198311299
0.15300088602597928
0.025649122658425227
0.01724199139330551
-0.05699148198311299
-0.022348210496932808
-0.08721982612879486
0.0022689688502968153
0.039209693040964666
0.01347000313241331
0.08302714817478662
-0.05699148198311299
0.047513051758585334
-0.09359820865597968
0.04920879849315085
-0.0549153461639893
-0.05983064969141072
0.05436809318039337
0.01035787819304268
-0.022622356364218277
-0.017136936568830308
-0.03695834061658587
-0.05416508205116166
-0.05983064969141072
0.0216176650818376
0.0515617796937029
0.01046829599036414
-0.0007657730469858848
-0.03917887174705115
0.0278028767684102
0.02927401578257438
-0.027789787343500905
-0.08143178414826124
-0.05983064969141072
0.02432879134386301
0.003822387934753202
0.0844852260058202
-0.05586089089844393
-0.09359820865597968
0.007058852839625374
-0.03520416182162833
0.08121523150568599
-0.010204897362879883
0.01046829599036414
0.08121523150568599
-0.038466866176760206
0.03973066370480538
0.04135586741642605
-0.007338419158481102
-0.10013006587302442
-0.050143819123519506
-0.047644828679283435
0.0022689688502968153
-0.0008948035361102669
-0.07724758378448726
-0.10013006587302442
-0.03917887174705115
0.011999720455214913
-0.0549153461639893
0.04590352204112591
-0.050143819123519506
0.019778644828504
-0.047644828679283435
0.04665297339942498
0.05198789125700998
-0.03695834061658587
0.056736527751481525
0.037107507807760065
-0.017136936568830308
-0.009357776553262198
-0.02496648159475967
0.0576314646823306
-0.05699148198311299
-0.022368622754905587
0.056736527751481525
-0.06285634704832255
0.0022689688502968153
0.02432879134386301
0.10109672394520075
0.04283497654615154
-0.0007657730469858848
-0.06053051312501001
-0.0851300246174862
-0.05983064969141072
0.06994395962703592
-0.010204897362879883
-0.05282848588680089
0.0216176650818376
-0.05282848588680089
0.0165919313161762
-0.04126132556270612
-0.013771885982464482
-0.045496030668886966
0.0344322264021244
0.05182100602750328
0.04665297339942498
-0.041376638974308655
