0.0165919313161762
0.031017376704207678
-0.0002495311402075373
0.024801788304586125
0.005173534568482907
-0.008416174423421019
0.01046829599036414
-0.012372140541780041
-0.0636718542421022
-0.06109953281700342
-0.017242733713295877
-0.028034859824940028
0.04391937482752173
0.04790976101641675
-0.06258250876081561
-0.03045002278091502
-0.12033949778566289
0.01661350063361855
0.013109728048770641
-0.01956931117570271
-0.10819102148647719
0.0278028767684102
-0.019514789449790015
-0.013771885982464482
0.029794720012301212
0.03994035520780326
-0.012150300762606037
-0.03917887174705115
-0.05464289541014722
0.012390402416693647
0.0165919313161762
-0.022622356364218277
-0.0002495311402075373
0.08732358904095427
-0.09570667993071069
-0.03695834061658587
0.06806350229329183
0.006265799221320201
-0.04126132556270612
-0.0008948035361102669
-0.08285893181375492
-0.06464003578883037
-0.05120330655862837
0.04729149119249154
0.019778644828504
0.11522232211929584
0.005173534568482907
-0.019391257313081667
0.049538360788050184
0.04469322213864224
-0.08814864178677073
-0.045496030668886966
-0.028034859824940028
-0.06285634704832255
-0.10013006587302442
0.04995452527457189
0.028713620756199987
-0.007882998007099573
-0.0489237727198617
0.037107507807760065
-0.049962429852048906
0.045224792909892564
-0.08721982612879486
-0.03045002278091502
-0.0038562351615762935
0.04371378571481266
-0.07724758378448726
-0.03173275161671363
0.013040071944516285
-0.06720056781523276
0.04380656992791998
-0.049962429852048906
0.03863378364598535
0.048059232237648075
-0.15702055781469149
-0.038466866176760206
0.10240276235625068
-0.09432889171755221
-0.05129888770798985
0.0025784297617263974
-0.07724758378448726
-0.002647647860884561
0.045224792909892564
0.0844852260058202
-0.047644828679283435
-0.002205271978588108
0.025649122658425227
0.020446479141682516
-0.028034859824940028
0.17000938109242547
0.03973066370480538
0.019778644828504
0.030122729138618354
0.08176108754913614
0.026458811902690726
0.06806350229329183
-0.013771885982464482
-0.022898889969576786
-0.051670301345440706
-0.03695834061658587
0.01046829599036414
0.03861575224405023
-0.027788545411032928
0.02714223291166995
0.03643980545838055
-0.0008948035361102669
-0.036421638107813514
-0.03563356684104946
-0.22146034456414654
0.08080248335888918
-0.02496648159475967
0.04729149119249154
-0.03173275161671363
0.02432879134386301
0.0203593980283987
-0.010532567714866659
0.026458811902690726
0.04995452527457189
0.01579928711915457
-0.0357902826629255
-0.027393577402978764
-0.05416508205116166
-0.0008948035361102669
-0.02862716582831837
-0.0851300246174862
0.020083040980136246
0.026458811902690726
-0.037433866920196124
0.06605801367827979
-0.008416174423421019
-0.09570667993071069
0.0165919313161762
-0.05282848588680089
-0.03045002278091502
-0.038466866176760206
-0.002205271978588108
0.03994035520780326
0.02708189422255458
-0.0489237727198617
-0.03458770640829023
0.07518071596092746
0.08759468040243501
0.06925574960452696
0.013109728048770641
0.0844852260058202
-0.04126132556270612
0.05182100602750328
0.0326533364262076
-0.05120330655862837
-0.02496648159475967
-0.007882998007099573
0.04995452527457189
0.023560334148108097
-0.09432889171755221
0.020446479141682516
-0.01249170093178087
0.0276177252845331
0.03973066370480538
0.062467374718552904
0.030974972656109045
-0.15702055781469149
-0.027462288324585415
-0.022898889969576786
-0.1218059774124729
-0.05699148198311299
-0.05282848588680089
0.020446479141682516
0.04920879849315085
-0.0002868205956847447
0.009856619194733796
0.045224792909892564
-0.024170822975695394
-0.09432889171755221
0.04665297339942498
0.04729149119249154
-0.022622356364218277
0.13204555949274965
-0.012372140541780041
0.017908695057996304
0.01035787819304268
0.0027859037974478085
0.02927401578257438
-0.0013205999854228878
-0.09359820865597968
0.01724199139330551
0.06228267241298191
0.03973066370480538
-0.012372140541780041
0.09718899306107964
0.03994035520780326
0.051344950513199095
0.0844852260058202
0.062467374718552904
-0.007720686875989813
0.005082074600808895
0.02773636562208104
-0.07212958518599066
0.03208636570286316
-0.01956931117570271
0.007058852839625374
-0.036421638107813514
-0.03045002278091502
-0.05129888770798985
0.022821768641877682
-0.08126108737944548
-0.07465345378649157
-0.019391257313081667
-0.08126108737944548
0.06994395962703592
0.03643980545838055
0.023512429278589764
0.0512476844333456
0.0276177252845331
0.015089270086424023
0.04665297339942498
0.08105492908796386
0.04799414960212012
-0.024170822975695394
0.006143668794592827
0.08080248335888918
0.05436809318039337
0.026005039289207943
0.06761705055254463
-0.022622356364218277
0.01035787819304268
-0.019514789449790015
-0.009588853389239205
-0.09359820865597968
0.022194058573782982
-0.08814864178677073
0.03861575224405023
0.01347000313241331
-0.002647647860884561
0.020567585268201682
0.0326533364262076
0.014471610315426986
0.04135586741642605
-0.05120330655862837
0.04380656992791998
0.037453479113841226
0.08121523150568599
-0.05654058267968054
-0.049962429852048906
0.007058852839625374
-0.017242733713295877
-0.09570667993071069
0.0576314646823306
-0.019391257313081667
-0.08285893181375492
-0.002647647860884561
0.011553574399841615
0.008665176454019985
-0.0038562351615762935
-0.02862716582831837
-0.15702055781469149
-0.1218059774124729
0.0515617796937029
0.003822387934753202
0.0576314646823306
0.04995452527457189
0.051344950513199095
0.08632977574364098
0.08653619008305125
0.043334141200254805
-0.007317237093852569
-0.05282848588680089
-0.0636718542421022
0.04135586741642605
-0.0008948035361102669
-0.017136936568830308
-0.004841918958801372
-0.10819102148647719
-0.05983064969141072
-0.007882998007099573
0.08105492908796386
0.015089270086424023
-0.05464289541014722
-0.08110299466350668
-0.17661184642248884
0.0027859037974478085
0.08121523150568599
0.08653619008305125
0.05799658946616226
-0.017136936568830308
-0.05586089089844393
0.10240276235625068
-0.007338419158481102
0.06316607709876365
-0.13034379599603163
-0.07212958518599066
-0.002647647860884561
-0.017242733713295877
0.029794720012301212
0.04606131559255999
0.037107507807760065
-0.06193714350214741
0.0216176650818376
0.03643980545838055
-0.07724758378448726
