-0.06464003578883037
-0.0489237727198617
0.045224792909892564
-0.027788545411032928
-0.015144140805206874
-0.03563356684104946
0.0344322264021244
0.17000938109242547
0.04283497654615154
-0.021161035659430283
0.025524068456756588
0.023512429278589764
0.023560334148108097
-0.07465345378649157
0.0515617796937029
0.04606131559255999
0.17000938109242547
0.013109728048770641
-0.10819102148647719
-0.06193714350214741
-0.08126108737944548
0.025524068456756588
-0.022622356364218277
0.01724199139330551
0.025524068456756588
0.03994035520780326
0.005082074600808895
0.06925574960452696
0.001954162314668828
-0.02243129284092049
0.10109672394520075
-0.027393577402978764
0.03861575224405023
-0.01249170093178087
-0.08110299466350668
0.02708189422255458
-0.07414653786004877
0.04665297339942498
-0.007882998007099573
0.023512429278589764
-0.08143178414826124
-0.09359820865597968
-0.038466866176760206
0.026458811902690726
-0.041376638974308655
-0.02243129284092049
-0.0038562351615762935
-0.017242733713295877
0.023560334148108097
-0.007543661478351282
-0.05120330655862837
-0.0008948035361102669
-0.019391257313081667
-0.07724758378448726
0.030122729138618354
-0.018864353824572078
-0.05464289541014722
-0.02243129284092049
0.026005039289207943
-0.017242733713295877
0.04283497654615154
0.08080248335888918
0.03443624877469453
0.1417808980890598
-0.0038562351615762935
-0.08721982612879486
-0.008416174423421019
0.08732358904095427
-0.03133707462365809
0.02708189422255458
0.006265799221320201
0.08121523150568599
-0.07724758378448726
0.030974972656109045
0.03861575224405023
0.028713620756199987
0.06364954486786978
-0.0549153461639893
-0.03917887174705115
-0.06226621690008294
0.020083040980136246
0.05182100602750328
0.06228267241298191
0.030974972656109045
0.017908695057996304
0.06806350229329183
0.06994395962703592
0.1417808980890598
0.08105492908796386
0.04827168718050601
0.07060672059698447
0.062467374718552904
0.01347000313241331
0.0576314646823306
-0.03133707462365809
0.025722681761052968
-0.022622356364218277
-0.022898889969576786
-0.07414653786004877
0.04790976101641675
0.02927401578257438
0.07382421435571018
0.04135586741642605
-0.015144140805206874
0.03973066370480538
-0.0357902826629255
-0.05983064969141072
-0.017136936568830308
-0.03133707462365809
-0.10819102148647719
-0.0489237727198617
-0.04466517994807795
-0.08143178414826124
0.02714223291166995
0.025722681761052968
0.01035787819304268
-0.024170822975695394
0.08080248335888918
0.0688088340488946
0.0515617796937029
-0.22146034456414654
0.013040071944516285
-0.06258250876081561
-0.012372140541780041
0.04048653167530425
-0.0005187167995490682
0.017908695057996304
-0.041376638974308655
0.04391937482752173
0.02708189422255458
0.04371378571481266
0.019778644828504
-0.007882998007099573
0.04371378571481266
0.04048653167530425
0.06806350229329183
0.11840346286310233
-0.0038562351615762935
0.006143668794592827
-0.03520416182162833
-0.06226621690008294
0.019778644828504
-0.007882998007099573
0.037107507807760065
0.06364954486786978
0.0165919313161762
0.02520341309711238
0.04469322213864224
-0.08110299466350668
0.05182100602750328
-0.06285634704832255
0.01661350063361855
0.005173534568482907
0.026458811902690726
-0.01956931117570271
-0.0357902826629255
0.04333086414918519
-0.05282848588680089
-0.08678886069673908
-0.07892951287026762
-0.007338419158481102
-0.009588853389239205
-0.005818111085915234
0.020567585268201682
0.039209693040964666
-0.045496030668886966
0.001954162314668828
-0.018864353824572078
-0.03270475340709922
-0.06193714350214741
-0.007317237093852569
-0.06258250876081561
0.006143668794592827
0.006746455834750975
0.025524068456756588
0.04048653167530425
0.0041948137923384365
0.06761705055254463
0.03994035520780326
0.0278028767684102
-0.019514789449790015
-0.019514789449790015
0.1417808980890598
-0.08285893181375492
-0.04022536987465397
-0.06464003578883037
0.08302714817478662
0.0576314646823306
0.04827168718050601
0.04469322213864224
0.022821768641877682
-0.050143819123519506
-0.021161035659430283
-0.0011970474263076625
0.04048653167530425
0.014780240742707562
-0.022821982956040543
-0.10819102148647719
-0.041376638974308655
0.01661350063361855
-0.0489237727198617
-0.0002495311402075373
0.04135586741642605
0.017908695057996304
-0.038466866176760206
-0.01249170093178087
0.04380656992791998
-0.027462288324585415
0.04827168718050601
-0.04126132556270612
-0.008416174423421019
0.030122729138618354
-0.021161035659430283
-0.08143178414826124
-0.15702055781469149
-0.008416174423421019
-0.0357902826629255
-0.02862716582831837
0.0576314646823306
0.11840346286310233
0.02708189422255458
-0.03270475340709922
0.014471610315426986
-0.022821982956040543
0.04823967565580034
0.030974972656109045
-0.01956931117570271
0.056736527751481525
0.012394543666532698
0.08302714817478662
-0.0002495311402075373
-0.011743957061684185
-0.04466517994807795
0.13204555949274965
-0.038466866176760206
-0.007882998007099573
-0.08126108737944548
0.026458811902690726
0.04283497654615154
-0.2546008091448053
0.028713620756199987
0.06567138145123597
0.011999720455214913
-0.03997727574944321
-0.0011970474263076625
0.007058852839625374
-0.03133707462365809
0.04391937482752173
0.02927401578257438
-0.0002495311402075373
-0.07212958518599066
0.07518071596092746
-0.08721982612879486
0.026005039289207943
0.007058852839625374
0.029794720012301212
-0.019514789449790015
0.04371378571481266
0.06605801367827979
-0.06258250876081561
-0.009357776553262198
0.04823967565580034
-0.049962429852048906
0.012394543666532698
0.05168531023255696
-0.03563356684104946
-0.017242733713295877
0.07060672059698447
-0.05416508205116166
0.007058852839625374
0.013040071944516285
0.0216176650818376
0.034283772423341574
-0.06464003578883037
-0.03270475340709922
-0.05416508205116166
0.02714223291166995
-0.12033949778566289
0.0512476844333456
0.014780240742707562
-0.15702055781469149
-0.014438989348697362
-0.15702055781469149
0.07060672059698447
0.10109672394520075
0.001954162314668828
-0.03695834061658587
-0.0549153461639893
-0.03458770640829023
-0.05282848588680089
-0.019391257313081667
-0.022348210496932808
0.08105492908796386
0.06569838178769771
0.01579928711915457
-0.13034379599603163
0.04823967565580034
-0.03173275161671363
-0.02375973362478856
