0.02927401578257438
-0.08110299466350668
0.011553574399841615
0.05198789125700998
0.03643980545838055
-0.032340875642459466
-0.0007657730469858848
-0.1218059774124729
-0.10013006587302442
0.05168531023255696
-0.021161035659430283
-0.08110299466350668
0.13480548385110502
0.037453479113841226
-0.022368622754905587
-0.0849833488167917
0.0278028767684102
-0.08143178414826124
0.04048653167530425
-0.022368622754905587
0.02927401578257438
0.08799230776265521
-0.022898889969576786
-0.004841918958801372
-0.0002495311402075373
-0.06226621690008294
0.0512476844333456
-0.13034379599603163
-0.036421638107813514
-0.002205271978588108
-0.09359820865597968
0.022194058573782982
0.0688088340488946
0.08653619008305125
0.08799230776265521
-0.09359820865597968
0.06605801367827979
0.001954162314668828
-0.06226621690008294
0.06806350229329183
-0.0549153461639893
0.05198789125700998
0.08653619008305125
-0.002205271978588108
0.041840431302949455
-0.12033949778566289
0.0027859037974478085
-0.009357776553262198
0.045224792909892564
-0.04022536987465397
0.04391937482752173
-0.022622356364218277
-0.05654058267968054
0.023512429278589764
-0.0011970474263076625
0.01035787819304268
0.0515617796937029
0.0016709762031741349
-0.07212958518599066
0.026005039289207943
0.04995452527457189
0.02773636562208104
0.0844852260058202
-0.06053051312501001
0.0688088340488946
0.13204555949274965
0.0216176650818376
0.013109728048770641
-0.09570667993071069
0.015089270086424023
0.007058852839625374
0.08653619008305125
0.0326533364262076
0.07586149829868472
0.03443624877469453
0.1417808980890598
0.001954162314668828
-0.07075486294590672
-0.05654058267968054
-0.05699148198311299
-0.028034859824940028
0.017908695057996304
-0.022348210496932808
-0.03173275161671363
0.0276177252845331
0.03882682382156144
-0.08143178414826124
0.08759468040243501
0.04729149119249154
-0.041376638974308655
-0.13034379599603163
0.04371378571481266
-0.004841918958801372
-0.049962429852048906
0.06316607709876365
-0.027393577402978764
0.08632977574364098
0.026005039289207943
0.0027859037974478085
0.08632977574364098
0.04823967565580034
0.08121523150568599
-0.02375973362478856
0.034283772423341574
-0.0549153461639893
0.06806350229329183
0.06925574960452696
0.08080248335888918
-0.027788545411032928
-0.032259158022980294
-0.06053051312501001
-0.04466517994807795
0.030122729138618354
-0.027788545411032928
0.039209693040964666
-0.03173275161671363
0.0165919313161762
-0.045496030668886966
0.005082074600808895
-0.07892951287026762
0.009856619194733796
0.06318283133468316
0.05168531023255696
0.06567138145123597
-0.012372140541780041
-0.01844849936066506
-0.010532567714866659
-0.022622356364218277
0.03994035520780326
-0.05129888770798985
-0.027393577402978764
0.07586149829868472
-0.0038562351615762935
0.09718899306107964
0.05182100602750328
-0.06464003578883037
-0.027789787343500905
0.062467374718552904
0.020446479141682516
0.049538360788050184
-0.022821982956040543
0.04380656992791998
0.04135586741642605
0.06228267241298191
0.08759468040243501
-0.038466866176760206
0.04606131559255999
-0.08126108737944548
-0.03563356684104946
-0.01686722086916248
-0.03695834061658587
0.08080248335888918
-0.10819102148647719
-0.08814864178677073
0.039209693040964666
0.02927401578257438
0.03973066370480538
0.01724199139330551
0.0025784297617263974
0.02520341309711238
-0.07724758378448726
0.04380656992791998
-0.0005187167995490682
0.012394543666532698
-0.009357776553262198
-0.06109953281700342
0.05799658946616226
0.012299756912504733
0.08653619008305125
0.0515617796937029
0.047513051758585334
0.019778644828504
-0.07212958518599066
0.07586149829868472
-0.05129888770798985
0.03861575224405023
0.01699193585620762
0.01579928711915457
-0.07414653786004877
0.014780240742707562
0.020567585268201682
0.0461992712042818
0.023560334148108097
-0.019391257313081667
-0.0002495311402075373
-0.015144140805206874
0.11522232211929584
-0.02862716582831837
0.019778644828504
-0.07724758378448726
0.08799230776265521
0.023560334148108097
-0.01956931117570271
-0.2546008091448053
0.047513051758585334
0.0326533364262076
0.049538360788050184
0.08799230776265521
0.08302714817478662
0.062467374718552904
0.08383912323474085
0.05425453554333082
-0.05464289541014722
-0.03520416182162833
-0.005818111085915234
-0.06193714350214741
-0.07414653786004877
0.01035787819304268
-0.05654058267968054
0.028713620756199987
0.026005039289207943
0.02451643163530548
0.01724199139330551
0.07518071596092746
-0.06285634704832255
0.0016709762031741349
0.056736527751481525
0.01699193585620762
0.0344322264021244
-0.0038562351615762935
0.0216176650818376
0.06994395962703592
0.026458811902690726
0.01699193585620762
-0.013878349100881593
0.0041948137923384365
0.01661350063361855
0.03882682382156144
-0.04022536987465397
0.05198789125700998
-0.05282848588680089
-0.07212958518599066
0.0512476844333456
0.005082074600808895
0.020446479141682516
-0.041376638974308655
0.05168531023255696
0.03994035520780326
-0.012372140541780041
0.006143668794592827
0.01046829599036414
0.034283772423341574
-0.049962429852048906
0.13480548385110502
0.13480548385110502
-0.08814864178677073
0.03643980545838055
0.001954162314668828
-0.07724758378448726
-0.1218059774124729
-0.09359820865597968
0.10109672394520075
-0.032259158022980294
0.018593646962060006
0.06292625909621563
0.05198789125700998
-0.009357776553262198
-0.08110299466350668
-0.007338419158481102
0.17000938109242547
0.013040071944516285
0.09718899306107964
0.10109672394520075
0.0203593980283987
-0.036421638107813514
0.0512476844333456
0.04135586741642605
-0.10013006587302442
0.03208636570286316
-0.0002868205956847447
0.04283497654615154
0.0041948137923384365
-0.03045002278091502
-0.1218059774124729
-0.027393577402978764
-0.05586089089844393
-0.05699148198311299
0.08121523150568599
0.06228267241298191
-0.06109953281700342
0.06364954486786978
-0.0549153461639893
0.001954162314668828
-0.03695834061658587
0.02927401578257438
-0.03270475340709922
0.018593646962060006
-0.0002495311402075373
0.026653357334457617
-0.07465345378649157
-0.0008948035361102669
0.08383912323474085
0.0027859037974478085
0.0515617796937029
-0.013771885982464482
0.04827168718050601
-0.008416174423421019
0.0276177252845331
-0.1218059774124729
