0.06569838178769771
0.1417808980890598
0.06228267241298191
0.08653619008305125
-0.02243129284092049
-0.04466517994807795
-0.03917887174705115
-0.019514789449790015
-0.0011970474263076625
0.020083040980136246
0.04135586741642605
-0.019391257313081667
-0.027788545411032928
0.03643980545838055
-0.08721982612879486
0.04790976101641675
0.06318283133468316
-0.05699148198311299
-0.10819102148647719
0.11840346286310233
0.043334141200254805
-0.0489237727198617
0.01579928711915457
-0.03520416182162833
-0.0011970474263076625
0.08080248335888918
0.0278028767684102
-0.013878349100881593
-0.01956931117570271
-0.005105231073404326
-0.0005187167995490682
0.08105492908796386
-0.09359820865597968
-0.022821982956040543
-0.09432889171755221
-0.04126132556270612
0.017908695057996304
0.020567585268201682
-0.03173275161671363
-0.014438989348697362
0.04380656992791998
-0.037433866920196124
0.034283772423341574
0.043334141200254805
-0.08126108737944548
0.04590352204112591
-0.0002868205956847447
0.01035787819304268
-0.037433866920196124
0.07382421435571018
-0.07212958518599066
-0.011743957061684185
0.03994035520780326
-0.027788545411032928
0.001954162314668828
0.04048653167530425
-0.036421638107813514
0.06364954486786978
-0.022348210496932808
0.01347000313241331
-0.0008948035361102669
0.03443624877469453
0.025649122658425227
0.08105492908796386
-0.022821982956040543
-0.2546008091448053
-0.027462288324585415
-0.07212958518599066
-0.049962429852048906
-0.011743957061684185
0.026458811902690726
-0.013771885982464482
0.013065356771912562
0.0203593980283987
-0.045496030668886966
0.0326533364262076
-0.04466517994807795
0.0165919313161762
0.07586149829868472
0.04790976101641675
0.04665297339942498
-0.017136936568830308
-0.07892951287026762
0.01347000313241331
0.031017376704207678
0.08302714817478662
-0.012372140541780041
-0.06053051312501001
-0.22146034456414654
-0.045496030668886966
0.011999720455214913
0.04799414960212012
0.05425453554333082
-0.010532567714866659
-0.010532567714866659
0.04799414960212012
0.006143668794592827
-0.0549153461639893
0.08105492908796386
0.030974972656109045
-0.17661184642248884
0.056736527751481525
0.02520341309711238
0.051344950513199095
0.020567585268201682
-0.03997727574944321
-0.06638125688640528
0.04048653167530425
0.05168531023255696
0.023512429278589764
0.0688088340488946
0.020083040980136246
-0.01249170093178087
0.07060672059698447
-0.04466517994807795
0.018593646962060006
0.02708189422255458
-0.032340875642459466
-0.024170822975695394
-0.014438989348697362
0.07382421435571018
-0.03270475340709922
-0.02496648159475967
-0.05699148198311299
-0.0008948035361102669
0.013065356771912562
0.022194058573782982
0.06316607709876365
-0.06258250876081561
0.07518071596092746
0.08759468040243501
0.043334141200254805
-0.03270475340709922
-0.0002495311402075373
0.0216176650818376
-0.03563356684104946
-0.014438989348697362
-0.027393577402978764
-0.06720056781523276
-0.05129888770798985
-0.06193714350214741
0.030974972656109045
0.13480548385110502
-0.03270475340709922
-0.03563356684104946
-0.0849833488167917
0.01661350063361855
-0.007720686875989813
0.04995452527457189
-0.0007657730469858848
0.015089270086424023
0.04469322213864224
-0.04022536987465397
-0.050143819123519506
-0.0008948035361102669
0.029794720012301212
0.014471610315426986
0.011553574399841615
0.0844852260058202
0.04606131559255999
0.013040071944516285
0.06318283133468316
0.04729149119249154
0.02773636562208104
-0.03563356684104946
0.024801788304586125
-0.01956931117570271
-0.04022536987465397
0.01724199139330551
0.09718899306107964
-0.008416174423421019
-0.06285634704832255
-0.0636718542421022
0.03994035520780326
0.012394543666532698
-0.037433866920196124
0.018593646962060006
-0.0005187167995490682
-0.051670301345440706
0.0216176650818376
0.04283497654615154
-0.051670301345440706
-0.0489237727198617
-0.03520416182162833
0.0025784297617263974
0.008505479129739868
-0.03173275161671363
0.006265799221320201
-0.02243129284092049
-0.09359820865597968
-0.015144140805206874
0.01716964896203166
0.0844852260058202
0.15300088602597928
-0.09570667993071069
-0.0013205999854228878
0.11522232211929584
-0.002205271978588108
0.008505479129739868
-0.060513028914405353
-0.10819102148647719
0.06567138145123597
0.05436809318039337
0.023560334148108097
-0.09432889171755221
0.025722681761052968
0.01699193585620762
-0.050143819123519506
-0.017242733713295877
-0.014438989348697362
0.062467374718552904
0.06761705055254463
-0.03173275161671363
0.017908695057996304
-0.002647647860884561
-0.021161035659430283
0.0515617796937029
-0.03695834061658587
-0.009357776553262198
-0.032259158022980294
-0.037433866920196124
-0.002205271978588108
-0.0005187167995490682
-0.038466866176760206
0.006265799221320201
-0.0357902826629255
-0.012150300762606037
0.011999720455214913
-0.02496648159475967
0.08121523150568599
-0.05129888770798985
0.022194058573782982
-0.04466517994807795
-0.08126108737944548
0.026653357334457617
0.01046829599036414
0.06318283133468316
-0.04466517994807795
0.1399333926158075
0.08105492908796386
0.026458811902690726
-0.036421638107813514
0.031017376704207678
0.02432879134386301
-0.08126108737944548
0.0025784297617263974
-0.06193714350214741
0.017908695057996304
-0.002647647860884561
0.0276177252845331
0.0165919313161762
-0.0002868205956847447
-0.047644828679283435
0.06567138145123597
0.08383912323474085
0.034283772423341574
-0.018864353824572078
-0.007317237093852569
-0.0011970474263076625
0.01724199139330551
-0.06464003578883037
-0.12033949778566289
0.030974972656109045
0.04135586741642605
0.048059232237648075
-0.12033949778566289
0.06994395962703592
0.06806350229329183
0.017908695057996304
-0.02243129284092049
0.07382421435571018
-0.06053051312501001
0.0688088340488946
0.07060672059698447
0.04790976101641675
0.056736527751481525
0.08632977574364098
-0.03045002278091502
0.01661350063361855
0.03973066370480538
0.005082074600808895
-0.02862716582831837
-0.01844849936066506
0.03882682382156144
-0.02862716582831837
0.0344322264021244
-0.012372140541780041
0.028713620756199987
0.04799414960212012
0.039209693040964666
0.01661350063361855
-0.017242733713295877
0.045224792909892564
-0.05282848588680089
0.013040071944516285
-0.01844849936066506
-0.013878349100881593
0.01699193585620762
0.015089270086424023
