0.0203593980283987
0.04135586741642605
-0.0038562351615762935
0.062467374718552904
-0.06464003578883037
-0.05464289541014722
-0.022622356364218277
0.04606131559255999
-0.060513028914405353
0.10240276235625068
0.029794720012301212
0.05182100602750328
-0.02496648159475967
0.020567585268201682
-0.07212958518599066
0.011999720455214913
0.06364954486786978
0.006265799221320201
-0.22146034456414654
0.04920879849315085
-0.0489237727198617
-0.02496648159475967
0.04391937482752173
-0.0636718542421022
-0.017242733713295877
0.01347000313241331
-0.09359820865597968
0.04995452527457189
0.01613403625846388
-0.022368622754905587
0.034283772423341574
0.05198789125700998
0.05799658946616226
-0.032340875642459466
0.0203593980283987
-0.0851300246174862
0.030974972656109045
-0.002647647860884561
0.019778644828504
0.043334141200254805
-0.0636718542421022
-0.10819102148647719
0.08759468040243501
0.0278028767684102
-0.08126108737944548
0.04606131559255999
0.045224792909892564
0.022821768641877682
0.04135586741642605
-0.009357776553262198
-0.007720686875989813
0.01613403625846388
0.08799230776265521
-0.037433866920196124
-0.009357776553262198
0.014780240742707562
0.01613403625846388
-0.017242733713295877
-0.012150300762606037
0.05436809318039337
-0.022348210496932808
-0.05586089089844393
-0.0357902826629255
0.04391937482752173
0.06567138145123597
0.04920879849315085
0.030974972656109045
0.07518071596092746
0.062467374718552904
-0.09359820865597968
0.06806350229329183
-0.03133707462365809
0.034283772423341574
0.13204555949274965
-0.05120330655862837
0.02520341309711238
-0.02243129284092049
0.0041948137923384365
0.08302714817478662
0.03994035520780326
0.003822387934753202
-0.007543661478351282
-0.007338419158481102
-0.013878349100881593
0.06228267241298191
0.02451643163530548
0.008665176454019985
0.008505479129739868
-0.022348210496932808
0.03863378364598535
-0.027789787343500905
-0.05464289541014722
-0.07892951287026762
-0.09432889171755221
0.0576314646823306
-0.08143178414826124
0.020446479141682516
0.01724199139330551
0.08302714817478662
-0.10013006587302442
-0.027462288324585415
-0.045496030668886966
-0.06638125688640528
0.022194058573782982
0.04283497654615154
-0.047644828679283435
0.006265799221320201
-0.007720686875989813
-0.04126132556270612
-0.05129888770798985
-0.08285893181375492
0.15300088602597928
0.17000938109242547
0.05436809318039337
0.001954162314668828
-0.024170822975695394
0.01661350063361855
0.0515617796937029
0.049538360788050184
-0.07212958518599066
0.014471610315426986
-0.15702055781469149
-0.03695834061658587
0.0276177252845331
0.04729149119249154
0.037453479113841226
0.08632977574364098
-0.03173275161671363
0.025649122658425227
-0.08110299466350668
-0.06285634704832255
-0.036421638107813514
-0.2546008091448053
0.006143668794592827
-0.02375973362478856
0.04606131559255999
0.012390402416693647
-0.0005187167995490682
0.045224792909892564
0.03863378364598535
0.009856619194733796
0.07060672059698447
-0.08285893181375492
-0.005818111085915234
-0.10013006587302442
0.03863378364598535
0.024801788304586125
-0.0549153461639893
0.025649122658425227
0.043334141200254805
0.04995452527457189
0.05799658946616226
-0.012372140541780041
-0.22146034456414654
-0.09359820865597968
0.1399333926158075
0.005173534568482907
-0.15702055781469149
0.0276177252845331
0.037107507807760065
0.0278028767684102
-0.012150300762606037
-0.014438989348697362
0.008665176454019985
0.02451643163530548
-0.010204897362879883
-0.08721982612879486
0.0025784297617263974
0.0027859037974478085
0.04469322213864224
0.04827168718050601
-0.013878349100881593
-0.037433866920196124
0.030122729138618354
0.06292625909621563
-0.004841918958801372
-0.0549153461639893
-0.06638125688640528
-0.0636718542421022
0.04135586741642605
0.06806350229329183
0.0278028767684102
0.03863378364598535
-0.15702055781469149
0.0461992712042818
0.015089270086424023
0.08732358904095427
0.024801788304586125
0.009856619194733796
0.04729149119249154
0.04391937482752173
0.02714223291166995
0.005173534568482907
-0.09570667993071069
-0.08126108737944548
-0.08721982612879486
-0.005818111085915234
-0.06638125688640528
-0.05129888770798985
0.013109728048770641
0.08105492908796386
0.03973066370480538
-0.0008948035361102669
0.04333086414918519
-0.0008948035361102669
0.011553574399841615
-0.019391257313081667
0.04283497654615154
-0.0851300246174862
0.062467374718552904
0.06605801367827979
0.01046829599036414
-0.06720056781523276
-0.06285634704832255
0.006746455834750975
0.1399333926158075
-0.041376638974308655
-0.09432889171755221
-0.060513028914405353
0.08105492908796386
0.05198789125700998
-0.0002868205956847447
0.003822387934753202
-0.05129888770798985
-0.02862716582831837
0.11522232211929584
0.048059232237648075
0.04391937482752173
-0.13034379599603163
0.026005039289207943
-0.009357776553262198
-0.08721982612879486
-0.08126108737944548
-0.021161035659430283
-0.051670301345440706
0.02451643163530548
0.06994395962703592
0.025524068456756588
0.048059232237648075
0.0576314646823306
0.05425453554333082
-0.05699148198311299
-0.08678886069673908
0.034283772423341574
-0.09359820865597968
0.03208636570286316
-0.05654058267968054
0.03882682382156144
0.01699193585620762
0.023512429278589764
0.04920879849315085
-0.04022536987465397
-0.08126108737944548
0.05436809318039337
0.001954162314668828
0.013040071944516285
0.030122729138618354
-0.0011970474263076625
-0.10013006587302442
0.023512429278589764
0.022821768641877682
-0.027393577402978764
0.03973066370480538
-0.022898889969576786
0.025722681761052968
-0.027789787343500905
-0.07212958518599066
0.08080248335888918
0.08732358904095427
0.008665176454019985
0.05168531023255696
-0.045496030668886966
0.023512429278589764
-0.01956931117570271
-0.021161035659430283
0.041840431302949455
-0.007338419158481102
0.01035787819304268
-0.07414653786004877
-0.032340875642459466
0.056736527751481525
0.013065356771912562
0.04995452527457189
0.10109672394520075
-0.06638125688640528
0.026653357334457617
0.009856619194733796
0.01347000313241331
-0.08110299466350668
-0.05120330655862837
0.04333086414918519
-0.08721982612879486
-0.01956931117570271
0.023560334148108097
0.1417808980890598
0.012394543666532698
-0.05699148198311299
0.11522232211929584
-0.03520416182162833
