-0.0008948035361102669
0.026005039289207943
-0.038466866176760206
0.06364954486786978
-0.03695834061658587
0.030122729138618354
-0.03695834061658587
0.037107507807760065
0.020083040980136246
0.062467374718552904
-0.02862716582831837
0.056736527751481525
-0.05129888770798985
0.0344322264021244
-0.032340875642459466
0.026458811902690726
0.15300088602597928
-0.0357902826629255
0.014780240742707562
-0.007338419158481102
0.005082074600808895
-0.015144140805206874
-0.015144140805206874
0.02714223291166995
-0.07075486294590672
0.17000938109242547
-0.06720056781523276
0.06806350229329183
-0.024170822975695394
0.02773636562208104
0.04299886054755575
0.01724199139330551
0.020446479141682516
-0.005105231073404326
-0.09432889171755221
-0.0636718542421022
0.020446479141682516
0.041840431302949455
-0.032340875642459466
-0.13034379599603163
0.017908695057996304
-0.021161035659430283
0.01046829599036414
0.01035787819304268
0.0576314646823306
0.01699193585620762
0.034283772423341574
0.0025784297617263974
0.006143668794592827
-0.051670301345440706
0.020446479141682516
-0.009357776553262198
-0.005105231073404326
0.01724199139330551
-0.03458770640829023
0.04790976101641675
-0.024170822975695394
-0.12033949778566289
0.02708189422255458
-0.037433866920196124
-0.03173275161671363
0.026005039289207943
0.10109672394520075
-0.04126132556270612
0.008665176454019985
0.0025784297617263974
-0.037433866920196124
-0.07212958518599066
-0.10819102148647719
-0.04022536987465397
0.012299756912504733
-0.05129888770798985
-0.06258250876081561
0.048059232237648075
-0.004841918958801372
0.0844852260058202
-0.07724758378448726
0.006265799221320201
0.025649122658425227
0.006746455834750975
0.02432879134386301
0.04048653167530425
0.0326533364262076
-0.007543661478351282
0.06925574960452696
0.02773636562208104
0.04299886054755575
0.012390402416693647
0.04469322213864224
0.025722681761052968
-0.010532567714866659
0.026653357334457617
0.06292625909621563
0.013065356771912562
-0.005105231073404326
-0.12033949778566289
-0.024170822975695394
0.08653619008305125
0.08302714817478662
0.1417808980890598
0.0576314646823306
-0.07414653786004877
-0.01844849936066506
0.11840346286310233
-0.05416508205116166
-0.06109953281700342
0.022821768641877682
-0.018864353824572078
0.01046829599036414
-0.15702055781469149
0.030974972656109045
-0.03133707462365809
0.11840346286310233
-0.04022536987465397
-0.04466517994807795
0.01724199139330551
-0.06258250876081561
-0.013771885982464482
0.015089270086424023
0.07060672059698447
-0.0849833488167917
0.06364954486786978
0.02927401578257438
0.07060672059698447
0.026653357334457617
-0.049962429852048906
-0.013878349100881593
-0.09359820865597968
-0.02496648159475967
0.02708189422255458
0.11840346286310233
0.04606131559255999
-0.09432889171755221
0.008665176454019985
0.06567138145123597
-0.05699148198311299
-0.02243129284092049
0.01347000313241331
-0.041376638974308655
-0.22146034456414654
0.05168531023255696
0.04048653167530425
0.02451643163530548
0.17000938109242547
0.012394543666532698
0.025649122658425227
-0.018864353824572078
-0.06464003578883037
0.06364954486786978
-0.0038562351615762935
0.031017376704207678
0.047513051758585334
-0.02243129284092049
-0.002647647860884561
-0.027393577402978764
-0.03458770640829023
-0.010204897362879883
0.07586149829868472
-0.09570667993071069
-0.01956931117570271
0.0041948137923384365
-0.013878349100881593
-0.06285634704832255
0.012390402416693647
0.01035787819304268
0.001954162314668828
-0.013771885982464482
0.06364954486786978
0.022194058573782982
0.031017376704207678
0.034283772423341574
0.024801788304586125
0.041840431302949455
0.01613403625846388
0.08080248335888918
0.07060672059698447
-0.0849833488167917
-0.07212958518599066
-0.0013205999854228878
-0.03520416182162833
0.012299756912504733
0.04283497654615154
-0.0013205999854228878
-0.0008948035361102669
0.0025784297617263974
0.03863378364598535
-0.022348210496932808
-0.05586089089844393
0.02773636562208104
0.0512476844333456
0.04283497654615154
0.06994395962703592
0.025649122658425227
-0.05282848588680089
0.03973066370480538
0.04823967565580034
-0.06285634704832255
-0.08126108737944548
0.04380656992791998
0.037107507807760065
-0.05282848588680089
-0.022622356364218277
0.008665176454019985
-0.04466517994807795
0.08759468040243501
0.03443624877469453
0.04048653167530425
-0.10013006587302442
0.0688088340488946
0.03643980545838055
-0.07075486294590672
-0.007338419158481102
0.04283497654615154
0.01347000313241331
0.0276177252845331
0.014471610315426986
-0.07465345378649157
-0.05120330655862837
0.13480548385110502
0.0025784297617263974
0.04799414960212012
0.04920879849315085
0.045224792909892564
0.026005039289207943
0.04790976101641675
0.0022689688502968153
-0.08678886069673908
0.08080248335888918
0.02520341309711238
-0.01956931117570271
0.0576314646823306
0.028713620756199987
-0.04466517994807795
-0.0011970474263076625
-0.06193714350214741
-0.0005187167995490682
-0.027462288324585415
0.08653619008305125
-0.017136936568830308
-0.0038562351615762935
-0.028034859824940028
-0.08143178414826124
0.008665176454019985
-0.027462288324585415
-0.08143178414826124
0.0461992712042818
0.11522232211929584
0.041840431302949455
-0.09432889171755221
-0.09359820865597968
0.13480548385110502
0.02708189422255458
0.024801788304586125
0.0461992712042818
0.031017376704207678
0.10240276235625068
-0.022622356364218277
0.05799658946616226
-0.007720686875989813
0.005173534568482907
0.013065356771912562
-0.007317237093852569
-0.032340875642459466
-0.07414653786004877
-0.06193714350214741
-0.009357776553262198
0.023560334148108097
-0.0489237727198617
0.06569838178769771
0.039209693040964666
0.01699193585620762
-0.0357902826629255
-0.019514789449790015
-0.08285893181375492
-0.03045002278091502
-0.0549153461639893
-0.08678886069673908
0.0512476844333456
0.0326533364262076
0.001954162314668828
-0.01249170093178087
-0.0851300246174862
-0.01956931117570271
-0.004841918958801372
0.043334141200254805
-0.0357902826629255
-0.03045002278091502
0.01046829599036414
0.08080248335888918
-0.03458770640829023
0.13480548385110502
0.0326533364262076
-0.007338419158481102
0.009856619194733796
-0.005818111085915234
0.01579928711915457
0.0165919313161762
0.15300088602597928
-0.01844849936066506
