0.023512429278589764
-0.07075486294590672
0.06569838178769771
-0.009588853389239205
0.04827168718050601
0.05198789125700998
-0.0002495311402075373
-0.027788545411032928
0.06228267241298191
-0.07724758378448726
0.11522232211929584
-0.0002495311402075373
0.005173534568482907
-0.0005187167995490682
0.09718899306107964
0.011553574399841615
0.02714223291166995
-0.007882998007099573
0.01724199139330551
-0.049962429852048906
0.13480548385110502
0.01661350063361855
-0.04022536987465397
-0.02496648159475967
0.04920879849315085
0.003822387934753202
0.045224792909892564
-0.019514789449790015
0.0216176650818376
0.012390402416693647
0.11840346286310233
0.056736527751481525
0.01724199139330551
0.011553574399841615
0.01716964896203166
0.007058852839625374
0.08632977574364098
-0.024170822975695394
-0.047644828679283435
0.028713620756199987
-0.06720056781523276
0.03861575224405023
0.043334141200254805
0.06806350229329183
0.06316607709876365
0.020083040980136246
-0.0007657730469858848
0.022821768641877682
-0.17661184642248884
0.01579928711915457
-0.05654058267968054
-0.06109953281700342
0.031017376704207678
0.0344322264021244
0.026653357334457617
0.023560334148108097
0.005173534568482907
-0.15702055781469149
0.037453479113841226
0.06316607709876365
-0.05464289541014722
-0.0002495311402075373
0.08121523150568599
0.008505479129739868
-0.019391257313081667
0.06925574960452696
-0.07892951287026762
-0.09432889171755221
-0.05464289541014722
-0.0849833488167917
-0.005105231073404326
-0.0489237727198617
-0.0849833488167917
-0.07465345378649157
-0.027788545411032928
0.0326533364262076
-0.06720056781523276
-0.08110299466350668
-0.03045002278091502
-0.013771885982464482
0.07586149829868472
-0.06285634704832255
0.04823967565580034
0.08759468040243501
0.04920879849315085
0.003822387934753202
-0.06109953281700342
-0.038466866176760206
-0.028034859824940028
0.025722681761052968
0.0576314646823306
-0.08126108737944548
0.10240276235625068
-0.037433866920196124
0.023560334148108097
0.0025784297617263974
0.04469322213864224
-0.08143178414826124
-0.01956931117570271
-0.060513028914405353
-0.019514789449790015
0.05436809318039337
0.026005039289207943
0.06316607709876365
-0.06720056781523276
0.022821768641877682
0.05168531023255696
0.04135586741642605
0.01724199139330551
-0.07465345378649157
0.01347000313241331
-0.07212958518599066
-0.06285634704832255
-0.03173275161671363
-0.022821982956040543
0.02432879134386301
-0.03917887174705115
0.03994035520780326
0.0276177252845331
0.06228267241298191
0.030122729138618354
-0.04022536987465397
0.13480548385110502
0.1399333926158075
0.043334141200254805
0.08799230776265521
0.04371378571481266
-0.004841918958801372
0.10109672394520075
-0.01249170093178087
0.047513051758585334
0.0025784297617263974
0.04590352204112591
0.10109672394520075
-0.0002495311402075373
-0.03173275161671363
-0.02375973362478856
-0.032340875642459466
0.022194058573782982
0.0688088340488946
0.06567138145123597
0.10240276235625068
0.01724199139330551
-0.01249170093178087
-0.01956931117570271
-0.01956931117570271
0.043334141200254805
-0.06226621690008294
0.09718899306107964
0.009856619194733796
0.056736527751481525
0.037453479113841226
-0.045496030668886966
0.025722681761052968
-0.0008948035361102669
0.08799230776265521
0.0326533364262076
0.05198789125700998
-0.03520416182162833
0.048059232237648075
0.0688088340488946
0.08653619008305125
0.17000938109242547
0.0203593980283987
0.049538360788050184
0.039209693040964666
0.011999720455214913
-0.0002495311402075373
-0.03563356684104946
-0.07465345378649157
0.001954162314668828
-0.0002868205956847447
0.05182100602750328
-0.05282848588680089
-0.01686722086916248
-0.03458770640829023
0.01716964896203166
0.04606131559255999
-0.0013205999854228878
-0.032259158022980294
-0.005818111085915234
-0.0851300246174862
0.06925574960452696
-0.0489237727198617
0.024801788304586125
0.022821768641877682
-0.05654058267968054
0.01699193585620762
0.08759468040243501
0.014780240742707562
0.0344322264021244
-0.022622356364218277
0.11840346286310233
0.0016709762031741349
-0.15702055781469149
-0.03270475340709922
-0.22146034456414654
-0.015144140805206874
0.0461992712042818
-0.07075486294590672
0.0512476844333456
-0.10013006587302442
0.06316607709876365
-0.024170822975695394
0.01613403625846388
0.0022689688502968153
-0.02862716582831837
-0.07075486294590672
-0.13034379599603163
0.08080248335888918
0.0326533364262076
0.04590352204112591
-0.010204897362879883
-0.009357776553262198
0.049538360788050184
-0.032340875642459466
0.03443624877469453
-0.07724758378448726
-0.013771885982464482
-0.022622356364218277
0.012299756912504733
0.0216176650818376
0.013109728048770641
0.06994395962703592
-0.08126108737944548
0.013109728048770641
-0.051670301345440706
-0.06720056781523276
-0.02243129284092049
0.11840346286310233
0.06761705055254463
0.056736527751481525
-0.03133707462365809
0.06567138145123597
0.006746455834750975
-0.05129888770798985
-0.02496648159475967
0.06761705055254463
-0.09432889171755221
0.007058852839625374
0.06761705055254463
0.06292625909621563
-0.009357776553262198
0.04283497654615154
0.03973066370480538
0.0461992712042818
-0.010204897362879883
0.0278028767684102
0.04380656992791998
0.025524068456756588
0.023560334148108097
-0.01686722086916248
0.07382421435571018
0.06994395962703592
-0.0849833488167917
-0.022898889969576786
-0.10013006587302442
0.01579928711915457
0.13204555949274965
-0.0357902826629255
0.10109672394520075
-0.060513028914405353
0.1417808980890598
-0.2546008091448053
0.09718899306107964
-0.08110299466350668
-0.0007657730469858848
-0.08721982612879486
0.07586149829868472
-0.03520416182162833
0.048059232237648075
0.015089270086424023
0.014471610315426986
0.009856619194733796
-0.060513028914405353
0.005173534568482907
0.026458811902690726
-0.0851300246174862
0.026005039289207943
0.04606131559255999
0.08383912323474085
-0.2546008091448053
-0.050143819123519506
0.06228267241298191
-0.05416508205116166
-0.022368622754905587
0.005173534568482907
0.1399333926158075
-0.022898889969576786
0.0276177252845331
-0.03133707462365809
-0.12033949778566289
0.01347000313241331
-0.010204897362879883
-0.04126132556270612
-0.0002868205956847447
0.0203593980283987
0.041840431302949455
-0.03173275161671363
