-0.02862716582831837
0.0278028767684102
-0.007338419158481102
-0.05464289541014722
0.024801788304586125
0.04283497654615154
-0.02375973362478856
-0.01249170093178087
0.04590352204112591
-0.022898889969576786
0.015089270086424023
-0.017242733713295877
0.013065356771912562
-0.011743957061684185
0.11522232211929584
0.08121523150568599
-0.05654058267968054
-0.019514789449790015
-0.022368622754905587
-0.032259158022980294
0.08632977574364098
0.15300088602597928
-0.08814864178677073
-0.03997727574944321
0.08732358904095427
-0.08285893181375492
0.0576314646823306
-0.013771885982464482
-0.022368622754905587
-0.05983064969141072
0.0515617796937029
-0.08110299466350668
0.025524068456756588
-0.0849833488167917
0.05168531023255696
-0.13034379599603163
0.006143668794592827
0.008665176454019985
-0.019514789449790015
0.0344322264021244
0.037107507807760065
-0.0357902826629255
-0.03270475340709922
-0.07075486294590672
-0.027789787343500905
-0.019514789449790015
-0.010204897362879883
-0.08285893181375492
0.009856619194733796
0.02927401578257438
-0.05416508205116166
0.062467374718552904
0.007058852839625374
0.012394543666532698
-0.05464289541014722
0.012299756912504733
-0.0849833488167917
0.0515617796937029
0.037453479113841226
-0.060513028914405353
-0.0851300246174862
0.03861575224405023
0.04606131559255999
0.037107507807760065
-0.038466866176760206
0.04799414960212012
-0.03917887174705115
-0.07892951287026762
-0.06285634704832255
-0.014438989348697362
0.030974972656109045
-0.09432889171755221
-0.0002868205956847447
0.03882682382156144
0.030974972656109045
0.03208636570286316
0.10240276235625068
0.04283497654615154
-0.08814864178677073
-0.03563356684104946
-0.06193714350214741
0.045224792909892564
-0.027462288324585415
0.006143668794592827
0.009856619194733796
0.04590352204112591
0.05799658946616226
-0.05416508205116166
-0.05983064969141072
0.025649122658425227
-0.04466517994807795
-0.06285634704832255
0.08080248335888918
-0.09359820865597968
0.04371378571481266
0.013065356771912562
0.012299756912504733
-0.13034379599603163
-0.010532567714866659
0.06292625909621563
0.08759468040243501
0.06994395962703592
0.04371378571481266
-0.03133707462365809
0.041840431302949455
-0.027462288324585415
-0.08678886069673908
0.013065356771912562
-0.027462288324585415
0.018593646962060006
0.10240276235625068
0.020567585268201682
0.008505479129739868
-0.014438989348697362
-0.03173275161671363
-0.08721982612879486
0.07060672059698447
0.06292625909621563
0.041840431302949455
-0.007720686875989813
0.05182100602750328
0.0326533364262076
-0.019391257313081667
-0.03270475340709922
0.05182100602750328
0.022821768641877682
-0.0008948035361102669
0.05198789125700998
-0.013771885982464482
-0.002647647860884561
-0.0357902826629255
0.02432879134386301
-0.08110299466350668
0.04799414960212012
-0.009357776553262198
-0.2546008091448053
-0.007882998007099573
0.04048653167530425
-0.0549153461639893
0.062467374718552904
0.037107507807760065
-0.013878349100881593
-0.03917887174705115
0.08105492908796386
0.022194058573782982
0.08105492908796386
0.0844852260058202
-0.17661184642248884
0.034283772423341574
-0.0007657730469858848
0.04371378571481266
-0.0008948035361102669
-0.009357776553262198
0.11522232211929584
-0.038466866176760206
-0.002205271978588108
-0.051670301345440706
-0.07075486294590672
-0.06193714350214741
0.01046829599036414
-0.05282848588680089
0.04995452527457189
0.04665297339942498
0.03208636570286316
-0.050143819123519506
-0.09432889171755221
0.08383912323474085
0.06316607709876365
0.049538360788050184
0.015089270086424023
0.02520341309711238
0.04048653167530425
-0.047644828679283435
-0.1218059774124729
-0.0013205999854228878
0.06228267241298191
-0.027789787343500905
0.1417808980890598
0.013109728048770641
0.008665176454019985
0.08176108754913614
-0.03997727574944321
-0.007882998007099573
-0.07465345378649157
-0.06464003578883037
-0.0005187167995490682
-0.05983064969141072
-0.017136936568830308
-0.010532567714866659
0.006265799221320201
-0.032259158022980294
0.08383912323474085
0.08176108754913614
-0.06638125688640528
0.008665176454019985
0.006746455834750975
-0.0002868205956847447
-0.08721982612879486
-0.019391257313081667
0.05425453554333082
0.04590352204112591
0.17000938109242547
-0.08143178414826124
0.08302714817478662
-0.15702055781469149
0.015089270086424023
0.04380656992791998
0.06316607709876365
0.025722681761052968
0.08176108754913614
0.08383912323474085
-0.07465345378649157
0.17000938109242547
-0.022821982956040543
-0.032340875642459466
-0.05983064969141072
0.001954162314668828
-0.04126132556270612
0.0344322264021244
-0.03695834061658587
0.06318283133468316
-0.15702055781469149
-0.007338419158481102
0.08759468040243501
0.02432879134386301
-0.0038562351615762935
-0.0636718542421022
0.06318283133468316
0.008665176454019985
0.031017376704207678
-0.08678886069673908
-0.09570667993071069
-0.05586089089844393
0.0278028767684102
0.06567138145123597
0.01699193585620762
-0.08143178414826124
0.01613403625846388
0.018593646962060006
-0.007338419158481102
0.10240276235625068
-0.13034379599603163
0.06567138145123597
-0.10013006587302442
0.08732358904095427
-0.06285634704832255
0.014471610315426986
0.08121523150568599
-0.050143819123519506
-0.017136936568830308
0.09718899306107964
-0.10013006587302442
0.0515617796937029
0.04299886054755575
-0.08285893181375492
0.01347000313241331
0.001954162314668828
-0.05282848588680089
0.06994395962703592
-0.022898889969576786
0.024801788304586125
-0.007720686875989813
0.01046829599036414
0.005082074600808895
-0.08678886069673908
-0.10013006587302442
-0.01844849936066506
0.01035787819304268
0.0203593980283987
-0.09432889171755221
0.06569838178769771
-0.08110299466350668
-0.01686722086916248
0.026653357334457617
0.0276177252845331
0.026005039289207943
0.013109728048770641
0.045224792909892564
-0.049962429852048906
-0.0357902826629255
0.0022689688502968153
0.019778644828504
-0.01686722086916248
-0.002647647860884561
0.07060672059698447
-0.027789787343500905
0.04380656992791998
0.02451643163530548
0.03643980545838055
-0.02862716582831837
0.01579928711915457
0.017908695057996304
-0.06226621690008294
0.04048653167530425
0.08759468040243501
0.08732358904095427
0.09718899306107964
-0.07465345378649157
0.0216176650818376
