-0.013771885982464482
0.0461992712042818
-0.011743957061684185
0.024801788304586125
0.0216176650818376
0.08302714817478662
0.056736527751481525
0.039209693040964666
-0.0489237727198617
-0.032340875642459466
0.024801788304586125
0.007058852839625374
0.037107507807760065
-0.04126132556270612
-0.03563356684104946
0.08383912323474085
0.06567138145123597
0.014780240742707562
-0.012372140541780041
-0.060513028914405353
-0.017242733713295877
0.01347000313241331
-0.027788545411032928
0.022194058573782982
0.043334141200254805
0.04371378571481266
-0.09432889171755221
0.03994035520780326
-0.05282848588680089
-0.08814864178677073
-0.002647647860884561
0.047513051758585334
-0.017242733713295877
-0.060513028914405353
0.07586149829868472
0.0688088340488946
0.13480548385110502
0.0216176650818376
0.029794720012301212
-0.07892951287026762
0.11840346286310233
-0.02496648159475967
0.025649122658425227
-0.03173275161671363
-0.022622356364218277
0.05436809318039337
-0.03045002278091502
0.01613403625846388
-0.051670301345440706
0.05168531023255696
0.01699193585620762
0.041840431302949455
-0.03045002278091502
-0.08814864178677073
0.04823967565580034
0.05198789125700998
0.08653619008305125
-0.038466866176760206
-0.03045002278091502
0.030122729138618354
-0.0008948035361102669
-0.03173275161671363
0.020446479141682516
-0.03173275161671363
0.04380656992791998
0.0027859037974478085
-0.027393577402978764
0.03861575224405023
0.08176108754913614
0.0276177252845331
0.09718899306107964
0.014780240742707562
0.020567585268201682
-0.07892951287026762
-0.06720056781523276
-0.051670301345440706
-0.17661184642248884
0.023512429278589764
-0.013771885982464482
-0.06226621690008294
-0.009357776553262198
0.06364954486786978
0.01699193585620762
0.03443624877469453
-0.06193714350214741
0.031017376704207678
-0.04466517994807795
0.0326533364262076
0.0326533364262076
-0.022368622754905587
-0.0038562351615762935
0.0216176650818376
-0.022348210496932808
-0.007882998007099573
0.022821768641877682
-0.1218059774124729
-0.05120330655862837
0.10109672394520075
-0.010532567714866659
0.08799230776265521
0.11840346286310233
-0.06638125688640528
-0.0549153461639893
0.0326533364262076
-0.008416174423421019
0.17000938109242547
0.05799658946616226
0.022821768641877682
0.04823967565580034
0.030122729138618354
0.07586149829868472
-0.03270475340709922
0.013065356771912562
-0.002647647860884561
0.006746455834750975
0.012394543666532698
0.037107507807760065
-0.019514789449790015
0.04380656992791998
-0.06285634704832255
-0.01249170093178087
0.05436809318039337
0.04391937482752173
-0.22146034456414654
0.019778644828504
-0.02862716582831837
0.07060672059698447
-0.012372140541780041
-0.05129888770798985
0.05799658946616226
-0.010204897362879883
0.006746455834750975
0.01724199139330551
-0.04126132556270612
-0.08126108737944548
-0.02496648159475967
-0.032259158022980294
0.025524068456756588
-0.03173275161671363
0.020446479141682516
0.06316607709876365
0.01699193585620762
0.01046829599036414
-0.12033949778566289
-0.03520416182162833
-0.007882998007099573
-0.06226621690008294
-0.007882998007099573
0.062467374718552904
0.012299756912504733
-0.10819102148647719
0.06761705055254463
-0.021161035659430283
0.023512429278589764
0.05182100602750328
-0.0849833488167917
0.0326533364262076
-0.15702055781469149
-0.038466866176760206
-0.07212958518599066
0.08176108754913614
-0.06226621690008294
0.04333086414918519
-0.017242733713295877
0.1399333926158075
-0.07212958518599066
-0.0013205999854228878
-0.050143819123519506
0.05425453554333082
-0.010204897362879883
-0.06720056781523276
0.06761705055254463
-0.0002868205956847447
0.012390402416693647
-0.06258250876081561
-0.0013205999854228878
-0.010204897362879883
-0.022348210496932808
0.05168531023255696
0.011553574399841615
-0.10819102148647719
0.06318283133468316
0.023560334148108097
0.012394543666532698
0.039209693040964666
0.006746455834750975
0.018593646962060006
-0.01249170093178087
0.037453479113841226
0.03994035520780326
-0.049962429852048906
-0.019514789449790015
0.08383912323474085
-0.09359820865597968
-0.05654058267968054
-0.07075486294590672
0.13204555949274965
-0.014438989348697362
0.001954162314668828
-0.06109953281700342
0.007058852839625374
0.08176108754913614
0.017908695057996304
-0.050143819123519506
-0.019391257313081667
0.013065356771912562
-0.04126132556270612
-0.018864353824572078
0.04391937482752173
0.05436809318039337
0.023512429278589764
-0.08285893181375492
0.017908695057996304
0.08653619008305125
0.08121523150568599
0.13480548385110502
0.08632977574364098
-0.05416508205116166
0.008665176454019985
-0.07892951287026762
0.013109728048770641
0.04283497654615154
-0.05416508205116166
0.0041948137923384365
0.04333086414918519
0.0344322264021244
-0.060513028914405353
-0.02496648159475967
-0.06193714350214741
0.15300088602597928
-0.0013205999854228878
0.08302714817478662
0.04469322213864224
-0.03997727574944321
0.06761705055254463
-0.03563356684104946
0.003822387934753202
0.013109728048770641
0.04469322213864224
0.13204555949274965
-0.010204897362879883
0.04333086414918519
-0.021161035659430283
-0.005818111085915234
0.04283497654615154
-0.03173275161671363
0.04606131559255999
0.01347000313241331
0.04665297339942498
0.05425453554333082
-0.005105231073404326
0.0165919313161762
0.05436809318039337
0.017908695057996304
0.043334141200254805
0.020567585268201682
0.06569838178769771
-0.1218059774124729
0.003822387934753202
0.08121523150568599
0.07586149829868472
0.06318283133468316
0.04048653167530425
-0.022821982956040543
0.0016709762031741349
0.06364954486786978
0.0512476844333456
0.04606131559255999
-0.05282848588680089
-0.02375973362478856
-0.10819102148647719
-0.07414653786004877
-0.07892951287026762
0.04333086414918519
-0.047644828679283435
0.02520341309711238
0.05198789125700998
0.04048653167530425
0.08383912323474085
0.01716964896203166
-0.05464289541014722
-0.07465345378649157
-0.027789787343500905
-0.06720056781523276
0.022821768641877682
-0.05129888770798985
0.06318283133468316
0.04371378571481266
0.012299756912504733
0.017908695057996304
0.06292625909621563
0.03994035520780326
-0.007882998007099573
-0.015144140805206874
0.05799658946616226
-0.022368622754905587
-0.009357776553262198
-0.07465345378649157
-0.022821982956040543
