0.03208636570286316
0.039209693040964666
0.03208636570286316
0.047513051758585334
0.05799658946616226
0.051344950513199095
0.051344950513199095
-0.01249170093178087
0.10240276235625068
0.018593646962060006
-0.02496648159475967
-0.03045002278091502
0.04827168718050601
0.04665297339942498
-0.0013205999854228878
0.04590352204112591
0.05436809318039337
0.020446479141682516
0.007058852839625374
0.022194058573782982
0.0016709762031741349
-0.021161035659430283
0.01579928711915457
-0.05120330655862837
-0.04466517994807795
0.11522232211929584
0.01699193585620762
-0.05983064969141072
0.0515617796937029
0.003822387934753202
0.08383912323474085
-0.007543661478351282
0.043334141200254805
0.04665297339942498
0.007058852839625374
0.04283497654615154
0.020567585268201682
-0.06464003578883037
-0.02862716582831837
0.08383912323474085
0.049538360788050184
-0.02243129284092049
-0.007317237093852569
0.04391937482752173
0.006265799221320201
-0.08285893181375492
-0.06226621690008294
-0.0011970474263076625
-0.03045002278091502
0.013109728048770641
-0.024170822975695394
0.06364954486786978
0.019778644828504
0.04590352204112591
-0.019391257313081667
-0.027393577402978764
0.001954162314668828
0.023512429278589764
0.08383912323474085
0.025722681761052968
0.04135586741642605
0.015089270086424023
-0.0002495311402075373
0.025524068456756588
0.04799414960212012
0.08121523150568599
0.01613403625846388
0.06761705055254463
0.0027859037974478085
0.003822387934753202
0.06316607709876365
0.05198789125700998
-0.018864353824572078
0.02927401578257438
-0.017242733713295877
-0.009357776553262198
0.06925574960452696
0.039209693040964666
-0.045496030668886966
0.015089270086424023
0.06994395962703592
0.0515617796937029
0.020083040980136246
-0.0013205999854228878
-0.03270475340709922
0.014780240742707562
-0.04022536987465397
-0.05120330655862837
0.012394543666532698
0.0844852260058202
0.02451643163530548
-0.009588853389239205
0.08105492908796386
0.015089270086424023
-0.032259158022980294
0.0326533364262076
0.06292625909621563
-0.05129888770798985
0.01347000313241331
-0.06464003578883037
0.06316607709876365
0.03643980545838055
-0.04126132556270612
0.06567138145123597
-0.007338419158481102
0.04283497654615154
-0.036421638107813514
0.06761705055254463
0.0688088340488946
0.01613403625846388
-0.027788545411032928
-0.005818111085915234
0.003822387934753202
0.030974972656109045
-0.027788545411032928
-0.002647647860884561
0.06994395962703592
0.06567138145123597
-0.027393577402978764
-0.22146034456414654
-0.018864353824572078
-0.06053051312501001
0.04048653167530425
0.039209693040964666
-0.05654058267968054
-0.011743957061684185
-0.019514789449790015
0.01613403625846388
0.043334141200254805
-0.005818111085915234
0.04135586741642605
-0.01249170093178087
-0.004841918958801372
0.037107507807760065
-0.060513028914405353
0.022194058573782982
0.02451643163530548
0.03443624877469453
0.04469322213864224
-0.09570667993071069
0.02708189422255458
-0.08110299466350668
-0.15702055781469149
0.0022689688502968153
-0.09570667993071069
-0.027789787343500905
-0.03173275161671363
-0.0013205999854228878
0.0027859037974478085
-0.05464289541014722
0.06567138145123597
-0.0357902826629255
0.04590352204112591
0.015089270086424023
-0.17661184642248884
-0.0038562351615762935
-0.12033949778566289
0.012394543666532698
0.031017376704207678
0.0688088340488946
-0.05129888770798985
-0.07414653786004877
-0.0636718542421022
-0.038466866176760206
0.11840346286310233
0.06567138145123597
0.020567585268201682
-0.010204897362879883
0.01661350063361855
0.013040071944516285
-0.0007657730469858848
0.026005039289207943
-0.027462288324585415
0.03863378364598535
0.04299886054755575
0.009856619194733796
0.0016709762031741349
-0.022898889969576786
0.030122729138618354
-0.03045002278091502
0.017908695057996304
-0.002205271978588108
-0.007317237093852569
0.08302714817478662
0.0515617796937029
0.10240276235625068
-0.17661184642248884
0.023560334148108097
0.05198789125700998
-0.010532567714866659
0.022194058573782982
0.06994395962703592
-0.03520416182162833
0.0165919313161762
-0.03695834061658587
-0.021161035659430283
0.008665176454019985
0.05436809318039337
-0.03133707462365809
0.04391937482752173
0.0027859037974478085
0.01579928711915457
-0.012372140541780041
0.041840431302949455
0.04333086414918519
-0.021161035659430283
-0.05464289541014722
0.04048653167530425
0.04823967565580034
-0.0011970474263076625
0.030974972656109045
0.08176108754913614
-0.0038562351615762935
-0.011743957061684185
0.026005039289207943
0.023512429278589764
-0.01844849936066506
0.030122729138618354
-0.07724758378448726
-0.08814864178677073
0.04333086414918519
-0.22146034456414654
0.020446479141682516
0.17000938109242547
0.04995452527457189
0.05168531023255696
-0.06109953281700342
0.01613403625846388
0.05799658946616226
0.06994395962703592
0.09718899306107964
-0.07212958518599066
-0.007317237093852569
-0.01686722086916248
-0.2546008091448053
0.01661350063361855
0.03973066370480538
-0.007882998007099573
-0.12033949778566289
-0.05120330655862837
-0.17661184642248884
0.05425453554333082
0.0276177252845331
-0.1218059774124729
-0.005818111085915234
0.039209693040964666
0.05436809318039337
-0.004841918958801372
-0.01844849936066506
-0.009357776553262198
-0.010204897362879883
0.0344322264021244
0.04299886054755575
-0.05282848588680089
0.005173534568482907
-0.008416174423421019
0.006746455834750975
0.04590352204112591
-0.0636718542421022
-0.0011970474263076625
-0.17661184642248884
-0.02375973362478856
0.04827168718050601
-0.04126132556270612
0.025649122658425227
-0.08143178414826124
-0.037433866920196124
0.04665297339942498
-0.041376638974308655
-0.024170822975695394
0.020083040980136246
-0.06053051312501001
0.006746455834750975
-0.05654058267968054
-0.03173275161671363
0.045224792909892564
-0.013771885982464482
-0.027462288324585415
-0.045496030668886966
-0.005818111085915234
-0.022348210496932808
-0.0002495311402075373
-0.08678886069673908
0.03882682382156144
0.03643980545838055
0.10109672394520075
-0.06226621690008294
0.006746455834750975
0.08121523150568599
-0.03695834061658587
0.03994035520780326
-0.0005187167995490682
-0.06638125688640528
-0.02862716582831837
0.07060672059698447
0.028713620756199987
-0.060513028914405353
0.07518071596092746
-0.17661184642248884
