0.0016709762031741349
0.02773636562208104
0.047513051758585334
0.04995452527457189
-0.0849833488167917
-0.045496030668886966
-0.010532567714866659
-0.08143178414826124
-0.011743957061684185
0.012390402416693647
0.08080248335888918
-0.007882998007099573
-0.07892951287026762
-0.09570667993071069
0.0844852260058202
-0.01956931117570271
0.026653357334457617
0.006265799221320201
0.03643980545838055
0.08759468040243501
-0.005818111085915234
-0.037433866920196124
-0.022622356364218277
0.037107507807760065
0.043334141200254805
-0.012372140541780041
0.025722681761052968
0.018593646962060006
0.02708189422255458
-0.03458770640829023
-0.01249170093178087
-0.13034379599603163
-0.03563356684104946
0.08632977574364098
-0.17661184642248884
-0.08126108737944548
0.019778644828504
0.037453479113841226
0.02927401578257438
0.05168531023255696
0.0461992712042818
-0.01249170093178087
0.03863378364598535
-0.028034859824940028
-0.08126108737944548
-0.12033949778566289
0.025722681761052968
0.020567585268201682
0.08759468040243501
-0.03458770640829023
0.0515617796937029
0.04920879849315085
-0.08110299466350668
-0.05586089089844393
0.02708189422255458
-0.10013006587302442
-0.02496648159475967
0.04823967565580034
-0.02496648159475967
0.02714223291166995
-0.007882998007099573
0.04823967565580034
0.04283497654615154
0.0515617796937029
0.022821768641877682
0.04790976101641675
-0.013878349100881593
0.03443624877469453
-0.0013205999854228878
-0.032259158022980294
0.039209693040964666
-0.0038562351615762935
-0.009357776553262198
0.02773636562208104
0.1417808980890598
-0.07075486294590672
-0.05654058267968054
0.015089270086424023
0.04665297339942498
0.026653357334457617
-0.019514789449790015
0.04823967565580034
0.06316607709876365
-0.002205271978588108
-0.024170822975695394
0.0512476844333456
0.022821768641877682
-0.0849833488167917
-0.08814864178677073
-0.019391257313081667
0.13204555949274965
0.01347000313241331
-0.08678886069673908
0.09718899306107964
-0.05282848588680089
-0.049962429852048906
0.04380656992791998
-0.04022536987465397
0.026458811902690726
-0.22146034456414654
0.05182100602750328
-0.022821982956040543
0.08799230776265521
-0.0008948035361102669
-0.010204897362879883
-0.060513028914405353
0.0165919313161762
0.011999720455214913
-0.051670301345440706
-0.06464003578883037
0.03863378364598535
-0.07724758378448726
0.039209693040964666
-0.05586089089844393
-0.0489237727198617
-0.005105231073404326
-0.01686722086916248
-0.05654058267968054
0.0326533364262076
0.012299756912504733
0.15300088602597928
-0.13034379599603163
0.09718899306107964
-0.08678886069673908
0.17000938109242547
-0.03045002278091502
-0.007338419158481102
0.03643980545838055
-0.007543661478351282
0.023560334148108097
-0.049962429852048906
-0.05282848588680089
0.047513051758585334
0.018593646962060006
0.17000938109242547
0.0276177252845331
0.012390402416693647
0.01347000313241331
-0.09570667993071069
0.017908695057996304
0.06761705055254463
0.037107507807760065
0.023560334148108097
-0.08814864178677073
-0.05654058267968054
0.05436809318039337
0.005082074600808895
0.056736527751481525
0.028713620756199987
-0.007882998007099573
-0.0013205999854228878
0.047513051758585334
0.0041948137923384365
0.0022689688502968153
-0.02375973362478856
0.08759468040243501
-0.13034379599603163
-0.002647647860884561
-0.06464003578883037
-0.05983064969141072
0.020446479141682516
-0.06638125688640528
-0.13034379599603163
0.04380656992791998
-0.05699148198311299
-0.060513028914405353
0.012299756912504733
-0.008416174423421019
0.04799414960212012
0.025649122658425227
0.0025784297617263974
-0.002647647860884561
-0.03997727574944321
0.062467374718552904
0.06316607709876365
0.0844852260058202
-0.002205271978588108
0.06569838178769771
0.039209693040964666
-0.08814864178677073
-0.0002868205956847447
-0.06464003578883037
0.007058852839625374
0.03443624877469453
0.0165919313161762
0.04333086414918519
0.0278028767684102
-0.007882998007099573
0.10109672394520075
-0.037433866920196124
0.05168531023255696
-0.03997727574944321
-0.07724758378448726
0.04606131559255999
-0.019514789449790015
0.005082074600808895
0.04790976101641675
0.10109672394520075
-0.03695834061658587
0.04606131559255999
-0.07724758378448726
0.020446479141682516
-0.0002868205956847447
0.006265799221320201
0.08176108754913614
-0.01956931117570271
0.01724199139330551
0.025649122658425227
-0.01956931117570271
0.07518071596092746
-0.013771885982464482
-0.049962429852048906
-0.0357902826629255
-0.03045002278091502
0.014780240742707562
-0.07075486294590672
-0.0002495311402075373
0.04823967565580034
0.02927401578257438
-0.08110299466350668
-0.07465345378649157
-0.04022536987465397
-0.0038562351615762935
-0.06258250876081561
-0.03133707462365809
0.04469322213864224
-0.07724758378448726
-0.02496648159475967
0.08176108754913614
0.003822387934753202
0.07382421435571018
0.1417808980890598
-0.004841918958801372
0.02714223291166995
0.07518071596092746
0.02714223291166995
0.04729149119249154
0.07382421435571018
-0.060513028914405353
0.06925574960452696
-0.0038562351615762935
0.056736527751481525
0.006746455834750975
0.11840346286310233
-0.07465345378649157
0.020567585268201682
0.037453479113841226
-0.0002868205956847447
0.01613403625846388
0.05198789125700998
-0.019514789449790015
-0.03270475340709922
0.07518071596092746
0.049538360788050184
0.01613403625846388
-0.06258250876081561
-0.049962429852048906
-0.08285893181375492
0.024801788304586125
-0.060513028914405353
0.0512476844333456
0.029794720012301212
0.05182100602750328
-0.038466866176760206
-0.03173275161671363
-0.01686722086916248
-0.03270475340709922
-0.01249170093178087
-0.022898889969576786
-0.0007657730469858848
-0.01956931117570271
-0.05129888770798985
-0.049962429852048906
0.0041948137923384365
-0.03563356684104946
0.020083040980136246
-0.010532567714866659
0.04135586741642605
0.04048653167530425
0.023560334148108097
-0.03045002278091502
0.04729149119249154
-0.10013006587302442
-0.012372140541780041
-0.0013205999854228878
0.04827168718050601
0.02708189422255458
-0.15702055781469149
0.04590352204112591
-0.012150300762606037
0.041840431302949455
-0.041376638974308655
0.012394543666532698
0.023560334148108097
-0.03520416182162833
0.028713620756199987
-0.03563356684104946
0.04135586741642605
-0.03997727574944321
