-0.0002495311402075373
-0.009357776553262198
0.0278028767684102
0.04469322213864224
-0.07212958518599066
-0.002647647860884561
0.04333086414918519
0.02520341309711238
-0.06720056781523276
-0.04466517994807795
-0.014438989348697362
0.011553574399841615
0.005173534568482907
0.04665297339942498
0.04790976101641675
0.020083040980136246
0.02714223291166995
-0.024170822975695394
-0.02862716582831837
0.056736527751481525
-0.05654058267968054
-0.1218059774124729
-0.05699148198311299
0.0276177252845331
-0.002647647860884561
-0.022898889969576786
0.03973066370480538
-0.007543661478351282
0.01661350063361855
-0.08110299466350668
-0.022368622754905587
-0.02496648159475967
0.04827168718050601
-0.038466866176760206
0.01661350063361855
-0.014438989348697362
0.0203593980283987
0.018593646962060006
-0.08126108737944548
-0.007720686875989813
-0.037433866920196124
-0.09432889171755221
0.11522232211929584
0.014471610315426986
0.04823967565580034
0.01724199139330551
0.018593646962060006
-0.0005187167995490682
-0.2546008091448053
0.04135586741642605
-0.05120330655862837
-0.027788545411032928
0.03863378364598535
0.012299756912504733
0.02714223291166995
-0.047644828679283435
-0.017242733713295877
-0.06258250876081561
-0.07465345378649157
-0.049962429852048906
0.08653619008305125
0.001954162314668828
-0.02243129284092049
0.019778644828504
-0.08110299466350668
-0.03695834061658587
-0.0489237727198617
-0.08143178414826124
0.07060672059698447
0.043334141200254805
-0.03133707462365809
-0.06053051312501001
-0.007720686875989813
0.045224792909892564
-0.041376638974308655
0.03208636570286316
0.012299756912504733
-0.06258250876081561
-0.17661184642248884
-0.018864353824572078
0.04606131559255999
-0.07414653786004877
-0.1218059774124729
-0.06638125688640528
0.012299756912504733
-0.008416174423421019
-0.05464289541014722
0.024801788304586125
0.08302714817478662
0.01613403625846388
0.07060672059698447
0.04606131559255999
-0.041376638974308655
-0.07075486294590672
0.006746455834750975
-0.022898889969576786
-0.05282848588680089
0.037453479113841226
0.06567138145123597
0.04380656992791998
0.08302714817478662
-0.03045002278091502
0.11522232211929584
-0.02375973362478856
-0.03917887174705115
-0.0007657730469858848
-0.018864353824572078
0.03208636570286316
0.039209693040964666
-0.007720686875989813
0.03994035520780326
0.047513051758585334
-0.0008948035361102669
-0.022368622754905587
-0.10819102148647719
-0.2546008091448053
0.04920879849315085
0.17000938109242547
-0.022898889969576786
0.08121523150568599
-0.027789787343500905
-0.04022536987465397
0.012390402416693647
0.015089270086424023
0.13204555949274965
0.008505479129739868
0.04827168718050601
0.05436809318039337
-0.03563356684104946
0.05425453554333082
-0.03997727574944321
-0.10013006587302442
-0.0002868205956847447
-0.002205271978588108
-0.03917887174705115
-0.005105231073404326
-0.12033949778566289
0.008665176454019985
0.06316607709876365
-0.027393577402978764
-0.07465345378649157
-0.08285893181375492
-0.06193714350214741
0.0022689688502968153
-0.010532567714866659
-0.014438989348697362
0.05182100602750328
-0.01844849936066506
0.034283772423341574
0.062467374718552904
0.0041948137923384365
0.08383912323474085
0.08632977574364098
-0.10819102148647719
0.06228267241298191
0.03643980545838055
0.08080248335888918
0.005082074600808895
-0.007543661478351282
-0.07724758378448726
0.04799414960212012
0.007058852839625374
-0.03563356684104946
-0.005105231073404326
-0.008416174423421019
-0.032340875642459466
0.037107507807760065
0.05799658946616226
-0.0038562351615762935
0.03208636570286316
0.0344322264021244
0.008665176454019985
0.01347000313241331
-0.019391257313081667
-0.08143178414826124
-0.032259158022980294
0.005082074600808895
-0.01686722086916248
-0.009357776553262198
0.04380656992791998
0.051344950513199095
-0.0038562351615762935
0.06569838178769771
0.04333086414918519
0.01699193585620762
0.02714223291166995
0.10240276235625068
-0.03997727574944321
0.08632977574364098
-0.07414653786004877
-0.060513028914405353
0.022821768641877682
0.026005039289207943
-0.0489237727198617
-0.014438989348697362
0.07382421435571018
-0.06258250876081561
-0.05416508205116166
0.0576314646823306
0.08176108754913614
-0.0007657730469858848
-0.049962429852048906
0.04391937482752173
-0.13034379599603163
-0.10013006587302442
0.06806350229329183
0.025524068456756588
0.04823967565580034
0.023560334148108097
-0.022898889969576786
0.017908695057996304
0.011999720455214913
0.04823967565580034
0.01661350063361855
-0.03520416182162833
-0.060513028914405353
0.024801788304586125
-0.012372140541780041
0.023512429278589764
-0.08814864178677073
-0.008416174423421019
-0.0851300246174862
0.037453479113841226
0.013109728048770641
0.05182100602750328
-0.047644828679283435
-0.022821982956040543
0.04729149119249154
-0.0002868205956847447
0.0344322264021244
0.06761705055254463
-0.060513028914405353
0.062467374718552904
-0.022898889969576786
0.041840431302949455
0.041840431302949455
-0.07212958518599066
0.01724199139330551
0.0165919313161762
0.030122729138618354
0.03994035520780326
0.014780240742707562
-0.03133707462365809
0.04048653167530425
0.0016709762031741349
0.03882682382156144
-0.022368622754905587
0.08105492908796386
0.030122729138618354
-0.0002868205956847447
-0.009588853389239205
-0.12033949778566289
0.0041948137923384365
0.028713620756199987
-0.2546008091448053
0.0278028767684102
0.03861575224405023
0.048059232237648075
-0.06464003578883037
0.014471610315426986
-0.09570667993071069
-0.09432889171755221
-0.08814864178677073
0.03643980545838055
-0.03997727574944321
0.001954162314668828
-0.05282848588680089
-0.019391257313081667
-0.1218059774124729
0.0512476844333456
-0.04126132556270612
-0.06053051312501001
0.020083040980136246
-0.013771885982464482
-0.0851300246174862
0.08759468040243501
0.0022689688502968153
0.05168531023255696
0.08105492908796386
-0.04126132556270612
0.04299886054755575
-0.06226621690008294
-0.08814864178677073
-0.06109953281700342
0.0016709762031741349
0.08799230776265521
0.06761705055254463
0.13204555949274965
0.01613403625846388
0.037107507807760065
-0.005818111085915234
0.05436809318039337
-0.12033949778566289
-0.07414653786004877
0.026458811902690726
0.02520341309711238
-0.009357776553262198
0.024801788304586125
-0.019391257313081667
