0.015089270086424023
0.026653357334457617
0.04827168718050601
0.01046829599036414
-0.0636718542421022
0.0344322264021244
-0.02496648159475967
0.045224792909892564
0.023560334148108097
0.05198789125700998
-0.021161035659430283
-0.0851300246174862
-0.10013006587302442
-0.1218059774124729
-0.06285634704832255
-0.019514789449790015
-0.13034379599603163
-0.011743957061684185
0.041840431302949455
-0.07892951287026762
-0.050143819123519506
0.026653357334457617
0.08759468040243501
-0.01686722086916248
0.019778644828504
-0.05586089089844393
0.0041948137923384365
-0.03563356684104946
-0.027462288324585415
0.01579928711915457
0.06316607709876365
-0.022368622754905587
0.013065356771912562
0.05425453554333082
-0.007543661478351282
0.0216176650818376
-0.007720686875989813
-0.09359820865597968
-0.004841918958801372
0.008665176454019985
0.04790976101641675
-0.0357902826629255
0.05182100602750328
-0.02243129284092049
0.08080248335888918
-0.06258250876081561
-0.0489237727198617
0.03973066370480538
0.0276177252845331
0.012394543666532698
-0.05416508205116166
0.030122729138618354
-0.009588853389239205
0.020083040980136246
-0.027789787343500905
0.01613403625846388
-0.0038562351615762935
-0.004841918958801372
0.06569838178769771
-0.032340875642459466
-0.01844849936066506
0.0688088340488946
0.06364954486786978
-0.07465345378649157
0.10240276235625068
-0.0636718542421022
0.06316607709876365
0.1417808980890598
-0.15702055781469149
-0.03695834061658587
0.039209693040964666
0.013065356771912562
0.012394543666532698
-0.03173275161671363
0.014780240742707562
0.028713620756199987
-0.03695834061658587
-0.009588853389239205
-0.009357776553262198
-0.007882998007099573
0.05198789125700998
0.012390402416693647
-0.07075486294590672
-0.021161035659430283
-0.13034379599603163
-0.004841918958801372
0.020446479141682516
-0.041376638974308655
-0.05699148198311299
0.07060672059698447
0.01716964896203166
-0.03045002278091502
-0.0849833488167917
-0.07075486294590672
0.01035787819304268
0.029794720012301212
-0.0008948035361102669
0.014780240742707562
-0.08110299466350668
-0.027789787343500905
0.06318283133468316
0.04299886054755575
-0.032259158022980294
0.04729149119249154
0.008665176454019985
-0.027788545411032928
-0.01956931117570271
-0.0011970474263076625
0.051344950513199095
-0.05120330655862837
0.012390402416693647
0.022194058573782982
0.03643980545838055
-0.03997727574944321
0.03443624877469453
0.007058852839625374
0.0461992712042818
0.04799414960212012
0.001954162314668828
-0.06226621690008294
0.1399333926158075
0.011999720455214913
-0.07075486294590672
-0.15702055781469149
0.0027859037974478085
0.014780240742707562
-0.06226621690008294
-0.03173275161671363
0.006265799221320201
0.022194058573782982
-0.007317237093852569
0.024801788304586125
-0.06285634704832255
0.08759468040243501
-0.03133707462365809
-0.01956931117570271
-0.06464003578883037
0.014780240742707562
-0.007543661478351282
-0.07414653786004877
0.04371378571481266
0.0515617796937029
-0.05282848588680089
-0.037433866920196124
-0.10819102148647719
0.012390402416693647
0.0016709762031741349
-0.01956931117570271
0.012299756912504733
-0.08678886069673908
-0.051670301345440706
0.05182100602750328
0.15300088602597928
0.08302714817478662
0.019778644828504
0.01035787819304268
0.08632977574364098
0.041840431302949455
-0.10013006587302442
-0.018864353824572078
-0.010532567714866659
-0.06285634704832255
-0.05129888770798985
0.08759468040243501
0.0025784297617263974
-0.0636718542421022
-0.028034859824940028
-0.07465345378649157
-0.007317237093852569
0.047513051758585334
-0.027788545411032928
-0.049962429852048906
-0.17661184642248884
-0.010532567714866659
-0.03997727574944321
-0.07414653786004877
0.01724199139330551
0.04135586741642605
0.01035787819304268
-0.009357776553262198
-0.011743957061684185
-0.019391257313081667
-0.06226621690008294
-0.0011970474263076625
0.0844852260058202
0.022821768641877682
0.0276177252845331
0.09718899306107964
-0.022348210496932808
-0.03520416182162833
0.02708189422255458
-0.02375973362478856
0.03861575224405023
-0.049962429852048906
-0.13034379599603163
-0.045496030668886966
-0.0007657730469858848
0.0844852260058202
0.039209693040964666
-0.05586089089844393
0.013040071944516285
-0.05586089089844393
-0.038466866176760206
0.024801788304586125
0.039209693040964666
-0.22146034456414654
-0.015144140805206874
0.06925574960452696
0.012390402416693647
0.06569838178769771
0.0576314646823306
0.06569838178769771
0.022821768641877682
0.02927401578257438
-0.007543661478351282
0.006746455834750975
-0.02862716582831837
0.011999720455214913
0.006746455834750975
-0.05654058267968054
-0.0357902826629255
0.013109728048770641
-0.008416174423421019
-0.037433866920196124
0.04729149119249154
-0.004841918958801372
0.0025784297617263974
0.012394543666532698
-0.021161035659430283
0.003822387934753202
0.04333086414918519
0.11840346286310233
-0.015144140805206874
0.02451643163530548
0.1417808980890598
-0.03045002278091502
-0.005105231073404326
-0.024170822975695394
-0.10013006587302442
-0.050143819123519506
-0.06053051312501001
-0.050143819123519506
0.04920879849315085
-0.0005187167995490682
0.029794720012301212
-0.027789787343500905
0.0461992712042818
0.0203593980283987
0.03882682382156144
0.06605801367827979
0.06925574960452696
-0.007882998007099573
-0.005105231073404326
-0.013771885982464482
0.0326533364262076
0.11840346286310233
0.003822387934753202
0.01716964896203166
-0.05699148198311299
-0.019391257313081667
0.04729149119249154
-0.05586089089844393
-0.0636718542421022
0.08759468040243501
0.013040071944516285
0.006265799221320201
0.031017376704207678
-0.01249170093178087
0.013065356771912562
-0.0849833488167917
-0.0357902826629255
0.1399333926158075
0.005173534568482907
0.011999720455214913
-0.05129888770798985
0.02432879134386301
0.024801788304586125
0.01724199139330551
0.04995452527457189
-0.013878349100881593
-0.06258250876081561
0.05799658946616226
0.07586149829868472
0.03973066370480538
-0.05699148198311299
0.04283497654615154
-0.03173275161671363
-0.09359820865597968
-0.03045002278091502
-0.007882998007099573
0.01579928711915457
-0.017136936568830308
-0.0357902826629255
0.13204555949274965
0.08302714817478662
-0.007543661478351282
-0.06464003578883037
-0.005818111085915234
0.0216176650818376
