0.05425453554333082
0.06925574960452696
0.012390402416693647
-0.0002868205956847447
0.0022689688502968153
-0.002647647860884561
0.04048653167530425
-0.027789787343500905
0.05182100602750328
0.0016709762031741349
-0.04466517994807795
-0.15702055781469149
0.006265799221320201
0.01347000313241331
-0.06720056781523276
0.09718899306107964
-0.03173275161671363
-0.011743957061684185
0.07586149829868472
-0.06226621690008294
-0.1218059774124729
-0.07892951287026762
0.06364954486786978
-0.0489237727198617
-0.0849833488167917
0.05182100602750328
0.05198789125700998
-0.06193714350214741
-0.06720056781523276
0.04590352204112591
-0.05654058267968054
0.04823967565580034
0.08383912323474085
0.06292625909621563
-0.09432889171755221
-0.021161035659430283
-0.02375973362478856
0.07382421435571018
-0.022368622754905587
-0.04022536987465397
0.019778644828504
-0.027462288324585415
0.008505479129739868
-0.005105231073404326
-0.08678886069673908
-0.05416508205116166
-0.012372140541780041
0.05436809318039337
-0.03045002278091502
-0.08678886069673908
0.08632977574364098
0.02714223291166995
0.15300088602597928
0.04590352204112591
-0.09570667993071069
0.029794720012301212
0.006265799221320201
-0.06109953281700342
0.01347000313241331
0.03973066370480538
0.11840346286310233
0.04371378571481266
-0.03133707462365809
0.07518071596092746
0.022821768641877682
0.03861575224405023
0.0025784297617263974
0.04135586741642605
0.11522232211929584
0.01724199139330551
0.05425453554333082
-0.028034859824940028
0.051344950513199095
-0.022898889969576786
0.0276177252845331
-0.22146034456414654
0.04590352204112591
0.01613403625846388
-0.022622356364218277
0.10240276235625068
-0.007720686875989813
-0.03173275161671363
0.02927401578257438
0.01046829599036414
0.013065356771912562
-0.05654058267968054
-0.09359820865597968
-0.022821982956040543
-0.015144140805206874
-0.02862716582831837
0.03994035520780326
0.0022689688502968153
0.04823967565580034
0.04590352204112591
-0.04022536987465397
0.020567585268201682
0.025722681761052968
0.08799230776265521
0.0512476844333456
0.04827168718050601
0.01579928711915457
0.10109672394520075
0.0576314646823306
-0.0008948035361102669
-0.022622356364218277
0.001954162314668828
0.11840346286310233
-0.09570667993071069
0.11522232211929584
-0.013878349100881593
-0.015144140805206874
0.06228267241298191
0.018593646962060006
0.08759468040243501
0.006746455834750975
-0.06226621690008294
-0.01249170093178087
-0.03173275161671363
0.04371378571481266
0.041840431302949455
0.06994395962703592
-0.017242733713295877
-0.007543661478351282
-0.022821982956040543
0.06994395962703592
0.006746455834750975
-0.047644828679283435
0.06925574960452696
0.01035787819304268
-0.015144140805206874
0.03882682382156144
0.0025784297617263974
0.06318283133468316
-0.015144140805206874
0.04729149119249154
0.03863378364598535
-0.007543661478351282
0.006265799221320201
-0.03695834061658587
0.013040071944516285
0.013040071944516285
-0.04022536987465397
-0.03173275161671363
0.04299886054755575
-0.060513028914405353
0.051344950513199095
0.04799414960212012
0.01046829599036414
-0.05983064969141072
-0.07892951287026762
0.01046829599036414
0.01035787819304268
0.03643980545838055
0.023512429278589764
0.10240276235625068
-0.09432889171755221
0.04790976101641675
-0.03917887174705115
-0.08814864178677073
-0.005105231073404326
0.04135586741642605
0.047513051758585334
0.13204555949274965
-0.03458770640829023
-0.019391257313081667
0.012299756912504733
-0.027462288324585415
0.04391937482752173
0.037453479113841226
-0.02496648159475967
0.06292625909621563
0.13204555949274965
0.08799230776265521
-0.047644828679283435
-0.0849833488167917
-0.01686722086916248
0.006143668794592827
0.02773636562208104
-0.0851300246174862
0.03861575224405023
0.013109728048770641
0.0022689688502968153
0.0461992712042818
-0.012372140541780041
-0.060513028914405353
0.030974972656109045
-0.022348210496932808
-0.02862716582831837
0.003822387934753202
0.08383912323474085
0.025524068456756588
0.025649122658425227
0.023560334148108097
0.026653357334457617
-0.019391257313081667
-0.010532567714866659
-0.05464289541014722
-0.013771885982464482
0.041840431302949455
0.05425453554333082
0.0203593980283987
-0.012372140541780041
-0.017136936568830308
0.04823967565580034
0.0278028767684102
0.06569838178769771
-0.005818111085915234
0.012390402416693647
-0.0007657730469858848
0.06605801367827979
-0.007720686875989813
-0.05983064969141072
-0.005105231073404326
0.04048653167530425
0.015089270086424023
0.024801788304586125
-0.08126108737944548
-0.06226621690008294
-0.03458770640829023
0.04729149119249154
0.0461992712042818
0.08121523150568599
-0.01686722086916248
-0.12033949778566289
0.07518071596092746
-0.012372140541780041
-0.02496648159475967
0.08732358904095427
-0.017242733713295877
-0.017136936568830308
0.012394543666532698
0.02451643163530548
0.001954162314668828
-0.05586089089844393
-0.009588853389239205
0.02432879134386301
-0.2546008091448053
0.023560334148108097
0.08121523150568599
0.04299886054755575
0.07586149829868472
0.15300088602597928
-0.050143819123519506
0.06364954486786978
-0.07075486294590672
0.04299886054755575
-0.06464003578883037
0.025649122658425227
-0.01249170093178087
-0.019391257313081667
-0.010204897362879883
0.01613403625846388
0.008505479129739868
0.017908695057996304
0.03973066370480538
-0.0851300246174862
-0.004841918958801372
-0.013771885982464482
0.08080248335888918
0.0216176650818376
0.024801788304586125
0.01579928711915457
0.026653357334457617
0.11840346286310233
0.04048653167530425
0.006265799221320201
-0.02375973362478856
0.05799658946616226
0.013040071944516285
-0.007882998007099573
0.06318283133468316
-0.02375973362478856
0.008505479129739868
-0.0357902826629255
-0.0002868205956847447
-0.0002868205956847447
-0.06053051312501001
0.08105492908796386
-0.05129888770798985
0.031017376704207678
0.018593646962060006
0.03443624877469453
0.039209693040964666
0.005082074600808895
-0.07075486294590672
0.11522232211929584
0.03994035520780326
-0.005818111085915234
0.05799658946616226
-0.051670301345440706
-0.1218059774124729
0.022821768641877682
0.04469322213864224
0.06994395962703592
-0.005105231073404326
-0.051670301345440706
0.039209693040964666
0.012390402416693647
-0.01249170093178087
