0.0022689688502968153
0.056736527751481525
0.02432879134386301
0.041840431302949455
-0.02375973362478856
0.04920879849315085
-0.06053051312501001
-0.011743957061684185
0.04790976101641675
0.02520341309711238
0.056736527751481525
0.023560334148108097
-0.012150300762606037
-0.08285893181375492
0.0025784297617263974
-0.05416508205116166
0.0844852260058202
0.019778644828504
-0.013771885982464482
-0.022821982956040543
0.04606131559255999
0.0326533364262076
0.014780240742707562
-0.0549153461639893
-0.07212958518599066
-0.08285893181375492
-0.06638125688640528
-0.12033949778566289
0.01613403625846388
0.012394543666532698
0.020083040980136246
0.08799230776265521
0.01046829599036414
-0.009357776553262198
0.0016709762031741349
-0.008416174423421019
0.026653357334457617
-0.009357776553262198
0.025722681761052968
-0.06464003578883037
-0.049962429852048906
-0.0002495311402075373
0.031017376704207678
0.04799414960212012
0.09718899306107964
0.06316607709876365
-0.0357902826629255
0.0512476844333456
0.08732358904095427
0.04823967565580034
-0.03270475340709922
0.05799658946616226
0.0576314646823306
-0.028034859824940028
-0.02862716582831837
-0.06638125688640528
0.0216176650818376
-0.027393577402978764
-0.06258250876081561
0.04135586741642605
0.014780240742707562
0.0276177252845331
0.003822387934753202
0.10240276235625068
0.020083040980136246
-0.010204897362879883
0.08121523150568599
-0.05282848588680089
-0.06226621690008294
-0.15702055781469149
0.01724199139330551
0.08632977574364098
0.01724199139330551
0.0326533364262076
-0.0013205999854228878
0.06925574960452696
-0.02375973362478856
-0.010532567714866659
0.0688088340488946
0.08105492908796386
-0.014438989348697362
0.023560334148108097
-0.06720056781523276
0.06316607709876365
-0.007720686875989813
0.020446479141682516
0.0041948137923384365
0.10109672394520075
0.03861575224405023
0.0216176650818376
-0.12033949778566289
0.022821768641877682
0.048059232237648075
-0.07414653786004877
0.08799230776265521
0.04299886054755575
-0.1218059774124729
0.06228267241298191
0.08383912323474085
0.029794720012301212
-0.05120330655862837
-0.07892951287026762
0.020446479141682516
-0.014438989348697362
-0.032340875642459466
0.0576314646823306
-0.03917887174705115
0.11522232211929584
-0.09432889171755221
-0.06258250876081561
-0.005105231073404326
0.02708189422255458
-0.03563356684104946
0.01035787819304268
-0.060513028914405353
-0.047644828679283435
0.031017376704207678
0.07382421435571018
0.1399333926158075
-0.04022536987465397
-0.06720056781523276
0.06316607709876365
0.04135586741642605
0.08759468040243501
0.014780240742707562
-0.027393577402978764
0.09718899306107964
-0.0636718542421022
0.056736527751481525
0.05436809318039337
-0.022368622754905587
0.028713620756199987
0.030122729138618354
-0.022368622754905587
-0.0002868205956847447
0.04920879849315085
0.07586149829868472
0.043334141200254805
0.05436809318039337
0.006746455834750975
-0.005105231073404326
0.15300088602597928
-0.007543661478351282
0.009856619194733796
-0.019514789449790015
0.022194058573782982
-0.03997727574944321
-0.022348210496932808
0.15300088602597928
-0.01956931117570271
-0.005105231073404326
0.03994035520780326
0.03863378364598535
0.04920879849315085
-0.10819102148647719
-0.04022536987465397
0.04790976101641675
0.02773636562208104
0.01579928711915457
-0.05654058267968054
0.031017376704207678
0.06806350229329183
0.049538360788050184
0.04920879849315085
0.024801788304586125
0.04333086414918519
0.023512429278589764
0.03882682382156144
-0.015144140805206874
-0.038466866176760206
0.045224792909892564
0.08732358904095427
0.05168531023255696
0.01716964896203166
0.07060672059698447
-0.08126108737944548
0.012394543666532698
-0.0011970474263076625
0.13204555949274965
0.04995452527457189
-0.019514789449790015
0.008505479129739868
-0.05129888770798985
-0.06464003578883037
-0.22146034456414654
0.1417808980890598
-0.01956931117570271
0.018593646962060006
-0.022622356364218277
-0.05120330655862837
-0.009588853389239205
-0.014438989348697362
0.008505479129739868
-0.037433866920196124
0.08080248335888918
0.06567138145123597
0.025722681761052968
0.04729149119249154
0.04048653167530425
-0.017136936568830308
-0.022898889969576786
-0.007720686875989813
0.023560334148108097
0.008665176454019985
0.0344322264021244
0.05168531023255696
0.17000938109242547
0.10240276235625068
0.03973066370480538
0.01035787819304268
0.03861575224405023
0.06806350229329183
0.04606131559255999
0.01661350063361855
-0.03270475340709922
0.011553574399841615
0.03643980545838055
0.01661350063361855
0.08080248335888918
-0.03133707462365809
-0.012372140541780041
-0.015144140805206874
0.023512429278589764
0.04606131559255999
0.0216176650818376
0.05425453554333082
0.0016709762031741349
-0.012150300762606037
0.026653357334457617
0.006265799221320201
-0.06638125688640528
-0.019391257313081667
0.04299886054755575
-0.036421638107813514
-0.0489237727198617
0.013040071944516285
0.056736527751481525
0.037107507807760065
-0.0849833488167917
0.012390402416693647
0.056736527751481525
0.08121523150568599
-0.15702055781469149
0.006746455834750975
-0.005105231073404326
0.0216176650818376
0.005082074600808895
-0.005818111085915234
-0.032259158022980294
0.02714223291166995
-0.017136936568830308
0.02927401578257438
0.007058852839625374
-0.06720056781523276
0.17000938109242547
0.11840346286310233
-0.06720056781523276
-0.012150300762606037
0.01716964896203166
-0.022622356364218277
0.04823967565580034
-0.005818111085915234
-0.022348210496932808
0.06292625909621563
0.0165919313161762
0.05198789125700998
0.06567138145123597
-0.03173275161671363
0.02520341309711238
0.015089270086424023
0.06994395962703592
0.01035787819304268
0.0165919313161762
0.17000938109242547
-0.036421638107813514
-0.019514789449790015
0.05436809318039337
0.049538360788050184
0.08732358904095427
0.01716964896203166
0.007058852839625374
-0.04022536987465397
-0.12033949778566289
0.06605801367827979
-0.03270475340709922
0.020567585268201682
-0.005818111085915234
0.012390402416693647
-0.0851300246174862
0.1399333926158075
-0.0636718542421022
0.08302714817478662
-0.15702055781469149
-0.03045002278091502
0.043334141200254805
-0.007882998007099573
-0.0002495311402075373
0.08759468040243501
-0.010204897362879883
