-0.05129888770798985
0.06925574960452696
-0.017136936568830308
-0.05416508205116166
-0.01686722086916248
-0.01249170093178087
0.0041948137923384365
0.012394543666532698
0.019778644828504
0.048059232237648075
-0.0007657730469858848
-0.17661184642248884
-0.03133707462365809
0.07060672059698447
0.10109672394520075
-0.05586089089844393
-0.037433866920196124
0.04823967565580034
0.06567138145123597
0.01716964896203166
0.03973066370480538
0.019778644828504
0.056736527751481525
-0.0002495311402075373
0.04380656992791998
-0.07724758378448726
0.0344322264021244
0.11840346286310233
-0.013771885982464482
0.04590352204112591
0.005082074600808895
-0.05129888770798985
0.0461992712042818
-0.06638125688640528
0.0278028767684102
-0.0636718542421022
0.02520341309711238
-0.07414653786004877
-0.007882998007099573
0.01347000313241331
-0.013878349100881593
0.06605801367827979
-0.002647647860884561
0.026653357334457617
0.0016709762031741349
0.003822387934753202
-0.05120330655862837
-0.02862716582831837
0.06316607709876365
0.013109728048770641
-0.09432889171755221
-0.005818111085915234
0.013040071944516285
0.029794720012301212
0.0844852260058202
0.030122729138618354
-0.0489237727198617
0.0165919313161762
-0.03520416182162833
0.008665176454019985
0.06994395962703592
0.03443624877469453
0.0216176650818376
-0.019391257313081667
0.056736527751481525
0.06318283133468316
0.02714223291166995
0.08105492908796386
-0.05120330655862837
-0.08721982612879486
0.007058852839625374
0.012394543666532698
0.062467374718552904
-0.0849833488167917
-0.12033949778566289
0.0027859037974478085
-0.019514789449790015
0.041840431302949455
-0.022348210496932808
-0.05586089089844393
-0.028034859824940028
0.04827168718050601
0.04823967565580034
0.018593646962060006
0.06569838178769771
0.08632977574364098
0.06925574960452696
-0.01956931117570271
0.039209693040964666
0.07060672059698447
0.011553574399841615
-0.05699148198311299
0.037107507807760065
0.003822387934753202
-0.04466517994807795
-0.0851300246174862
0.026458811902690726
0.0461992712042818
0.11522232211929584
0.018593646962060006
0.07518071596092746
0.02708189422255458
0.01579928711915457
0.023512429278589764
0.04729149119249154
0.06228267241298191
0.10109672394520075
0.06567138145123597
-0.03133707462365809
-0.07724758378448726
-0.03173275161671363
0.08080248335888918
0.007058852839625374
0.04283497654615154
0.047513051758585334
-0.0849833488167917
-0.038466866176760206
0.08105492908796386
0.0326533364262076
0.015089270086424023
0.020083040980136246
-0.03520416182162833
0.0515617796937029
-0.22146034456414654
-0.10819102148647719
-0.015144140805206874
0.01699193585620762
-0.0549153461639893
-0.009588853389239205
0.0027859037974478085
-0.022898889969576786
-0.0013205999854228878
-0.010204897362879883
0.05425453554333082
0.11840346286310233
-0.022368622754905587
-0.09570667993071069
-0.03270475340709922
-0.019391257313081667
0.05182100602750328
0.0344322264021244
0.11522232211929584
0.039209693040964666
0.03994035520780326
-0.03270475340709922
0.03208636570286316
0.13204555949274965
0.0326533364262076
0.04299886054755575
0.01347000313241331
-0.013878349100881593
-0.03563356684104946
0.04665297339942498
0.023512429278589764
0.08799230776265521
0.08653619008305125
-0.04022536987465397
0.0844852260058202
-0.022898889969576786
0.03994035520780326
0.013065356771912562
0.11522232211929584
0.0326533364262076
-0.10013006587302442
-0.037433866920196124
0.06925574960452696
-0.007543661478351282
0.02520341309711238
-0.0849833488167917
-0.06258250876081561
0.015089270086424023
0.04827168718050601
-0.03563356684104946
0.026653357334457617
-0.0002868205956847447
-0.06053051312501001
0.049538360788050184
0.009856619194733796
-0.004841918958801372
-0.045496030668886966
0.022194058573782982
0.026005039289207943
0.024801788304586125
-0.007317237093852569
0.06567138145123597
-0.13034379599603163
-0.002647647860884561
0.034283772423341574
0.11522232211929584
0.04380656992791998
0.03994035520780326
-0.04466517994807795
0.02927401578257438
0.0203593980283987
0.08121523150568599
-0.022821982956040543
-0.028034859824940028
-0.007317237093852569
0.06364954486786978
-0.03563356684104946
-0.027789787343500905
-0.1218059774124729
0.0027859037974478085
0.07382421435571018
-0.013878349100881593
-0.03695834061658587
-0.12033949778566289
0.01613403625846388
0.0844852260058202
-0.0636718542421022
0.041840431302949455
-0.007543661478351282
0.026005039289207943
0.001954162314668828
-0.07075486294590672
0.012390402416693647
0.08799230776265521
0.03882682382156144
-0.10819102148647719
0.08105492908796386
-0.019391257313081667
0.08632977574364098
0.0576314646823306
-0.01844849936066506
0.0844852260058202
0.0203593980283987
-0.024170822975695394
0.001954162314668828
0.056736527751481525
-0.12033949778566289
0.039209693040964666
0.06318283133468316
-0.019514789449790015
-0.09432889171755221
0.0688088340488946
0.02432879134386301
-0.0549153461639893
0.05182100602750328
0.04333086414918519
0.008665176454019985
0.001954162314668828
-0.01956931117570271
0.0688088340488946
-0.013771885982464482
-0.024170822975695394
-0.04466517994807795
0.029794720012301212
0.05436809318039337
-0.002647647860884561
-0.007720686875989813
0.0344322264021244
0.06228267241298191
-0.028034859824940028
-0.027789787343500905
0.03973066370480538
-0.007317237093852569
0.026005039289207943
0.006143668794592827
0.025649122658425227
0.06364954486786978
0.1399333926158075
0.003822387934753202
-0.022898889969576786
-0.019391257313081667
-0.050143819123519506
0.08121523150568599
-0.05699148198311299
0.04048653167530425
0.02520341309711238
-0.041376638974308655
0.012299756912504733
0.06292625909621563
0.04299886054755575
-0.15702055781469149
-0.05120330655862837
-0.02243129284092049
0.026005039289207943
-0.051670301345440706
0.08732358904095427
-0.008416174423421019
0.04333086414918519
0.01724199139330551
-0.010532567714866659
-0.045496030668886966
-0.005105231073404326
-0.10819102148647719
-0.06464003578883037
0.06569838178769771
-0.005818111085915234
-0.17661184642248884
0.0027859037974478085
-0.06226621690008294
0.0027859037974478085
-0.004841918958801372
0.02708189422255458
-0.08110299466350668
-0.032259158022980294
-0.05699148198311299
0.04299886054755575
