-0.1218059774124729
0.04391937482752173
0.05425453554333082
-0.07892951287026762
-0.051670301345440706
-0.002205271978588108
0.03973066370480538
0.006265799221320201
0.0165919313161762
-0.02243129284092049
-0.03997727574944321
0.06994395962703592
0.01579928711915457
0.01613403625846388
0.04827168718050601
-0.022821982956040543
-0.07075486294590672
-0.06720056781523276
-0.06226621690008294
0.04606131559255999
0.04048653167530425
-0.08285893181375492
0.04606131559255999
-0.2546008091448053
0.06316607709876365
0.06364954486786978
0.0203593980283987
0.06994395962703592
0.005082074600808895
-0.03520416182162833
0.022821768641877682
-0.005818111085915234
-0.0011970474263076625
0.02927401578257438
-0.03133707462365809
0.0165919313161762
-0.07465345378649157
0.02520341309711238
0.10240276235625068
-0.005818111085915234
-0.08143178414826124
-0.012372140541780041
-0.050143819123519506
-0.06109953281700342
-0.014438989348697362
-0.06720056781523276
0.06316607709876365
-0.019391257313081667
-0.03917887174705115
-0.06109953281700342
0.04729149119249154
0.01613403625846388
0.06318283133468316
-0.05699148198311299
-0.13034379599603163
0.022194058573782982
0.062467374718552904
0.0165919313161762
-0.008416174423421019
0.0216176650818376
-0.017242733713295877
0.04371378571481266
0.01613403625846388
-0.0038562351615762935
0.003822387934753202
0.022821768641877682
-0.09359820865597968
-0.06053051312501001
-0.05699148198311299
-0.0008948035361102669
0.08653619008305125
-0.05282848588680089
0.06292625909621563
-0.04022536987465397
0.045224792909892564
0.006143668794592827
0.04469322213864224
-0.06193714350214741
-0.07465345378649157
0.08121523150568599
0.01579928711915457
-0.02496648159475967
0.037107507807760065
-0.022368622754905587
-0.022348210496932808
-0.22146034456414654
-0.027462288324585415
-0.10819102148647719
-0.007338419158481102
-0.05654058267968054
0.06605801367827979
0.012390402416693647
0.01579928711915457
-0.03045002278091502
-0.007720686875989813
0.08632977574364098
-0.03270475340709922
0.06228267241298191
0.04920879849315085
0.08302714817478662
-0.027393577402978764
0.022194058573782982
0.08383912323474085
-0.06464003578883037
0.08653619008305125
0.006143668794592827
-0.017136936568830308
-0.05120330655862837
-0.037433866920196124
-0.08678886069673908
0.06228267241298191
-0.014438989348697362
-0.0007657730469858848
-0.024170822975695394
0.020083040980136246
-0.1218059774124729
-0.03045002278091502
0.013040071944516285
0.014471610315426986
0.028713620756199987
-0.17661184642248884
-0.017136936568830308
-0.08285893181375492
0.08121523150568599
0.030974972656109045
-0.02862716582831837
-0.05120330655862837
0.01661350063361855
-0.03270475340709922
-0.0851300246174862
0.030122729138618354
-0.007338419158481102
-0.15702055781469149
0.08302714817478662
-0.03045002278091502
0.020446479141682516
-0.0002495311402075373
-0.01249170093178087
-0.05129888770798985
0.001954162314668828
-0.0636718542421022
-0.0851300246174862
0.04920879849315085
-0.02375973362478856
-0.038466866176760206
-0.06193714350214741
0.005173534568482907
-0.010532567714866659
0.041840431302949455
0.13204555949274965
-0.0002495311402075373
0.03443624877469453
-0.04466517994807795
0.0276177252845331
-0.008416174423421019
0.0278028767684102
0.034283772423341574
0.023560334148108097
0.013065356771912562
0.037453479113841226
0.05198789125700998
-0.024170822975695394
0.043334141200254805
0.037107507807760065
0.06292625909621563
0.06569838178769771
-0.027789787343500905
0.024801788304586125
0.025722681761052968
-0.07414653786004877
-0.032259158022980294
-0.05983064969141072
0.025524068456756588
0.03994035520780326
0.01661350063361855
0.037453479113841226
-0.06258250876081561
0.037107507807760065
-0.0038562351615762935
0.062467374718552904
-0.04022536987465397
-0.009588853389239205
-0.04126132556270612
-0.22146034456414654
-0.05129888770798985
0.031017376704207678
0.02708189422255458
0.08799230776265521
-0.004841918958801372
-0.028034859824940028
0.01613403625846388
-0.013771885982464482
0.0278028767684102
0.01046829599036414
-0.027789787343500905
0.03643980545838055
0.04299886054755575
0.05436809318039337
-0.002205271978588108
-0.03045002278091502
0.15300088602597928
0.03882682382156144
0.1399333926158075
0.08632977574364098
0.008665176454019985
0.08653619008305125
0.02927401578257438
0.037107507807760065
-0.06258250876081561
0.04606131559255999
-0.022348210496932808
-0.011743957061684185
-0.01249170093178087
0.018593646962060006
0.019778644828504
-0.050143819123519506
-0.007338419158481102
0.08732358904095427
-0.06226621690008294
-0.06193714350214741
0.06994395962703592
0.01347000313241331
0.03643980545838055
0.0326533364262076
0.02927401578257438
-0.005105231073404326
0.05425453554333082
-0.022821982956040543
-0.007882998007099573
0.03643980545838055
0.009856619194733796
-0.03133707462365809
-0.06464003578883037
0.04790976101641675
0.05436809318039337
-0.01956931117570271
0.023560334148108097
0.041840431302949455
0.009856619194733796
0.06569838178769771
0.07060672059698447
0.04299886054755575
0.05198789125700998
-0.07075486294590672
0.001954162314668828
0.026653357334457617
0.006746455834750975
0.007058852839625374
0.0326533364262076
-0.03458770640829023
-0.06258250876081561
-0.027393577402978764
0.0165919313161762
-0.019391257313081667
0.020567585268201682
0.026005039289207943
-0.03133707462365809
-0.022898889969576786
-0.02375973362478856
0.01613403625846388
-0.05654058267968054
-0.0002868205956847447
-0.007338419158481102
-0.08721982612879486
-0.03270475340709922
-0.01844849936066506
-0.01956931117570271
0.0515617796937029
0.10109672394520075
-0.05586089089844393
-0.12033949778566289
-0.008416174423421019
0.01579928711915457
0.07382421435571018
0.031017376704207678
-0.007882998007099573
-0.019514789449790015
-0.028034859824940028
-0.03458770640829023
0.03973066370480538
0.08653619008305125
0.01613403625846388
-0.028034859824940028
0.1399333926158075
0.04380656992791998
-0.050143819123519506
0.0461992712042818
0.034283772423341574
0.05425453554333082
0.013065356771912562
0.01613403625846388
-0.13034379599603163
-0.022821982956040543
0.08383912323474085
-0.050143819123519506
-0.05699148198311299
-0.049962429852048906
-0.007543661478351282
0.05425453554333082
