-0.005818111085915234
0.025524068456756588
0.0461992712042818
0.05198789125700998
0.03861575224405023
0.0016709762031741349
0.008665176454019985
0.08383912323474085
-0.03133707462365809
0.024801788304586125
0.024801788304586125
0.008505479129739868
0.06994395962703592
0.025649122658425227
0.05425453554333082
-0.06226621690008294
-0.06720056781523276
0.03863378364598535
0.07382421435571018
0.037453479113841226
0.01046829599036414
0.06318283133468316
0.11522232211929584
0.02773636562208104
-0.010532567714866659
-0.05464289541014722
-0.1218059774124729
-0.027393577402978764
0.11522232211929584
-0.02496648159475967
-0.06109953281700342
-0.002647647860884561
-0.06285634704832255
0.0022689688502968153
0.04135586741642605
-0.0002495311402075373
-0.060513028914405353
0.045224792909892564
0.08383912323474085
0.0344322264021244
0.013109728048770641
-0.03917887174705115
0.006143668794592827
-0.05654058267968054
0.015089270086424023
0.07518071596092746
0.01579928711915457
0.019778644828504
0.02927401578257438
0.0688088340488946
0.01579928711915457
-0.028034859824940028
-0.08110299466350668
0.03643980545838055
-0.0849833488167917
0.03443624877469453
-0.08126108737944548
-0.021161035659430283
-0.05464289541014722
-0.007720686875989813
-0.17661184642248884
-0.06638125688640528
0.0027859037974478085
-0.022348210496932808
0.08105492908796386
0.0027859037974478085
0.04590352204112591
-0.007882998007099573
0.07060672059698447
-0.027462288324585415
0.023560334148108097
-0.047644828679283435
0.030974972656109045
0.04995452527457189
0.04995452527457189
0.056736527751481525
0.037453479113841226
0.045224792909892564
-0.0008948035361102669
0.001954162314668828
0.0688088340488946
-0.05983064969141072
-0.047644828679283435
-0.019391257313081667
-0.01844849936066506
0.0515617796937029
0.02451643163530548
0.10109672394520075
-0.0002495311402075373
-0.06193714350214741
0.019778644828504
0.01724199139330551
0.04799414960212012
-0.02375973362478856
0.08632977574364098
-0.036421638107813514
0.06567138145123597
-0.02375973362478856
-0.049962429852048906
0.0165919313161762
-0.041376638974308655
-0.03563356684104946
-0.05129888770798985
0.031017376704207678
0.0461992712042818
0.011553574399841615
0.014471610315426986
-0.022348210496932808
0.10240276235625068
0.04371378571481266
-0.013771885982464482
0.0027859037974478085
0.01579928711915457
0.06994395962703592
0.04790976101641675
0.03973066370480538
0.09718899306107964
-0.07075486294590672
-0.051670301345440706
0.07518071596092746
0.02714223291166995
-0.017242733713295877
0.011999720455214913
0.06806350229329183
0.030122729138618354
0.08383912323474085
0.04665297339942498
0.041840431302949455
0.0326533364262076
-0.03563356684104946
0.005082074600808895
0.026458811902690726
0.024801788304586125
-0.05699148198311299
-0.01249170093178087
-0.1218059774124729
-0.017136936568830308
0.014471610315426986
-0.08126108737944548
-0.047644828679283435
-0.009588853389239205
-0.06226621690008294
0.02520341309711238
0.025649122658425227
-0.009588853389239205
0.06318283133468316
-0.045496030668886966
-0.07465345378649157
0.04799414960212012
0.006746455834750975
-0.06638125688640528
0.01699193585620762
0.047513051758585334
0.05168531023255696
0.0216176650818376
-0.022348210496932808
0.012390402416693647
0.02451643163530548
0.11840346286310233
0.02714223291166995
-0.036421638107813514
-0.06109953281700342
-0.0636718542421022
0.05425453554333082
-0.06285634704832255
0.005082074600808895
0.13480548385110502
0.012299756912504733
0.06925574960452696
0.020567585268201682
0.01579928711915457
0.02432879134386301
-0.0002868205956847447
-0.022898889969576786
0.10109672394520075
0.020567585268201682
0.04380656992791998
-0.010532567714866659
0.04823967565580034
-0.08143178414826124
-0.007720686875989813
0.06925574960452696
0.012390402416693647
0.01046829599036414
0.008665176454019985
0.06318283133468316
0.006265799221320201
0.012390402416693647
0.0512476844333456
-0.01249170093178087
0.025722681761052968
0.04333086414918519
0.0576314646823306
-0.002205271978588108
-0.004841918958801372
0.04729149119249154
-0.017242733713295877
-0.0357902826629255
0.06567138145123597
-0.02496648159475967
-0.019514789449790015
-0.02243129284092049
0.025524068456756588
0.08302714817478662
-0.06053051312501001
0.01579928711915457
-0.03520416182162833
0.04665297339942498
-0.0002495311402075373
-0.017136936568830308
0.04299886054755575
0.01661350063361855
0.06567138145123597
0.029794720012301212
-0.08143178414826124
0.07060672059698447
0.05168531023255696
-0.005105231073404326
-0.008416174423421019
-0.05699148198311299
0.043334141200254805
0.04391937482752173
-0.0013205999854228878
-0.10013006587302442
0.023560334148108097
0.026005039289207943
0.006746455834750975
0.08799230776265521
0.04391937482752173
0.05799658946616226
0.011553574399841615
0.037453479113841226
0.08383912323474085
-0.0005187167995490682
0.056736527751481525
-0.05586089089844393
-0.08126108737944548
-0.027788545411032928
-0.09359820865597968
0.0278028767684102
-0.03997727574944321
0.045224792909892564
0.0512476844333456
0.01347000313241331
-0.04126132556270612
0.02927401578257438
0.024801788304586125
-0.2546008091448053
-0.010204897362879883
-0.022368622754905587
-0.07724758378448726
-0.009588853389239205
-0.050143819123519506
-0.0008948035361102669
0.01347000313241331
0.062467374718552904
-0.07892951287026762
0.037453479113841226
0.08759468040243501
0.04920879849315085
-0.013878349100881593
0.15300088602597928
0.026005039289207943
0.003822387934753202
0.020083040980136246
-0.01249170093178087
-0.03563356684104946
0.01579928711915457
-0.032340875642459466
0.037107507807760065
-0.02496648159475967
-0.0005187167995490682
-0.0011970474263076625
-0.06638125688640528
0.013040071944516285
-0.012150300762606037
0.014471610315426986
-0.009357776553262198
0.018593646962060006
-0.012372140541780041
0.03863378364598535
-0.0636718542421022
0.05168531023255696
0.06364954486786978
-0.041376638974308655
-0.032259158022980294
-0.002647647860884561
0.005082074600808895
-0.03270475340709922
0.04391937482752173
-0.008416174423421019
0.0016709762031741349
0.028713620756199987
-0.013771885982464482
-0.032259158022980294
-0.09359820865597968
0.013065356771912562
-0.038466866176760206
-0.17661184642248884
