0.047513051758585334
0.05436809318039337
-0.017242733713295877
-0.03997727574944321
-0.013771885982464482
-0.2546008091448053
0.01579928711915457
0.008665176454019985
0.062467374718552904
0.0344322264021244
-0.0489237727198617
0.0688088340488946
0.017908695057996304
0.022821768641877682
0.04790976101641675
0.05198789125700998
0.06228267241298191
0.13480548385110502
-0.09570667993071069
-0.024170822975695394
-0.07212958518599066
0.04590352204112591
-0.05282848588680089
-0.050143819123519506
0.0278028767684102
-0.0357902826629255
0.030122729138618354
-0.1218059774124729
0.03443624877469453
-0.022821982956040543
0.1417808980890598
0.08302714817478662
0.08105492908796386
-0.17661184642248884
-0.17661184642248884
-0.011743957061684185
-0.0849833488167917
0.01046829599036414
-0.07075486294590672
0.05168531023255696
0.014780240742707562
0.029794720012301212
0.04790976101641675
0.028713620756199987
-0.05654058267968054
0.04469322213864224
-0.10013006587302442
-0.03695834061658587
0.009856619194733796
-0.08814864178677073
-0.08678886069673908
0.0041948137923384365
0.0041948137923384365
-0.01249170093178087
0.15300088602597928
0.0216176650818376
0.0688088340488946
0.011553574399841615
0.037453479113841226
0.02773636562208104
-0.0849833488167917
-0.03917887174705115
-0.010532567714866659
0.04371378571481266
-0.022898889969576786
-0.03133707462365809
-0.012150300762606037
0.051344950513199095
0.1417808980890598
0.030122729138618354
-0.04126132556270612
-0.17661184642248884
0.020446479141682516
-0.05699148198311299
0.039209693040964666
-0.002205271978588108
-0.03270475340709922
-0.09570667993071069
0.08080248335888918
0.012390402416693647
-0.0007657730469858848
0.02773636562208104
0.03443624877469453
0.02927401578257438
-0.0013205999854228878
-0.036421638107813514
0.018593646962060006
-0.07892951287026762
0.011999720455214913
0.10109672394520075
0.03861575224405023
0.04995452527457189
0.06228267241298191
-0.03695834061658587
0.05436809318039337
0.03643980545838055
0.030974972656109045
0.0326533364262076
0.006746455834750975
-0.002647647860884561
-0.10819102148647719
-0.06285634704832255
-0.17661184642248884
0.0022689688502968153
0.04799414960212012
0.06925574960452696
-0.050143819123519506
0.031017376704207678
-0.007317237093852569
0.06292625909621563
-0.04466517994807795
0.018593646962060006
-0.05699148198311299
-0.04022536987465397
-0.05464289541014722
0.04799414960212012
-0.0851300246174862
0.019778644828504
-0.049962429852048906
-0.03458770640829023
0.04790976101641675
0.01035787819304268
-0.0005187167995490682
-0.0002868205956847447
0.04665297339942498
0.01035787819304268
-0.041376638974308655
-0.03563356684104946
0.013109728048770641
-0.03045002278091502
-0.011743957061684185
0.018593646962060006
-0.03458770640829023
-0.022368622754905587
-0.07892951287026762
-0.022348210496932808
-0.0636718542421022
-0.01249170093178087
0.013040071944516285
0.03443624877469453
0.013065356771912562
0.06292625909621563
0.03861575224405023
0.06806350229329183
-0.03173275161671363
0.020567585268201682
0.045224792909892564
0.13480548385110502
-0.06638125688640528
0.051344950513199095
-0.0005187167995490682
0.006265799221320201
-0.0851300246174862
-0.07724758378448726
-0.036421638107813514
0.015089270086424023
0.0278028767684102
0.05198789125700998
0.13480548385110502
0.026005039289207943
0.08176108754913614
-0.03563356684104946
0.07518071596092746
0.062467374718552904
0.023512429278589764
0.04995452527457189
0.03882682382156144
0.07382421435571018
-0.007317237093852569
-0.04126132556270612
0.04299886054755575
-0.01249170093178087
-0.013878349100881593
0.03208636570286316
0.037453479113841226
-0.049962429852048906
-0.07465345378649157
-0.03173275161671363
0.04333086414918519
0.025722681761052968
0.08759468040243501
0.012394543666532698
-0.07724758378448726
0.06994395962703592
0.09718899306107964
0.0016709762031741349
0.08653619008305125
-0.01956931117570271
0.01699193585620762
-0.0849833488167917
-0.021161035659430283
0.03861575224405023
0.008505479129739868
-0.011743957061684185
0.11522232211929584
-0.06464003578883037
0.02451643163530548
0.029794720012301212
0.019778644828504
-0.005818111085915234
-0.0489237727198617
-0.0011970474263076625
-0.06193714350214741
0.0326533364262076
-0.022622356364218277
0.049538360788050184
0.06364954486786978
-0.06193714350214741
0.0025784297617263974
-0.010532567714866659
0.04469322213864224
-0.06053051312501001
-0.004841918958801372
-0.04466517994807795
-0.07414653786004877
0.056736527751481525
0.037453479113841226
-0.03997727574944321
0.011999720455214913
-0.027788545411032928
0.02451643163530548
0.011553574399841615
0.019778644828504
0.005173534568482907
-0.05464289541014722
-0.05699148198311299
0.04469322213864224
0.012299756912504733
-0.012150300762606037
0.05799658946616226
0.04391937482752173
0.08080248335888918
0.056736527751481525
-0.019391257313081667
-0.08110299466350668
0.08653619008305125
-0.03917887174705115
-0.011743957061684185
0.0203593980283987
0.08632977574364098
-0.05983064969141072
0.04391937482752173
0.0203593980283987
-0.06193714350214741
-0.005105231073404326
-0.17661184642248884
0.04333086414918519
0.04995452527457189
0.0022689688502968153
-0.03997727574944321
-0.037433866920196124
-0.009588853389239205
-0.10819102148647719
0.03994035520780326
0.048059232237648075
-0.2546008091448053
0.01699193585620762
-0.0357902826629255
0.011553574399841615
0.02432879134386301
-0.03563356684104946
0.03861575224405023
0.04590352204112591
0.04790976101641675
-0.06053051312501001
0.08732358904095427
0.023512429278589764
0.025722681761052968
-0.05282848588680089
-0.0008948035361102669
0.020083040980136246
0.048059232237648075
-0.08126108737944548
-0.019514789449790015
0.08632977574364098
-0.047644828679283435
0.012390402416693647
0.08080248335888918
-0.03133707462365809
-0.0005187167995490682
0.001954162314668828
0.0165919313161762
0.08759468040243501
0.05799658946616226
-0.019391257313081667
0.0016709762031741349
0.11522232211929584
0.1417808980890598
0.019778644828504
-0.09432889171755221
0.08105492908796386
-0.05983064969141072
0.03443624877469453
0.020567585268201682
-0.09570667993071069
0.006746455834750975
0.031017376704207678
0.01699193585620762
0.01716964896203166
