-0.05983064969141072
0.05198789125700998
-0.06226621690008294
-0.02496648159475967
0.013065356771912562
0.007058852839625374
0.037453479113841226
0.03882682382156144
0.018593646962060006
0.08732358904095427
-0.06720056781523276
0.11840346286310233
0.04790976101641675
0.020567585268201682
0.03994035520780326
-0.06720056781523276
0.0688088340488946
-0.018864353824572078
0.01661350063361855
0.02451643163530548
-0.027788545411032928
0.01699193585620762
-0.011743957061684185
0.011553574399841615
0.013040071944516285
0.06318283133468316
0.05425453554333082
0.025649122658425227
0.048059232237648075
-0.007720686875989813
-0.06109953281700342
0.0203593980283987
-0.08285893181375492
-0.0549153461639893
0.012394543666532698
0.04827168718050601
-0.02862716582831837
0.06761705055254463
0.0216176650818376
-0.02375973362478856
-0.15702055781469149
0.0461992712042818
-0.007543661478351282
-0.0357902826629255
0.03861575224405023
-0.038466866176760206
-0.009588853389239205
0.048059232237648075
0.0461992712042818
-0.08143178414826124
0.04590352204112591
-0.008416174423421019
0.007058852839625374
0.06569838178769771
0.0203593980283987
-0.010204897362879883
0.034283772423341574
0.013065356771912562
0.020567585268201682
-0.0357902826629255
0.008665176454019985
-0.0549153461639893
-0.04466517994807795
0.0278028767684102
-0.1218059774124729
-0.05416508205116166
0.005082074600808895
0.005173534568482907
-0.12033949778566289
-0.03458770640829023
0.007058852839625374
-0.0011970474263076625
0.08121523150568599
-0.002205271978588108
0.056736527751481525
0.06761705055254463
0.019778644828504
0.051344950513199095
-0.04466517994807795
0.026458811902690726
-0.01956931117570271
-0.010532567714866659
-0.06638125688640528
0.04380656992791998
0.013109728048770641
-0.09432889171755221
-0.010204897362879883
0.06567138145123597
-0.05654058267968054
0.015089270086424023
-0.013771885982464482
0.08302714817478662
-0.0005187167995490682
-0.007543661478351282
-0.017136936568830308
-0.015144140805206874
0.011553574399841615
0.1417808980890598
0.02520341309711238
0.0688088340488946
-0.08285893181375492
0.0022689688502968153
0.04606131559255999
0.06228267241298191
-0.009588853389239205
-0.015144140805206874
0.08653619008305125
0.05198789125700998
-0.041376638974308655
-0.037433866920196124
-0.02862716582831837
0.024801788304586125
-0.028034859824940028
-0.05416508205116166
-0.03997727574944321
-0.05983064969141072
-0.07724758378448726
0.05436809318039337
0.025722681761052968
-0.007882998007099573
-0.13034379599603163
-0.0011970474263076625
0.024801788304586125
-0.022348210496932808
0.018593646962060006
0.06761705055254463
-0.04466517994807795
0.025722681761052968
0.04333086414918519
-0.17661184642248884
0.01613403625846388
-0.08126108737944548
-0.017242733713295877
0.0016709762031741349
0.020446479141682516
-0.012150300762606037
0.02708189422255458
-0.22146034456414654
0.04469322213864224
0.04799414960212012
0.05436809318039337
-0.06464003578883037
0.04606131559255999
0.01716964896203166
-0.02496648159475967
0.0216176650818376
0.008665176454019985
-0.0008948035361102669
-0.022622356364218277
0.03861575224405023
-0.04022536987465397
0.025524068456756588
0.01716964896203166
-0.019391257313081667
-0.01249170093178087
-0.03917887174705115
-0.03563356684104946
-0.032259158022980294
-0.007317237093852569
0.048059232237648075
0.02432879134386301
-0.007317237093852569
-0.022348210496932808
0.041840431302949455
0.030974972656109045
0.05436809318039337
0.06364954486786978
0.08799230776265521
-0.0008948035361102669
0.04391937482752173
0.014780240742707562
-0.0013205999854228878
-0.0038562351615762935
-0.0849833488167917
0.03861575224405023
-0.22146034456414654
-0.10819102148647719
0.024801788304586125
0.04827168718050601
0.08759468040243501
0.012390402416693647
0.001954162314668828
-0.010204897362879883
0.08759468040243501
0.11522232211929584
0.03863378364598535
0.03994035520780326
-0.037433866920196124
0.003822387934753202
-0.012372140541780041
0.03861575224405023
0.025649122658425227
-0.0038562351615762935
-0.05416508205116166
0.047513051758585334
0.04590352204112591
-0.022368622754905587
-0.07892951287026762
0.0344322264021244
-0.07465345378649157
-0.032259158022980294
0.029794720012301212
0.0344322264021244
0.06925574960452696
-0.05699148198311299
0.04665297339942498
0.07382421435571018
0.05436809318039337
-0.06053051312501001
-0.007317237093852569
-0.060513028914405353
0.08632977574364098
0.020446479141682516
-0.01844849936066506
0.04135586741642605
0.06228267241298191
-0.0357902826629255
-0.009588853389239205
-0.0007657730469858848
0.02773636562208104
0.07518071596092746
-0.022898889969576786
0.04333086414918519
0.012394543666532698
-0.014438989348697362
-0.0013205999854228878
0.062467374718552904
0.06292625909621563
-0.07724758378448726
-0.03695834061658587
-0.03270475340709922
0.03643980545838055
0.15300088602597928
-0.06109953281700342
-0.012372140541780041
-0.05416508205116166
-0.02496648159475967
-0.027462288324585415
0.04380656992791998
0.011999720455214913
-0.08143178414826124
0.03863378364598535
0.018593646962060006
-0.060513028914405353
0.09718899306107964
-0.038466866176760206
0.029794720012301212
0.13204555949274965
-0.05416508205116166
-0.05983064969141072
0.006746455834750975
0.05436809318039337
-0.10013006587302442
-0.028034859824940028
0.020083040980136246
-0.027788545411032928
-0.01844849936066506
0.13204555949274965
-0.027462288324585415
0.023560334148108097
-0.1218059774124729
-0.2546008091448053
0.04333086414918519
0.005082074600808895
0.0016709762031741349
-0.024170822975695394
0.0203593980283987
-0.01956931117570271
-0.013878349100881593
0.07382421435571018
0.047513051758585334
0.02432879134386301
0.04299886054755575
0.025649122658425227
-0.0851300246174862
-0.032340875642459466
0.022194058573782982
0.048059232237648075
0.015089270086424023
0.001954162314668828
-0.0489237727198617
0.051344950513199095
0.0025784297617263974
0.08176108754913614
0.024801788304586125
-0.005105231073404326
-0.02243129284092049
0.022821768641877682
-0.032340875642459466
0.023560334148108097
-0.12033949778566289
-0.007338419158481102
0.08653619008305125
0.04606131559255999
-0.06193714350214741
0.023512429278589764
0.056736527751481525
-0.03520416182162833
-0.10819102148647719
