0.015089270086424023
0.11840346286310233
0.051344950513199095
0.10109672394520075
-0.05282848588680089
-0.021161035659430283
0.04729149119249154
-0.037433866920196124
0.08799230776265521
-0.041376638974308655
0.025649122658425227
0.02451643163530548
0.030122729138618354
0.10109672394520075
-0.05983064969141072
0.017908695057996304
0.0512476844333456
-0.038466866176760206
-0.03173275161671363
0.019778644828504
-0.051670301345440706
-0.2546008091448053
0.012390402416693647
0.014780240742707562
-0.06285634704832255
0.043334141200254805
-0.15702055781469149
-0.09570667993071069
0.08121523150568599
-0.02375973362478856
-0.007317237093852569
0.04827168718050601
0.06925574960452696
0.0844852260058202
-0.022348210496932808
0.062467374718552904
0.017908695057996304
0.01613403625846388
-0.03045002278091502
-0.002647647860884561
-0.02243129284092049
0.03643980545838055
0.007058852839625374
-0.051670301345440706
-0.01956931117570271
-0.0008948035361102669
-0.038466866176760206
-0.01844849936066506
0.04606131559255999
0.01347000313241331
0.0041948137923384365
0.0025784297617263974
-0.05282848588680089
0.08632977574364098
0.04469322213864224
-0.027393577402978764
-0.050143819123519506
-0.06464003578883037
0.1399333926158075
-0.07465345378649157
0.017908695057996304
-0.036421638107813514
-0.049962429852048906
-0.04466517994807795
0.04333086414918519
-0.0038562351615762935
-0.0008948035361102669
0.06605801367827979
0.06925574960452696
-0.06109953281700342
0.019778644828504
-0.08285893181375492
0.030122729138618354
-0.0002868205956847447
-0.049962429852048906
-0.012372140541780041
0.018593646962060006
-0.05282848588680089
-0.013878349100881593
-0.022898889969576786
0.08121523150568599
-0.012372140541780041
-0.011743957061684185
-0.06258250876081561
-0.0005187167995490682
-0.007543661478351282
0.04827168718050601
0.062467374718552904
0.06605801367827979
-0.07892951287026762
0.04790976101641675
0.04371378571481266
-0.06638125688640528
0.019778644828504
0.1399333926158075
-0.041376638974308655
-0.07414653786004877
-0.036421638107813514
0.026653357334457617
0.0165919313161762
-0.012372140541780041
0.08176108754913614
-0.008416174423421019
0.008665176454019985
0.006143668794592827
-0.09432889171755221
0.05168531023255696
0.006265799221320201
0.01661350063361855
0.05198789125700998
-0.013878349100881593
0.03882682382156144
0.017908695057996304
0.01724199139330551
0.012394543666532698
-0.002647647860884561
0.08632977574364098
-0.045496030668886966
-0.0005187167995490682
0.03882682382156144
-0.04466517994807795
-0.03045002278091502
0.05198789125700998
-0.01249170093178087
0.04590352204112591
-0.17661184642248884
0.031017376704207678
0.0041948137923384365
-0.03270475340709922
-0.08814864178677073
-0.0008948035361102669
-0.07075486294590672
0.05436809318039337
0.041840431302949455
0.0027859037974478085
0.08121523150568599
-0.01249170093178087
0.0203593980283987
-0.007338419158481102
-0.09570667993071069
0.11840346286310233
0.02773636562208104
0.06228267241298191
0.014471610315426986
0.06806350229329183
0.049538360788050184
-0.019391257313081667
0.008505479129739868
-0.06053051312501001
0.02773636562208104
-0.007543661478351282
-0.005818111085915234
-0.002205271978588108
0.07382421435571018
0.037453479113841226
0.08080248335888918
0.0016709762031741349
0.0326533364262076
-0.01956931117570271
0.0344322264021244
-0.05983064969141072
0.08176108754913614
-0.09359820865597968
0.0027859037974478085
-0.08126108737944548
-0.008416174423421019
-0.05699148198311299
0.05182100602750328
0.047513051758585334
0.006143668794592827
0.031017376704207678
0.04380656992791998
-0.05699148198311299
0.051344950513199095
-0.09570667993071069
0.05436809318039337
0.02520341309711238
0.04469322213864224
-0.005818111085915234
0.04995452527457189
-0.038466866176760206
-0.05654058267968054
0.026653357334457617
0.037453479113841226
0.013040071944516285
-0.06109953281700342
0.04665297339942498
0.019778644828504
0.04391937482752173
-0.022898889969576786
-0.0008948035361102669
-0.05416508205116166
-0.03563356684104946
0.001954162314668828
0.045224792909892564
-0.03997727574944321
0.04827168718050601
-0.2546008091448053
-0.038466866176760206
-0.041376638974308655
0.04729149119249154
0.05425453554333082
0.015089270086424023
-0.032340875642459466
0.02432879134386301
-0.05282848588680089
0.09718899306107964
0.049538360788050184
0.0844852260058202
0.049538360788050184
0.06364954486786978
0.02520341309711238
-0.07075486294590672
0.023560334148108097
-0.024170822975695394
0.022194058573782982
0.0203593980283987
0.05168531023255696
-0.041376638974308655
-0.004841918958801372
0.05436809318039337
0.022194058573782982
-0.03520416182162833
-0.03173275161671363
0.06925574960452696
0.047513051758585334
-0.12033949778566289
0.11522232211929584
0.009856619194733796
-0.06258250876081561
-0.05120330655862837
0.0216176650818376
0.06569838178769771
-0.05586089089844393
-0.02243129284092049
-0.05282848588680089
0.06567138145123597
0.08105492908796386
0.05182100602750328
0.001954162314668828
0.13204555949274965
0.09718899306107964
-0.09432889171755221
-0.022368622754905587
0.04827168718050601
0.013065356771912562
-0.02375973362478856
-0.13034379599603163
0.020446479141682516
0.0344322264021244
0.013065356771912562
-0.007338419158481102
0.09718899306107964
-0.032340875642459466
0.05182100602750328
0.04371378571481266
0.0022689688502968153
-0.002205271978588108
-0.08126108737944548
-0.060513028914405353
-0.032340875642459466
0.01347000313241331
0.13204555949274965
0.05436809318039337
0.022821768641877682
-0.019514789449790015
-0.03563356684104946
-0.014438989348697362
0.0041948137923384365
0.04729149119249154
-0.07075486294590672
0.0216176650818376
-0.08110299466350668
0.005173534568482907
0.049538360788050184
0.0016709762031741349
0.013040071944516285
-0.027788545411032928
-0.038466866176760206
0.01046829599036414
0.030974972656109045
0.01661350063361855
-0.007720686875989813
-0.0007657730469858848
0.001954162314668828
0.13204555949274965
0.08732358904095427
0.08759468040243501
-0.08285893181375492
-0.12033949778566289
0.04391937482752173
-0.007317237093852569
-0.02375973362478856
-0.08110299466350668
-0.007543661478351282
-0.08721982612879486
0.1399333926158075
-0.1218059774124729
0.11522232211929584
