-0.032259158022980294
0.07382421435571018
0.012299756912504733
-0.0357902826629255
-0.06109953281700342
0.001954162314668828
-0.05282848588680089
-0.0357902826629255
0.08105492908796386
0.0041948137923384365
0.08176108754913614
-0.045496030668886966
-0.03458770640829023
0.037107507807760065
0.05436809318039337
-0.022898889969576786
-0.0002495311402075373
0.06316607709876365
0.04790976101641675
0.06318283133468316
-0.009588853389239205
0.01035787819304268
-0.019514789449790015
0.0027859037974478085
0.02773636562208104
0.02714223291166995
0.04380656992791998
0.0326533364262076
0.04665297339942498
-0.08814864178677073
0.05436809318039337
-0.015144140805206874
0.03208636570286316
0.0041948137923384365
-0.04022536987465397
-0.0357902826629255
0.03208636570286316
0.05198789125700998
-0.04022536987465397
-0.047644828679283435
0.012394543666532698
0.030122729138618354
-0.015144140805206874
0.012394543666532698
0.020567585268201682
0.012394543666532698
-0.06464003578883037
0.005173534568482907
0.0844852260058202
-0.0851300246174862
0.047513051758585334
-0.0489237727198617
-0.08814864178677073
0.0027859037974478085
0.06364954486786978
-0.027393577402978764
-0.005818111085915234
0.0022689688502968153
0.15300088602597928
-0.009357776553262198
0.02708189422255458
-0.05282848588680089
0.014471610315426986
0.07382421435571018
0.0278028767684102
-0.06053051312501001
0.024801788304586125
-0.038466866176760206
0.045224792909892564
0.01699193585620762
0.05799658946616226
0.008505479129739868
-0.02243129284092049
0.06994395962703592
-0.05282848588680089
-0.04466517994807795
0.022194058573782982
0.08653619008305125
0.04469322213864224
0.07586149829868472
-0.01249170093178087
-0.07075486294590672
-0.05654058267968054
-0.05129888770798985
0.056736527751481525
-0.10819102148647719
0.05436809318039337
-0.027393577402978764
0.02773636562208104
0.08632977574364098
0.023560334148108097
0.037107507807760065
0.025649122658425227
0.015089270086424023
0.05168531023255696
-0.06193714350214741
0.04590352204112591
0.01046829599036414
0.01613403625846388
-0.0549153461639893
0.02714223291166995
0.01613403625846388
-0.05416508205116166
0.007058852839625374
0.05182100602750328
0.026005039289207943
0.08732358904095427
0.03973066370480538
0.011999720455214913
0.04333086414918519
0.037453479113841226
0.0216176650818376
0.009856619194733796
0.07518071596092746
-0.060513028914405353
0.022194058573782982
-0.009357776553262198
-0.05282848588680089
0.04827168718050601
0.01716964896203166
-0.050143819123519506
-0.0011970474263076625
-0.05464289541014722
0.08759468040243501
0.020567585268201682
-0.022622356364218277
-0.014438989348697362
0.04391937482752173
-0.0007657730469858848
0.08176108754913614
-0.032259158022980294
0.0027859037974478085
-0.051670301345440706
0.008505479129739868
0.02773636562208104
-0.07212958518599066
-0.0002495311402075373
0.049538360788050184
-0.013878349100881593
-0.05586089089844393
0.012299756912504733
-0.009588853389239205
0.048059232237648075
-0.045496030668886966
0.022194058573782982
0.04606131559255999
0.026005039289207943
0.045224792909892564
-0.15702055781469149
-0.014438989348697362
-0.15702055781469149
-0.01249170093178087
-0.02243129284092049
0.01347000313241331
-0.028034859824940028
0.025524068456756588
0.008665176454019985
-0.05464289541014722
-0.047644828679283435
-0.019514789449790015
0.025649122658425227
0.07382421435571018
-0.022898889969576786
0.026653357334457617
-0.007338419158481102
0.02451643163530548
0.026458811902690726
0.01579928711915457
-0.03917887174705115
0.04380656992791998
0.08105492908796386
-0.22146034456414654
-0.10819102148647719
0.04135586741642605
-0.007543661478351282
0.04995452527457189
0.06761705055254463
-0.051670301345440706
0.11522232211929584
0.08759468040243501
-0.049962429852048906
-0.0013205999854228878
0.0512476844333456
0.06316607709876365
0.03994035520780326
0.0276177252845331
0.06364954486786978
0.051344950513199095
-0.027462288324585415
-0.0849833488167917
-0.05282848588680089
-0.041376638974308655
-0.002647647860884561
-0.024170822975695394
-0.08285893181375492
-0.03917887174705115
-0.0851300246174862
-0.03270475340709922
-0.01956931117570271
0.0344322264021244
0.03994035520780326
0.012299756912504733
0.04371378571481266
0.029794720012301212
-0.10013006587302442
0.015089270086424023
0.0027859037974478085
0.06228267241298191
0.031017376704207678
-0.007882998007099573
0.0216176650818376
0.0461992712042818
0.037107507807760065
0.013109728048770641
0.03994035520780326
0.05168531023255696
0.11522232211929584
0.04665297339942498
-0.05282848588680089
0.02708189422255458
0.012394543666532698
-0.08721982612879486
-0.036421638107813514
0.05799658946616226
-0.017242733713295877
-0.09570667993071069
0.08176108754913614
0.030974972656109045
-0.011743957061684185
-0.012150300762606037
-0.03520416182162833
0.0276177252845331
-0.13034379599603163
-0.2546008091448053
0.0025784297617263974
-0.02862716582831837
-0.17661184642248884
0.04299886054755575
-0.041376638974308655
0.04371378571481266
-0.018864353824572078
0.037107507807760065
0.020446479141682516
-0.060513028914405353
-0.037433866920196124
-0.002205271978588108
-0.08126108737944548
0.04799414960212012
0.06925574960452696
0.04469322213864224
-0.08110299466350668
0.025722681761052968
0.013040071944516285
0.05168531023255696
0.005082074600808895
0.09718899306107964
0.01046829599036414
-0.060513028914405353
0.1417808980890598
0.039209693040964666
-0.013771885982464482
0.06364954486786978
-0.03458770640829023
0.006143668794592827
-0.09432889171755221
-0.07075486294590672
0.012394543666532698
0.05436809318039337
0.0203593980283987
-0.007882998007099573
0.031017376704207678
-0.009588853389239205
-0.06053051312501001
0.013065356771912562
0.03994035520780326
-0.01956931117570271
-0.009357776553262198
-0.005105231073404326
-0.027789787343500905
0.0016709762031741349
0.01035787819304268
0.03643980545838055
0.04920879849315085
-0.07465345378649157
0.04606131559255999
-0.10013006587302442
-0.007543661478351282
-0.038466866176760206
0.0276177252845331
0.03443624877469453
-0.06053051312501001
-0.014438989348697362
-0.007543661478351282
-0.022368622754905587
0.022821768641877682
0.06567138145123597
-0.06720056781523276
0.04299886054755575
0.05198789125700998
