0.01347000313241331
-0.045496030668886966
-0.0549153461639893
0.10240276235625068
-0.011743957061684185
0.04391937482752173
-0.08143178414826124
0.028713620756199987
0.10240276235625068
-0.019391257313081667
-0.002205271978588108
-0.019391257313081667
0.045224792909892564
-0.06053051312501001
-0.007338419158481102
-0.019391257313081667
0.04920879849315085
-0.04466517994807795
0.020083040980136246
-0.1218059774124729
0.017908695057996304
0.025649122658425227
0.0461992712042818
0.02927401578257438
0.022821768641877682
0.017908695057996304
-0.017136936568830308
-0.0005187167995490682
0.03208636570286316
0.008505479129739868
-0.08110299466350668
0.08080248335888918
-0.011743957061684185
0.08383912323474085
0.04048653167530425
0.09718899306107964
-0.032259158022980294
-0.01249170093178087
-0.07075486294590672
0.15300088602597928
-0.027789787343500905
0.05799658946616226
-0.01844849936066506
0.04380656992791998
0.05425453554333082
0.03882682382156144
-0.007317237093852569
0.04391937482752173
0.02451643163530548
-0.03270475340709922
-0.06638125688640528
-0.041376638974308655
0.04283497654615154
-0.047644828679283435
0.08080248335888918
-0.12033949778566289
0.04590352204112591
-0.022348210496932808
0.047513051758585334
-0.0549153461639893
-0.007543661478351282
0.02432879134386301
0.06292625909621563
-0.0038562351615762935
0.04283497654615154
0.005082074600808895
-0.024170822975695394
-0.032259158022980294
-0.028034859824940028
-0.017242733713295877
-0.08110299466350668
-0.04466517994807795
-0.032340875642459466
-0.024170822975695394
-0.027789787343500905
0.01347000313241331
0.08732358904095427
-0.019391257313081667
0.015089270086424023
-0.07892951287026762
-0.06464003578883037
0.026005039289207943
-0.038466866176760206
-0.09570667993071069
0.03643980545838055
0.04299886054755575
-0.05120330655862837
-0.08110299466350668
0.024801788304586125
0.09718899306107964
0.08176108754913614
-0.047644828679283435
0.05436809318039337
-0.010532567714866659
0.006143668794592827
0.02520341309711238
0.007058852839625374
-0.036421638107813514
0.031017376704207678
0.030122729138618354
-0.009588853389239205
-0.0002868205956847447
0.024801788304586125
0.08759468040243501
-0.04126132556270612
0.001954162314668828
0.04299886054755575
0.06316607709876365
0.01035787819304268
0.06318283133468316
0.10240276235625068
-0.032259158022980294
-0.17661184642248884
-0.005105231073404326
0.05198789125700998
0.03882682382156144
0.08080248335888918
0.13480548385110502
0.06228267241298191
-0.017136936568830308
0.15300088602597928
-0.013771885982464482
0.03994035520780326
-0.037433866920196124
-0.02496648159475967
0.0016709762031741349
-0.028034859824940028
0.006746455834750975
0.04391937482752173
-0.027393577402978764
0.04299886054755575
-0.019391257313081667
-0.03997727574944321
0.012390402416693647
-0.022348210496932808
-0.03997727574944321
0.08176108754913614
0.008665176454019985
0.04135586741642605
0.01613403625846388
-0.007338419158481102
0.04799414960212012
-0.03520416182162833
-0.07724758378448726
0.0276177252845331
-0.13034379599603163
0.08176108754913614
0.0844852260058202
-0.03695834061658587
0.05198789125700998
-0.05416508205116166
0.022194058573782982
-0.04022536987465397
0.10240276235625068
-0.024170822975695394
0.06292625909621563
0.0344322264021244
-0.050143819123519506
-0.051670301345440706
0.02714223291166995
-0.008416174423421019
0.07382421435571018
0.041840431302949455
0.012390402416693647
0.04729149119249154
-0.050143819123519506
0.17000938109242547
-0.09432889171755221
-0.03173275161671363
-0.08143178414826124
0.008665176454019985
0.0688088340488946
0.048059232237648075
0.01699193585620762
0.049538360788050184
0.0344322264021244
0.011553574399841615
-0.0008948035361102669
-0.22146034456414654
0.06318283133468316
-0.013771885982464482
-0.022368622754905587
-0.08110299466350668
-0.004841918958801372
-0.17661184642248884
0.05436809318039337
0.08121523150568599
-0.03133707462365809
-0.0849833488167917
-0.01956931117570271
-0.013878349100881593
0.04606131559255999
0.03863378364598535
0.06569838178769771
0.030122729138618354
-0.05586089089844393
0.06364954486786978
-0.02375973362478856
-0.036421638107813514
-0.0008948035361102669
0.01716964896203166
0.025649122658425227
0.11522232211929584
0.02714223291166995
-0.0851300246174862
0.013109728048770641
-0.09570667993071069
0.0576314646823306
-0.022898889969576786
-0.03695834061658587
-0.05983064969141072
0.06292625909621563
0.01579928711915457
0.04380656992791998
0.001954162314668828
0.041840431302949455
0.02708189422255458
-0.1218059774124729
-0.024170822975695394
0.05436809318039337
-0.0851300246174862
0.047513051758585334
-0.032259158022980294
-0.027462288324585415
0.020446479141682516
0.01661350063361855
0.07382421435571018
-0.03695834061658587
0.006746455834750975
0.04729149119249154
0.03863378364598535
0.019778644828504
0.051344950513199095
-0.03520416182162833
-0.02862716582831837
-0.032340875642459466
-0.0007657730469858848
-0.03045002278091502
-0.047644828679283435
-0.03520416182162833
0.02927401578257438
0.006143668794592827
0.037107507807760065
0.012394543666532698
0.15300088602597928
-0.05464289541014722
0.02773636562208104
-0.019514789449790015
-0.011743957061684185
0.03208636570286316
0.02520341309711238
0.01613403625846388
-0.007317237093852569
0.06567138145123597
0.006265799221320201
0.031017376704207678
0.1399333926158075
0.005082074600808895
0.013040071944516285
0.11840346286310233
0.0461992712042818
0.04995452527457189
0.056736527751481525
0.01046829599036414
0.0512476844333456
0.13204555949274965
-0.032340875642459466
-0.03270475340709922
-0.2546008091448053
0.020567585268201682
-0.08721982612879486
-0.03917887174705115
0.08302714817478662
0.11840346286310233
-0.05416508205116166
0.018593646962060006
-0.0002495311402075373
-0.10819102148647719
-0.05129888770798985
-0.010532567714866659
-0.019514789449790015
0.06567138145123597
-0.04022536987465397
-0.06193714350214741
0.005173534568482907
-0.017136936568830308
0.01716964896203166
0.006746455834750975
-0.0002495311402075373
0.029794720012301212
-0.060513028914405353
0.07586149829868472
0.0025784297617263974
-0.017136936568830308
0.05168531023255696
-0.03173275161671363
-0.0007657730469858848
-0.04126132556270612
-0.09432889171755221
