0.04048653167530425
-0.036421638107813514
0.0027859037974478085
0.005173534568482907
-0.022821982956040543
-0.03917887174705115
0.049538360788050184
-0.0002868205956847447
0.02451643163530548
-0.007882998007099573
0.04995452527457189
0.15300088602597928
-0.021161035659430283
0.012394543666532698
0.03882682382156144
0.020446479141682516
0.028713620756199987
0.03643980545838055
0.043334141200254805
0.026005039289207943
0.022194058573782982
-0.12033949778566289
-0.01249170093178087
0.07586149829868472
0.001954162314668828
-0.03133707462365809
-0.005105231073404326
-0.009588853389239205
-0.03563356684104946
0.02927401578257438
0.001954162314668828
-0.05282848588680089
-0.03520416182162833
0.10109672394520075
0.07382421435571018
-0.02243129284092049
0.06994395962703592
0.0025784297617263974
-0.15702055781469149
-0.03520416182162833
0.07586149829868472
-0.032259158022980294
-0.022622356364218277
0.029794720012301212
-0.009588853389239205
-0.0013205999854228878
0.007058852839625374
-0.04466517994807795
0.022194058573782982
0.04283497654615154
0.037453479113841226
-0.024170822975695394
-0.06464003578883037
-0.01844849936066506
0.014471610315426986
0.04283497654615154
0.03973066370480538
0.02520341309711238
0.0576314646823306
0.05168531023255696
-0.047644828679283435
0.025649122658425227
-0.06464003578883037
-0.06258250876081561
0.13204555949274965
0.024801788304586125
0.15300088602597928
0.008505479129739868
-0.03270475340709922
0.04371378571481266
-0.036421638107813514
0.11522232211929584
0.06228267241298191
-0.038466866176760206
0.04283497654615154
-0.06053051312501001
-0.002205271978588108
0.001954162314668828
0.029794720012301212
-0.17661184642248884
-0.0357902826629255
0.05198789125700998
0.11522232211929584
0.06318283133468316
-0.011743957061684185
0.05799658946616226
0.020446479141682516
0.011553574399841615
-0.037433866920196124
-0.004841918958801372
0.02451643163530548
-0.03917887174705115
0.01724199139330551
-0.0008948035361102669
0.06806350229329183
-0.03173275161671363
-0.06258250876081561
0.006143668794592827
-0.027462288324585415
0.011553574399841615
-0.17661184642248884
0.037453479113841226
0.02451643163530548
-0.027462288324585415
-0.2546008091448053
0.08105492908796386
-0.08143178414826124
0.13204555949274965
-0.02862716582831837
0.014780240742707562
-0.02375973362478856
-0.05983064969141072
-0.05699148198311299
0.07586149829868472
-0.012150300762606037
0.13204555949274965
-0.17661184642248884
0.0041948137923384365
-0.07724758378448726
-0.0007657730469858848
-0.011743957061684185
0.03861575224405023
-0.011743957061684185
-0.0636718542421022
-0.01956931117570271
0.07060672059698447
0.025722681761052968
0.08105492908796386
-0.0011970474263076625
-0.01844849936066506
0.1399333926158075
-0.022368622754905587
0.04729149119249154
-0.019514789449790015
0.048059232237648075
-0.022368622754905587
0.04920879849315085
0.005082074600808895
-0.0008948035361102669
-0.036421638107813514
-0.021161035659430283
-0.050143819123519506
-0.02375973362478856
-0.0038562351615762935
0.05799658946616226
0.0276177252845331
-0.09570667993071069
-0.05129888770798985
0.01347000313241331
0.03973066370480538
-0.03695834061658587
0.034283772423341574
0.08383912323474085
0.02927401578257438
0.014471610315426986
-0.041376638974308655
0.008505479129739868
-0.032340875642459466
0.018593646962060006
0.04391937482752173
0.10109672394520075
0.026458811902690726
0.05425453554333082
0.008505479129739868
0.006265799221320201
-0.032259158022980294
-0.05416508205116166
-0.0002495311402075373
-0.05983064969141072
-0.027789787343500905
0.034283772423341574
-0.01956931117570271
-0.12033949778566289
-0.05416508205116166
-0.07724758378448726
0.025524068456756588
-0.0002495311402075373
0.051344950513199095
0.0326533364262076
0.06364954486786978
0.08176108754913614
0.0576314646823306
0.048059232237648075
0.026005039289207943
-0.027789787343500905
0.06806350229329183
0.022194058573782982
-0.10819102148647719
0.0512476844333456
-0.021161035659430283
-0.011743957061684185
0.08302714817478662
0.04283497654615154
-0.017242733713295877
0.08632977574364098
0.01579928711915457
-0.08285893181375492
0.17000938109242547
0.022821768641877682
0.039209693040964666
-0.022622356364218277
0.020083040980136246
0.04729149119249154
-0.012372140541780041
0.05799658946616226
-0.047644828679283435
0.020567585268201682
-0.06285634704832255
0.041840431302949455
0.08759468040243501
-0.03917887174705115
-0.008416174423421019
-0.07075486294590672
0.01046829599036414
0.018593646962060006
0.037107507807760065
-0.0357902826629255
-0.007882998007099573
-0.07075486294590672
-0.0005187167995490682
0.048059232237648075
-0.007317237093852569
0.018593646962060006
0.04469322213864224
0.08732358904095427
-0.0357902826629255
0.013109728048770641
0.041840431302949455
-0.022821982956040543
0.03208636570286316
0.02714223291166995
-0.010204897362879883
-0.03563356684104946
0.01347000313241331
-0.012372140541780041
0.0027859037974478085
0.013040071944516285
-0.022368622754905587
0.06316607709876365
0.1399333926158075
-0.03997727574944321
0.025722681761052968
0.023560334148108097
0.039209693040964666
0.012299756912504733
0.01046829599036414
-0.0549153461639893
-0.09570667993071069
0.08759468040243501
-0.05654058267968054
-0.0007657730469858848
-0.032340875642459466
0.0025784297617263974
-0.0636718542421022
0.031017376704207678
0.04469322213864224
0.06761705055254463
0.10109672394520075
0.011999720455214913
0.03882682382156144
0.015089270086424023
-0.0851300246174862
-0.07892951287026762
-0.05129888770798985
-0.041376638974308655
0.003822387934753202
0.0344322264021244
0.022821768641877682
-0.07892951287026762
0.07382421435571018
0.020083040980136246
0.02773636562208104
0.0216176650818376
-0.007720686875989813
-0.15702055781469149
-0.047644828679283435
0.014471610315426986
0.024801788304586125
-0.022821982956040543
-0.08110299466350668
0.049538360788050184
-0.010532567714866659
-0.0549153461639893
-0.06720056781523276
-0.06193714350214741
-0.0489237727198617
0.13204555949274965
-0.015144140805206874
-0.009588853389239205
-0.01844849936066506
0.01699193585620762
0.005082074600808895
-0.0038562351615762935
0.011999720455214913
0.06228267241298191
0.08799230776265521
0.012299756912504733
-0.017136936568830308
0.013065356771912562
