-0.049962429852048906
-0.08814864178677073
0.020567585268201682
-0.0002495311402075373
-0.019514789449790015
0.08383912323474085
0.0278028767684102
0.03861575224405023
0.01699193585620762
-0.038466866176760206
-0.045496030668886966
0.17000938109242547
0.006746455834750975
0.012390402416693647
0.030974972656109045
-0.03917887174705115
0.02708189422255458
0.001954162314668828
0.05799658946616226
0.08080248335888918
0.06994395962703592
-0.010532567714866659
-0.02243129284092049
0.07382421435571018
0.03443624877469453
0.05182100602750328
-0.019514789449790015
0.08653619008305125
0.0027859037974478085
-0.03458770640829023
-0.05586089089844393
-0.005818111085915234
0.01035787819304268
0.02520341309711238
0.020446479141682516
-0.01686722086916248
0.043334141200254805
-0.03133707462365809
-0.014438989348697362
0.037453479113841226
-0.022622356364218277
-0.07414653786004877
0.03208636570286316
0.02451643163530548
0.001954162314668828
-0.08678886069673908
0.0688088340488946
0.005082074600808895
-0.05586089089844393
-0.05416508205116166
-0.01844849936066506
0.01724199139330551
-0.007317237093852569
-0.03173275161671363
0.023512429278589764
-0.0489237727198617
-0.08143178414826124
-0.024170822975695394
0.08302714817478662
-0.0013205999854228878
0.02432879134386301
-0.08285893181375492
0.04606131559255999
0.011999720455214913
0.01347000313241331
0.0203593980283987
0.006265799221320201
0.06228267241298191
0.04995452527457189
-0.06053051312501001
0.06364954486786978
0.022821768641877682
0.028713620756199987
0.1399333926158075
-0.05983064969141072
0.07586149829868472
0.013065356771912562
-0.03458770640829023
0.0041948137923384365
-0.007317237093852569
0.030974972656109045
0.028713620756199987
0.08302714817478662
-0.01686722086916248
-0.03520416182162833
0.051344950513199095
-0.01956931117570271
0.04790976101641675
-0.08678886069673908
0.03443624877469453
-0.037433866920196124
0.04333086414918519
-0.008416174423421019
-0.03458770640829023
0.026653357334457617
0.01347000313241331
0.0278028767684102
-0.07465345378649157
0.012394543666532698
0.043334141200254805
0.014471610315426986
-0.0002495311402075373
0.049538360788050184
0.08759468040243501
-0.05699148198311299
-0.05654058267968054
0.04371378571481266
0.0203593980283987
0.0041948137923384365
0.08080248335888918
0.062467374718552904
-0.004841918958801372
-0.09570667993071069
0.1399333926158075
0.006143668794592827
-0.027462288324585415
-0.049962429852048906
0.08302714817478662
-0.07724758378448726
0.037453479113841226
0.017908695057996304
0.07060672059698447
-0.002647647860884561
-0.012372140541780041
0.062467374718552904
0.07586149829868472
0.09718899306107964
0.019778644828504
0.04729149119249154
0.08176108754913614
0.04823967565580034
0.0512476844333456
-0.13034379599603163
-0.08678886069673908
-0.08126108737944548
-0.0002868205956847447
-0.022622356364218277
0.02520341309711238
-0.0489237727198617
-0.03045002278091502
-0.09359820865597968
-0.15702055781469149
0.04920879849315085
-0.03917887174705115
0.06318283133468316
-0.0008948035361102669
-0.038466866176760206
0.04469322213864224
-0.08721982612879486
0.10240276235625068
0.031017376704207678
-0.008416174423421019
-0.051670301345440706
0.06994395962703592
0.04590352204112591
-0.01249170093178087
0.04469322213864224
0.05425453554333082
-0.06464003578883037
-0.05464289541014722
0.08105492908796386
0.06364954486786978
-0.17661184642248884
-0.03458770640829023
-0.03520416182162833
0.03994035520780326
-0.041376638974308655
-0.0489237727198617
-0.032259158022980294
0.030122729138618354
-0.0005187167995490682
-0.02375973362478856
0.037107507807760065
0.05425453554333082
0.08176108754913614
-0.03133707462365809
0.03643980545838055
0.051344950513199095
0.025722681761052968
0.02520341309711238
-0.0005187167995490682
0.03994035520780326
0.05198789125700998
-0.022622356364218277
0.04469322213864224
0.06806350229329183
0.02927401578257438
-0.007543661478351282
0.11522232211929584
-0.007882998007099573
-0.007543661478351282
0.04299886054755575
0.1399333926158075
0.03973066370480538
-0.0007657730469858848
0.0016709762031741349
0.0278028767684102
0.09718899306107964
0.020567585268201682
-0.07212958518599066
0.030974972656109045
0.01046829599036414
0.04827168718050601
-0.027393577402978764
0.037107507807760065
-0.03695834061658587
0.04823967565580034
-0.013878349100881593
0.030974972656109045
-0.0849833488167917
-0.05464289541014722
0.04606131559255999
-0.027462288324585415
0.07518071596092746
0.020446479141682516
0.03643980545838055
0.0344322264021244
0.02714223291166995
0.04371378571481266
-0.004841918958801372
0.020083040980136246
0.005082074600808895
0.02708189422255458
-0.03270475340709922
0.04391937482752173
-0.08721982612879486
0.034283772423341574
0.02451643163530548
0.01724199139330551
-0.019514789449790015
0.020446479141682516
-0.007338419158481102
0.006746455834750975
0.11522232211929584
-0.01844849936066506
-0.02243129284092049
-0.06258250876081561
0.08302714817478662
-0.03917887174705115
0.019778644828504
-0.08814864178677073
0.02714223291166995
-0.012150300762606037
-0.010532567714866659
0.023560334148108097
-0.07075486294590672
0.04299886054755575
-0.02862716582831837
-0.01686722086916248
0.026653357334457617
0.04827168718050601
0.048059232237648075
-0.018864353824572078
0.01579928711915457
-0.04466517994807795
0.049538360788050184
-0.0849833488167917
0.0165919313161762
-0.050143819123519506
-0.049962429852048906
0.08653619008305125
0.041840431302949455
-0.049962429852048906
-0.03563356684104946
-0.005818111085915234
-0.07465345378649157
-0.004841918958801372
-0.02243129284092049
-0.038466866176760206
-0.060513028914405353
-0.009357776553262198
-0.08126108737944548
0.06316607709876365
-0.03133707462365809
-0.05416508205116166
0.026005039289207943
0.04283497654615154
0.03882682382156144
-0.017242733713295877
0.03994035520780326
0.08080248335888918
-0.08110299466350668
-0.17661184642248884
0.04371378571481266
-0.08814864178677073
0.01046829599036414
-0.037433866920196124
-0.007720686875989813
-0.004841918958801372
0.051344950513199095
-0.22146034456414654
-0.022368622754905587
-0.0007657730469858848
-0.09570667993071069
-0.05464289541014722
0.045224792909892564
-0.09432889171755221
-0.10013006587302442
0.08176108754913614
