0.13480548385110502
-0.03917887174705115
0.08105492908796386
-0.051670301345440706
-0.08143178414826124
0.05168531023255696
-0.0357902826629255
0.02773636562208104
0.06605801367827979
0.0203593980283987
-0.002647647860884561
-0.007882998007099573
-0.0851300246174862
0.006746455834750975
0.05436809318039337
-0.08678886069673908
0.06567138145123597
-0.03133707462365809
0.04380656992791998
0.037453479113841226
0.026458811902690726
-0.02862716582831837
0.0344322264021244
-0.04126132556270612
0.049538360788050184
0.013109728048770641
-0.014438989348697362
-0.06285634704832255
0.01035787819304268
-0.022622356364218277
-0.010532567714866659
0.0276177252845331
-0.07414653786004877
-0.0549153461639893
-0.22146034456414654
0.0515617796937029
-0.05586089089844393
0.0016709762031741349
-0.018864353824572078
0.020083040980136246
0.039209693040964666
0.08632977574364098
0.01347000313241331
0.022821768641877682
0.08121523150568599
-0.05129888770798985
0.0512476844333456
0.13480548385110502
0.08632977574364098
0.017908695057996304
0.0576314646823306
0.07518071596092746
0.06761705055254463
0.0326533364262076
0.023560334148108097
0.023512429278589764
0.020083040980136246
-0.019391257313081667
-0.04466517994807795
-0.0007657730469858848
0.06316607709876365
-0.07892951287026762
-0.0549153461639893
0.014780240742707562
0.023560334148108097
0.04299886054755575
-0.03173275161671363
-0.0489237727198617
0.06994395962703592
-0.02496648159475967
-0.011743957061684185
0.008505479129739868
0.02451643163530548
0.0278028767684102
-0.051670301345440706
0.02714223291166995
0.012390402416693647
-0.0038562351615762935
0.02451643163530548
0.01579928711915457
0.04790976101641675
0.018593646962060006
-0.022821982956040543
-0.05699148198311299
0.06292625909621563
-0.036421638107813514
0.06761705055254463
0.06761705055254463
-0.03133707462365809
-0.06258250876081561
-0.013771885982464482
0.08732358904095427
0.10240276235625068
-0.08126108737944548
0.022194058573782982
0.049538360788050184
0.07382421435571018
-0.022821982956040543
0.022821768641877682
0.03643980545838055
0.0165919313161762
-0.022622356364218277
0.06569838178769771
-0.01249170093178087
-0.002205271978588108
0.01579928711915457
0.0461992712042818
0.013040071944516285
-0.0851300246174862
-0.08143178414826124
-0.03133707462365809
0.013065356771912562
-0.22146034456414654
0.026005039289207943
-0.007338419158481102
0.06761705055254463
0.08732358904095427
0.019778644828504
0.08302714817478662
0.014471610315426986
0.03863378364598535
0.017908695057996304
-0.07414653786004877
-0.03270475340709922
0.049538360788050184
-0.07414653786004877
-0.07724758378448726
0.06806350229329183
0.01046829599036414
-0.007543661478351282
0.0461992712042818
-0.017242733713295877
0.06567138145123597
0.13480548385110502
-0.036421638107813514
0.04920879849315085
-0.022348210496932808
0.02714223291166995
-0.03917887174705115
-0.05699148198311299
0.02708189422255458
-0.036421638107813514
0.04299886054755575
0.0276177252845331
0.012390402416693647
0.0027859037974478085
-0.0357902826629255
-0.0013205999854228878
0.02714223291166995
0.04729149119249154
-0.002205271978588108
0.011553574399841615
0.01035787819304268
0.07586149829868472
0.04135586741642605
0.03863378364598535
0.04299886054755575
-0.04466517994807795
0.03643980545838055
0.02451643163530548
0.03973066370480538
0.08799230776265521
-0.03563356684104946
0.048059232237648075
0.02708189422255458
-0.012150300762606037
-0.07075486294590672
0.06318283133468316
-0.012150300762606037
0.012394543666532698
-0.019391257313081667
0.04823967565580034
0.062467374718552904
-0.022898889969576786
0.11840346286310233
0.02708189422255458
0.026458811902690726
0.009856619194733796
0.006143668794592827
0.049538360788050184
0.023560334148108097
0.020446479141682516
-0.032340875642459466
0.01579928711915457
-0.007543661478351282
0.0688088340488946
0.04299886054755575
0.08080248335888918
0.025722681761052968
0.0326533364262076
0.037453479113841226
0.012390402416693647
0.01035787819304268
0.0203593980283987
-0.05282848588680089
0.008505479129739868
-0.012372140541780041
-0.12033949778566289
-0.03173275161671363
-0.08678886069673908
-0.0489237727198617
-0.03045002278091502
-0.07465345378649157
-0.05654058267968054
-0.032340875642459466
0.030122729138618354
0.008505479129739868
0.013109728048770641
-0.0038562351615762935
-0.045496030668886966
0.05425453554333082
0.07518071596092746
0.10240276235625068
-0.04126132556270612
-0.041376638974308655
0.05799658946616226
0.008505479129739868
-0.0008948035361102669
0.04665297339942498
0.018593646962060006
0.026458811902690726
-0.036421638107813514
0.03643980545838055
-0.022622356364218277
0.023512429278589764
0.04283497654615154
-0.004841918958801372
0.13204555949274965
0.008665176454019985
-0.0489237727198617
-0.03133707462365809
-0.0489237727198617
0.0576314646823306
0.007058852839625374
-0.03173275161671363
-0.0549153461639893
-0.032340875642459466
0.0027859037974478085
0.06806350229329183
0.041840431302949455
0.006143668794592827
-0.027789787343500905
-0.17661184642248884
-0.024170822975695394
-0.08110299466350668
-0.019391257313081667
-0.08110299466350668
0.06569838178769771
0.0016709762031741349
0.0576314646823306
-0.0849833488167917
-0.05654058267968054
0.04283497654615154
0.020446479141682516
0.04299886054755575
-0.050143819123519506
0.0576314646823306
-0.045496030668886966
-0.0002868205956847447
-0.060513028914405353
-0.015144140805206874
-0.037433866920196124
-0.05120330655862837
-0.027789787343500905
-0.005105231073404326
0.051344950513199095
0.037107507807760065
0.001954162314668828
-0.019514789449790015
0.03882682382156144
0.04827168718050601
0.03643980545838055
0.008505479129739868
-0.04126132556270612
0.02520341309711238
0.03863378364598535
-0.036421638107813514
0.024801788304586125
0.11522232211929584
0.013109728048770641
0.04333086414918519
-0.005105231073404326
0.049538360788050184
-0.02862716582831837
0.03643980545838055
0.022194058573782982
-0.05416508205116166
0.06925574960452696
0.05425453554333082
-0.007720686875989813
0.008505479129739868
0.06316607709876365
0.1399333926158075
0.03643980545838055
0.05799658946616226
-0.01249170093178087
-0.0549153461639893
-0.02243129284092049
0.02773636562208104
