-0.06285634704832255
-0.014438989348697362
0.04665297339942498
0.037107507807760065
0.028713620756199987
-0.10819102148647719
0.02520341309711238
0.037107507807760065
-0.10013006587302442
0.0203593980283987
0.0461992712042818
0.0276177252845331
-0.08678886069673908
-0.0357902826629255
-0.0002495311402075373
0.04827168718050601
0.05168531023255696
0.02927401578257438
-0.024170822975695394
-0.07212958518599066
-0.15702055781469149
-0.03695834061658587
-0.022622356364218277
0.02714223291166995
-0.007720686875989813
0.005173534568482907
-0.04126132556270612
0.17000938109242547
0.0016709762031741349
0.03443624877469453
-0.047644828679283435
0.01046829599036414
0.05182100602750328
-0.12033949778566289
0.0276177252845331
0.025722681761052968
0.005173534568482907
0.01035787819304268
0.0276177252845331
0.13204555949274965
-0.03458770640829023
0.0041948137923384365
-0.03695834061658587
-0.0002868205956847447
-0.06638125688640528
0.08121523150568599
0.039209693040964666
-0.02243129284092049
0.08383912323474085
-0.06638125688640528
0.07382421435571018
-0.03458770640829023
-0.10819102148647719
0.02451643163530548
-0.08126108737944548
-0.01249170093178087
-0.03997727574944321
0.031017376704207678
0.034283772423341574
0.0027859037974478085
0.08105492908796386
-0.022821982956040543
0.013109728048770641
-0.002205271978588108
0.025524068456756588
-0.022622356364218277
-0.028034859824940028
0.008665176454019985
-0.007317237093852569
-0.22146034456414654
-0.07892951287026762
-0.021161035659430283
0.039209693040964666
-0.09432889171755221
-0.05586089089844393
-0.027393577402978764
0.043334141200254805
0.03861575224405023
0.01716964896203166
0.06761705055254463
0.0512476844333456
-0.05129888770798985
-0.027788545411032928
0.02432879134386301
0.011553574399841615
-0.06285634704832255
0.1417808980890598
0.012394543666532698
-0.013878349100881593
0.0844852260058202
0.026005039289207943
0.09718899306107964
0.01613403625846388
-0.04466517994807795
0.0326533364262076
0.07382421435571018
-0.022821982956040543
-0.041376638974308655
0.0027859037974478085
0.08302714817478662
-0.027393577402978764
0.017908695057996304
-0.050143819123519506
-0.027788545411032928
0.03443624877469453
-0.002647647860884561
0.02773636562208104
0.008505479129739868
-0.007543661478351282
0.030122729138618354
-0.07414653786004877
0.0844852260058202
0.06806350229329183
0.001954162314668828
0.07382421435571018
-0.07724758378448726
0.06316607709876365
-0.0851300246174862
0.0216176650818376
-0.051670301345440706
0.019778644828504
-0.021161035659430283
0.04606131559255999
-0.017242733713295877
0.023560334148108097
-0.022348210496932808
-0.09359820865597968
0.04590352204112591
-0.08285893181375492
-0.2546008091448053
-0.007543661478351282
-0.02496648159475967
-0.013771885982464482
0.03643980545838055
0.0016709762031741349
-0.03695834061658587
-0.036421638107813514
-0.06285634704832255
0.01613403625846388
0.006143668794592827
0.026005039289207943
0.04135586741642605
0.0203593980283987
0.022194058573782982
-0.045496030668886966
0.08383912323474085
-0.014438989348697362
-0.03563356684104946
0.06925574960452696
0.04790976101641675
0.10240276235625068
0.04333086414918519
0.05436809318039337
0.04790976101641675
0.0344322264021244
-0.007317237093852569
0.006265799221320201
-0.03045002278091502
0.01579928711915457
0.06569838178769771
-0.014438989348697362
0.045224792909892564
-0.049962429852048906
0.023512429278589764
-0.0002495311402075373
0.07382421435571018
-0.0357902826629255
0.031017376704207678
0.048059232237648075
0.0025784297617263974
-0.03270475340709922
-0.06464003578883037
0.03863378364598535
-0.06464003578883037
0.026458811902690726
0.0025784297617263974
0.03208636570286316
0.09718899306107964
-0.0038562351615762935
0.06806350229329183
-0.0002868205956847447
0.04729149119249154
0.04799414960212012
-0.06193714350214741
-0.0005187167995490682
0.0022689688502968153
0.005173534568482907
-0.060513028914405353
0.0844852260058202
0.04380656992791998
0.04371378571481266
0.03643980545838055
-0.03173275161671363
0.11522232211929584
-0.06258250876081561
-0.027462288324585415
0.09718899306107964
-0.05586089089844393
0.009856619194733796
0.06925574960452696
0.06994395962703592
0.04590352204112591
0.10240276235625068
0.06761705055254463
-0.024170822975695394
0.02773636562208104
0.04590352204112591
0.08383912323474085
0.0025784297617263974
0.007058852839625374
0.05436809318039337
0.11840346286310233
-0.07075486294590672
-0.05654058267968054
-0.024170822975695394
-0.03520416182162833
0.03863378364598535
0.04391937482752173
0.03863378364598535
0.06318283133468316
0.01347000313241331
-0.022622356364218277
-0.05416508205116166
-0.015144140805206874
-0.08110299466350668
0.06316607709876365
0.011553574399841615
-0.03458770640829023
-0.060513028914405353
0.045224792909892564
-0.0007657730469858848
0.06569838178769771
0.07518071596092746
0.0844852260058202
0.07060672059698447
0.013065356771912562
0.034283772423341574
0.013040071944516285
0.04823967565580034
0.018593646962060006
0.04790976101641675
0.039209693040964666
0.01046829599036414
0.10240276235625068
-0.007882998007099573
0.0326533364262076
-0.017136936568830308
-0.015144140805206874
0.08759468040243501
-0.024170822975695394
0.0041948137923384365
-0.01249170093178087
-0.005818111085915234
-0.07892951287026762
-0.08678886069673908
0.02714223291166995
0.0216176650818376
-0.002205271978588108
-0.06464003578883037
-0.038466866176760206
0.05182100602750328
0.05425453554333082
0.08759468040243501
-0.07892951287026762
-0.06053051312501001
0.06364954486786978
0.0165919313161762
0.041840431302949455
-0.027393577402978764
-0.037433866920196124
0.04048653167530425
0.008665176454019985
0.030974972656109045
0.018593646962060006
-0.04126132556270612
0.04665297339942498
-0.01956931117570271
-0.019514789449790015
0.030974972656109045
0.02451643163530548
0.06806350229329183
-0.036421638107813514
0.0512476844333456
-0.004841918958801372
0.0515617796937029
-0.0002868205956847447
0.08080248335888918
-0.08285893181375492
0.0016709762031741349
-0.019391257313081667
0.08632977574364098
-0.047644828679283435
0.03882682382156144
-0.047644828679283435
0.03994035520780326
-0.022368622754905587
-0.010532567714866659
0.025649122658425227
-0.013878349100881593
