0.11840346286310233
0.0326533364262076
0.13204555949274965
0.013040071944516285
-0.018864353824572078
-0.0357902826629255
-0.012372140541780041
0.04729149119249154
0.0041948137923384365
0.03643980545838055
0.04469322213864224
0.0344322264021244
0.06318283133468316
-0.032259158022980294
-0.08721982612879486
-0.013771885982464482
0.0016709762031741349
0.06316607709876365
0.003822387934753202
0.0016709762031741349
0.056736527751481525
0.0688088340488946
0.04799414960212012
-0.012150300762606037
0.012394543666532698
-0.06464003578883037
0.05425453554333082
-0.06638125688640528
-0.007543661478351282
0.0276177252845331
0.0326533364262076
-0.09432889171755221
-0.007882998007099573
-0.007317237093852569
0.02520341309711238
0.05425453554333082
0.026458811902690726
-0.0005187167995490682
0.026005039289207943
-0.011743957061684185
-0.17661184642248884
0.037453479113841226
-0.05654058267968054
0.10240276235625068
-0.05120330655862837
-0.10819102148647719
-0.05282848588680089
-0.005105231073404326
-0.02496648159475967
-0.1218059774124729
-0.049962429852048906
0.020567585268201682
0.06994395962703592
-0.07724758378448726
0.029794720012301212
-0.041376638974308655
0.041840431302949455
0.0276177252845331
0.023512429278589764
0.026653357334457617
-0.019391257313081667
-0.011743957061684185
-0.0013205999854228878
-0.027789787343500905
-0.13034379599603163
-0.2546008091448053
0.04665297339942498
0.05198789125700998
-0.010204897362879883
-0.002647647860884561
0.03208636570286316
0.005082074600808895
0.1399333926158075
-0.02862716582831837
0.025722681761052968
0.011999720455214913
0.026653357334457617
-0.007317237093852569
-0.06109953281700342
0.039209693040964666
0.03973066370480538
0.020446479141682516
0.04823967565580034
0.001954162314668828
0.04790976101641675
-0.019391257313081667
0.04823967565580034
0.005173534568482907
-0.05983064969141072
0.01046829599036414
0.05436809318039337
-0.09359820865597968
0.02451643163530548
-0.03997727574944321
-0.03458770640829023
-0.08678886069673908
-0.05464289541014722
0.07518071596092746
0.006746455834750975
0.030122729138618354
-0.036421638107813514
-0.02375973362478856
0.0278028767684102
0.01716964896203166
-0.05464289541014722
-0.010532567714866659
0.0276177252845331
0.025722681761052968
0.03643980545838055
0.04371378571481266
-0.08126108737944548
-0.10013006587302442
-0.03133707462365809
0.0515617796937029
-0.0357902826629255
0.04299886054755575
0.0216176650818376
-0.036421638107813514
0.08653619008305125
0.04995452527457189
0.04920879849315085
-0.03520416182162833
-0.007882998007099573
0.03994035520780326
0.07518071596092746
-0.014438989348697362
0.01661350063361855
0.006265799221320201
0.0844852260058202
0.006265799221320201
0.06364954486786978
0.06994395962703592
-0.02496648159475967
0.0016709762031741349
-0.03917887174705115
0.0276177252845331
-0.02862716582831837
-0.007317237093852569
0.020567585268201682
0.04823967565580034
-0.06720056781523276
-0.013878349100881593
0.012390402416693647
0.08105492908796386
0.005173534568482907
0.003822387934753202
0.07586149829868472
0.006143668794592827
0.001954162314668828
-0.010532567714866659
-0.010532567714866659
0.07382421435571018
0.0512476844333456
-0.07212958518599066
0.05799658946616226
-0.01249170093178087
-0.03997727574944321
0.01579928711915457
0.030122729138618354
0.007058852839625374
-0.06109953281700342
0.012299756912504733
-0.050143819123519506
0.023560334148108097
-0.045496030668886966
0.041840431302949455
0.04606131559255999
-0.019514789449790015
-0.1218059774124729
0.0278028767684102
-0.02862716582831837
-0.0002495311402075373
-0.01956931117570271
-0.03563356684104946
-0.022368622754905587
0.03863378364598535
0.045224792909892564
-0.07075486294590672
0.04790976101641675
0.04665297339942498
-0.014438989348697362
0.026005039289207943
-0.01844849936066506
0.04790976101641675
0.06605801367827979
0.04790976101641675
-0.09432889171755221
0.1399333926158075
-0.013878349100881593
0.0576314646823306
-0.04466517994807795
-0.0005187167995490682
-0.0005187167995490682
-0.045496030668886966
0.04920879849315085
-0.005105231073404326
0.01724199139330551
0.0515617796937029
-0.05282848588680089
0.0016709762031741349
0.051344950513199095
0.049538360788050184
0.013065356771912562
-0.01686722086916248
0.08632977574364098
0.02451643163530548
-0.13034379599603163
0.07586149829868472
-0.08721982612879486
0.0461992712042818
-0.02243129284092049
-0.09570667993071069
-0.06258250876081561
0.0512476844333456
0.01579928711915457
-0.019391257313081667
-0.007338419158481102
0.07382421435571018
-0.022622356364218277
-0.0636718542421022
-0.08110299466350668
-0.027393577402978764
0.03863378364598535
0.1399333926158075
0.02708189422255458
0.023512429278589764
-0.07212958518599066
0.006265799221320201
0.01716964896203166
0.037453479113841226
0.07382421435571018
0.13480548385110502
0.01724199139330551
0.022194058573782982
0.01699193585620762
0.009856619194733796
0.0216176650818376
-0.0636718542421022
0.11522232211929584
0.011999720455214913
-0.07414653786004877
0.019778644828504
-0.022622356364218277
-0.049962429852048906
0.020083040980136246
0.15300088602597928
-0.07892951287026762
0.028713620756199987
0.04590352204112591
0.043334141200254805
0.03443624877469453
0.03994035520780326
-0.02375973362478856
0.02432879134386301
-0.019514789449790015
-0.1218059774124729
-0.03520416182162833
0.041840431302949455
0.043334141200254805
-0.03458770640829023
0.0016709762031741349
0.06569838178769771
0.028713620756199987
0.03861575224405023
0.039209693040964666
0.05168531023255696
-0.03270475340709922
-0.032259158022980294
0.0022689688502968153
0.024801788304586125
0.04469322213864224
0.025649122658425227
0.06318283133468316
0.028713620756199987
-0.0549153461639893
-0.01956931117570271
-0.0549153461639893
-0.03045002278091502
-0.04126132556270612
0.03863378364598535
0.01661350063361855
0.05198789125700998
0.012299756912504733
-0.05282848588680089
-0.03270475340709922
-0.08721982612879486
-0.08721982612879486
0.03994035520780326
0.026653357334457617
-0.03458770640829023
0.01046829599036414
0.08653619008305125
-0.03045002278091502
-0.06258250876081561
0.01046829599036414
0.0844852260058202
-0.05464289541014722
-0.0002868205956847447
0.08732358904095427
