0.10240276235625068
0.06994395962703592
-0.04022536987465397
0.011999720455214913
-0.05282848588680089
0.03994035520780326
-0.010532567714866659
0.03643980545838055
-0.009588853389239205
0.011999720455214913
0.06605801367827979
-0.047644828679283435
-0.007882998007099573
-0.03917887174705115
-0.007317237093852569
-0.07414653786004877
0.0344322264021244
0.10109672394520075
-0.1218059774124729
0.015089270086424023
-0.032259158022980294
0.017908695057996304
0.0203593980283987
-0.15702055781469149
-0.06226621690008294
-0.0851300246174862
0.04391937482752173
0.08302714817478662
-0.07414653786004877
0.006746455834750975
0.03861575224405023
0.04790976101641675
-0.02243129284092049
-0.04466517994807795
0.08105492908796386
0.0461992712042818
0.062467374718552904
-0.0002495311402075373
-0.019514789449790015
0.047513051758585334
0.01035787819304268
-0.002205271978588108
0.06318283133468316
-0.15702055781469149
0.013065356771912562
0.06994395962703592
0.03994035520780326
0.04665297339942498
0.06761705055254463
-0.12033949778566289
0.07518071596092746
0.013065356771912562
0.014780240742707562
-0.05129888770798985
0.028713620756199987
0.11840346286310233
-0.03520416182162833
0.01035787819304268
-0.04022536987465397
0.04606131559255999
-0.005818111085915234
-0.017242733713295877
-0.05129888770798985
-0.004841918958801372
-0.007543661478351282
-0.03563356684104946
0.011999720455214913
0.06292625909621563
0.012299756912504733
0.03443624877469453
-0.051670301345440706
0.020446479141682516
-0.03270475340709922
0.008505479129739868
0.04371378571481266
-0.032259158022980294
0.015089270086424023
0.0515617796937029
0.03861575224405023
0.0027859037974478085
0.04790976101641675
0.01716964896203166
0.01699193585620762
0.008505479129739868
0.07518071596092746
-0.09570667993071069
0.08653619008305125
-0.0002495311402075373
0.03994035520780326
0.05182100602750328
-0.06464003578883037
0.022821768641877682
0.05436809318039337
-0.005818111085915234
-0.02496648159475967
-0.050143819123519506
0.048059232237648075
0.0216176650818376
-0.06464003578883037
-0.010204897362879883
0.028713620756199987
0.049538360788050184
0.006143668794592827
-0.017136936568830308
0.026005039289207943
0.06316607709876365
-0.027393577402978764
-0.007338419158481102
0.022194058573782982
0.023560334148108097
0.03863378364598535
-0.022368622754905587
0.06925574960452696
-0.08143178414826124
-0.012150300762606037
0.05425453554333082
0.07586149829868472
0.08799230776265521
-0.013771885982464482
0.037107507807760065
0.08383912323474085
0.062467374718552904
0.03861575224405023
-0.06285634704832255
-0.05654058267968054
0.006746455834750975
-0.02375973362478856
0.01699193585620762
0.05198789125700998
0.01347000313241331
-0.004841918958801372
0.049538360788050184
0.023560334148108097
0.07382421435571018
-0.09359820865597968
0.1417808980890598
0.023512429278589764
-0.0002495311402075373
0.003822387934753202
0.08383912323474085
0.045224792909892564
0.025649122658425227
0.07382421435571018
-0.03133707462365809
-0.013878349100881593
-0.03997727574944321
-0.050143819123519506
-0.07892951287026762
-0.22146034456414654
-0.06226621690008294
-0.07075486294590672
0.0461992712042818
0.043334141200254805
0.06806350229329183
0.02927401578257438
0.034283772423341574
-0.06226621690008294
-0.01956931117570271
0.0688088340488946
-0.01956931117570271
0.06316607709876365
-0.018864353824572078
0.0022689688502968153
-0.060513028914405353
0.011999720455214913
-0.024170822975695394
0.03973066370480538
-0.0011970474263076625
-0.02496648159475967
-0.09432889171755221
-0.009357776553262198
-0.022821982956040543
-0.010204897362879883
-0.05416508205116166
0.011553574399841615
-0.0549153461639893
-0.05983064969141072
0.047513051758585334
0.013109728048770641
0.01716964896203166
-0.17661184642248884
-0.03173275161671363
-0.027462288324585415
0.08176108754913614
0.04371378571481266
0.10109672394520075
0.012390402416693647
-0.06638125688640528
-0.05464289541014722
-0.007317237093852569
0.028713620756199987
0.018593646962060006
-0.022368622754905587
0.08632977574364098
0.037107507807760065
0.03861575224405023
-0.022622356364218277
0.062467374718552904
-0.005818111085915234
0.05182100602750328
-0.0489237727198617
0.056736527751481525
-0.01686722086916248
0.01046829599036414
0.0576314646823306
0.0016709762031741349
-0.010204897362879883
0.06925574960452696
-0.004841918958801372
0.08176108754913614
-0.014438989348697362
0.014780240742707562
-0.07724758378448726
-0.0549153461639893
-0.0636718542421022
-0.03997727574944321
0.026458811902690726
-0.0849833488167917
-0.03133707462365809
0.020083040980136246
0.03208636570286316
-0.0002868205956847447
0.023512429278589764
0.02927401578257438
-0.013878349100881593
-0.018864353824572078
0.005173534568482907
-0.22146034456414654
0.04371378571481266
-0.03997727574944321
-0.008416174423421019
-0.04126132556270612
0.06806350229329183
0.05182100602750328
0.019778644828504
-0.007338419158481102
-0.03173275161671363
0.06605801367827979
0.08080248335888918
0.13204555949274965
0.006746455834750975
-0.04022536987465397
-0.038466866176760206
-0.04022536987465397
-0.017242733713295877
-0.005105231073404326
-0.0008948035361102669
-0.019391257313081667
0.024801788304586125
0.08759468040243501
0.014780240742707562
-0.2546008091448053
-0.12033949778566289
-0.09570667993071069
0.01613403625846388
0.01661350063361855
-0.08814864178677073
0.006265799221320201
0.030122729138618354
0.1417808980890598
0.03863378364598535
0.02432879134386301
0.024801788304586125
-0.022898889969576786
0.03861575224405023
0.026005039289207943
-0.12033949778566289
0.04380656992791998
-0.08721982612879486
0.05182100602750328
-0.013771885982464482
0.08759468040243501
0.031017376704207678
0.04283497654615154
-0.0002868205956847447
-0.05464289541014722
0.037107507807760065
-0.03458770640829023
-0.005105231073404326
0.025649122658425227
0.01035787819304268
0.06569838178769771
0.08759468040243501
0.04729149119249154
0.08632977574364098
0.03973066370480538
-0.027393577402978764
0.047513051758585334
-0.050143819123519506
0.01035787819304268
0.04048653167530425
-0.03563356684104946
0.11522232211929584
-0.08285893181375492
0.020567585268201682
-0.007720686875989813
0.0203593980283987
0.04333086414918519
0.08383912323474085
