-0.06258250876081561
-0.0002495311402075373
-0.02496648159475967
-0.03695834061658587
0.001954162314668828
0.029794720012301212
0.022821768641877682
-0.019391257313081667
0.1417808980890598
-0.03173275161671363
-0.07465345378649157
0.020567585268201682
-0.06464003578883037
-0.04022536987465397
-0.0851300246174862
-0.0008948035361102669
-0.0849833488167917
-0.050143819123519506
0.030122729138618354
-0.02496648159475967
0.06292625909621563
0.03863378364598535
-0.015144140805206874
0.04729149119249154
0.011999720455214913
0.049538360788050184
0.047513051758585334
-0.0549153461639893
-0.002647647860884561
-0.002205271978588108
0.15300088602597928
-0.08110299466350668
-0.028034859824940028
0.013065356771912562
-0.024170822975695394
-0.045496030668886966
0.008665176454019985
-0.014438989348697362
-0.032340875642459466
-0.022368622754905587
0.04729149119249154
0.08105492908796386
0.03863378364598535
0.06925574960452696
0.011999720455214913
-0.08126108737944548
-0.07414653786004877
0.02714223291166995
0.01579928711915457
0.026458811902690726
0.009856619194733796
-0.015144140805206874
-0.02862716582831837
-0.08110299466350668
0.001954162314668828
-0.03133707462365809
-0.0849833488167917
0.008505479129739868
0.012394543666532698
0.01716964896203166
0.026653357334457617
-0.027462288324585415
0.037453479113841226
-0.05699148198311299
0.02708189422255458
-0.04466517994807795
-0.04022536987465397
0.0276177252845331
0.04995452527457189
-0.03133707462365809
-0.02375973362478856
-0.06720056781523276
-0.010532567714866659
-0.051670301345440706
-0.06464003578883037
-0.03563356684104946
0.014471610315426986
0.08799230776265521
-0.01686722086916248
-0.08678886069673908
-0.032259158022980294
0.06228267241298191
-0.1218059774124729
-0.012372140541780041
-0.01844849936066506
-0.021161035659430283
-0.04126132556270612
0.04606131559255999
-0.0005187167995490682
-0.019514789449790015
0.02927401578257438
0.08302714817478662
0.01699193585620762
-0.018864353824572078
0.06925574960452696
0.001954162314668828
0.026653357334457617
-0.0002868205956847447
0.039209693040964666
0.01661350063361855
0.06292625909621563
-0.0013205999854228878
-0.13034379599603163
0.02432879134386301
-0.012150300762606037
0.03208636570286316
-0.13034379599603163
-0.01956931117570271
0.020446479141682516
-0.02243129284092049
-0.011743957061684185
0.01724199139330551
0.03861575224405023
0.0025784297617263974
0.051344950513199095
0.06292625909621563
0.011999720455214913
0.020083040980136246
0.030122729138618354
-0.05464289541014722
0.07586149829868472
-0.04022536987465397
-0.027462288324585415
-0.02243129284092049
-0.12033949778566289
0.13480548385110502
0.001954162314668828
0.04371378571481266
-0.013878349100881593
-0.07414653786004877
-0.03045002278091502
0.008505479129739868
-0.0002868205956847447
0.0022689688502968153
0.06567138145123597
0.01046829599036414
0.1417808980890598
-0.0008948035361102669
0.026653357334457617
-0.022622356364218277
-0.17661184642248884
0.012299756912504733
-0.03520416182162833
0.009856619194733796
0.08632977574364098
0.08176108754913614
-0.013771885982464482
0.06925574960452696
0.08732358904095427
-0.03917887174705115
0.025722681761052968
0.0461992712042818
0.15300088602597928
-0.06109953281700342
0.01661350063361855
0.06806350229329183
-0.017136936568830308
0.06567138145123597
-0.051670301345440706
-0.022368622754905587
0.01724199139330551
0.05799658946616226
-0.0002868205956847447
0.11522232211929584
0.04299886054755575
0.011999720455214913
0.03208636570286316
0.05799658946616226
0.01716964896203166
0.17000938109242547
0.07518071596092746
-0.05282848588680089
0.07518071596092746
0.017908695057996304
0.0461992712042818
0.07382421435571018
-0.04022536987465397
-0.047644828679283435
0.045224792909892564
-0.08143178414826124
0.005173534568482907
0.013109728048770641
-0.06258250876081561
0.005082074600808895
-0.03563356684104946
-0.024170822975695394
-0.050143819123519506
0.04299886054755575
0.006265799221320201
-0.07465345378649157
-0.03563356684104946
0.04135586741642605
0.037107507807760065
-0.06720056781523276
0.012390402416693647
0.022821768641877682
0.05198789125700998
-0.08678886069673908
-0.04126132556270612
0.04590352204112591
-0.2546008091448053
0.04299886054755575
0.04606131559255999
0.06228267241298191
-0.01686722086916248
0.0027859037974478085
0.012390402416693647
0.06292625909621563
-0.07075486294590672
0.02773636562208104
0.17000938109242547
0.01661350063361855
0.03643980545838055
0.007058852839625374
-0.2546008091448053
0.03861575224405023
0.037107507807760065
-0.06053051312501001
0.09718899306107964
-0.017242733713295877
0.04799414960212012
-0.0357902826629255
0.10109672394520075
-0.022821982956040543
0.08653619008305125
-0.1218059774124729
0.022194058573782982
0.06228267241298191
-0.01956931117570271
0.06364954486786978
0.03643980545838055
-0.007317237093852569
0.02708189422255458
0.013040071944516285
0.047513051758585334
0.0216176650818376
0.019778644828504
0.06761705055254463
-0.13034379599603163
-0.02862716582831837
0.01716964896203166
-0.10819102148647719
0.03643980545838055
0.0576314646823306
0.005173534568482907
-0.01844849936066506
-0.06464003578883037
0.03882682382156144
-0.051670301345440706
0.04995452527457189
-0.028034859824940028
0.012394543666532698
0.006746455834750975
-0.09359820865597968
0.049538360788050184
-0.013771885982464482
0.0216176650818376
-0.015144140805206874
-0.05416508205116166
-0.03997727574944321
-0.03520416182162833
0.0278028767684102
0.04799414960212012
0.015089270086424023
0.06569838178769771
-0.03997727574944321
0.034283772423341574
0.04606131559255999
0.008665176454019985
-0.007543661478351282
-0.01249170093178087
0.02927401578257438
0.07586149829868472
0.03643980545838055
-0.03173275161671363
0.06994395962703592
-0.0849833488167917
0.0041948137923384365
0.062467374718552904
0.11840346286310233
-0.1218059774124729
-0.12033949778566289
-0.045496030668886966
-0.017242733713295877
0.030974972656109045
-0.007720686875989813
0.07586149829868472
0.001954162314668828
0.0844852260058202
0.034283772423341574
0.08799230776265521
-0.0849833488167917
-0.012372140541780041
0.03443624877469453
-0.06638125688640528
-0.2546008091448053
-0.007882998007099573
0.06994395962703592
-0.027462288324585415
