-0.027462288324585415
0.006746455834750975
0.030122729138618354
0.01046829599036414
-0.06226621690008294
-0.009588853389239205
0.06994395962703592
0.0278028767684102
0.062467374718552904
-0.06638125688640528
-0.010532567714866659
-0.03917887174705115
0.011553574399841615
0.025722681761052968
0.06318283133468316
-0.019514789449790015
-0.019391257313081667
0.04790976101641675
-0.017136936568830308
0.01347000313241331
0.03882682382156144
-0.01844849936066506
0.013040071944516285
-0.0002868205956847447
0.0027859037974478085
0.08732358904095427
-0.014438989348697362
0.04333086414918519
-0.05129888770798985
-0.002647647860884561
-0.022898889969576786
0.0025784297617263974
-0.027393577402978764
0.08632977574364098
0.07518071596092746
0.011553574399841615
0.030974972656109045
-0.04022536987465397
-0.038466866176760206
-0.09432889171755221
-0.09432889171755221
-0.05464289541014722
0.04283497654615154
-0.0489237727198617
0.01579928711915457
0.07586149829868472
0.13204555949274965
0.04371378571481266
0.008665176454019985
-0.013771885982464482
0.04135586741642605
-0.07465345378649157
0.03994035520780326
0.05425453554333082
-0.03045002278091502
-0.08721982612879486
0.07518071596092746
0.05198789125700998
0.0461992712042818
-0.028034859824940028
0.0276177252845331
0.005082074600808895
0.012299756912504733
-0.022898889969576786
0.019778644828504
-0.06226621690008294
0.012299756912504733
0.037107507807760065
-0.008416174423421019
0.0016709762031741349
0.0344322264021244
0.08383912323474085
0.06567138145123597
0.0515617796937029
-0.08285893181375492
-0.13034379599603163
0.11522232211929584
-0.0636718542421022
-0.1218059774124729
-0.060513028914405353
0.03973066370480538
0.0041948137923384365
0.006143668794592827
0.0515617796937029
-0.049962429852048906
-0.06285634704832255
0.09718899306107964
-0.04126132556270612
0.0165919313161762
0.0512476844333456
0.009856619194733796
-0.017136936568830308
0.07586149829868472
-0.060513028914405353
0.048059232237648075
0.009856619194733796
-0.10819102148647719
0.0165919313161762
0.0515617796937029
0.02927401578257438
-0.017242733713295877
0.02451643163530548
0.04995452527457189
0.05198789125700998
-0.032259158022980294
0.006143668794592827
-0.024170822975695394
0.030974972656109045
0.039209693040964666
0.06569838178769771
-0.06285634704832255
0.008505479129739868
-0.03695834061658587
-0.2546008091448053
0.06567138145123597
0.04790976101641675
-0.024170822975695394
-0.019514789449790015
-0.07075486294590672
0.020567585268201682
0.08799230776265521
-0.09432889171755221
0.01613403625846388
-0.019514789449790015
-0.032340875642459466
0.05436809318039337
0.13204555949274965
-0.022622356364218277
-0.05282848588680089
-0.0007657730469858848
0.037107507807760065
0.01661350063361855
-0.022622356364218277
-0.013878349100881593
0.04606131559255999
-0.17661184642248884
0.0027859037974478085
0.04995452527457189
0.039209693040964666
0.025722681761052968
0.001954162314668828
-0.05983064969141072
0.10109672394520075
0.05182100602750328
0.030974972656109045
0.023512429278589764
0.03643980545838055
0.10240276235625068
-0.002647647860884561
-0.01686722086916248
0.01347000313241331
0.037107507807760065
-0.027462288324585415
0.051344950513199095
-0.1218059774124729
0.006265799221320201
0.07586149829868472
0.08383912323474085
0.07586149829868472
0.02520341309711238
0.08176108754913614
0.025649122658425227
0.01716964896203166
-0.027788545411032928
0.008665176454019985
0.08653619008305125
0.08176108754913614
-0.07075486294590672
-0.009357776553262198
0.025524068456756588
-0.06720056781523276
0.034283772423341574
0.09718899306107964
-0.05129888770798985
-0.06193714350214741
-0.05983064969141072
-0.01249170093178087
0.04823967565580034
0.017908695057996304
0.0025784297617263974
0.006143668794592827
0.07382421435571018
0.0576314646823306
0.02714223291166995
-0.01956931117570271
-0.02496648159475967
0.01046829599036414
-0.05120330655862837
0.0216176650818376
-0.06258250876081561
0.02773636562208104
-0.007720686875989813
0.014780240742707562
0.01613403625846388
0.0203593980283987
-0.007882998007099573
0.06318283133468316
0.04606131559255999
-0.027462288324585415
0.0278028767684102
-0.047644828679283435
-0.05120330655862837
-0.051670301345440706
-0.022368622754905587
0.028713620756199987
0.05168531023255696
0.020446479141682516
-0.0038562351615762935
-0.0002495311402075373
0.012299756912504733
0.15300088602597928
0.11840346286310233
0.025649122658425227
-0.009588853389239205
-0.0357902826629255
0.04590352204112591
0.04790976101641675
0.0203593980283987
0.023560334148108097
0.06761705055254463
-0.008416174423421019
0.13204555949274965
0.04665297339942498
0.08176108754913614
0.02714223291166995
-0.08678886069673908
-0.024170822975695394
-0.03695834061658587
-0.049962429852048906
-0.06226621690008294
0.03973066370480538
0.026653357334457617
-0.041376638974308655
0.08105492908796386
0.04920879849315085
0.023560334148108097
0.03208636570286316
-0.008416174423421019
0.023560334148108097
-0.02496648159475967
0.01046829599036414
0.0326533364262076
0.06605801367827979
-0.015144140805206874
0.0844852260058202
-0.04466517994807795
0.047513051758585334
-0.01686722086916248
0.012299756912504733
0.03882682382156144
0.034283772423341574
0.012390402416693647
-0.0007657730469858848
0.047513051758585334
0.0688088340488946
-0.22146034456414654
0.08632977574364098
0.0276177252845331
0.03443624877469453
0.020446479141682516
0.05799658946616226
-0.0851300246174862
0.025524068456756588
-0.09432889171755221
-0.014438989348697362
0.025722681761052968
0.04590352204112591
0.10240276235625068
0.0276177252845331
0.043334141200254805
-0.08285893181375492
0.06567138145123597
-0.027393577402978764
0.030122729138618354
-0.03270475340709922
-0.009357776553262198
-0.007543661478351282
-0.08285893181375492
-0.038466866176760206
0.0576314646823306
-0.047644828679283435
-0.0007657730469858848
-0.05654058267968054
-0.08285893181375492
0.01579928711915457
0.08732358904095427
0.03863378364598535
-0.09432889171755221
0.026458811902690726
0.015089270086424023
-0.09432889171755221
0.020083040980136246
-0.022368622754905587
0.012390402416693647
-0.009588853389239205
-0.03458770640829023
-0.05983064969141072
0.013040071944516285
0.0216176650818376
