0.1417808980890598
-0.03045002278091502
0.024801788304586125
0.08383912323474085
-0.005818111085915234
-0.013771885982464482
0.06364954486786978
-0.047644828679283435
0.1417808980890598
-0.015144140805206874
-0.0549153461639893
0.08080248335888918
-0.045496030668886966
0.02520341309711238
0.030974972656109045
0.08302714817478662
-0.06638125688640528
-0.01249170093178087
-0.017136936568830308
-0.032259158022980294
-0.027393577402978764
0.02927401578257438
0.026458811902690726
0.05799658946616226
0.04135586741642605
-0.013771885982464482
0.01661350063361855
0.02451643163530548
0.03208636570286316
-0.22146034456414654
0.037453479113841226
0.08632977574364098
0.04790976101641675
-0.0489237727198617
0.0276177252845331
-0.027462288324585415
0.039209693040964666
0.025524068456756588
-0.10819102148647719
0.039209693040964666
0.001954162314668828
0.020446479141682516
-0.09359820865597968
0.01716964896203166
-0.027462288324585415
-0.03917887174705115
0.03208636570286316
0.0344322264021244
-0.011743957061684185
0.011553574399841615
-0.0005187167995490682
-0.05983064969141072
0.04920879849315085
0.04048653167530425
-0.06109953281700342
0.017908695057996304
0.06605801367827979
-0.02862716582831837
-0.019391257313081667
-0.010204897362879883
0.04823967565580034
0.025649122658425227
-0.010532567714866659
0.023512429278589764
-0.07724758378448726
-0.10819102148647719
-0.07724758378448726
0.014780240742707562
0.0216176650818376
0.04048653167530425
-0.047644828679283435
-0.010532567714866659
0.012394543666532698
-0.017136936568830308
0.04827168718050601
0.0576314646823306
0.025649122658425227
0.014471610315426986
-0.05586089089844393
-0.017242733713295877
0.04790976101641675
0.04823967565580034
0.0022689688502968153
-0.022348210496932808
-0.012150300762606037
0.04283497654615154
-0.03133707462365809
-0.02243129284092049
0.04827168718050601
0.02451643163530548
0.022821768641877682
-0.014438989348697362
-0.007338419158481102
-0.010532567714866659
0.037107507807760065
-0.12033949778566289
-0.03695834061658587
-0.027462288324585415
-0.015144140805206874
-0.05699148198311299
0.039209693040964666
0.006265799221320201
-0.009588853389239205
-0.08126108737944548
0.04827168718050601
0.06318283133468316
-0.03133707462365809
0.06605801367827979
-0.05282848588680089
-0.007720686875989813
-0.1218059774124729
0.04391937482752173
-0.028034859824940028
-0.0013205999854228878
0.008505479129739868
-0.049962429852048906
0.026653357334457617
0.10109672394520075
0.02520341309711238
0.0688088340488946
0.05436809318039337
-0.027462288324585415
-0.0636718542421022
0.08632977574364098
-0.013771885982464482
0.023560334148108097
-0.032259158022980294
-0.027788545411032928
0.011999720455214913
-0.005818111085915234
0.011553574399841615
-0.004841918958801372
0.0844852260058202
-0.0549153461639893
-0.0005187167995490682
-0.01956931117570271
0.06994395962703592
-0.08678886069673908
0.04799414960212012
-0.007543661478351282
0.030974972656109045
-0.22146034456414654
-0.07892951287026762
-0.019514789449790015
0.07060672059698447
0.15300088602597928
0.034283772423341574
-0.032340875642459466
-0.022368622754905587
-0.0038562351615762935
-0.0849833488167917
-0.022348210496932808
-0.002205271978588108
0.08632977574364098
0.013040071944516285
-0.017242733713295877
-0.03695834061658587
-0.002647647860884561
-0.017242733713295877
-0.0549153461639893
0.031017376704207678
0.07060672059698447
0.06925574960452696
0.01716964896203166
0.06318283133468316
0.06994395962703592
-0.024170822975695394
-0.06720056781523276
0.08080248335888918
0.02708189422255458
-0.038466866176760206
-0.09432889171755221
-0.05654058267968054
-0.0489237727198617
-0.010204897362879883
-0.12033949778566289
-0.13034379599603163
-0.027788545411032928
-0.03270475340709922
0.015089270086424023
-0.037433866920196124
0.05168531023255696
-0.06720056781523276
0.02520341309711238
0.06567138145123597
0.047513051758585334
-0.009588853389239205
-0.038466866176760206
-0.08126108737944548
0.08121523150568599
-0.027788545411032928
0.02773636562208104
0.02451643163530548
-0.022368622754905587
0.07518071596092746
0.020567585268201682
0.037107507807760065
-0.027788545411032928
0.04995452527457189
0.008505479129739868
-0.028034859824940028
0.0344322264021244
-0.007543661478351282
-0.07724758378448726
-0.0489237727198617
0.006265799221320201
0.01347000313241331
0.04299886054755575
-0.005818111085915234
-0.007338419158481102
-0.01686722086916248
-0.05654058267968054
0.024801788304586125
0.04823967565580034
0.001954162314668828
0.01716964896203166
-0.03173275161671363
-0.037433866920196124
-0.03133707462365809
0.019778644828504
-0.022821982956040543
0.04299886054755575
0.014780240742707562
-0.0008948035361102669
-0.060513028914405353
0.01661350063361855
0.04590352204112591
-0.019514789449790015
-0.06285634704832255
0.08653619008305125
0.06567138145123597
-0.014438989348697362
0.02714223291166995
0.05425453554333082
-0.07414653786004877
0.039209693040964666
0.037453479113841226
0.04333086414918519
0.06364954486786978
0.037107507807760065
0.011999720455214913
0.04790976101641675
0.031017376704207678
-0.027788545411032928
0.06364954486786978
-0.018864353824572078
0.05198789125700998
-0.051670301345440706
0.05168531023255696
0.01579928711915457
-0.06720056781523276
0.005082074600808895
0.09718899306107964
-0.0038562351615762935
-0.010204897362879883
-0.13034379599603163
-0.024170822975695394
0.06925574960452696
-0.03133707462365809
-0.08285893181375492
-0.05464289541014722
-0.0013205999854228878
0.0326533364262076
-0.002205271978588108
-0.0005187167995490682
0.062467374718552904
-0.060513028914405353
0.019778644828504
0.023560334148108097
-0.004841918958801372
0.013065356771912562
0.0344322264021244
0.08759468040243501
-0.03045002278091502
0.013065356771912562
0.045224792909892564
-0.011743957061684185
-0.05983064969141072
-0.02862716582831837
-0.013878349100881593
-0.022348210496932808
0.04665297339942498
-0.0002868205956847447
0.030974972656109045
0.008505479129739868
-0.05983064969141072
0.0025784297617263974
0.011553574399841615
0.04371378571481266
0.06994395962703592
-0.060513028914405353
-0.060513028914405353
-0.005105231073404326
0.07586149829868472
0.05436809318039337
-0.03695834061658587
-0.010204897362879883
0.04380656992791998
0.031017376704207678
