-0.03695834061658587
-0.02496648159475967
0.04283497654615154
0.04995452527457189
-0.005818111085915234
-0.0002868205956847447
-0.03173275161671363
0.04799414960212012
-0.03997727574944321
0.03973066370480538
0.05168531023255696
0.07518071596092746
0.049538360788050184
0.047513051758585334
-0.013771885982464482
-0.010204897362879883
-0.009588853389239205
0.0688088340488946
0.0688088340488946
0.06292625909621563
0.012394543666532698
-0.05282848588680089
-0.027789787343500905
0.056736527751481525
-0.07465345378649157
0.015089270086424023
-0.17661184642248884
0.034283772423341574
0.03882682382156144
-0.07465345378649157
0.047513051758585334
0.011999720455214913
0.031017376704207678
0.0512476844333456
0.07060672059698447
-0.13034379599603163
0.08121523150568599
-0.009357776553262198
0.039209693040964666
0.025649122658425227
0.01699193585620762
-0.05586089089844393
-0.06720056781523276
-0.03917887174705115
-0.012372140541780041
0.02451643163530548
-0.022622356364218277
0.043334141200254805
-0.0849833488167917
0.005173534568482907
0.08799230776265521
-0.13034379599603163
0.001954162314668828
-0.05416508205116166
-0.0007657730469858848
-0.022622356364218277
0.0688088340488946
0.026458811902690726
0.06228267241298191
-0.03133707462365809
-0.010204897362879883
0.026005039289207943
-0.007882998007099573
-0.06638125688640528
0.10109672394520075
-0.04126132556270612
-0.032340875642459466
-0.07212958518599066
0.047513051758585334
-0.0008948035361102669
-0.012372140541780041
-0.22146034456414654
0.015089270086424023
-0.08678886069673908
-0.03563356684104946
-0.06193714350214741
0.01046829599036414
0.03208636570286316
-0.05699148198311299
-0.032340875642459466
-0.06464003578883037
0.020446479141682516
0.0025784297617263974
-0.007317237093852569
0.01035787819304268
0.07518071596092746
0.025649122658425227
-0.013878349100881593
0.018593646962060006
0.045224792909892564
-0.12033949778566289
-0.0011970474263076625
-0.014438989348697362
0.0461992712042818
0.0216176650818376
0.04823967565580034
0.0278028767684102
-0.0002495311402075373
-0.02243129284092049
0.08632977574364098
0.012390402416693647
0.08121523150568599
-0.027788545411032928
0.06569838178769771
-0.015144140805206874
0.011553574399841615
0.05436809318039337
-0.03695834061658587
0.06316607709876365
0.04920879849315085
-0.007720686875989813
-0.011743957061684185
-0.045496030668886966
0.03882682382156144
-0.005105231073404326
0.0041948137923384365
0.037453479113841226
-0.027393577402978764
0.0326533364262076
-0.015144140805206874
-0.01844849936066506
-0.050143819123519506
0.08632977574364098
0.06994395962703592
-0.06053051312501001
0.05799658946616226
0.04380656992791998
0.0216176650818376
0.013065356771912562
0.022821768641877682
0.020083040980136246
-0.027462288324585415
0.026653357334457617
-0.021161035659430283
0.051344950513199095
0.03994035520780326
-0.0357902826629255
0.06567138145123597
0.025649122658425227
0.006746455834750975
0.0344322264021244
-0.08285893181375492
-0.09570667993071069
0.04590352204112591
0.10240276235625068
0.037453479113841226
0.08080248335888918
0.03882682382156144
0.03643980545838055
0.04048653167530425
-0.019391257313081667
0.0576314646823306
-0.028034859824940028
0.001954162314668828
0.0165919313161762
0.026005039289207943
-0.017242733713295877
0.02520341309711238
-0.03133707462365809
-0.022821982956040543
0.04590352204112591
0.11522232211929584
-0.019514789449790015
-0.03917887174705115
-0.01686722086916248
-0.0005187167995490682
-0.022348210496932808
0.025649122658425227
-0.10013006587302442
-0.05586089089844393
0.0576314646823306
0.051344950513199095
0.0041948137923384365
0.04391937482752173
0.006265799221320201
-0.07075486294590672
0.0576314646823306
0.0165919313161762
-0.005105231073404326
-0.009588853389239205
-0.03270475340709922
0.13480548385110502
0.0326533364262076
-0.008416174423421019
0.1399333926158075
0.026458811902690726
0.01035787819304268
0.06316607709876365
0.10240276235625068
0.13480548385110502
0.02927401578257438
0.01724199139330551
0.01699193585620762
0.005173534568482907
-0.10013006587302442
0.0041948137923384365
0.03882682382156144
-0.10013006587302442
0.08302714817478662
0.03882682382156144
0.017908695057996304
-0.0002495311402075373
0.056736527751481525
-0.05654058267968054
0.06292625909621563
-0.07414653786004877
-0.08143178414826124
0.08176108754913614
-0.08126108737944548
0.0512476844333456
-0.032340875642459466
0.014471610315426986
0.1399333926158075
-0.06285634704832255
0.051344950513199095
0.04790976101641675
0.01579928711915457
-0.0008948035361102669
0.001954162314668828
0.020567585268201682
0.13204555949274965
-0.047644828679283435
-0.08143178414826124
-0.019514789449790015
0.034283772423341574
-0.04022536987465397
0.08653619008305125
0.1417808980890598
0.08302714817478662
0.04729149119249154
0.005082074600808895
-0.027462288324585415
0.06806350229329183
-0.0002495311402075373
-0.015144140805206874
0.026458811902690726
-0.045496030668886966
0.020083040980136246
-0.027393577402978764
0.07060672059698447
0.026005039289207943
-0.009357776553262198
-0.07892951287026762
-0.03133707462365809
-0.0005187167995490682
0.04299886054755575
0.034283772423341574
0.03863378364598535
0.08759468040243501
-0.03997727574944321
-0.005818111085915234
0.020083040980136246
0.06567138145123597
0.13204555949274965
0.03973066370480538
0.01716964896203166
-0.03997727574944321
-0.018864353824572078
0.020083040980136246
-0.022898889969576786
-0.01956931117570271
-0.06193714350214741
-0.07724758378448726
0.031017376704207678
0.13480548385110502
-0.027462288324585415
0.031017376704207678
-0.04022536987465397
0.045224792909892564
-0.13034379599603163
-0.0002495311402075373
-0.03045002278091502
0.04729149119249154
0.0027859037974478085
0.02773636562208104
0.03882682382156144
-0.05983064969141072
0.0844852260058202
0.0025784297617263974
0.001954162314668828
-0.0849833488167917
0.01661350063361855
-0.032259158022980294
0.023512429278589764
-0.06193714350214741
-0.05586089089844393
-0.1218059774124729
-0.060513028914405353
0.08176108754913614
-0.007338419158481102
0.015089270086424023
0.07060672059698447
-0.08126108737944548
-0.0002868205956847447
-0.0038562351615762935
-0.022348210496932808
0.03443624877469453
0.031017376704207678
-0.011743957061684185
