-0.013878349100881593
0.04799414960212012
-0.01686722086916248
-0.0038562351615762935
-0.013771885982464482
-0.04126132556270612
0.01699193585620762
-0.050143819123519506
0.0165919313161762
0.06994395962703592
-0.05699148198311299
-0.08143178414826124
-0.05464289541014722
0.13204555949274965
0.015089270086424023
-0.07465345378649157
0.01699193585620762
-0.01956931117570271
0.04823967565580034
0.06318283133468316
0.02773636562208104
-0.010532567714866659
-0.05699148198311299
0.06569838178769771
-0.007882998007099573
-0.02496648159475967
0.009856619194733796
-0.014438989348697362
0.17000938109242547
-0.04126132556270612
0.037453479113841226
0.0216176650818376
-0.10013006587302442
0.039209693040964666
-0.05699148198311299
-0.005818111085915234
0.0326533364262076
-0.047644828679283435
0.11522232211929584
0.029794720012301212
-0.032259158022980294
-0.03997727574944321
-0.0008948035361102669
-0.0002495311402075373
0.04283497654615154
0.029794720012301212
-0.007720686875989813
-0.07414653786004877
0.022821768641877682
-0.08721982612879486
-0.05416508205116166
-0.13034379599603163
0.023512429278589764
-0.032340875642459466
-0.007338419158481102
-0.022898889969576786
0.0278028767684102
0.003822387934753202
0.0216176650818376
-0.007720686875989813
-0.05464289541014722
0.0165919313161762
0.04135586741642605
0.0326533364262076
-0.038466866176760206
-0.07075486294590672
-0.013878349100881593
-0.005105231073404326
-0.08678886069673908
-0.03045002278091502
-0.027462288324585415
0.008505479129739868
0.03973066370480538
0.012390402416693647
-0.038466866176760206
-0.005105231073404326
0.0027859037974478085
-0.03917887174705115
-0.03520416182162833
0.008665176454019985
0.08176108754913614
0.05799658946616226
0.023560334148108097
0.01035787819304268
-0.0002868205956847447
-0.0038562351615762935
0.02520341309711238
-0.03695834061658587
0.04729149119249154
0.030122729138618354
0.020567585268201682
0.02927401578257438
0.026653357334457617
0.04283497654615154
-0.015144140805206874
0.048059232237648075
-0.015144140805206874
-0.07075486294590672
-0.03917887174705115
-0.010532567714866659
0.04665297339942498
0.13480548385110502
-0.03045002278091502
-0.007338419158481102
-0.03997727574944321
0.0688088340488946
-0.03133707462365809
-0.01686722086916248
0.02773636562208104
-0.07724758378448726
-0.018864353824572078
-0.047644828679283435
-0.0007657730469858848
0.04299886054755575
-0.03173275161671363
-0.010204897362879883
-0.03520416182162833
0.047513051758585334
-0.1218059774124729
0.013065356771912562
-0.01956931117570271
-0.0011970474263076625
-0.022821982956040543
-0.0002868205956847447
0.017908695057996304
0.04333086414918519
0.022821768641877682
-0.06285634704832255
0.006265799221320201
0.1417808980890598
0.05168531023255696
0.04469322213864224
-0.022898889969576786
-0.05586089089844393
-0.07075486294590672
-0.022622356364218277
0.06318283133468316
-0.22146034456414654
0.005082074600808895
-0.002205271978588108
-0.05282848588680089
0.06364954486786978
0.04920879849315085
-0.06053051312501001
0.0326533364262076
-0.04466517994807795
-0.12033949778566289
0.04606131559255999
-0.009357776553262198
0.11840346286310233
0.15300088602597928
0.08799230776265521
-0.07465345378649157
0.06364954486786978
-0.037433866920196124
-0.0357902826629255
-0.0007657730469858848
0.11522232211929584
-0.05983064969141072
0.08632977574364098
-0.15702055781469149
0.022194058573782982
-0.011743957061684185
0.06605801367827979
0.037453479113841226
-0.007338419158481102
-0.017136936568830308
0.05425453554333082
-0.027393577402978764
0.008665176454019985
0.05198789125700998
0.039209693040964666
0.024801788304586125
0.020567585268201682
0.02773636562208104
0.04371378571481266
0.04333086414918519
0.08632977574364098
0.10240276235625068
-0.05654058267968054
-0.05464289541014722
0.04299886054755575
-0.03458770640829023
0.06318283133468316
0.041840431302949455
-0.007338419158481102
-0.0489237727198617
-0.07414653786004877
-0.007317237093852569
0.020567585268201682
0.023512429278589764
0.05436809318039337
-0.22146034456414654
-0.02496648159475967
-0.012150300762606037
0.0016709762031741349
-0.08721982612879486
0.023512429278589764
0.1417808980890598
0.011999720455214913
-0.011743957061684185
-0.22146034456414654
-0.05464289541014722
0.020567585268201682
-0.17661184642248884
0.05182100602750328
-0.015144140805206874
0.08105492908796386
-0.05983064969141072
-0.019514789449790015
-0.0851300246174862
-0.03997727574944321
-0.0002868205956847447
-0.01249170093178087
-0.12033949778566289
0.06292625909621563
0.04135586741642605
-0.027393577402978764
-0.22146034456414654
0.037453479113841226
-0.02496648159475967
0.15300088602597928
-0.027393577402978764
0.08176108754913614
0.04920879849315085
-0.05699148198311299
-0.08721982612879486
0.04380656992791998
-0.09570667993071069
0.10109672394520075
0.06228267241298191
0.0512476844333456
-0.038466866176760206
-0.027393577402978764
0.06605801367827979
0.0576314646823306
0.06318283133468316
0.06994395962703592
0.018593646962060006
0.039209693040964666
-0.032259158022980294
0.024801788304586125
0.08105492908796386
0.08759468040243501
0.011999720455214913
-0.04022536987465397
-0.0636718542421022
0.06761705055254463
-0.10819102148647719
-0.0549153461639893
0.025524068456756588
-0.07724758378448726
0.009856619194733796
-0.028034859824940028
-0.007338419158481102
0.11840346286310233
0.02708189422255458
0.10240276235625068
-0.032340875642459466
0.039209693040964666
-0.017242733713295877
-0.04466517994807795
-0.02243129284092049
0.11522232211929584
0.04823967565580034
0.06228267241298191
0.06364954486786978
0.04823967565580034
-0.010204897362879883
0.013040071944516285
0.019778644828504
0.06925574960452696
0.0016709762031741349
-0.0549153461639893
-0.036421638107813514
0.06292625909621563
0.013040071944516285
0.017908695057996304
-0.012372140541780041
-0.0357902826629255
0.06925574960452696
-0.05129888770798985
0.05425453554333082
-0.03045002278091502
0.17000938109242547
0.031017376704207678
-0.002205271978588108
-0.02496648159475967
-0.047644828679283435
-0.0008948035361102669
-0.018864353824572078
0.04371378571481266
-0.03045002278091502
-0.027788545411032928
0.04823967565580034
-0.014438989348697362
0.11840346286310233
0.13480548385110502
0.013065356771912562
