-0.03458770640829023
0.0278028767684102
-0.007317237093852569
-0.08110299466350668
0.05198789125700998
-0.0008948035361102669
0.17000938109242547
0.006746455834750975
0.006265799221320201
0.0512476844333456
0.0203593980283987
-0.03695834061658587
-0.014438989348697362
0.08383912323474085
0.008665176454019985
-0.0489237727198617
-0.022821982956040543
0.01579928711915457
-0.03520416182162833
-0.09432889171755221
-0.017242733713295877
-0.047644828679283435
0.018593646962060006
-0.03997727574944321
0.020567585268201682
-0.09432889171755221
-0.05464289541014722
0.09718899306107964
0.02773636562208104
-0.027393577402978764
0.11522232211929584
-0.032340875642459466
-0.04022536987465397
-0.04466517994807795
-0.06464003578883037
-0.032340875642459466
-0.09359820865597968
0.05425453554333082
-0.01844849936066506
0.006746455834750975
-0.032259158022980294
-0.04466517994807795
-0.007882998007099573
-0.021161035659430283
0.08080248335888918
0.04729149119249154
0.023560334148108097
0.04048653167530425
-0.060513028914405353
0.003822387934753202
-0.04022536987465397
-0.009588853389239205
-0.05464289541014722
0.06569838178769771
0.025722681761052968
0.02451643163530548
0.11522232211929584
0.05425453554333082
-0.15702055781469149
0.022194058573782982
-0.04466517994807795
-0.03997727574944321
0.051344950513199095
0.04135586741642605
0.020083040980136246
0.01661350063361855
0.06925574960452696
-0.032340875642459466
-0.08814864178677073
-0.05586089089844393
0.0688088340488946
0.037453479113841226
0.06316607709876365
0.04790976101641675
0.08383912323474085
0.08799230776265521
-0.05983064969141072
-0.04126132556270612
0.05436809318039337
0.003822387934753202
0.08383912323474085
0.07382421435571018
-0.009588853389239205
-0.0007657730469858848
0.0344322264021244
0.048059232237648075
0.07586149829868472
0.01347000313241331
0.019778644828504
0.06569838178769771
0.03208636570286316
-0.02375973362478856
0.04799414960212012
0.0165919313161762
0.018593646962060006
0.0022689688502968153
-0.08285893181375492
0.0326533364262076
0.017908695057996304
0.04665297339942498
-0.03997727574944321
0.011553574399841615
-0.22146034456414654
0.030974972656109045
-0.01956931117570271
0.08105492908796386
-0.04466517994807795
-0.0636718542421022
0.018593646962060006
0.026653357334457617
-0.03133707462365809
0.06567138145123597
-0.03173275161671363
-0.02862716582831837
-0.06285634704832255
0.13204555949274965
0.051344950513199095
0.07518071596092746
-0.06053051312501001
0.05198789125700998
0.01046829599036414
-0.08126108737944548
0.0016709762031741349
-0.017242733713295877
0.04995452527457189
0.04391937482752173
0.0844852260058202
0.06318283133468316
-0.03133707462365809
0.04469322213864224
0.048059232237648075
-0.08126108737944548
-0.1218059774124729
0.0027859037974478085
-0.022348210496932808
-0.10013006587302442
-0.019391257313081667
0.045224792909892564
-0.011743957061684185
0.026653357334457617
-0.0002868205956847447
-0.0038562351615762935
-0.07465345378649157
-0.01686722086916248
0.022194058573782982
0.0216176650818376
0.06605801367827979
0.04371378571481266
-0.07465345378649157
0.01661350063361855
-0.038466866176760206
-0.027788545411032928
0.07518071596092746
-0.06258250876081561
-0.06226621690008294
-0.01249170093178087
0.015089270086424023
0.03863378364598535
0.07060672059698447
-0.03270475340709922
-0.013771885982464482
0.011999720455214913
-0.06464003578883037
0.014780240742707562
-0.01956931117570271
0.020083040980136246
-0.08285893181375492
-0.021161035659430283
-0.03133707462365809
-0.015144140805206874
-0.02375973362478856
0.043334141200254805
0.031017376704207678
0.07586149829868472
0.04827168718050601
0.037453479113841226
-0.08678886069673908
0.06569838178769771
0.04590352204112591
-0.01956931117570271
-0.045496030668886966
-0.03045002278091502
-0.022368622754905587
0.0278028767684102
-0.03917887174705115
-0.002205271978588108
-0.03173275161671363
0.013065356771912562
0.014471610315426986
-0.007317237093852569
-0.0002495311402075373
0.01579928711915457
0.06605801367827979
0.05198789125700998
0.04606131559255999
-0.007317237093852569
-0.015144140805206874
-0.02496648159475967
0.013109728048770641
-0.027462288324585415
0.04790976101641675
-0.07892951287026762
0.15300088602597928
0.01724199139330551
0.0576314646823306
0.030974972656109045
0.04371378571481266
-0.09432889171755221
-0.013878349100881593
0.04380656992791998
-0.10819102148647719
0.023512429278589764
0.04380656992791998
-0.07414653786004877
0.04665297339942498
0.08383912323474085
-0.06258250876081561
0.01724199139330551
0.07586149829868472
-0.021161035659430283
0.05168531023255696
0.008665176454019985
0.012394543666532698
0.08732358904095427
0.013040071944516285
0.005173534568482907
0.01724199139330551
0.013065356771912562
-0.02243129284092049
0.031017376704207678
-0.22146034456414654
-0.012150300762606037
0.01579928711915457
0.06567138145123597
-0.007317237093852569
-0.032259158022980294
0.0512476844333456
0.0515617796937029
0.02927401578257438
0.025649122658425227
-0.05416508205116166
-0.06285634704832255
0.01661350063361855
0.13204555949274965
0.01661350063361855
-0.05464289541014722
-0.05129888770798985
0.051344950513199095
-0.032259158022980294
-0.03520416182162833
0.06292625909621563
0.04048653167530425
-0.0005187167995490682
0.013065356771912562
0.020083040980136246
-0.04466517994807795
0.045224792909892564
-0.027462288324585415
0.019778644828504
0.01579928711915457
0.009856619194733796
0.015089270086424023
-0.05586089089844393
-0.032340875642459466
0.013065356771912562
0.0025784297617263974
-0.008416174423421019
0.04380656992791998
-0.06285634704832255
0.051344950513199095
-0.0008948035361102669
0.03208636570286316
-0.007338419158481102
0.0025784297617263974
0.041840431302949455
0.023512429278589764
0.0278028767684102
-0.013771885982464482
-0.03270475340709922
-0.007543661478351282
0.04827168718050601
0.047513051758585334
-0.0849833488167917
-0.03270475340709922
-0.027393577402978764
-0.0849833488167917
0.020446479141682516
0.039209693040964666
0.08759468040243501
-0.07414653786004877
-0.027393577402978764
0.03994035520780326
0.04920879849315085
0.06925574960452696
0.020567585268201682
0.039209693040964666
-0.028034859824940028
0.030122729138618354
-0.007882998007099573
