0.0512476844333456
-0.04126132556270612
-0.051670301345440706
-0.060513028914405353
-0.032340875642459466
0.08653619008305125
-0.05654058267968054
0.06605801367827979
-0.010204897362879883
0.04283497654615154
0.0512476844333456
0.008665176454019985
-0.03917887174705115
-0.041376638974308655
0.0515617796937029
0.06994395962703592
0.008665176454019985
0.01716964896203166
0.034283772423341574
0.008665176454019985
-0.002647647860884561
0.037107507807760065
-0.009357776553262198
0.04665297339942498
-0.05654058267968054
-0.027393577402978764
0.04380656992791998
0.04799414960212012
0.04333086414918519
0.05436809318039337
-0.03270475340709922
-0.06226621690008294
0.0216176650818376
0.01716964896203166
-0.022368622754905587
0.019778644828504
0.019778644828504
0.023560334148108097
0.0203593980283987
0.022194058573782982
0.01347000313241331
-0.07075486294590672
0.020446479141682516
-0.05282848588680089
0.17000938109242547
0.020083040980136246
-0.05120330655862837
0.02927401578257438
0.04333086414918519
-0.1218059774124729
0.0461992712042818
0.05168531023255696
-0.17661184642248884
0.020567585268201682
0.020567585268201682
0.04299886054755575
-0.011743957061684185
-0.07075486294590672
-0.032259158022980294
0.02773636562208104
0.08383912323474085
0.0216176650818376
0.012390402416693647
0.04799414960212012
0.08799230776265521
-0.08285893181375492
0.0576314646823306
0.030974972656109045
0.01579928711915457
0.04135586741642605
0.020446479141682516
0.06605801367827979
-0.022348210496932808
0.10240276235625068
0.06292625909621563
0.0515617796937029
-0.027788545411032928
0.04729149119249154
0.04333086414918519
0.001954162314668828
-0.019391257313081667
0.05425453554333082
0.11522232211929584
-0.03173275161671363
0.08759468040243501
-0.024170822975695394
-0.014438989348697362
0.02708189422255458
0.001954162314668828
0.07060672059698447
0.08121523150568599
0.05425453554333082
0.039209693040964666
-0.012150300762606037
0.05425453554333082
0.02927401578257438
-0.07892951287026762
-0.03458770640829023
-0.0849833488167917
0.08799230776265521
0.05799658946616226
-0.045496030668886966
0.03861575224405023
-0.04126132556270612
0.014471610315426986
0.0461992712042818
0.08121523150568599
0.06364954486786978
-0.032340875642459466
-0.028034859824940028
-0.049962429852048906
-0.0636718542421022
0.04380656992791998
0.04469322213864224
-0.015144140805206874
0.0027859037974478085
-0.005818111085915234
0.01716964896203166
-0.0007657730469858848
-0.01249170093178087
-0.045496030668886966
-0.05120330655862837
-0.08110299466350668
0.01046829599036414
0.023512429278589764
-0.02375973362478856
-0.03695834061658587
-0.019391257313081667
-0.0013205999854228878
0.04827168718050601
-0.007882998007099573
0.06567138145123597
0.04665297339942498
-0.05282848588680089
-0.013771885982464482
-0.08678886069673908
-0.027788545411032928
0.08632977574364098
0.07518071596092746
-0.03270475340709922
-0.02375973362478856
0.030122729138618354
0.03443624877469453
0.03882682382156144
-0.0851300246174862
-0.015144140805206874
-0.0357902826629255
-0.06053051312501001
0.06994395962703592
0.0515617796937029
0.03863378364598535
-0.012150300762606037
-0.03997727574944321
0.019778644828504
0.0515617796937029
0.030122729138618354
0.06318283133468316
0.02773636562208104
0.0276177252845331
0.041840431302949455
0.0216176650818376
0.13204555949274965
-0.09359820865597968
0.04606131559255999
-0.041376638974308655
-0.0002495311402075373
-0.04466517994807795
0.07382421435571018
-0.024170822975695394
0.025524068456756588
0.005082074600808895
0.030122729138618354
0.0276177252845331
-0.019391257313081667
0.08121523150568599
0.04827168718050601
-0.017242733713295877
-0.012150300762606037
-0.005818111085915234
-0.022821982956040543
-0.06193714350214741
0.01579928711915457
0.006265799221320201
-0.027393577402978764
-0.022368622754905587
-0.08110299466350668
0.011553574399841615
-0.09359820865597968
0.029794720012301212
0.06994395962703592
0.026653357334457617
0.1399333926158075
-0.007720686875989813
-0.009357776553262198
-0.03133707462365809
0.056736527751481525
0.01699193585620762
0.08759468040243501
-0.010204897362879883
-0.08814864178677073
0.08121523150568599
-0.06285634704832255
-0.06285634704832255
0.06605801367827979
-0.03458770640829023
0.02714223291166995
0.05436809318039337
-0.002205271978588108
0.0016709762031741349
0.03443624877469453
0.01613403625846388
-0.02243129284092049
-0.03695834061658587
0.01699193585620762
0.049538360788050184
0.05799658946616226
-0.051670301345440706
0.012390402416693647
-0.05120330655862837
-0.08285893181375492
-0.051670301345440706
0.04790976101641675
0.08383912323474085
0.011553574399841615
0.011553574399841615
0.11840346286310233
-0.027788545411032928
-0.0008948035361102669
-0.011743957061684185
0.018593646962060006
0.0216176650818376
-0.05586089089844393
-0.06258250876081561
0.11522232211929584
-0.021161035659430283
0.01661350063361855
-0.027393577402978764
0.051344950513199095
-0.01686722086916248
0.04790976101641675
0.04606131559255999
-0.04126132556270612
0.012299756912504733
0.08302714817478662
0.06228267241298191
-0.06638125688640528
-0.0013205999854228878
0.0278028767684102
0.03861575224405023
0.0278028767684102
-0.021161035659430283
0.024801788304586125
0.024801788304586125
-0.019391257313081667
-0.0002868205956847447
-0.01956931117570271
-0.022622356364218277
-0.0007657730469858848
-0.027789787343500905
0.0278028767684102
-0.0007657730469858848
0.012390402416693647
-0.1218059774124729
0.031017376704207678
-0.06464003578883037
-0.03997727574944321
0.04135586741642605
-0.027788545411032928
0.04823967565580034
-0.007317237093852569
0.06925574960452696
0.08759468040243501
-0.15702055781469149
-0.1218059774124729
0.03643980545838055
-0.019391257313081667
0.01613403625846388
-0.022898889969576786
-0.037433866920196124
0.056736527751481525
-0.010204897362879883
-0.09432889171755221
-0.15702055781469149
-0.06053051312501001
0.06806350229329183
0.037453479113841226
0.0165919313161762
-0.0011970474263076625
-0.013771885982464482
-0.05983064969141072
-0.022821982956040543
0.028713620756199987
-0.017136936568830308
0.0165919313161762
-0.08814864178677073
0.029794720012301212
0.011999720455214913
0.008665176454019985
0.13480548385110502
