0.0016709762031741349
0.020446479141682516
0.04790976101641675
0.0276177252845331
0.04606131559255999
-0.01844849936066506
-0.03997727574944321
-0.0549153461639893
-0.2546008091448053
0.05198789125700998
-0.03917887174705115
-0.04466517994807795
0.0165919313161762
-0.2546008091448053
0.04823967565580034
0.05425453554333082
0.13204555949274965
-0.06193714350214741
-0.013771885982464482
-0.0636718542421022
0.034283772423341574
0.02432879134386301
0.04135586741642605
0.0041948137923384365
-0.08678886069673908
0.04380656992791998
0.019778644828504
0.01699193585620762
0.06994395962703592
0.04590352204112591
-0.007317237093852569
-0.08285893181375492
-0.0851300246174862
-0.027462288324585415
0.022821768641877682
0.037453479113841226
-0.07892951287026762
0.0216176650818376
-0.08126108737944548
0.048059232237648075
-0.03563356684104946
0.05799658946616226
-0.002205271978588108
-0.051670301345440706
-0.032340875642459466
0.03208636570286316
-0.008416174423421019
0.013065356771912562
0.03863378364598535
0.025722681761052968
0.026005039289207943
0.014471610315426986
-0.05464289541014722
0.0165919313161762
0.06925574960452696
0.048059232237648075
-0.004841918958801372
-0.10819102148647719
0.06569838178769771
0.04823967565580034
-0.012150300762606037
0.04729149119249154
0.04333086414918519
-0.014438989348697362
-0.050143819123519506
0.018593646962060006
0.04048653167530425
0.08759468040243501
0.05425453554333082
0.15300088602597928
0.04380656992791998
-0.0002868205956847447
-0.06720056781523276
-0.08143178414826124
0.04827168718050601
-0.07892951287026762
-0.09570667993071069
-0.012150300762606037
0.0515617796937029
0.023512429278589764
-0.005818111085915234
-0.027789787343500905
0.06318283133468316
0.024801788304586125
0.006143668794592827
-0.07075486294590672
-0.0011970474263076625
-0.08126108737944548
-0.012372140541780041
-0.0849833488167917
-0.01249170093178087
-0.0849833488167917
-0.010532567714866659
0.03208636570286316
-0.15702055781469149
0.06761705055254463
0.043334141200254805
-0.07212958518599066
-0.009357776553262198
-0.10819102148647719
0.06364954486786978
0.026005039289207943
0.13480548385110502
-0.05120330655862837
0.07382421435571018
0.04606131559255999
0.007058852839625374
-0.03173275161671363
0.022821768641877682
-0.04022536987465397
-0.07414653786004877
-0.0038562351615762935
-0.07212958518599066
0.04135586741642605
-0.041376638974308655
0.06228267241298191
-0.03520416182162833
-0.017136936568830308
0.01724199139330551
0.04135586741642605
-0.0357902826629255
-0.08814864178677073
0.0016709762031741349
-0.08143178414826124
-0.027788545411032928
0.0216176650818376
-0.019514789449790015
0.10240276235625068
0.05198789125700998
0.08105492908796386
0.005082074600808895
0.013040071944516285
0.005082074600808895
0.01613403625846388
-0.06464003578883037
0.037453479113841226
-0.0549153461639893
0.04920879849315085
-0.01956931117570271
0.09718899306107964
0.0027859037974478085
-0.027393577402978764
-0.05983064969141072
0.029794720012301212
0.015089270086424023
0.10240276235625068
-0.02375973362478856
0.013065356771912562
0.039209693040964666
0.03861575224405023
-0.027788545411032928
-0.0489237727198617
0.08080248335888918
-0.041376638974308655
0.005082074600808895
0.06318283133468316
0.05198789125700998
0.07586149829868472
-0.049962429852048906
0.13204555949274965
-0.12033949778566289
-0.015144140805206874
0.04283497654615154
0.008665176454019985
0.06316607709876365
-0.021161035659430283
0.04823967565580034
-0.009357776553262198
0.01716964896203166
0.0576314646823306
-0.027393577402978764
0.06316607709876365
0.02708189422255458
-0.022348210496932808
0.0276177252845331
0.02708189422255458
0.04135586741642605
-0.01686722086916248
-0.036421638107813514
0.06994395962703592
0.051344950513199095
-0.06285634704832255
0.0512476844333456
-0.02375973362478856
-0.05464289541014722
0.022821768641877682
0.10240276235625068
0.013065356771912562
0.05168531023255696
-0.1218059774124729
-0.03695834061658587
-0.0013205999854228878
0.06994395962703592
-0.1218059774124729
-0.032259158022980294
-0.06226621690008294
0.051344950513199095
0.04790976101641675
0.0461992712042818
-0.05586089089844393
-0.08110299466350668
-0.03133707462365809
0.0326533364262076
0.07586149829868472
-0.07414653786004877
-0.09359820865597968
0.0216176650818376
0.01716964896203166
0.01724199139330551
0.062467374718552904
-0.09570667993071069
-0.024170822975695394
0.08105492908796386
-0.002647647860884561
0.0344322264021244
0.02520341309711238
0.051344950513199095
0.02714223291166995
0.02432879134386301
0.025722681761052968
0.048059232237648075
0.009856619194733796
-0.06638125688640528
0.02927401578257438
-0.0851300246174862
0.08732358904095427
0.01046829599036414
-0.0005187167995490682
-0.03997727574944321
0.015089270086424023
-0.0636718542421022
0.0276177252845331
-0.04126132556270612
0.02451643163530548
0.01716964896203166
0.0041948137923384365
0.02520341309711238
-0.02496648159475967
-0.027393577402978764
0.005082074600808895
-0.007720686875989813
-0.010532567714866659
0.028713620756199987
-0.022368622754905587
-0.06226621690008294
0.026653357334457617
0.13204555949274965
0.0344322264021244
-0.045496030668886966
0.02432879134386301
-0.07465345378649157
-0.008416174423421019
-0.05983064969141072
-0.007882998007099573
0.0461992712042818
0.03882682382156144
-0.03133707462365809
0.08302714817478662
-0.07892951287026762
-0.037433866920196124
0.006746455834750975
0.08105492908796386
0.013065356771912562
0.05168531023255696
-0.05586089089844393
0.17000938109242547
0.026653357334457617
-0.05129888770798985
0.012394543666532698
-0.07465345378649157
0.005173534568482907
0.08759468040243501
0.01699193585620762
0.025722681761052968
-0.021161035659430283
0.08632977574364098
0.037107507807760065
-0.05416508205116166
0.03861575224405023
0.04799414960212012
0.0276177252845331
-0.05282848588680089
0.062467374718552904
0.04729149119249154
-0.04126132556270612
-0.0038562351615762935
-0.03045002278091502
-0.015144140805206874
0.0276177252845331
0.005082074600808895
0.030974972656109045
-0.007543661478351282
-0.0011970474263076625
-0.013771885982464482
0.056736527751481525
-0.06053051312501001
-0.05983064969141072
0.034283772423341574
0.06364954486786978
