-0.08185437715547383
0.006265799221320201
-0.01686722086916248
-0.01686722086916248
-0.05586089089844393
0.08799230776265521
0.043334141200254805
0.011553574399841615
-0.027393577402978764
0.03973066370480538
0.04799414960212012
0.011999720455214913
0.014780240742707562
0.013065356771912562
-0.01956931117570271
0.04920879849315085
-0.012150300762606037
-0.041376638974308655
0.1399333926158075
0.039209693040964666
0.0022689688502968153
0.11522232211929584
0.08302714817478662
-0.007338419158481102
-0.012150300762606037
0.001954162314668828
0.0165919313161762
0.13204555949274965
0.06761705055254463
-0.01249170093178087
-0.05699148198311299
-0.10819102148647719
0.04333086414918519
-0.0002868205956847447
0.043334141200254805
-0.014438989348697362
0.012390402416693647
0.08176108754913614
0.06364954486786978
0.026458811902690726
-0.07212958518599066
0.06364954486786978
-0.06285634704832255
-0.022348210496932808
0.06994395962703592
0.06316607709876365
0.04371378571481266
-0.05464289541014722
0.019778644828504
-0.022368622754905587
-0.007338419158481102
-0.0011970474263076625
-0.08126108737944548
0.01046829599036414
0.13480548385110502
0.01347000313241331
-0.007317237093852569
-0.051670301345440706
-0.0002495311402075373
0.07586149829868472
0.08105492908796386
-0.011743957061684185
0.025524068456756588
0.02451643163530548
0.1417808980890598
0.012394543666532698
-0.050143819123519506
0.01661350063361855
0.07586149829868472
-0.028034859824940028
0.0016709762031741349
0.02451643163530548
-0.07724758378448726
-0.019391257313081667
-0.012372140541780041
-0.05464289541014722
0.025649122658425227
0.01035787819304268
0.05198789125700998
0.012390402416693647
0.0025784297617263974
0.041840431302949455
-0.0013205999854228878
0.10240276235625068
0.02432879134386301
0.08632977574364098
-0.0007657730469858848
0.11522232211929584
0.04729149119249154
0.05198789125700998
0.02708189422255458
0.015089270086424023
0.026458811902690726
-0.045496030668886966
0.04606131559255999
-0.019514789449790015
0.08080248335888918
0.0515617796937029
0.04995452527457189
-0.02375973362478856
-0.06285634704832255
0.06318283133468316
-0.010204897362879883
0.0276177252845331
0.04299886054755575
-0.03173275161671363
0.025722681761052968
-0.050143819123519506
-0.0005187167995490682
-0.02496648159475967
-0.06053051312501001
-0.015144140805206874
-0.007338419158481102
0.024801788304586125
0.012390402416693647
0.0515617796937029
0.0344322264021244
-0.032340875642459466
0.04799414960212012
0.05182100602750328
0.04391937482752173
-0.08126108737944548
-0.0849833488167917
0.01347000313241331
0.04729149119249154
0.025649122658425227
0.02451643163530548
-0.060513028914405353
0.02708189422255458
-0.09432889171755221
0.02773636562208104
-0.008416174423421019
-0.0007657730469858848
0.04590352204112591
0.04333086414918519
0.06569838178769771
-0.06109953281700342
-0.08721982612879486
0.08080248335888918
-0.03133707462365809
0.048059232237648075
-0.05416508205116166
0.047513051758585334
0.05198789125700998
0.056736527751481525
-0.011743957061684185
-0.03458770640829023
0.026458811902690726
-0.022898889969576786
0.02451643163530548
0.06316607709876365
0.05168531023255696
-0.014438989348697362
0.08732358904095427
0.06316607709876365
0.08759468040243501
-0.027462288324585415
0.04920879849315085
0.10109672394520075
0.04299886054755575
0.045224792909892564
0.06364954486786978
0.062467374718552904
0.031017376704207678
-0.06464003578883037
0.15300088602597928
0.07382421435571018
-0.022821982956040543
-0.011743957061684185
-0.07892951287026762
0.0025784297617263974
-0.07724758378448726
-0.06285634704832255
0.01724199139330551
-0.009588853389239205
0.05799658946616226
-0.007317237093852569
-0.03133707462365809
0.030974972656109045
0.08105492908796386
0.06569838178769771
0.013065356771912562
-0.07724758378448726
0.031017376704207678
0.003822387934753202
0.023560334148108097
0.022194058573782982
-0.0038562351615762935
0.11840346286310233
-0.09570667993071069
-0.010532567714866659
0.026653357334457617
0.03861575224405023
-0.01249170093178087
0.01724199139330551
0.0512476844333456
-0.05129888770798985
0.0025784297617263974
0.08176108754913614
0.10109672394520075
0.01716964896203166
-0.03997727574944321
-0.022898889969576786
-0.027788545411032928
-0.03133707462365809
0.006265799221320201
0.04995452527457189
-0.09570667993071069
0.026653357334457617
0.0278028767684102
0.04823967565580034
0.025524068456756588
-0.0007657730469858848
0.018593646962060006
0.01613403625846388
0.062467374718552904
0.04135586741642605
0.005082074600808895
0.0016709762031741349
-0.09432889171755221
0.013040071944516285
0.01699193585620762
-0.02243129284092049
-0.05464289541014722
0.06994395962703592
0.030122729138618354
-0.01844849936066506
0.006143668794592827
-0.0489237727198617
0.06569838178769771
-0.05699148198311299
-0.012372140541780041
0.06994395962703592
0.012299756912504733
0.026458811902690726
0.08759468040243501
-0.17661184642248884
0.006746455834750975
-0.019391257313081667
-0.15702055781469149
0.0278028767684102
0.062467374718552904
0.08632977574364098
0.043334141200254805
-0.002205271978588108
0.08653619008305125
0.030122729138618354
-0.05586089089844393
0.001954162314668828
0.06318283133468316
0.04823967565580034
0.11522232211929584
0.03443624877469453
0.03994035520780326
0.062467374718552904
0.05425453554333082
0.07382421435571018
-0.0489237727198617
-0.08110299466350668
-0.05129888770798985
0.018593646962060006
0.0027859037974478085
0.04665297339942498
0.08176108754913614
-0.02496648159475967
-0.015144140805206874
0.06316607709876365
0.09718899306107964
-0.032340875642459466
0.056736527751481525
0.02432879134386301
-0.007720686875989813
0.041840431302949455
-0.04022536987465397
0.06567138145123597
-0.05699148198311299
0.043334141200254805
-0.0357902826629255
-0.017242733713295877
0.0203593980283987
0.04333086414918519
0.13204555949274965
-0.06285634704832255
0.02773636562208104
-0.037433866920196124
-0.012150300762606037
-0.06053051312501001
0.06228267241298191
0.012299756912504733
-0.027789787343500905
0.06761705055254463
-0.04022536987465397
0.06292625909621563
-0.010204897362879883
-0.007338419158481102
0.022821768641877682
0.08176108754913614
-0.010204897362879883
-0.008416174423421019
