0.0512476844333456
-0.03173275161671363
0.05198789125700998
-0.027789787343500905
0.13204555949274965
0.08632977574364098
-0.015144140805206874
0.0027859037974478085
0.034283772423341574
0.06292625909621563
-0.017242733713295877
0.08759468040243501
-0.06226621690008294
0.037107507807760065
0.007058852839625374
-0.0008948035361102669
0.014780240742707562
-0.005818111085915234
-0.10013006587302442
-0.06464003578883037
0.01613403625846388
0.0461992712042818
-0.010204897362879883
0.04995452527457189
-0.0851300246174862
0.03863378364598535
0.03643980545838055
0.04371378571481266
0.13204555949274965
-0.007543661478351282
-0.01956931117570271
0.06806350229329183
-0.06285634704832255
-0.007317237093852569
0.022194058573782982
0.05182100602750328
0.06569838178769771
-0.01844849936066506
0.13204555949274965
0.0041948137923384365
-0.002647647860884561
0.01661350063361855
0.0276177252845331
0.0025784297617263974
0.11522232211929584
0.01035787819304268
0.017908695057996304
0.03973066370480538
-0.05416508205116166
0.005082074600808895
-0.007338419158481102
0.012390402416693647
-0.04022536987465397
-0.05464289541014722
-0.05699148198311299
0.06994395962703592
0.0025784297617263974
-0.05416508205116166
0.018593646962060006
0.10240276235625068
-0.0005187167995490682
0.04827168718050601
0.03861575224405023
-0.024170822975695394
0.01046829599036414
-0.0636718542421022
-0.02243129284092049
-0.051670301345440706
0.03994035520780326
0.0344322264021244
0.04995452527457189
0.07586149829868472
0.023512429278589764
-0.014438989348697362
0.009856619194733796
0.056736527751481525
0.01046829599036414
-0.009588853389239205
-0.007338419158481102
0.022821768641877682
-0.0357902826629255
0.017908695057996304
-0.02375973362478856
0.006143668794592827
-0.005105231073404326
-0.13034379599603163
0.09718899306107964
-0.022898889969576786
-0.08814864178677073
0.04371378571481266
-0.051670301345440706
0.04729149119249154
-0.02375973362478856
0.04995452527457189
0.04827168718050601
-0.03520416182162833
0.026458811902690726
-0.009357776553262198
0.08759468040243501
-0.009357776553262198
-0.08143178414826124
0.012299756912504733
0.0216176650818376
-0.12033949778566289
0.049538360788050184
0.08105492908796386
0.006746455834750975
0.011999720455214913
-0.007882998007099573
0.0844852260058202
-0.051670301345440706
0.005082074600808895
0.06605801367827979
-0.10819102148647719
0.05799658946616226
0.05198789125700998
-0.0038562351615762935
0.0461992712042818
-0.045496030668886966
0.06228267241298191
-0.13034379599603163
-0.0849833488167917
0.013065356771912562
0.025524068456756588
0.03208636570286316
0.02520341309711238
0.0344322264021244
-0.010204897362879883
0.0203593980283987
0.037107507807760065
0.0022689688502968153
0.04299886054755575
-0.04466517994807795
-0.03133707462365809
-0.01956931117570271
0.0688088340488946
0.02773636562208104
0.02432879134386301
0.08176108754913614
0.01724199139330551
0.005082074600808895
-0.028034859824940028
0.01579928711915457
-0.01686722086916248
-0.036421638107813514
-0.06193714350214741
0.08105492908796386
0.13204555949274965
0.01661350063361855
0.030974972656109045
0.0576314646823306
-0.17661184642248884
-0.0489237727198617
0.001954162314668828
0.01724199139330551
-0.017136936568830308
0.13480548385110502
-0.0489237727198617
-0.13034379599603163
0.03208636570286316
0.005082074600808895
-0.017136936568830308
0.04469322213864224
-0.05416508205116166
0.07060672059698447
-0.009357776553262198
0.0344322264021244
-0.007338419158481102
0.026653357334457617
0.005173534568482907
0.028713620756199987
0.008505479129739868
-0.049962429852048906
0.01699193585620762
0.0844852260058202
-0.08814864178677073
-0.03270475340709922
0.05436809318039337
0.05182100602750328
-0.07724758378448726
-0.009588853389239205
0.13480548385110502
-0.1218059774124729
0.01046829599036414
0.03882682382156144
-0.01956931117570271
-0.08110299466350668
0.03208636570286316
-0.012150300762606037
-0.032340875642459466
-0.08143178414826124
-0.0038562351615762935
-0.08110299466350668
0.017908695057996304
-0.012372140541780041
-0.022821982956040543
-0.06720056781523276
0.05425453554333082
0.048059232237648075
0.018593646962060006
-0.010532567714866659
-0.01956931117570271
0.04380656992791998
0.006746455834750975
-0.04022536987465397
-0.1218059774124729
0.012394543666532698
0.048059232237648075
0.0022689688502968153
0.06364954486786978
0.04380656992791998
0.03443624877469453
0.0461992712042818
-0.051670301345440706
0.04299886054755575
0.06605801367827979
0.08759468040243501
-0.0038562351615762935
-0.0549153461639893
-0.027789787343500905
0.030974972656109045
-0.050143819123519506
-0.01249170093178087
-0.0005187167995490682
0.024801788304586125
0.0022689688502968153
-0.03997727574944321
0.02451643163530548
-0.060513028914405353
-0.012372140541780041
-0.024170822975695394
-0.08143178414826124
-0.018864353824572078
-0.0038562351615762935
-0.07724758378448726
-0.06464003578883037
0.013065356771912562
-0.0007657730469858848
-0.08678886069673908
-0.10819102148647719
-0.03520416182162833
0.02520341309711238
0.04391937482752173
0.06292625909621563
-0.06053051312501001
0.0278028767684102
0.04665297339942498
0.008665176454019985
0.028713620756199987
-0.05699148198311299
0.13204555949274965
-0.0005187167995490682
-0.041376638974308655
-0.013878349100881593
-0.06464003578883037
0.13480548385110502
0.003822387934753202
-0.07892951287026762
-0.1218059774124729
0.07382421435571018
0.04790976101641675
0.037453479113841226
0.09718899306107964
0.02432879134386301
-0.13034379599603163
-0.005818111085915234
0.1399333926158075
-0.05282848588680089
-0.0851300246174862
-0.021161035659430283
0.048059232237648075
-0.05586089089844393
0.10109672394520075
-0.2546008091448053
0.011999720455214913
0.045224792909892564
0.04827168718050601
0.020083040980136246
0.06994395962703592
0.0344322264021244
0.04469322213864224
-0.05129888770798985
0.02432879134386301
0.04827168718050601
0.024801788304586125
0.08176108754913614
-0.03133707462365809
0.05182100602750328
0.02773636562208104
0.1399333926158075
0.014471610315426986
0.06806350229329183
0.0576314646823306
0.012299756912504733
0.043334141200254805
0.06316607709876365
0.0326533364262076
-0.07414653786004877
0.07518071596092746
