-0.04022536987465397
0.0688088340488946
0.04299886054755575
-0.002205271978588108
0.03882682382156144
0.08632977574364098
-0.027462288324585415
-0.004841918958801372
0.01716964896203166
0.13204555949274965
0.07518071596092746
-0.03133707462365809
0.025524068456756588
0.06806350229329183
-0.22146034456414654
0.048059232237648075
-0.04126132556270612
0.15300088602597928
0.013040071944516285
-0.07465345378649157
-0.009588853389239205
0.01046829599036414
0.022821768641877682
0.05425453554333082
0.009856619194733796
0.020083040980136246
-0.09432889171755221
0.009856619194733796
-0.018864353824572078
0.020446479141682516
0.026653357334457617
-0.17661184642248884
0.0461992712042818
-0.0636718542421022
0.07518071596092746
0.08105492908796386
-0.013771885982464482
0.04799414960212012
-0.06193714350214741
0.0022689688502968153
0.005173534568482907
0.10109672394520075
-0.007543661478351282
0.08759468040243501
-0.008416174423421019
-0.022368622754905587
0.020083040980136246
0.04590352204112591
-0.05464289541014722
-0.06109953281700342
0.015089270086424023
0.0344322264021244
0.13204555949274965
-0.03045002278091502
0.03643980545838055
-0.08110299466350668
-0.007543661478351282
0.0512476844333456
0.13480548385110502
0.04995452527457189
-0.05120330655862837
-0.07212958518599066
0.041840431302949455
0.047513051758585334
0.03863378364598535
-0.047644828679283435
0.041840431302949455
0.028713620756199987
0.10109672394520075
-0.15702055781469149
0.10240276235625068
0.10109672394520075
0.012299756912504733
-0.05699148198311299
-0.012372140541780041
-0.027393577402978764
0.02773636562208104
0.025649122658425227
-0.08126108737944548
-0.06109953281700342
-0.0007657730469858848
-0.007338419158481102
-0.06638125688640528
0.017908695057996304
-0.06053051312501001
0.0515617796937029
-0.0008948035361102669
0.026458811902690726
-0.13034379599603163
-0.05983064969141072
-0.0005187167995490682
-0.06109953281700342
-0.021161035659430283
-0.0002495311402075373
-0.03133707462365809
0.013065356771912562
-0.06285634704832255
0.043334141200254805
-0.22146034456414654
0.030122729138618354
-0.045496030668886966
-0.06053051312501001
0.0025784297617263974
0.006143668794592827
-0.005105231073404326
0.020446479141682516
0.01661350063361855
0.08383912323474085
0.039209693040964666
-0.022622356364218277
0.04371378571481266
0.013109728048770641
-0.049962429852048906
0.0016709762031741349
0.011553574399841615
0.04665297339942498
0.031017376704207678
-0.0038562351615762935
-0.0013205999854228878
0.04299886054755575
-0.08285893181375492
0.13204555949274965
-0.007882998007099573
-0.05129888770798985
-0.012372140541780041
0.06994395962703592
-0.06638125688640528
-0.027393577402978764
0.04729149119249154
0.031017376704207678
0.04469322213864224
-0.2546008091448053
0.006265799221320201
0.04590352204112591
0.009856619194733796
0.03861575224405023
0.08105492908796386
0.05182100602750328
-0.01844849936066506
0.045224792909892564
-0.01686722086916248
0.026653357334457617
0.025649122658425227
0.026005039289207943
0.04665297339942498
0.034283772423341574
-0.010204897362879883
0.06761705055254463
0.012299756912504733
0.08383912323474085
0.007058852839625374
-0.017242733713295877
0.03643980545838055
0.05182100602750328
0.1417808980890598
0.03882682382156144
-0.06109953281700342
-0.10013006587302442
0.08799230776265521
0.04283497654615154
0.04729149119249154
-0.0013205999854228878
0.0041948137923384365
0.01579928711915457
-0.009357776553262198
-0.07724758378448726
0.08080248335888918
-0.037433866920196124
0.06364954486786978
0.014780240742707562
-0.028034859824940028
0.01035787819304268
-0.027789787343500905
0.0165919313161762
-0.022622356364218277
-0.021161035659430283
0.024801788304586125
0.013040071944516285
0.051344950513199095
-0.01249170093178087
0.17000938109242547
-0.0008948035361102669
-0.04466517994807795
-0.013771885982464482
0.05182100602750328
0.04799414960212012
-0.02243129284092049
0.08732358904095427
0.04790976101641675
0.026458811902690726
0.04048653167530425
-0.0357902826629255
-0.022368622754905587
0.01046829599036414
-0.03458770640829023
0.017908695057996304
0.08799230776265521
0.020567585268201682
0.04920879849315085
-0.07414653786004877
-0.005105231073404326
-0.1218059774124729
-0.0008948035361102669
-0.07892951287026762
-0.03520416182162833
-0.015144140805206874
0.03208636570286316
-0.0013205999854228878
0.05168531023255696
0.06318283133468316
0.030122729138618354
-0.05983064969141072
-0.04466517994807795
-0.06258250876081561
-0.022368622754905587
0.012394543666532698
0.08302714817478662
0.0844852260058202
0.04371378571481266
0.06318283133468316
0.049538360788050184
-0.04126132556270612
0.01046829599036414
0.014780240742707562
0.051344950513199095
-0.12033949778566289
0.0276177252845331
-0.02496648159475967
0.0165919313161762
0.04391937482752173
-0.05586089089844393
-0.08110299466350668
-0.028034859824940028
0.039209693040964666
0.041840431302949455
0.011553574399841615
-0.07414653786004877
-0.002205271978588108
-0.060513028914405353
0.014471610315426986
0.08799230776265521
-0.0002868205956847447
0.025722681761052968
0.04135586741642605
-0.027789787343500905
0.056736527751481525
0.08653619008305125
-0.012372140541780041
0.02714223291166995
-0.0002495311402075373
-0.0011970474263076625
0.05436809318039337
0.03208636570286316
0.062467374718552904
0.01613403625846388
0.04590352204112591
0.031017376704207678
0.15300088602597928
-0.0357902826629255
-0.10013006587302442
0.08799230776265521
0.0016709762031741349
0.011999720455214913
0.008505479129739868
-0.01686722086916248
0.04995452527457189
0.04827168718050601
-0.009588853389239205
-0.08110299466350668
-0.009357776553262198
0.08799230776265521
-0.009588853389239205
-0.007720686875989813
0.07060672059698447
-0.0038562351615762935
0.06569838178769771
0.04333086414918519
-0.032259158022980294
0.06605801367827979
-0.0357902826629255
0.02451643163530548
-0.005105231073404326
0.08105492908796386
-0.009588853389239205
-0.012372140541780041
-0.07075486294590672
0.009856619194733796
-0.037433866920196124
0.006746455834750975
-0.0636718542421022
0.04729149119249154
-0.07075486294590672
0.04469322213864224
0.030122729138618354
0.048059232237648075
0.012390402416693647
0.04606131559255999
-0.03173275161671363
-0.02375973362478856
