-0.06226621690008294
-0.0011970474263076625
0.049538360788050184
0.031017376704207678
-0.06638125688640528
-0.0005187167995490682
-0.021161035659430283
-0.06109953281700342
-0.06193714350214741
-0.022348210496932808
0.025649122658425227
0.13480548385110502
-0.032259158022980294
0.06605801367827979
0.012394543666532698
-0.06053051312501001
-0.06109953281700342
0.08799230776265521
0.037453479113841226
0.02432879134386301
0.023512429278589764
0.06567138145123597
0.015089270086424023
-0.018864353824572078
-0.09570667993071069
-0.05464289541014722
0.08302714817478662
0.009856619194733796
0.06292625909621563
0.023512429278589764
0.05425453554333082
0.01661350063361855
0.049538360788050184
0.13480548385110502
0.026653357334457617
0.07518071596092746
-0.02496648159475967
0.05425453554333082
-0.07724758378448726
-0.011743957061684185
0.06318283133468316
0.048059232237648075
0.08302714817478662
0.0203593980283987
-0.05586089089844393
0.08121523150568599
-0.03045002278091502
0.04333086414918519
0.020083040980136246
-0.03563356684104946
-0.03520416182162833
0.0576314646823306
0.06292625909621563
-0.02243129284092049
0.05436809318039337
0.02451643163530548
-0.06258250876081561
0.04380656992791998
0.08383912323474085
-0.13034379599603163
0.06567138145123597
0.04827168718050601
0.13480548385110502
0.06318283133468316
-0.15702055781469149
-0.018864353824572078
-0.08110299466350668
0.08632977574364098
-0.05416508205116166
0.08653619008305125
0.049538360788050184
0.02773636562208104
0.05425453554333082
0.11840346286310233
0.08121523150568599
-0.036421638107813514
0.0276177252845331
-0.09432889171755221
-0.05983064969141072
0.08302714817478662
0.022821768641877682
0.0025784297617263974
-0.0849833488167917
-0.03133707462365809
0.011553574399841615
-0.10819102148647719
0.01716964896203166
0.08176108754913614
-0.022622356364218277
0.020083040980136246
0.001954162314668828
0.10240276235625068
0.05198789125700998
-0.005818111085915234
-0.06720056781523276
-0.04466517994807795
0.022194058573782982
0.015089270086424023
0.023560334148108097
-0.022821982956040543
0.023512429278589764
-0.05282848588680089
-0.12033949778566289
0.06318283133468316
0.049538360788050184
-0.15702055781469149
0.08383912323474085
0.04469322213864224
-0.027393577402978764
-0.15702055781469149
-0.019391257313081667
0.02714223291166995
0.08383912323474085
-0.060513028914405353
0.01699193585620762
-0.041376638974308655
-0.0008948035361102669
0.08176108754913614
-0.02862716582831837
-0.014438989348697362
-0.05983064969141072
0.025649122658425227
0.0515617796937029
-0.17661184642248884
0.056736527751481525
0.04391937482752173
0.0515617796937029
0.007058852839625374
0.06316607709876365
0.030974972656109045
0.048059232237648075
-0.01249170093178087
-0.0008948035361102669
-0.1218059774124729
-0.17661184642248884
0.0515617796937029
0.03208636570286316
-0.09359820865597968
-0.09570667993071069
0.03208636570286316
0.0276177252845331
-0.021161035659430283
-0.012372140541780041
-0.03045002278091502
0.020083040980136246
-0.01249170093178087
0.13480548385110502
0.007058852839625374
0.01035787819304268
0.08080248335888918
0.015089270086424023
0.05168531023255696
-0.0007657730469858848
-0.02862716582831837
-0.022898889969576786
-0.021161035659430283
-0.0008948035361102669
0.0688088340488946
0.06806350229329183
0.026458811902690726
0.0515617796937029
0.029794720012301212
-0.0011970474263076625
0.034283772423341574
-0.06193714350214741
-0.08814864178677073
-0.04466517994807795
0.04995452527457189
0.06292625909621563
0.02432879134386301
-0.027788545411032928
-0.06226621690008294
-0.06638125688640528
-0.07414653786004877
-0.06193714350214741
0.08632977574364098
-0.05120330655862837
-0.007543661478351282
-0.0002868205956847447
0.001954162314668828
-0.01686722086916248
0.06605801367827979
-0.09432889171755221
-0.05282848588680089
0.0844852260058202
-0.08721982612879486
0.0576314646823306
0.0512476844333456
0.08302714817478662
0.0276177252845331
-0.0549153461639893
-0.008416174423421019
0.025722681761052968
0.037453479113841226
-0.0636718542421022
0.13480548385110502
0.02520341309711238
-0.03045002278091502
-0.07724758378448726
-0.009357776553262198
-0.0636718542421022
-0.03045002278091502
-0.024170822975695394
0.029794720012301212
-0.07724758378448726
0.009856619194733796
0.011553574399841615
0.04995452527457189
-0.027393577402978764
-0.009588853389239205
0.034283772423341574
-0.028034859824940028
-0.0002868205956847447
-0.01844849936066506
0.17000938109242547
0.02432879134386301
-0.05699148198311299
-0.007882998007099573
-0.04022536987465397
0.06364954486786978
-0.05983064969141072
0.04665297339942498
0.015089270086424023
0.026653357334457617
-0.01249170093178087
0.04333086414918519
0.06292625909621563
-0.017136936568830308
-0.017242733713295877
0.06605801367827979
-0.047644828679283435
0.08302714817478662
0.04048653167530425
-0.06109953281700342
0.10240276235625068
-0.02862716582831837
-0.08721982612879486
0.05168531023255696
0.04827168718050601
0.03208636570286316
0.0512476844333456
-0.12033949778566289
0.056736527751481525
0.030122729138618354
-0.002647647860884561
0.01699193585620762
-0.0013205999854228878
0.012299756912504733
-0.0007657730469858848
-0.010532567714866659
-0.002205271978588108
0.01716964896203166
0.06364954486786978
-0.01844849936066506
-0.0002495311402075373
0.06316607709876365
-0.0357902826629255
-0.009357776553262198
0.05436809318039337
0.04799414960212012
0.0022689688502968153
-0.012150300762606037
0.05182100602750328
0.08080248335888918
0.0512476844333456
0.06228267241298191
-0.03133707462365809
-0.1218059774124729
0.025649122658425227
0.009856619194733796
0.0022689688502968153
0.03443624877469453
0.02451643163530548
-0.0636718542421022
0.011999720455214913
-0.03045002278091502
-0.051670301345440706
0.05436809318039337
-0.05699148198311299
-0.004841918958801372
0.014780240742707562
-0.036421638107813514
-0.013771885982464482
0.01046829599036414
0.024801788304586125
0.001954162314668828
-0.0008948035361102669
-0.07212958518599066
0.022194058573782982
-0.027393577402978764
-0.05983064969141072
0.08105492908796386
0.02520341309711238
0.013109728048770641
0.012299756912504733
-0.05282848588680089
-0.06193714350214741
-0.002205271978588108
0.0165919313161762
