-0.0851300246174862
0.06925574960452696
0.02520341309711238
0.013109728048770641
0.05198789125700998
-0.019391257313081667
-0.01956931117570271
0.0844852260058202
0.017908695057996304
0.012299756912504733
0.013109728048770641
0.06316607709876365
0.06228267241298191
-0.2546008091448053
0.02708189422255458
0.05182100602750328
0.13204555949274965
-0.019514789449790015
-0.022821982956040543
-0.06109953281700342
0.062467374718552904
0.03443624877469453
0.0512476844333456
-0.007882998007099573
0.014471610315426986
-0.002647647860884561
0.043334141200254805
0.028713620756199987
0.06806350229329183
0.005082074600808895
-0.027788545411032928
0.0512476844333456
0.06316607709876365
-0.08721982612879486
0.001954162314668828
-0.03173275161671363
0.11522232211929584
-0.09570667993071069
0.05168531023255696
0.01724199139330551
-0.01844849936066506
0.0344322264021244
-0.007317237093852569
0.08383912323474085
-0.06109953281700342
-0.04466517994807795
0.02927401578257438
0.013109728048770641
0.029794720012301212
-0.007338419158481102
-0.03997727574944321
-0.08126108737944548
-0.01249170093178087
0.04827168718050601
0.03861575224405023
0.08176108754913614
-0.02375973362478856
0.014471610315426986
-0.01844849936066506
0.02773636562208104
-0.022368622754905587
-0.022821982956040543
0.01347000313241331
0.02708189422255458
-0.009588853389239205
0.011999720455214913
0.06228267241298191
0.02773636562208104
-0.012372140541780041
-0.08721982612879486
0.0165919313161762
0.020083040980136246
0.02708189422255458
0.0512476844333456
0.024801788304586125
0.0216176650818376
0.06925574960452696
0.08799230776265521
-0.012150300762606037
0.015089270086424023
0.1417808980890598
0.02714223291166995
0.0025784297617263974
-0.03917887174705115
0.04333086414918519
0.10240276235625068
-0.09359820865597968
0.02927401578257438
0.05198789125700998
0.011999720455214913
-0.03133707462365809
0.01046829599036414
0.014780240742707562
-0.038466866176760206
-0.041376638974308655
0.02773636562208104
-0.007720686875989813
-0.2546008091448053
-0.08110299466350668
0.03443624877469453
-0.09359820865597968
0.019778644828504
0.03861575224405023
0.0326533364262076
0.03882682382156144
0.0165919313161762
0.15300088602597928
0.08080248335888918
0.0461992712042818
-0.0549153461639893
0.034283772423341574
0.02520341309711238
0.04606131559255999
0.01661350063361855
-0.027789787343500905
-0.03695834061658587
-0.005105231073404326
-0.06638125688640528
0.11840346286310233
-0.013771885982464482
0.04729149119249154
-0.03917887174705115
-0.1218059774124729
-0.22146034456414654
-0.08126108737944548
0.06925574960452696
0.007058852839625374
-0.07212958518599066
-0.050143819123519506
-0.06285634704832255
0.009856619194733796
-0.04022536987465397
0.08732358904095427
0.009856619194733796
0.039209693040964666
-0.011743957061684185
0.01579928711915457
0.04995452527457189
0.08759468040243501
0.0016709762031741349
0.07518071596092746
0.02773636562208104
0.06806350229329183
-0.0357902826629255
0.041840431302949455
0.01035787819304268
-0.022821982956040543
0.022821768641877682
0.056736527751481525
0.062467374718552904
0.06567138145123597
-0.09570667993071069
0.01661350063361855
0.04920879849315085
0.06316607709876365
-0.0011970474263076625
0.0278028767684102
0.0025784297617263974
0.07060672059698447
0.015089270086424023
-0.03045002278091502
0.005082074600808895
0.07586149829868472
-0.013878349100881593
0.06364954486786978
-0.03270475340709922
-0.013771885982464482
0.11522232211929584
-0.04022536987465397
0.01347000313241331
0.01579928711915457
0.013065356771912562
0.06318283133468316
0.023512429278589764
0.06228267241298191
-0.08678886069673908
-0.10819102148647719
0.018593646962060006
0.049538360788050184
0.020083040980136246
0.0844852260058202
0.037453479113841226
0.05168531023255696
-0.06109953281700342
0.11840346286310233
0.0016709762031741349
-0.02496648159475967
0.043334141200254805
-0.07075486294590672
0.03863378364598535
0.0278028767684102
0.02714223291166995
0.041840431302949455
-0.05586089089844393
-0.07075486294590672
0.08080248335888918
0.006265799221320201
0.08759468040243501
0.08759468040243501
0.030974972656109045
0.001954162314668828
-0.010532567714866659
-0.027393577402978764
0.03208636570286316
0.13204555949274965
0.04135586741642605
0.08080248335888918
0.048059232237648075
0.01724199139330551
-0.038466866176760206
-0.05282848588680089
-0.022348210496932808
0.0022689688502968153
0.026005039289207943
0.02927401578257438
0.041840431302949455
0.01613403625846388
0.06364954486786978
0.031017376704207678
-0.007338419158481102
0.05425453554333082
0.08080248335888918
0.006143668794592827
0.0576314646823306
0.012390402416693647
-0.007882998007099573
-0.01249170093178087
-0.032340875642459466
-0.017136936568830308
-0.06638125688640528
-0.050143819123519506
0.0688088340488946
0.006265799221320201
-0.012150300762606037
0.023512429278589764
-0.007338419158481102
0.0515617796937029
0.04590352204112591
-0.05699148198311299
-0.007543661478351282
0.030974972656109045
-0.022898889969576786
0.08105492908796386
-0.1218059774124729
-0.0005187167995490682
0.017908695057996304
-0.01686722086916248
0.024801788304586125
0.11522232211929584
0.0216176650818376
0.02432879134386301
-0.08285893181375492
0.001954162314668828
-0.022898889969576786
0.018593646962060006
0.0016709762031741349
-0.009357776553262198
0.03863378364598535
0.11522232211929584
-0.03458770640829023
-0.06226621690008294
0.0016709762031741349
-0.12033949778566289
-0.041376638974308655
-0.17661184642248884
-0.015144140805206874
-0.15702055781469149
0.04606131559255999
0.03973066370480538
0.04606131559255999
-0.07465345378649157
-0.17661184642248884
0.08176108754913614
0.005082074600808895
-0.07075486294590672
0.045224792909892564
0.03208636570286316
0.01579928711915457
-0.0005187167995490682
-0.0636718542421022
0.056736527751481525
-0.007317237093852569
0.019778644828504
-0.05983064969141072
0.06228267241298191
0.07518071596092746
-0.027393577402978764
0.0041948137923384365
-0.0357902826629255
0.11522232211929584
0.10240276235625068
0.024801788304586125
0.062467374718552904
-0.05654058267968054
0.07586149829868472
0.0025784297617263974
-0.01956931117570271
-0.04022536987465397
-0.005818111085915234
