0.01347000313241331
0.023560334148108097
-0.08143178414826124
-0.002647647860884561
-0.03520416182162833
0.01716964896203166
-0.0008948035361102669
0.11840346286310233
0.06318283133468316
0.0278028767684102
-0.0005187167995490682
-0.027788545411032928
0.001954162314668828
0.03882682382156144
0.11522232211929584
0.0576314646823306
0.08080248335888918
0.043334141200254805
0.06292625909621563
-0.09432889171755221
0.07518071596092746
-0.010204897362879883
0.03882682382156144
0.04333086414918519
0.026005039289207943
0.0512476844333456
0.025722681761052968
0.05198789125700998
-0.15702055781469149
0.012299756912504733
-0.007543661478351282
0.06761705055254463
0.06567138145123597
-0.09359820865597968
0.11840346286310233
0.039209693040964666
-0.021161035659430283
0.03863378364598535
-0.03997727574944321
-0.051670301345440706
0.0025784297617263974
0.0512476844333456
0.04995452527457189
-0.10013006587302442
0.06806350229329183
-0.0851300246174862
0.039209693040964666
0.056736527751481525
-0.032340875642459466
-0.018864353824572078
-0.019391257313081667
-0.09359820865597968
0.012394543666532698
-0.02496648159475967
-0.17661184642248884
-0.041376638974308655
0.018593646962060006
0.005082074600808895
0.10240276235625068
0.02451643163530548
0.009856619194733796
-0.02375973362478856
0.1417808980890598
0.026653357334457617
-0.009588853389239205
-0.005105231073404326
0.04606131559255999
0.03994035520780326
0.001954162314668828
0.04590352204112591
-0.03270475340709922
0.04665297339942498
0.019778644828504
0.08732358904095427
0.0022689688502968153
0.04135586741642605
0.11840346286310233
0.08080248335888918
0.04283497654615154
0.11522232211929584
0.006143668794592827
0.051344950513199095
-0.037433866920196124
-0.009588853389239205
0.02432879134386301
0.06761705055254463
0.0278028767684102
-0.008416174423421019
-0.010204897362879883
-0.049962429852048906
-0.09570667993071069
-0.038466866176760206
0.04283497654615154
0.08653619008305125
-0.005818111085915234
0.04606131559255999
0.13204555949274965
0.08732358904095427
-0.015144140805206874
-0.01249170093178087
0.025722681761052968
0.031017376704207678
-0.17661184642248884
0.031017376704207678
0.03643980545838055
0.04827168718050601
0.006746455834750975
-0.15702055781469149
-0.027393577402978764
0.0344322264021244
0.08653619008305125
0.04371378571481266
0.06806350229329183
-0.010532567714866659
-0.09359820865597968
0.01699193585620762
0.013109728048770641
0.01724199139330551
-0.07414653786004877
-0.018864353824572078
0.10109672394520075
0.025722681761052968
-0.03173275161671363
-0.009588853389239205
-0.1218059774124729
-0.07892951287026762
-0.007317237093852569
0.06364954486786978
-0.01844849936066506
-0.0008948035361102669
0.049538360788050184
0.012394543666532698
0.04827168718050601
0.0022689688502968153
-0.03458770640829023
0.012394543666532698
0.048059232237648075
0.02451643163530548
-0.09432889171755221
0.003822387934753202
-0.007882998007099573
-0.017242733713295877
0.06569838178769771
0.05436809318039337
-0.02243129284092049
-0.024170822975695394
0.06292625909621563
0.01347000313241331
-0.09359820865597968
0.001954162314668828
0.056736527751481525
0.15300088602597928
0.03973066370480538
0.0216176650818376
-0.013878349100881593
0.043334141200254805
-0.027788545411032928
-0.05654058267968054
0.014780240742707562
0.04469322213864224
0.028713620756199987
0.062467374718552904
-0.02375973362478856
-0.0007657730469858848
-0.022368622754905587
0.08653619008305125
0.02773636562208104
0.03443624877469453
-0.037433866920196124
-0.0013205999854228878
0.008505479129739868
-0.06285634704832255
-0.027789787343500905
0.06318283133468316
-0.06258250876081561
-0.07892951287026762
-0.013878349100881593
0.009856619194733796
0.018593646962060006
-0.019514789449790015
-0.021161035659430283
-0.08285893181375492
0.023512429278589764
-0.009588853389239205
0.01035787819304268
0.04135586741642605
-0.05654058267968054
0.030974972656109045
0.006265799221320201
0.08383912323474085
0.018593646962060006
0.02927401578257438
0.043334141200254805
0.0326533364262076
0.005082074600808895
-0.02862716582831837
0.03882682382156144
0.01579928711915457
-0.03173275161671363
-0.0357902826629255
-0.08126108737944548
0.0022689688502968153
-0.0038562351615762935
-0.02375973362478856
0.0041948137923384365
0.022194058573782982
-0.018864353824572078
0.03643980545838055
-0.032340875642459466
-0.1218059774124729
0.0025784297617263974
-0.0549153461639893
0.08121523150568599
-0.07414653786004877
-0.03520416182162833
0.01716964896203166
0.029794720012301212
0.0216176650818376
-0.009588853389239205
0.02773636562208104
0.019778644828504
-0.032259158022980294
-0.038466866176760206
0.08759468040243501
0.13480548385110502
0.0576314646823306
0.07586149829868472
-0.010532567714866659
0.019778644828504
-0.0357902826629255
-0.017136936568830308
0.014780240742707562
-0.007317237093852569
0.02927401578257438
0.06316607709876365
-0.06053051312501001
0.01661350063361855
-0.01956931117570271
0.05799658946616226
-0.05654058267968054
0.08653619008305125
-0.027789787343500905
-0.04466517994807795
0.049538360788050184
-0.07724758378448726
0.022194058573782982
0.08632977574364098
-0.022622356364218277
-0.01249170093178087
-0.027788545411032928
-0.04466517994807795
-0.047644828679283435
-0.007317237093852569
0.026653357334457617
-0.08285893181375492
0.006265799221320201
0.08799230776265521
0.006746455834750975
-0.022368622754905587
0.012390402416693647
0.05799658946616226
0.03863378364598535
0.07518071596092746
-0.08285893181375492
-0.07212958518599066
0.026005039289207943
0.043334141200254805
0.01716964896203166
0.05182100602750328
0.011553574399841615
-0.002647647860884561
-0.021161035659430283
-0.007317237093852569
-0.036421638107813514
0.08632977574364098
0.019778644828504
-0.03997727574944321
0.04135586741642605
-0.024170822975695394
-0.07075486294590672
0.04048653167530425
0.043334141200254805
0.08080248335888918
0.04799414960212012
-0.011743957061684185
0.0844852260058202
0.049538360788050184
-0.017136936568830308
-0.03917887174705115
-0.06109953281700342
0.037453479113841226
0.017908695057996304
0.001954162314668828
-0.047644828679283435
-0.047644828679283435
-0.017136936568830308
-0.08814864178677073
0.04333086414918519
-0.06720056781523276
