-0.045496030668886966
-0.019514789449790015
0.02708189422255458
-0.08721982612879486
0.012394543666532698
-0.019514789449790015
-0.05983064969141072
0.0025784297617263974
0.049538360788050184
0.0576314646823306
0.030122729138618354
-0.012372140541780041
-0.015144140805206874
0.04790976101641675
-0.03563356684104946
0.039209693040964666
0.005082074600808895
-0.008416174423421019
-0.0008948035361102669
-0.019391257313081667
-0.017136936568830308
0.02714223291166995
0.006265799221320201
-0.0489237727198617
-0.03563356684104946
-0.013878349100881593
-0.0002868205956847447
-0.05120330655862837
0.015089270086424023
0.012299756912504733
-0.002205271978588108
-0.07724758378448726
-0.036421638107813514
-0.060513028914405353
0.0512476844333456
0.08653619008305125
-0.050143819123519506
0.019778644828504
0.06925574960452696
0.02714223291166995
0.007058852839625374
-0.01844849936066506
0.08121523150568599
0.04299886054755575
-0.07724758378448726
-0.05654058267968054
0.06806350229329183
-0.03133707462365809
0.01724199139330551
-0.041376638974308655
0.0276177252845331
-0.17661184642248884
0.04790976101641675
-0.07212958518599066
0.06806350229329183
0.049538360788050184
-0.022348210496932808
0.0344322264021244
-0.01844849936066506
0.015089270086424023
-0.022898889969576786
-0.051670301345440706
-0.032259158022980294
-0.011743957061684185
0.029794720012301212
-0.03563356684104946
0.05198789125700998
0.0016709762031741349
0.04135586741642605
0.003822387934753202
-0.045496030668886966
0.012394543666532698
0.001954162314668828
0.0576314646823306
0.04995452527457189
-0.05416508205116166
0.031017376704207678
0.005173534568482907
-0.019391257313081667
0.0512476844333456
0.023512429278589764
-0.012372140541780041
0.009856619194733796
-0.007543661478351282
0.051344950513199095
-0.015144140805206874
0.0688088340488946
-0.09570667993071069
0.014471610315426986
0.0512476844333456
0.11522232211929584
-0.06720056781523276
0.020083040980136246
-0.036421638107813514
-0.01249170093178087
0.01046829599036414
0.09718899306107964
0.015089270086424023
-0.0357902826629255
0.003822387934753202
0.0576314646823306
-0.012150300762606037
0.051344950513199095
-0.04022536987465397
-0.08126108737944548
0.0512476844333456
0.04371378571481266
-0.0011970474263076625
0.022194058573782982
0.028713620756199987
-0.036421638107813514
-0.08814864178677073
0.0515617796937029
0.037453479113841226
-0.12033949778566289
-0.060513028914405353
0.04606131559255999
-0.022368622754905587
0.062467374718552904
-0.032340875642459466
-0.045496030668886966
0.043334141200254805
-0.07465345378649157
0.0027859037974478085
0.022821768641877682
-0.007543661478351282
0.0165919313161762
-0.06258250876081561
-0.06053051312501001
0.001954162314668828
-0.13034379599603163
-0.002205271978588108
-0.0008948035361102669
0.07060672059698447
-0.05120330655862837
0.011999720455214913
-0.03695834061658587
0.023512429278589764
0.10109672394520075
-0.0005187167995490682
-0.07724758378448726
0.02432879134386301
0.07060672059698447
0.13204555949274965
0.03643980545838055
0.013040071944516285
-0.05282848588680089
-0.0002495311402075373
-0.03520416182162833
-0.002205271978588108
-0.036421638107813514
-0.013771885982464482
0.0688088340488946
0.01724199139330551
0.047513051758585334
0.001954162314668828
0.028713620756199987
0.022194058573782982
0.01046829599036414
0.01046829599036414
-0.10013006587302442
-0.22146034456414654
-0.07075486294590672
0.06316607709876365
0.008505479129739868
-0.09432889171755221
0.03443624877469453
0.0216176650818376
0.0344322264021244
-0.032259158022980294
0.022821768641877682
0.020567585268201682
0.01613403625846388
-0.049962429852048906
0.051344950513199095
0.08653619008305125
0.0276177252845331
0.01716964896203166
0.031017376704207678
0.0216176650818376
-0.0549153461639893
0.01716964896203166
0.1417808980890598
0.014471610315426986
0.04729149119249154
-0.02862716582831837
-0.022348210496932808
-0.03997727574944321
0.007058852839625374
0.028713620756199987
0.005173534568482907
0.020446479141682516
-0.06226621690008294
0.049538360788050184
-0.02375973362478856
-0.005105231073404326
0.03863378364598535
-0.012372140541780041
0.001954162314668828
0.06364954486786978
-0.045496030668886966
-0.012372140541780041
0.029794720012301212
-0.024170822975695394
0.03208636570286316
-0.22146034456414654
-0.03695834061658587
0.005173534568482907
-0.07414653786004877
-0.002647647860884561
-0.06638125688640528
-0.021161035659430283
0.02432879134386301
-0.03695834061658587
0.08383912323474085
0.039209693040964666
0.013065356771912562
-0.06226621690008294
-0.22146034456414654
-0.051670301345440706
-0.0038562351615762935
0.06994395962703592
0.08080248335888918
0.04665297339942498
0.003822387934753202
0.039209693040964666
0.04920879849315085
-0.05464289541014722
0.04665297339942498
-0.0013205999854228878
0.022821768641877682
0.06364954486786978
0.034283772423341574
0.0016709762031741349
0.03994035520780326
-0.0489237727198617
0.020567585268201682
-0.08143178414826124
0.048059232237648075
-0.007317237093852569
0.06994395962703592
0.0844852260058202
0.06605801367827979
-0.002205271978588108
-0.018864353824572078
-0.002647647860884561
0.0016709762031741349
0.05182100602750328
0.04790976101641675
0.022821768641877682
0.13480548385110502
0.030974972656109045
-0.12033949778566289
0.009856619194733796
-0.05129888770798985
0.011999720455214913
0.0025784297617263974
-0.08721982612879486
0.0276177252845331
0.08653619008305125
0.0576314646823306
-0.05654058267968054
0.006746455834750975
0.03863378364598535
-0.08110299466350668
0.04590352204112591
-0.0636718542421022
0.15300088602597928
0.10240276235625068
-0.017242733713295877
-0.004841918958801372
-0.0005187167995490682
-0.002205271978588108
-0.050143819123519506
0.005173534568482907
0.047513051758585334
-0.08126108737944548
0.030122729138618354
0.08759468040243501
0.029794720012301212
-0.09432889171755221
-0.027788545411032928
0.01046829599036414
-0.07892951287026762
-0.027789787343500905
0.03208636570286316
0.019778644828504
0.08799230776265521
-0.051670301345440706
0.04790976101641675
-0.08110299466350668
-0.01249170093178087
-0.03270475340709922
-0.0549153461639893
-0.05654058267968054
-0.08126108737944548
0.04995452527457189
-0.051670301345440706
0.023512429278589764
