0.04590352204112591
0.006746455834750975
0.05198789125700998
0.020446479141682516
-0.060513028914405353
0.07060672059698447
0.031017376704207678
-0.1218059774124729
0.023560334148108097
-0.0011970474263076625
-0.009357776553262198
-0.05120330655862837
0.08383912323474085
0.06761705055254463
0.04606131559255999
-0.007317237093852569
-0.045496030668886966
0.08105492908796386
-0.0002868205956847447
0.025722681761052968
0.0278028767684102
0.0688088340488946
0.02432879134386301
-0.01956931117570271
0.04391937482752173
-0.04022536987465397
0.03208636570286316
0.025649122658425227
0.04995452527457189
0.03994035520780326
0.13204555949274965
0.0844852260058202
-0.007720686875989813
0.029794720012301212
0.019778644828504
0.01613403625846388
0.0844852260058202
-0.08678886069673908
-0.007543661478351282
-0.08126108737944548
0.0276177252845331
-0.03045002278091502
-0.01686722086916248
-0.02862716582831837
-0.017136936568830308
-0.047644828679283435
-0.02243129284092049
-0.0008948035361102669
-0.06109953281700342
-0.02243129284092049
0.062467374718552904
0.011999720455214913
-0.009588853389239205
0.02708189422255458
0.08799230776265521
0.05182100602750328
-0.037433866920196124
0.05799658946616226
0.02520341309711238
-0.005818111085915234
0.009856619194733796
-0.0489237727198617
0.04665297339942498
0.005082074600808895
0.019778644828504
0.026653357334457617
-0.007882998007099573
-0.027788545411032928
0.04665297339942498
-0.011743957061684185
0.0025784297617263974
0.03443624877469453
-0.06720056781523276
-0.0013205999854228878
0.005082074600808895
0.0515617796937029
0.001954162314668828
-0.028034859824940028
0.01724199139330551
-0.03695834061658587
0.07518071596092746
0.09718899306107964
-0.02375973362478856
-0.045496030668886966
0.05436809318039337
0.17000938109242547
0.04995452527457189
-0.022622356364218277
0.02773636562208104
0.0326533364262076
-0.045496030668886966
-0.06285634704832255
-0.08814864178677073
0.037453479113841226
-0.01249170093178087
0.0203593980283987
-0.06285634704832255
-0.05699148198311299
-0.03270475340709922
-0.010204897362879883
-0.0851300246174862
0.051344950513199095
-0.019391257313081667
0.007058852839625374
-0.06053051312501001
-0.041376638974308655
-0.0549153461639893
0.06605801367827979
0.012394543666532698
-0.022898889969576786
-0.01249170093178087
-0.045496030668886966
0.04299886054755575
-0.005105231073404326
-0.0013205999854228878
0.013109728048770641
-0.03695834061658587
-0.049962429852048906
0.04827168718050601
0.01613403625846388
0.0326533364262076
0.06925574960452696
0.04665297339942498
0.048059232237648075
-0.010204897362879883
-0.07075486294590672
0.06364954486786978
0.04469322213864224
-0.06720056781523276
0.10240276235625068
-0.002647647860884561
0.04799414960212012
-0.07414653786004877
-0.038466866176760206
0.0844852260058202
0.023560334148108097
-0.005818111085915234
-0.050143819123519506
0.01699193585620762
0.0344322264021244
-0.017136936568830308
0.0027859037974478085
-0.015144140805206874
-0.06464003578883037
0.0276177252845331
-0.011743957061684185
0.01579928711915457
0.01035787819304268
0.007058852839625374
-0.005818111085915234
0.04920879849315085
-0.07075486294590672
0.04371378571481266
0.09718899306107964
0.0576314646823306
0.09718899306107964
0.0576314646823306
0.04790976101641675
0.037107507807760065
-0.05282848588680089
-0.06193714350214741
-0.06638125688640528
0.011553574399841615
-0.12033949778566289
-0.03997727574944321
-0.05654058267968054
-0.09359820865597968
0.025722681761052968
0.06567138145123597
0.08632977574364098
-0.05654058267968054
0.01046829599036414
-0.022622356364218277
0.026458811902690726
-0.13034379599603163
0.020083040980136246
-0.012150300762606037
0.020083040980136246
0.06228267241298191
0.1399333926158075
0.06605801367827979
0.04606131559255999
-0.0002868205956847447
0.13204555949274965
0.04590352204112591
0.06292625909621563
-0.009357776553262198
-0.038466866176760206
-0.04126132556270612
0.041840431302949455
-0.03173275161671363
-0.002205271978588108
-0.03520416182162833
0.025524068456756588
-0.024170822975695394
-0.01844849936066506
0.06228267241298191
-0.038466866176760206
0.04823967565580034
0.029794720012301212
-0.03270475340709922
0.011999720455214913
0.023512429278589764
-0.03695834061658587
0.0027859037974478085
-0.03270475340709922
0.03208636570286316
0.003822387934753202
-0.03695834061658587
-0.007338419158481102
-0.06193714350214741
0.020446479141682516
-0.05464289541014722
0.0025784297617263974
0.08732358904095427
0.024801788304586125
-0.06258250876081561
-0.019514789449790015
-0.024170822975695394
0.08383912323474085
0.02520341309711238
0.026458811902690726
0.001954162314668828
-0.08678886069673908
0.0216176650818376
-0.022348210496932808
-0.012150300762606037
-0.0849833488167917
-0.0357902826629255
0.15300088602597928
0.049538360788050184
0.011553574399841615
-0.022348210496932808
0.04606131559255999
-0.05983064969141072
-0.014438989348697362
0.028713620756199987
0.0461992712042818
0.051344950513199095
-0.004841918958801372
0.048059232237648075
0.048059232237648075
0.011553574399841615
0.06318283133468316
0.1399333926158075
-0.049962429852048906
0.04665297339942498
0.024801788304586125
0.018593646962060006
0.06925574960452696
-0.004841918958801372
-0.045496030668886966
0.15300088602597928
-0.10013006587302442
-0.08143178414826124
-0.05416508205116166
0.03882682382156144
-0.09570667993071069
0.08653619008305125
-0.08143178414826124
0.012390402416693647
0.02520341309711238
-0.0636718542421022
0.08799230776265521
-0.1218059774124729
-0.08678886069673908
0.10109672394520075
-0.01686722086916248
-0.060513028914405353
0.08080248335888918
0.04665297339942498
-0.03520416182162833
0.022821768641877682
-0.07724758378448726
-0.024170822975695394
-0.047644828679283435
0.062467374718552904
-0.022898889969576786
-0.08126108737944548
-0.08285893181375492
-0.0357902826629255
0.011999720455214913
0.013109728048770641
-0.009357776553262198
0.04790976101641675
0.006746455834750975
0.08302714817478662
0.04469322213864224
-0.08143178414826124
0.04380656992791998
0.028713620756199987
-0.007317237093852569
0.04995452527457189
0.08302714817478662
0.018593646962060006
0.04333086414918519
-0.0011970474263076625
0.012299756912504733
0.0276177252845331
