0.08383912323474085
0.028713620756199987
0.06364954486786978
0.011553574399841615
-0.06464003578883037
-0.06638125688640528
0.07586149829868472
0.013040071944516285
-0.0011970474263076625
-0.06109953281700342
0.0216176650818376
0.13204555949274965
0.04590352204112591
0.06567138145123597
-0.06226621690008294
-0.027462288324585415
-0.037433866920196124
0.04995452527457189
0.0276177252845331
0.06994395962703592
0.09718899306107964
0.048059232237648075
0.06318283133468316
-0.036421638107813514
-0.03133707462365809
0.03208636570286316
-0.005105231073404326
0.08383912323474085
-0.050143819123519506
0.025649122658425227
-0.02862716582831837
0.043334141200254805
0.04827168718050601
-0.019391257313081667
0.07382421435571018
0.13480548385110502
0.047513051758585334
0.06925574960452696
0.025524068456756588
-0.03520416182162833
-0.0636718542421022
-0.005105231073404326
-0.07465345378649157
-0.0489237727198617
-0.03695834061658587
0.08632977574364098
0.047513051758585334
-0.005105231073404326
-0.02243129284092049
-0.05129888770798985
0.029794720012301212
-0.06285634704832255
0.0165919313161762
-0.007882998007099573
0.04333086414918519
-0.027788545411032928
-0.08126108737944548
-0.10819102148647719
0.049538360788050184
0.026653357334457617
0.022821768641877682
0.04823967565580034
0.01035787819304268
-0.08285893181375492
0.13480548385110502
-0.0851300246174862
0.08080248335888918
-0.07465345378649157
-0.07075486294590672
-0.05464289541014722
0.04380656992791998
-0.002647647860884561
-0.03520416182162833
-0.08110299466350668
-0.012372140541780041
0.024801788304586125
0.03994035520780326
0.012299756912504733
0.029794720012301212
0.05425453554333082
-0.0007657730469858848
-0.01956931117570271
-0.0851300246174862
0.024801788304586125
-0.03917887174705115
0.13204555949274965
-0.03133707462365809
0.11522232211929584
0.08799230776265521
-0.05983064969141072
0.043334141200254805
-0.02243129284092049
0.02432879134386301
0.05799658946616226
0.030974972656109045
-0.15702055781469149
-0.08721982612879486
-0.032259158022980294
-0.04126132556270612
-0.022368622754905587
0.03208636570286316
-0.050143819123519506
0.08653619008305125
-0.05129888770798985
-0.038466866176760206
-0.07892951287026762
-0.08110299466350668
-0.04126132556270612
-0.007720686875989813
0.09718899306107964
-0.07724758378448726
-0.06285634704832255
0.06567138145123597
-0.10013006587302442
0.08799230776265521
-0.09359820865597968
0.017908695057996304
0.11840346286310233
0.0278028767684102
0.012394543666532698
-0.03045002278091502
-0.021161035659430283
0.04665297339942498
-0.07892951287026762
0.08799230776265521
0.014780240742707562
-0.049962429852048906
-0.027393577402978764
0.03994035520780326
0.009856619194733796
0.026458811902690726
0.0278028767684102
-0.019514789449790015
0.11522232211929584
0.006143668794592827
0.005082074600808895
0.06806350229329183
-0.0013205999854228878
0.05198789125700998
-0.10013006587302442
-0.010204897362879883
0.051344950513199095
-0.005818111085915234
0.012390402416693647
0.08121523150568599
0.0016709762031741349
0.04048653167530425
0.0512476844333456
0.013109728048770641
-0.010532567714866659
0.012394543666532698
0.06806350229329183
0.08176108754913614
0.03973066370480538
-0.02496648159475967
0.08080248335888918
0.02927401578257438
0.01613403625846388
-0.05586089089844393
-0.0013205999854228878
0.012394543666532698
0.003822387934753202
0.026005039289207943
0.09718899306107964
0.011999720455214913
-0.03045002278091502
0.025722681761052968
-0.01956931117570271
0.06318283133468316
-0.05282848588680089
0.0022689688502968153
-0.02862716582831837
0.020446479141682516
-0.05282848588680089
0.029794720012301212
0.008665176454019985
0.013065356771912562
0.020446479141682516
0.008505479129739868
0.06318283133468316
0.043334141200254805
-0.049962429852048906
0.056736527751481525
0.028713620756199987
0.0022689688502968153
0.022194058573782982
-0.06638125688640528
0.02708189422255458
0.04135586741642605
0.02927401578257438
0.005082074600808895
-0.0549153461639893
0.04995452527457189
0.05182100602750328
0.030974972656109045
-0.15702055781469149
0.08799230776265521
0.08732358904095427
0.008505479129739868
0.029794720012301212
0.041840431302949455
-0.04466517994807795
0.01724199139330551
0.04371378571481266
0.11522232211929584
0.1399333926158075
0.030974972656109045
-0.022898889969576786
0.10109672394520075
-0.007720686875989813
0.06569838178769771
-0.06464003578883037
-0.1218059774124729
0.02714223291166995
0.09718899306107964
0.0022689688502968153
-0.01249170093178087
-0.005105231073404326
-0.12033949778566289
-0.08678886069673908
0.003822387934753202
-0.024170822975695394
0.006143668794592827
-0.0636718542421022
0.08121523150568599
0.006746455834750975
0.0025784297617263974
-0.007317237093852569
0.008665176454019985
0.07586149829868472
0.022821768641877682
-0.0038562351615762935
0.013040071944516285
0.045224792909892564
-0.06464003578883037
-0.0002495311402075373
0.003822387934753202
0.012299756912504733
-0.024170822975695394
-0.06226621690008294
0.049538360788050184
-0.0549153461639893
0.013065356771912562
0.0022689688502968153
-0.09359820865597968
0.07586149829868472
0.07382421435571018
0.012394543666532698
-0.045496030668886966
0.04048653167530425
0.047513051758585334
0.0326533364262076
0.03443624877469453
0.012299756912504733
-0.08721982612879486
0.02773636562208104
0.030974972656109045
0.007058852839625374
0.0461992712042818
-0.10819102148647719
0.08176108754913614
0.05198789125700998
0.06605801367827979
0.028713620756199987
0.006265799221320201
-0.06193714350214741
-0.08143178414826124
0.03863378364598535
-0.10819102148647719
-0.018864353824572078
-0.22146034456414654
0.037107507807760065
0.06806350229329183
-0.03133707462365809
-0.007317237093852569
0.049538360788050184
-0.03917887174705115
0.09718899306107964
0.11522232211929584
-0.004841918958801372
-0.021161035659430283
0.02520341309711238
0.03443624877469453
-0.022622356364218277
-0.02243129284092049
0.06292625909621563
-0.022368622754905587
-0.0011970474263076625
-0.007882998007099573
-0.05129888770798985
0.001954162314668828
-0.08126108737944548
0.06569838178769771
-0.2546008091448053
-0.03458770640829023
0.04799414960212012
-0.0002868205956847447
0.009856619194733796
0.03973066370480538
