0.007058852839625374
0.02708189422255458
-0.10819102148647719
0.01613403625846388
0.049538360788050184
-0.015144140805206874
-0.01686722086916248
-0.09570667993071069
-0.06720056781523276
0.02520341309711238
0.0203593980283987
0.022194058573782982
0.06292625909621563
0.013040071944516285
0.04371378571481266
-0.03133707462365809
0.019778644828504
0.023512429278589764
0.04299886054755575
-0.022622356364218277
0.05436809318039337
0.06316607709876365
0.0344322264021244
0.041840431302949455
-0.0636718542421022
0.01035787819304268
-0.08721982612879486
-0.002205271978588108
-0.05464289541014722
0.04283497654615154
0.04135586741642605
-0.017136936568830308
0.001954162314668828
0.01579928711915457
-0.13034379599603163
0.009856619194733796
-0.007882998007099573
-0.10013006587302442
0.011999720455214913
-0.09359820865597968
-0.060513028914405353
-0.03695834061658587
0.0165919313161762
0.04391937482752173
0.03643980545838055
0.02708189422255458
0.01716964896203166
0.07382421435571018
0.03643980545838055
-0.03458770640829023
0.03882682382156144
0.011999720455214913
0.017908695057996304
-0.03458770640829023
-0.0549153461639893
0.1417808980890598
0.026005039289207943
-0.019514789449790015
-0.15702055781469149
-0.021161035659430283
-0.04126132556270612
0.02708189422255458
0.048059232237648075
-0.007338419158481102
0.034283772423341574
0.019778644828504
-0.07212958518599066
0.023512429278589764
0.04135586741642605
0.0515617796937029
0.04283497654615154
0.04799414960212012
-0.007317237093852569
-0.03997727574944321
0.0688088340488946
0.04790976101641675
-0.05699148198311299
-0.007317237093852569
-0.06464003578883037
-0.013771885982464482
-0.05699148198311299
0.07518071596092746
-0.03458770640829023
0.0326533364262076
0.011553574399841615
-0.022368622754905587
0.04920879849315085
-0.05586089089844393
0.15300088602597928
-0.007338419158481102
-0.02496648159475967
0.13480548385110502
0.049538360788050184
0.02451643163530548
0.05425453554333082
0.009856619194733796
0.020446479141682516
0.025722681761052968
-0.0849833488167917
-0.004841918958801372
-0.06226621690008294
0.01699193585620762
0.0022689688502968153
-0.051670301345440706
-0.12033949778566289
0.06605801367827979
-0.08110299466350668
-0.09570667993071069
0.006265799221320201
0.11522232211929584
-0.027462288324585415
0.0203593980283987
0.0576314646823306
0.0016709762031741349
0.0278028767684102
0.06316607709876365
0.006746455834750975
0.012394543666532698
-0.002647647860884561
0.08080248335888918
-0.09432889171755221
-0.08814864178677073
-0.1218059774124729
0.08105492908796386
0.06925574960452696
-0.0489237727198617
-0.0011970474263076625
-0.012150300762606037
0.039209693040964666
0.04920879849315085
0.0203593980283987
-0.0489237727198617
0.01347000313241331
-0.08285893181375492
-0.010532567714866659
-0.08285893181375492
0.08383912323474085
0.08383912323474085
0.02432879134386301
0.06318283133468316
0.05436809318039337
0.01724199139330551
-0.0013205999854228878
-0.03695834061658587
-0.01844849936066506
-0.12033949778566289
-0.041376638974308655
0.1399333926158075
0.06994395962703592
0.026005039289207943
-0.09432889171755221
0.08105492908796386
-0.12033949778566289
0.05436809318039337
-0.01249170093178087
0.0576314646823306
-0.0489237727198617
-0.007720686875989813
0.06364954486786978
0.08121523150568599
0.05799658946616226
0.10109672394520075
0.013109728048770641
0.03863378364598535
-0.03997727574944321
0.04827168718050601
-0.037433866920196124
0.020083040980136246
0.006143668794592827
-0.041376638974308655
0.03643980545838055
-0.007720686875989813
0.0515617796937029
0.005082074600808895
0.08383912323474085
-0.05699148198311299
-0.011743957061684185
0.020446479141682516
-0.06464003578883037
0.03973066370480538
0.1417808980890598
-0.0849833488167917
0.039209693040964666
0.0216176650818376
-0.022622356364218277
-0.0013205999854228878
-0.05464289541014722
-0.04466517994807795
-0.047644828679283435
0.04827168718050601
0.04799414960212012
0.04380656992791998
-0.015144140805206874
-0.007543661478351282
-0.022348210496932808
0.026458811902690726
-0.1218059774124729
0.0688088340488946
0.1417808980890598
-0.05654058267968054
-0.22146034456414654
0.04135586741642605
0.02432879134386301
0.08799230776265521
0.04827168718050601
-0.022821982956040543
-0.027789787343500905
-0.007882998007099573
-0.06258250876081561
-0.0849833488167917
0.05168531023255696
0.11840346286310233
0.1399333926158075
0.012390402416693647
0.0512476844333456
0.01661350063361855
0.03443624877469453
0.011999720455214913
0.022194058573782982
-0.032259158022980294
0.03643980545838055
0.047513051758585334
-0.06226621690008294
0.03882682382156144
0.0688088340488946
-0.015144140805206874
0.005173534568482907
-0.038466866176760206
-0.027788545411032928
-0.038466866176760206
0.04790976101641675
0.08383912323474085
0.0576314646823306
0.01724199139330551
0.0344322264021244
0.13480548385110502
0.03443624877469453
0.04333086414918519
0.005082074600808895
-0.03695834061658587
-0.0549153461639893
0.03643980545838055
-0.017242733713295877
0.06925574960452696
-0.008416174423421019
0.047513051758585334
0.0203593980283987
-0.009588853389239205
0.01661350063361855
-0.019391257313081667
-0.03133707462365809
-0.017242733713295877
-0.03133707462365809
-0.012372140541780041
0.015089270086424023
0.0276177252845331
0.06228267241298191
-0.0038562351615762935
-0.027462288324585415
0.02708189422255458
-0.018864353824572078
0.02708189422255458
-0.17661184642248884
-0.06053051312501001
-0.03270475340709922
-0.03695834061658587
0.0041948137923384365
-0.017242733713295877
-0.05282848588680089
-0.032259158022980294
-0.03458770640829023
0.014780240742707562
0.01661350063361855
-0.049962429852048906
0.07518071596092746
-0.22146034456414654
-0.07212958518599066
0.020567585268201682
0.08383912323474085
0.03208636570286316
0.02708189422255458
-0.013771885982464482
0.008665176454019985
0.04469322213864224
0.023512429278589764
-0.021161035659430283
-0.06258250876081561
0.006265799221320201
-0.2546008091448053
0.047513051758585334
0.034283772423341574
0.04135586741642605
0.11840346286310233
0.03882682382156144
0.0216176650818376
0.031017376704207678
-0.06109953281700342
-0.0849833488167917
0.0022689688502968153
