-0.0849833488167917
0.0022689688502968153
0.06316607709876365
0.014471610315426986
-0.014438989348697362
0.07586149829868472
0.13480548385110502
0.01699193585620762
0.013040071944516285
0.018593646962060006
-0.010532567714866659
0.04590352204112591
0.04391937482752173
0.01716964896203166
-0.021161035659430283
0.0278028767684102
0.047513051758585334
0.05436809318039337
0.08383912323474085
0.11840346286310233
0.026653357334457617
0.011999720455214913
-0.04126132556270612
0.013040071944516285
0.04469322213864224
0.0022689688502968153
0.06806350229329183
-0.06720056781523276
-0.06638125688640528
-0.0011970474263076625
0.051344950513199095
0.01613403625846388
-0.07465345378649157
-0.022368622754905587
0.026653357334457617
-0.022348210496932808
0.0512476844333456
-0.032259158022980294
0.04790976101641675
-0.002647647860884561
0.030974972656109045
0.008505479129739868
0.04606131559255999
-0.05654058267968054
0.045224792909892564
-0.08126108737944548
-0.007720686875989813
0.08383912323474085
0.005173534568482907
0.08799230776265521
0.0027859037974478085
0.051344950513199095
0.051344950513199095
0.08176108754913614
0.04590352204112591
0.011999720455214913
0.10109672394520075
-0.045496030668886966
0.017908695057996304
0.08105492908796386
-0.03917887174705115
-0.017136936568830308
0.04995452527457189
0.011999720455214913
0.011999720455214913
-0.2546008091448053
0.08105492908796386
0.04380656992791998
-0.22146034456414654
-0.01249170093178087
0.06806350229329183
-0.03045002278091502
0.041840431302949455
-0.045496030668886966
0.0276177252845331
0.030122729138618354
-0.002647647860884561
-0.2546008091448053
-0.10819102148647719
0.020567585268201682
0.0576314646823306
-0.06109953281700342
0.043334141200254805
0.04380656992791998
-0.0007657730469858848
0.015089270086424023
0.0844852260058202
-0.018864353824572078
-0.06285634704832255
0.0515617796937029
0.06569838178769771
0.07060672059698447
-0.03458770640829023
0.08105492908796386
0.08176108754913614
-0.03173275161671363
0.005082074600808895
0.08632977574364098
-0.06193714350214741
0.012299756912504733
-0.08143178414826124
0.0461992712042818
-0.06226621690008294
-0.03045002278091502
-0.05416508205116166
0.03863378364598535
0.006265799221320201
0.009856619194733796
0.030122729138618354
0.08653619008305125
0.029794720012301212
-0.05586089089844393
0.0512476844333456
0.0022689688502968153
-0.010204897362879883
0.014471610315426986
-0.0013205999854228878
-0.007338419158481102
0.04827168718050601
-0.08143178414826124
0.04823967565580034
0.01716964896203166
-0.004841918958801372
-0.005105231073404326
0.023512429278589764
-0.07465345378649157
0.0276177252845331
0.025649122658425227
0.012394543666532698
-0.018864353824572078
0.029794720012301212
0.04333086414918519
-0.0489237727198617
-0.007720686875989813
-0.09570667993071069
0.0027859037974478085
0.0041948137923384365
-0.012372140541780041
0.0278028767684102
0.05168531023255696
-0.049962429852048906
0.05198789125700998
0.06228267241298191
0.008505479129739868
0.03643980545838055
0.008665176454019985
-0.10819102148647719
0.0326533364262076
0.05799658946616226
0.020083040980136246
0.030974972656109045
0.04827168718050601
0.026653357334457617
0.006746455834750975
0.0688088340488946
0.09718899306107964
0.01724199139330551
0.037107507807760065
0.0216176650818376
0.056736527751481525
-0.027462288324585415
-0.06053051312501001
0.04371378571481266
-0.009588853389239205
-0.007338419158481102
-0.01686722086916248
0.024801788304586125
0.0276177252845331
-0.03917887174705115
0.04606131559255999
0.02432879134386301
0.012390402416693647
0.024801788304586125
0.04823967565580034
0.1417808980890598
-0.013771885982464482
0.041840431302949455
0.11840346286310233
0.0216176650818376
0.051344950513199095
0.014471610315426986
-0.0013205999854228878
0.02451643163530548
0.06567138145123597
-0.05120330655862837
-0.013878349100881593
-0.03695834061658587
0.011999720455214913
-0.028034859824940028
-0.012372140541780041
-0.012372140541780041
-0.027788545411032928
0.022821768641877682
-0.15702055781469149
0.01699193585620762
-0.015144140805206874
0.017908695057996304
0.04729149119249154
0.04790976101641675
0.041840431302949455
-0.03045002278091502
0.0276177252845331
0.08105492908796386
-0.0489237727198617
0.017908695057996304
-0.10013006587302442
0.08383912323474085
-0.03045002278091502
0.022821768641877682
-0.047644828679283435
0.04371378571481266
-0.019514789449790015
-0.0357902826629255
-0.07075486294590672
0.06228267241298191
-0.012150300762606037
-0.2546008091448053
0.012299756912504733
0.06292625909621563
0.0022689688502968153
0.04827168718050601
0.02714223291166995
0.0512476844333456
0.02927401578257438
0.03994035520780326
0.0025784297617263974
0.001954162314668828
0.020446479141682516
-0.022348210496932808
-0.08110299466350668
0.04827168718050601
-0.005818111085915234
-0.041376638974308655
-0.12033949778566289
-0.012372140541780041
0.031017376704207678
0.04827168718050601
-0.047644828679283435
-0.027788545411032928
0.025649122658425227
0.11840346286310233
0.07518071596092746
0.006143668794592827
0.04380656992791998
0.003822387934753202
-0.0002495311402075373
-0.01686722086916248
0.006746455834750975
0.009856619194733796
-0.018864353824572078
0.04665297339942498
-0.07892951287026762
0.03643980545838055
-0.05586089089844393
0.039209693040964666
-0.06193714350214741
-0.05586089089844393
-0.007882998007099573
-0.13034379599603163
0.04469322213864224
-0.05120330655862837
0.008505479129739868
0.04590352204112591
-0.027788545411032928
0.07060672059698447
0.03208636570286316
-0.049962429852048906
0.014780240742707562
-0.06464003578883037
0.06567138145123597
0.013065356771912562
-0.027462288324585415
-0.07892951287026762
-0.08678886069673908
0.04048653167530425
0.020446479141682516
-0.021161035659430283
0.06364954486786978
0.020446479141682516
0.04391937482752173
0.020446479141682516
-0.06109953281700342
-0.036421638107813514
0.005082074600808895
0.04135586741642605
-0.03133707462365809
-0.019514789449790015
0.06567138145123597
0.06761705055254463
-0.027462288324585415
-0.10013006587302442
0.10109672394520075
-0.047644828679283435
0.0025784297617263974
0.05425453554333082
-0.014438989348697362
-0.060513028914405353
0.05799658946616226
-0.0849833488167917
