0.07060672059698447
0.056736527751481525
-0.01686722086916248
0.0022689688502968153
-0.2546008091448053
0.15300088602597928
0.005082074600808895
-0.024170822975695394
0.012299756912504733
-0.047644828679283435
-0.032259158022980294
0.018593646962060006
-0.0002495311402075373
-0.010532567714866659
0.04380656992791998
0.009856619194733796
-0.02496648159475967
0.02432879134386301
-0.06464003578883037
-0.07465345378649157
-0.03695834061658587
-0.037433866920196124
-0.051670301345440706
0.03443624877469453
0.006746455834750975
-0.07892951287026762
-0.06258250876081561
0.04729149119249154
0.04380656992791998
0.03994035520780326
0.02451643163530548
0.039209693040964666
0.08632977574364098
0.1399333926158075
-0.03270475340709922
0.04371378571481266
-0.04126132556270612
0.04333086414918519
0.0016709762031741349
-0.06193714350214741
0.06806350229329183
0.1417808980890598
0.019778644828504
-0.012372140541780041
-0.01249170093178087
-0.049962429852048906
0.006265799221320201
-0.06285634704832255
0.04380656992791998
-0.06109953281700342
-0.03458770640829023
-0.02496648159475967
0.034283772423341574
0.11522232211929584
-0.03997727574944321
-0.10013006587302442
0.006746455834750975
0.08176108754913614
0.04380656992791998
0.03994035520780326
0.08799230776265521
-0.01844849936066506
-0.0002868205956847447
-0.03563356684104946
-0.09570667993071069
0.06318283133468316
0.01046829599036414
-0.0013205999854228878
0.06994395962703592
0.02927401578257438
-0.06285634704832255
0.025649122658425227
0.10240276235625068
0.0326533364262076
0.030122729138618354
0.006746455834750975
0.045224792909892564
0.06925574960452696
0.08632977574364098
0.08080248335888918
-0.0002868205956847447
-0.050143819123519506
-0.09359820865597968
0.0326533364262076
-0.03917887174705115
-0.014438989348697362
0.08105492908796386
0.041840431302949455
-0.011743957061684185
-0.024170822975695394
-0.008416174423421019
-0.022348210496932808
0.03443624877469453
0.05436809318039337
0.0016709762031741349
-0.03270475340709922
0.013109728048770641
0.01035787819304268
0.04469322213864224
-0.002647647860884561
0.04380656992791998
-0.017136936568830308
0.008665176454019985
-0.005105231073404326
-0.0002868205956847447
-0.06720056781523276
0.04665297339942498
0.05182100602750328
-0.005818111085915234
0.06806350229329183
-0.10013006587302442
0.056736527751481525
-0.07075486294590672
0.04790976101641675
-0.05586089089844393
0.012299756912504733
-0.021161035659430283
0.04827168718050601
0.023512429278589764
0.03861575224405023
-0.024170822975695394
-0.22146034456414654
-0.012150300762606037
0.0515617796937029
-0.05654058267968054
-0.04466517994807795
0.15300088602597928
-0.017136936568830308
-0.032259158022980294
-0.05416508205116166
-0.0013205999854228878
-0.0357902826629255
0.0025784297617263974
0.049538360788050184
-0.04022536987465397
-0.0013205999854228878
0.02520341309711238
-0.047644828679283435
-0.02243129284092049
0.04371378571481266
0.04606131559255999
-0.05586089089844393
-0.032259158022980294
0.08176108754913614
-0.06226621690008294
0.05425453554333082
-0.017136936568830308
-0.03270475340709922
0.08302714817478662
0.031017376704207678
-0.0007657730469858848
0.07382421435571018
0.018593646962060006
-0.022348210496932808
-0.011743957061684185
0.0016709762031741349
-0.022348210496932808
0.0025784297617263974
-0.015144140805206874
0.013040071944516285
-0.009357776553262198
-0.04022536987465397
0.051344950513199095
0.06569838178769771
-0.008416174423421019
0.031017376704207678
-0.0357902826629255
0.006746455834750975
0.03882682382156144
0.0203593980283987
-0.005818111085915234
-0.013878349100881593
-0.1218059774124729
0.056736527751481525
0.06316607709876365
-0.002205271978588108
-0.09570667993071069
0.0025784297617263974
-0.0038562351615762935
-0.06053051312501001
-0.010204897362879883
0.08632977574364098
0.01661350063361855
-0.013878349100881593
0.0512476844333456
-0.022368622754905587
0.014471610315426986
0.06925574960452696
0.026005039289207943
0.0276177252845331
0.06364954486786978
-0.011743957061684185
0.04995452527457189
0.026005039289207943
-0.09570667993071069
-0.03045002278091502
0.02451643163530548
-0.08678886069673908
0.020567585268201682
-0.038466866176760206
0.005173534568482907
0.0203593980283987
0.02432879134386301
0.0016709762031741349
0.05799658946616226
0.051344950513199095
-0.12033949778566289
-0.017242733713295877
0.019778644828504
0.10240276235625068
0.04799414960212012
0.01716964896203166
0.023560334148108097
-0.06720056781523276
0.08383912323474085
-0.03270475340709922
-0.018864353824572078
0.025524068456756588
-0.06638125688640528
0.011553574399841615
0.047513051758585334
0.0016709762031741349
-0.08285893181375492
-0.002205271978588108
0.018593646962060006
-0.007338419158481102
-0.0357902826629255
-0.04466517994807795
-0.05464289541014722
-0.13034379599603163
-0.0008948035361102669
0.008505479129739868
-0.01249170093178087
0.013065356771912562
-0.05464289541014722
-0.10013006587302442
-0.08678886069673908
0.07586149829868472
-0.0008948035361102669
0.07518071596092746
-0.005818111085915234
0.08080248335888918
-0.08285893181375492
0.030974972656109045
-0.017136936568830308
-0.08126108737944548
-0.002205271978588108
0.08653619008305125
0.014471610315426986
-0.007720686875989813
0.014471610315426986
0.026653357334457617
-0.036421638107813514
-0.007720686875989813
0.022821768641877682
-0.22146034456414654
0.03863378364598535
-0.05416508205116166
-0.0489237727198617
0.02520341309711238
-0.06193714350214741
0.04380656992791998
0.020446479141682516
0.05799658946616226
-0.005105231073404326
0.04333086414918519
0.005173534568482907
-0.12033949778566289
0.11522232211929584
0.020083040980136246
-0.06226621690008294
0.041840431302949455
-0.03173275161671363
-0.03563356684104946
-0.01956931117570271
0.08176108754913614
-0.021161035659430283
0.05168531023255696
-0.019391257313081667
0.037107507807760065
-0.06285634704832255
0.013109728048770641
0.01724199139330551
0.03208636570286316
0.0016709762031741349
0.01579928711915457
-0.2546008091448053
0.04799414960212012
0.07518071596092746
-0.015144140805206874
0.041840431302949455
0.06228267241298191
0.08653619008305125
0.006265799221320201
-0.049962429852048906
0.08632977574364098
-0.03458770640829023
-0.2546008091448053
-0.02243129284092049
