-0.004841918958801372
-0.007882998007099573
0.0844852260058202
0.047513051758585334
0.08302714817478662
-0.021161035659430283
0.04283497654615154
-0.047644828679283435
0.10109672394520075
-0.07892951287026762
0.08759468040243501
0.06567138145123597
0.08653619008305125
-0.007338419158481102
0.008505479129739868
0.07586149829868472
-0.07724758378448726
-0.06285634704832255
-0.022368622754905587
0.039209693040964666
-0.03270475340709922
-0.13034379599603163
0.08732358904095427
-0.06109953281700342
0.039209693040964666
0.006143668794592827
-0.03695834061658587
0.043334141200254805
-0.12033949778566289
0.023512429278589764
-0.060513028914405353
0.0276177252845331
0.11522232211929584
0.10109672394520075
-0.0038562351615762935
0.06567138145123597
-0.027788545411032928
-0.0005187167995490682
0.011553574399841615
0.06806350229329183
0.028713620756199987
0.04827168718050601
-0.08678886069673908
0.08080248335888918
-0.0038562351615762935
-0.019391257313081667
0.04333086414918519
-0.010204897362879883
-0.02243129284092049
-0.01249170093178087
-0.005818111085915234
-0.0002495311402075373
0.0344322264021244
-0.03458770640829023
-0.022821982956040543
0.01579928711915457
0.10109672394520075
0.04995452527457189
0.020567585268201682
0.03994035520780326
0.025722681761052968
-0.0002495311402075373
0.08759468040243501
-0.08110299466350668
-0.004841918958801372
0.013109728048770641
-0.06720056781523276
0.022194058573782982
-0.06193714350214741
0.02708189422255458
-0.008416174423421019
-0.002205271978588108
-0.08126108737944548
-0.09359820865597968
0.019778644828504
0.028713620756199987
0.025722681761052968
0.04135586741642605
-0.13034379599603163
0.001954162314668828
0.11840346286310233
0.04469322213864224
-0.04466517994807795
-0.0007657730469858848
-0.051670301345440706
0.04135586741642605
-0.08721982612879486
0.012299756912504733
-0.049962429852048906
-0.0489237727198617
0.03443624877469453
0.0016709762031741349
-0.028034859824940028
-0.014438989348697362
0.0216176650818376
0.062467374718552904
0.07586149829868472
0.02714223291166995
0.022821768641877682
0.030122729138618354
0.0461992712042818
-0.060513028914405353
0.04333086414918519
0.012394543666532698
-0.009588853389239205
0.011553574399841615
-0.03270475340709922
0.023512429278589764
0.028713620756199987
-0.05416508205116166
0.030974972656109045
-0.038466866176760206
0.04823967565580034
-0.007720686875989813
-0.04022536987465397
-0.2546008091448053
-0.0549153461639893
0.03882682382156144
-0.05416508205116166
-0.09432889171755221
-0.007543661478351282
0.01347000313241331
-0.017242733713295877
-0.08285893181375492
-0.007338419158481102
0.013065356771912562
-0.04126132556270612
0.043334141200254805
-0.024170822975695394
-0.002647647860884561
-0.06226621690008294
0.05425453554333082
-0.09570667993071069
0.13204555949274965
0.02773636562208104
0.07382421435571018
0.026458811902690726
-0.022348210496932808
0.017908695057996304
0.005082074600808895
-0.0849833488167917
-0.05282848588680089
0.09718899306107964
0.007058852839625374
0.03443624877469453
0.0203593980283987
0.04299886054755575
0.06318283133468316
0.045224792909892564
0.03861575224405023
0.05182100602750328
-0.03917887174705115
-0.09359820865597968
0.06761705055254463
0.026458811902690726
0.0844852260058202
-0.06638125688640528
-0.01686722086916248
0.012394543666532698
0.03973066370480538
-0.03133707462365809
0.04299886054755575
0.0344322264021244
0.017908695057996304
-0.013878349100881593
0.048059232237648075
-0.028034859824940028
-0.05129888770798985
0.020083040980136246
0.001954162314668828
0.13480548385110502
0.04827168718050601
-0.049962429852048906
0.011999720455214913
0.023512429278589764
-0.05654058267968054
0.05425453554333082
0.08799230776265521
0.0278028767684102
0.051344950513199095
0.007058852839625374
0.005082074600808895
0.1417808980890598
-0.019391257313081667
-0.010532567714866659
-0.01956931117570271
0.06292625909621563
-0.06109953281700342
-0.041376638974308655
0.012394543666532698
-0.08678886069673908
-0.002205271978588108
0.029794720012301212
0.06364954486786978
0.06567138145123597
-0.022898889969576786
-0.12033949778566289
0.037107507807760065
-0.03917887174705115
-0.05120330655862837
0.045224792909892564
0.01699193585620762
-0.04126132556270612
0.013040071944516285
-0.1218059774124729
0.06228267241298191
0.005173534568482907
0.07518071596092746
-0.15702055781469149
-0.021161035659430283
0.025722681761052968
-0.014438989348697362
-0.0549153461639893
0.04590352204112591
-0.03695834061658587
0.01661350063361855
0.08176108754913614
0.001954162314668828
0.06925574960452696
0.047513051758585334
0.08302714817478662
0.01347000313241331
0.08732358904095427
0.06569838178769771
0.022821768641877682
0.062467374718552904
0.008505479129739868
0.006143668794592827
0.02927401578257438
0.04333086414918519
0.08799230776265521
-0.03133707462365809
-0.08110299466350668
0.02773636562208104
0.04283497654615154
-0.10819102148647719
0.11840346286310233
0.0203593980283987
-0.036421638107813514
0.06292625909621563
0.0326533364262076
0.0844852260058202
0.037453479113841226
-0.03695834061658587
-0.0008948035361102669
0.04920879849315085
-0.05416508205116166
0.031017376704207678
0.051344950513199095
-0.0849833488167917
0.04823967565580034
-0.027393577402978764
0.04920879849315085
-0.0007657730469858848
-0.022368622754905587
0.03443624877469453
0.0844852260058202
-0.051670301345440706
0.05425453554333082
0.08302714817478662
0.11840346286310233
0.10240276235625068
0.01724199139330551
-0.01686722086916248
0.06316607709876365
-0.06464003578883037
0.018593646962060006
-0.0038562351615762935
0.025722681761052968
-0.22146034456414654
0.012394543666532698
0.01716964896203166
-0.05654058267968054
0.04283497654615154
-0.22146034456414654
0.013065356771912562
0.011999720455214913
-0.06720056781523276
0.006143668794592827
0.048059232237648075
-0.05120330655862837
-0.02496648159475967
-0.0013205999854228878
0.04995452527457189
0.0041948137923384365
0.05436809318039337
0.08302714817478662
0.01035787819304268
0.04371378571481266
-0.0549153461639893
0.0027859037974478085
-0.0008948035361102669
0.04283497654615154
0.04823967565580034
-0.013771885982464482
-0.017242733713295877
0.013040071944516285
-0.06638125688640528
-0.050143819123519506
