0.024801788304586125
0.022194058573782982
0.056736527751481525
0.06994395962703592
0.08121523150568599
0.08759468040243501
-0.005818111085915234
0.026005039289207943
-0.0011970474263076625
0.0025784297617263974
0.013040071944516285
0.04729149119249154
0.08383912323474085
-0.0636718542421022
0.009856619194733796
0.049538360788050184
0.08383912323474085
0.020083040980136246
-0.03917887174705115
-0.049962429852048906
0.04590352204112591
-0.009357776553262198
-0.03458770640829023
0.02432879134386301
-0.07075486294590672
-0.0005187167995490682
0.019778644828504
0.001954162314668828
-0.019391257313081667
0.018593646962060006
0.11840346286310233
-0.08814864178677073
-0.09570667993071069
0.02714223291166995
0.06806350229329183
0.08759468040243501
0.07060672059698447
-0.002205271978588108
-0.027393577402978764
0.07518071596092746
0.03443624877469453
0.047513051758585334
0.009856619194733796
0.008665176454019985
-0.013878349100881593
0.056736527751481525
-0.07465345378649157
-0.03173275161671363
0.06569838178769771
0.0216176650818376
0.05425453554333082
0.13480548385110502
0.0203593980283987
0.06318283133468316
0.08799230776265521
-0.007543661478351282
0.020567585268201682
-0.010532567714866659
-0.050143819123519506
0.04380656992791998
0.04606131559255999
0.0844852260058202
0.04590352204112591
-0.15702055781469149
0.04590352204112591
0.05182100602750328
0.06994395962703592
0.15300088602597928
-0.03045002278091502
-0.032259158022980294
0.0515617796937029
0.03643980545838055
0.02432879134386301
-0.22146034456414654
-0.08285893181375492
-0.037433866920196124
0.11840346286310233
-0.0013205999854228878
0.03973066370480538
-0.037433866920196124
0.08105492908796386
0.08176108754913614
0.037453479113841226
-0.022368622754905587
0.08759468040243501
0.015089270086424023
0.039209693040964666
-0.021161035659430283
0.04665297339942498
0.03643980545838055
0.0216176650818376
-0.01844849936066506
-0.04022536987465397
-0.0549153461639893
0.015089270086424023
0.019778644828504
-0.019514789449790015
0.08105492908796386
0.04333086414918519
0.08080248335888918
0.0165919313161762
0.025524068456756588
0.06567138145123597
0.006143668794592827
-0.06285634704832255
-0.007543661478351282
-0.01686722086916248
0.034283772423341574
0.003822387934753202
-0.009357776553262198
0.03208636570286316
0.03208636570286316
-0.0549153461639893
-0.013771885982464482
-0.0549153461639893
-0.06720056781523276
0.04590352204112591
0.018593646962060006
-0.010532567714866659
0.06605801367827979
0.03994035520780326
-0.02496648159475967
0.013040071944516285
-0.0011970474263076625
0.05168531023255696
-0.05654058267968054
-0.02862716582831837
-0.0357902826629255
0.06228267241298191
0.01347000313241331
-0.022622356364218277
-0.007882998007099573
-0.03997727574944321
0.0576314646823306
0.13204555949274965
0.04729149119249154
0.01699193585620762
-0.12033949778566289
-0.03173275161671363
0.04371378571481266
-0.02243129284092049
-0.02496648159475967
0.06318283133468316
-0.03695834061658587
-0.07465345378649157
0.020567585268201682
0.03643980545838055
-0.06285634704832255
0.014471610315426986
0.025524068456756588
-0.01956931117570271
-0.0011970474263076625
0.012394543666532698
0.011999720455214913
0.17000938109242547
-0.15702055781469149
0.051344950513199095
0.06318283133468316
0.02708189422255458
-0.09570667993071069
0.025649122658425227
-0.06638125688640528
0.030974972656109045
0.0025784297617263974
0.06994395962703592
0.04920879849315085
-0.01686722086916248
-0.012372140541780041
0.06228267241298191
0.017908695057996304
-0.08143178414826124
0.02773636562208104
0.025649122658425227
0.01699193585620762
0.019778644828504
0.0576314646823306
-0.0549153461639893
-0.018864353824572078
-0.06720056781523276
0.13204555949274965
-0.032340875642459466
0.0688088340488946
0.07060672059698447
0.04995452527457189
-0.019391257313081667
0.06994395962703592
-0.03173275161671363
-0.007882998007099573
-0.050143819123519506
0.06994395962703592
0.04827168718050601
0.007058852839625374
0.02714223291166995
-0.03458770640829023
-0.021161035659430283
0.0016709762031741349
-0.005818111085915234
0.08105492908796386
-0.007338419158481102
0.013109728048770641
0.0576314646823306
-0.03045002278091502
0.08105492908796386
-0.012372140541780041
0.0688088340488946
-0.037433866920196124
-0.027393577402978764
-0.06258250876081561
-0.07892951287026762
0.06292625909621563
0.012394543666532698
0.024801788304586125
-0.06109953281700342
0.01661350063361855
-0.08814864178677073
0.06605801367827979
0.005173534568482907
-0.06258250876081561
0.029794720012301212
-0.1218059774124729
-0.009588853389239205
-0.05983064969141072
0.008505479129739868
0.10240276235625068
-0.06109953281700342
-0.04022536987465397
0.007058852839625374
-0.018864353824572078
-0.007338419158481102
0.037453479113841226
0.037107507807760065
-0.06720056781523276
0.039209693040964666
0.030974972656109045
-0.01249170093178087
0.012299756912504733
-0.05983064969141072
-0.0007657730469858848
-0.050143819123519506
0.005173534568482907
-0.0002868205956847447
0.0165919313161762
0.08080248335888918
0.0688088340488946
0.06994395962703592
0.014471610315426986
0.01661350063361855
-0.032259158022980294
0.006746455834750975
0.01724199139330551
0.020567585268201682
-0.0038562351615762935
-0.08285893181375492
-0.002647647860884561
0.03973066370480538
-0.06638125688640528
0.08799230776265521
0.03994035520780326
-0.017242733713295877
0.025649122658425227
-0.002205271978588108
-0.05699148198311299
-0.007338419158481102
0.006746455834750975
0.03861575224405023
0.012299756912504733
-0.03917887174705115
-0.01956931117570271
0.01613403625846388
0.06364954486786978
-0.07075486294590672
0.023560334148108097
0.02451643163530548
-0.007543661478351282
-0.007543661478351282
0.07382421435571018
-0.027789787343500905
-0.07892951287026762
-0.019391257313081667
-0.05416508205116166
0.05182100602750328
0.009856619194733796
-0.036421638107813514
0.01046829599036414
0.03882682382156144
-0.04466517994807795
0.028713620756199987
0.02714223291166995
0.07382421435571018
0.0041948137923384365
-0.013771885982464482
0.01046829599036414
-0.03045002278091502
0.049538360788050184
0.04469322213864224
-0.05983064969141072
0.06806350229329183
-0.05464289541014722
0.031017376704207678
