-0.07724758378448726
0.07586149829868472
0.020567585268201682
0.0461992712042818
0.06567138145123597
0.08121523150568599
-0.038466866176760206
0.04048653167530425
0.024801788304586125
0.023560334148108097
0.039209693040964666
-0.009588853389239205
-0.02243129284092049
0.04380656992791998
-0.03133707462365809
-0.051670301345440706
0.01579928711915457
0.017908695057996304
-0.022898889969576786
0.01661350063361855
0.041840431302949455
-0.05699148198311299
-0.004841918958801372
-0.0007657730469858848
0.03643980545838055
0.0326533364262076
-0.06053051312501001
-0.13034379599603163
0.0165919313161762
0.031017376704207678
0.006143668794592827
0.028713620756199987
-0.038466866176760206
0.05198789125700998
-0.06285634704832255
0.02451643163530548
-0.038466866176760206
0.08759468040243501
-0.047644828679283435
0.06806350229329183
0.0025784297617263974
-0.03458770640829023
-0.0038562351615762935
-0.0549153461639893
0.0016709762031741349
0.04799414960212012
-0.010532567714866659
0.01579928711915457
-0.012150300762606037
-0.022898889969576786
0.06567138145123597
0.023560334148108097
-0.10013006587302442
0.048059232237648075
-0.008416174423421019
0.04371378571481266
-0.08721982612879486
0.03882682382156144
0.013109728048770641
0.13480548385110502
0.04391937482752173
0.0844852260058202
-0.05586089089844393
0.08383912323474085
-0.011743957061684185
0.0022689688502968153
-0.0038562351615762935
0.04299886054755575
-0.041376638974308655
0.03863378364598535
0.037453479113841226
-0.0008948035361102669
0.0025784297617263974
0.012390402416693647
0.022821768641877682
-0.08721982612879486
-0.06053051312501001
0.04920879849315085
-0.027789787343500905
-0.028034859824940028
-0.013771885982464482
0.06228267241298191
0.013065356771912562
0.06364954486786978
0.01724199139330551
-0.007317237093852569
0.045224792909892564
0.041840431302949455
-0.0007657730469858848
-0.08721982612879486
-0.010204897362879883
0.017908695057996304
-0.0007657730469858848
-0.022898889969576786
-0.08285893181375492
0.04995452527457189
0.012299756912504733
-0.049962429852048906
0.08732358904095427
-0.018864353824572078
-0.04126132556270612
0.08799230776265521
0.020446479141682516
0.0326533364262076
-0.0002495311402075373
0.0515617796937029
0.05799658946616226
0.1399333926158075
-0.05983064969141072
0.04371378571481266
0.11840346286310233
-0.08143178414826124
0.1417808980890598
-0.09570667993071069
0.04729149119249154
-0.017136936568830308
-0.02862716582831837
0.0326533364262076
-0.08110299466350668
0.10240276235625068
-0.01249170093178087
0.05168531023255696
-0.007543661478351282
0.005082074600808895
-0.05654058267968054
0.10240276235625068
0.026005039289207943
-0.002205271978588108
-0.010204897362879883
0.017908695057996304
-0.04466517994807795
0.01035787819304268
0.05799658946616226
0.07518071596092746
-0.005105231073404326
-0.007720686875989813
0.09718899306107964
0.008505479129739868
-0.05464289541014722
0.031017376704207678
-0.045496030668886966
0.013065356771912562
0.026653357334457617
0.024801788304586125
-0.08285893181375492
-0.02243129284092049
-0.007720686875989813
0.1399333926158075
0.049538360788050184
-0.011743957061684185
-0.0357902826629255
0.011553574399841615
-0.08814864178677073
0.037107507807760065
-0.0002495311402075373
0.023560334148108097
-0.04466517994807795
0.08653619008305125
-0.15702055781469149
-0.002647647860884561
-0.017242733713295877
0.08105492908796386
-0.07724758378448726
-0.06193714350214741
0.0844852260058202
-0.03563356684104946
0.01661350063361855
-0.01686722086916248
-0.019391257313081667
0.025524068456756588
0.01716964896203166
0.0216176650818376
-0.012150300762606037
0.018593646962060006
0.04048653167530425
0.01046829599036414
0.02714223291166995
0.04995452527457189
-0.0849833488167917
0.02927401578257438
-0.032340875642459466
-0.07465345378649157
-0.06053051312501001
0.048059232237648075
-0.012150300762606037
-0.036421638107813514
-0.019391257313081667
0.0461992712042818
-0.041376638974308655
-0.08143178414826124
-0.04126132556270612
0.04333086414918519
-0.041376638974308655
-0.06638125688640528
0.037453479113841226
0.039209693040964666
-0.06720056781523276
-0.022898889969576786
0.04299886054755575
0.020446479141682516
0.005173534568482907
0.06605801367827979
0.026005039289207943
0.028713620756199987
0.04920879849315085
0.07586149829868472
0.02520341309711238
-0.012372140541780041
-0.005818111085915234
0.030974972656109045
0.07586149829868472
-0.05129888770798985
0.056736527751481525
0.051344950513199095
-0.07075486294590672
-0.045496030668886966
-0.07724758378448726
-0.017242733713295877
0.034283772423341574
0.04469322213864224
-0.10013006587302442
0.11840346286310233
-0.08143178414826124
-0.017136936568830308
-0.08814864178677073
0.025722681761052968
0.0016709762031741349
-0.013771885982464482
0.03882682382156144
-0.007338419158481102
0.0688088340488946
0.01661350063361855
-0.01844849936066506
0.06292625909621563
-0.024170822975695394
-0.05282848588680089
-0.02862716582831837
0.01724199139330551
-0.08126108737944548
0.1399333926158075
0.020446479141682516
0.04333086414918519
0.06316607709876365
0.08732358904095427
0.04920879849315085
0.04799414960212012
0.08302714817478662
0.02927401578257438
-0.022348210496932808
0.06569838178769771
0.049538360788050184
-0.08110299466350668
-0.022348210496932808
0.08383912323474085
0.008505479129739868
0.02714223291166995
0.15300088602597928
0.06364954486786978
0.01699193585620762
0.03882682382156144
-0.10013006587302442
-0.05699148198311299
-0.028034859824940028
-0.05120330655862837
0.006265799221320201
0.04299886054755575
0.0688088340488946
0.06316607709876365
-0.022348210496932808
-0.02496648159475967
-0.07212958518599066
0.1399333926158075
0.02451643163530548
-0.03173275161671363
-0.027393577402978764
-0.1218059774124729
-0.024170822975695394
-0.13034379599603163
-0.03270475340709922
0.1399333926158075
-0.019391257313081667
-0.009357776553262198
0.011999720455214913
0.020446479141682516
0.049538360788050184
-0.03997727574944321
0.11840346286310233
-0.008416174423421019
0.006143668794592827
-0.07075486294590672
0.005173534568482907
-0.03133707462365809
0.030974972656109045
0.025524068456756588
-0.03917887174705115
0.04729149119249154
-0.08814864178677073
0.005173534568482907
-0.07414653786004877
