0.01035787819304268
-0.06285634704832255
0.08653619008305125
-0.05699148198311299
-0.13034379599603163
0.06364954486786978
-0.03270475340709922
-0.15702055781469149
0.022194058573782982
0.06318283133468316
0.014471610315426986
0.011999720455214913
0.04299886054755575
0.0165919313161762
0.02520341309711238
-0.17661184642248884
0.08759468040243501
-0.02243129284092049
0.08732358904095427
0.05799658946616226
0.01347000313241331
0.0276177252845331
-0.017136936568830308
-0.05654058267968054
-0.0007657730469858848
0.08105492908796386
-0.027788545411032928
0.03443624877469453
-0.07075486294590672
-0.038466866176760206
0.0278028767684102
-0.03173275161671363
0.025649122658425227
0.08653619008305125
0.06364954486786978
0.037453479113841226
0.041840431302949455
0.13480548385110502
0.17000938109242547
0.0844852260058202
-0.06638125688640528
0.03208636570286316
-0.002647647860884561
-0.018864353824572078
0.06318283133468316
0.003822387934753202
-0.017136936568830308
-0.009588853389239205
-0.022622356364218277
0.04299886054755575
0.0461992712042818
-0.010532567714866659
0.01347000313241331
0.030974972656109045
0.0022689688502968153
0.0041948137923384365
0.1417808980890598
0.01661350063361855
-0.007882998007099573
0.023560334148108097
0.022194058573782982
-0.08721982612879486
0.034283772423341574
-0.009357776553262198
0.05168531023255696
-0.08126108737944548
-0.045496030668886966
-0.1218059774124729
0.041840431302949455
0.01661350063361855
0.07382421435571018
0.04995452527457189
-0.021161035659430283
0.08176108754913614
0.0278028767684102
-0.051670301345440706
-0.07892951287026762
0.020083040980136246
-0.013878349100881593
-0.0013205999854228878
-0.06638125688640528
0.0515617796937029
-0.07892951287026762
0.013109728048770641
0.04371378571481266
0.001954162314668828
-0.04126132556270612
-0.007882998007099573
-0.04022536987465397
-0.06258250876081561
0.05182100602750328
0.07518071596092746
0.01724199139330551
0.026458811902690726
-0.017136936568830308
0.0165919313161762
0.047513051758585334
0.037453479113841226
0.06364954486786978
0.02432879134386301
-0.04126132556270612
0.026005039289207943
-0.15702055781469149
-0.07212958518599066
-0.10013006587302442
0.07518071596092746
0.009856619194733796
0.03863378364598535
0.01347000313241331
-0.010204897362879883
-0.038466866176760206
-0.09570667993071069
0.04333086414918519
-0.041376638974308655
0.02927401578257438
-0.02243129284092049
0.013109728048770641
0.0844852260058202
0.041840431302949455
-0.012372140541780041
-0.022821982956040543
-0.019391257313081667
0.01716964896203166
-0.03520416182162833
0.023560334148108097
0.05182100602750328
0.01347000313241331
-0.10013006587302442
-0.0002868205956847447
0.022821768641877682
-0.007317237093852569
0.10240276235625068
0.012394543666532698
-0.027789787343500905
0.0344322264021244
0.03443624877469453
0.04590352204112591
0.04729149119249154
0.17000938109242547
-0.09432889171755221
-0.06464003578883037
0.01035787819304268
-0.05282848588680089
-0.02243129284092049
0.039209693040964666
-0.0013205999854228878
0.0216176650818376
0.08632977574364098
-0.05129888770798985
-0.009357776553262198
-0.021161035659430283
-0.10819102148647719
-0.15702055781469149
0.08632977574364098
0.02714223291166995
-0.0007657730469858848
-0.08143178414826124
0.022194058573782982
0.05436809318039337
0.026458811902690726
-0.09359820865597968
0.062467374718552904
-0.06109953281700342
-0.02862716582831837
-0.022898889969576786
0.0515617796937029
0.06316607709876365
-0.004841918958801372
0.023512429278589764
0.08732358904095427
0.08799230776265521
-0.03563356684104946
-0.06193714350214741
-0.0013205999854228878
-0.03173275161671363
-0.0002495311402075373
0.05168531023255696
-0.01844849936066506
-0.04126132556270612
0.04606131559255999
0.08105492908796386
0.03973066370480538
-0.010204897362879883
-0.032259158022980294
0.04048653167530425
0.0203593980283987
-0.08678886069673908
0.0844852260058202
-0.010204897362879883
0.05182100602750328
0.012299756912504733
0.023560334148108097
-0.017242733713295877
-0.027462288324585415
0.006143668794592827
-0.013771885982464482
-0.10013006587302442
0.01347000313241331
0.04823967565580034
0.01035787819304268
0.026005039289207943
0.07382421435571018
0.06994395962703592
0.04729149119249154
0.0512476844333456
-0.005105231073404326
-0.06226621690008294
0.04371378571481266
0.025722681761052968
0.01661350063361855
0.03443624877469453
-0.0038562351615762935
-0.0002868205956847447
-0.01956931117570271
-0.01686722086916248
0.03643980545838055
0.012390402416693647
-0.05983064969141072
0.0512476844333456
-0.007338419158481102
0.04299886054755575
0.043334141200254805
0.006143668794592827
-0.015144140805206874
0.031017376704207678
0.02708189422255458
0.04135586741642605
-0.05416508205116166
0.006143668794592827
-0.07212958518599066
-0.027789787343500905
0.031017376704207678
-0.03917887174705115
0.028713620756199987
-0.032340875642459466
0.025722681761052968
0.0016709762031741349
-0.022898889969576786
-0.038466866176760206
0.05198789125700998
0.08302714817478662
0.04371378571481266
0.05168531023255696
0.04590352204112591
0.008665176454019985
-0.027462288324585415
0.062467374718552904
-0.017136936568830308
-0.047644828679283435
0.030974972656109045
0.04371378571481266
0.04299886054755575
-0.002647647860884561
-0.032340875642459466
0.10240276235625068
-0.02862716582831837
0.04469322213864224
0.020567585268201682
0.0688088340488946
-0.08126108737944548
-0.06720056781523276
-0.06053051312501001
0.04048653167530425
0.05198789125700998
0.08080248335888918
-0.06464003578883037
-0.038466866176760206
-0.013878349100881593
0.09718899306107964
0.008665176454019985
0.0276177252845331
-0.01686722086916248
0.0278028767684102
0.06292625909621563
-0.05129888770798985
0.013109728048770641
0.04920879849315085
0.028713620756199987
0.08653619008305125
-0.17661184642248884
-0.022348210496932808
0.04920879849315085
-0.01844849936066506
-0.08814864178677073
-0.022821982956040543
0.13204555949274965
-0.0008948035361102669
0.10109672394520075
0.08383912323474085
0.011999720455214913
-0.0011970474263076625
0.022821768641877682
-0.03563356684104946
0.17000938109242547
0.0216176650818376
-0.03045002278091502
0.06925574960452696
-0.06226621690008294
-0.0489237727198617
