-0.05120330655862837
0.011553574399841615
-0.036421638107813514
0.01046829599036414
0.13480548385110502
0.10240276235625068
0.03643980545838055
0.018593646962060006
0.047513051758585334
0.05425453554333082
-0.015144140805206874
0.06292625909621563
-0.0002495311402075373
-0.022368622754905587
-0.05699148198311299
0.08732358904095427
0.041840431302949455
-0.049962429852048906
-0.05416508205116166
-0.027462288324585415
0.06364954486786978
0.0041948137923384365
-0.0002495311402075373
-0.008416174423421019
0.043334141200254805
0.04995452527457189
-0.002205271978588108
0.037453479113841226
0.022194058573782982
-0.022368622754905587
0.006746455834750975
-0.08285893181375492
0.0844852260058202
-0.009588853389239205
0.02773636562208104
0.025649122658425227
0.013109728048770641
-0.0007657730469858848
0.02927401578257438
-0.022348210496932808
0.11522232211929584
0.06994395962703592
-0.009588853389239205
-0.05983064969141072
0.03643980545838055
-0.02496648159475967
0.029794720012301212
0.062467374718552904
-0.027789787343500905
0.06605801367827979
-0.17661184642248884
-0.027462288324585415
0.0022689688502968153
-0.0038562351615762935
-0.05654058267968054
0.0016709762031741349
-0.009357776553262198
-0.03520416182162833
0.0027859037974478085
-0.03270475340709922
0.11522232211929584
0.029794720012301212
-0.03917887174705115
0.06567138145123597
0.0576314646823306
0.04283497654615154
-0.01844849936066506
0.08632977574364098
-0.0008948035361102669
-0.022898889969576786
0.04048653167530425
-0.0357902826629255
0.026005039289207943
-0.0038562351615762935
-0.04126132556270612
-0.1218059774124729
-0.17661184642248884
-0.03997727574944321
0.02432879134386301
-0.0357902826629255
0.03882682382156144
-0.03173275161671363
-0.08143178414826124
0.04380656992791998
-0.032259158022980294
0.11522232211929584
-0.08143178414826124
0.005082074600808895
0.013065356771912562
0.01347000313241331
-0.036421638107813514
-0.05120330655862837
0.04920879849315085
-0.0636718542421022
0.0576314646823306
-0.007882998007099573
-0.06285634704832255
-0.0007657730469858848
-0.05416508205116166
-0.10013006587302442
-0.0636718542421022
0.017908695057996304
0.0027859037974478085
0.01661350063361855
-0.04126132556270612
0.0027859037974478085
0.006143668794592827
0.014780240742707562
-0.0008948035361102669
-0.05699148198311299
0.0165919313161762
0.04135586741642605
-0.0002868205956847447
0.0515617796937029
-0.060513028914405353
-0.08285893181375492
-0.009357776553262198
0.06761705055254463
-0.08143178414826124
-0.050143819123519506
-0.0011970474263076625
-0.09432889171755221
-0.041376638974308655
0.03973066370480538
0.01347000313241331
-0.07212958518599066
0.04827168718050601
0.045224792909892564
0.030974972656109045
0.03861575224405023
0.006746455834750975
0.005082074600808895
0.03882682382156144
-0.07075486294590672
-0.08126108737944548
0.08121523150568599
0.05799658946616226
-0.2546008091448053
-0.03997727574944321
0.025649122658425227
-0.06193714350214741
0.06569838178769771
0.028713620756199987
0.04333086414918519
-0.018864353824572078
0.01579928711915457
0.01579928711915457
0.031017376704207678
0.03443624877469453
0.02708189422255458
0.015089270086424023
-0.0005187167995490682
0.012390402416693647
-0.0011970474263076625
0.051344950513199095
0.006265799221320201
-0.021161035659430283
-0.022821982956040543
0.06569838178769771
0.009856619194733796
-0.013771885982464482
-0.07465345378649157
-0.0357902826629255
0.05182100602750328
-0.017242733713295877
0.024801788304586125
-0.015144140805206874
-0.011743957061684185
-0.09359820865597968
0.005173534568482907
-0.09359820865597968
-0.013878349100881593
0.1399333926158075
-0.0002495311402075373
-0.17661184642248884
-0.012150300762606037
0.03973066370480538
0.0576314646823306
-0.009357776553262198
0.04283497654615154
0.011999720455214913
0.01046829599036414
-0.02862716582831837
0.04590352204112591
0.011553574399841615
-0.050143819123519506
0.026005039289207943
-0.007317237093852569
0.01046829599036414
-0.06109953281700342
-0.013878349100881593
-0.08814864178677073
0.020083040980136246
0.0022689688502968153
0.13204555949274965
-0.024170822975695394
-0.002205271978588108
0.04469322213864224
-0.0849833488167917
-0.02496648159475967
0.02708189422255458
-0.0636718542421022
-0.03173275161671363
0.03994035520780326
0.037453479113841226
0.08121523150568599
-0.037433866920196124
0.15300088602597928
-0.037433866920196124
0.005082074600808895
0.06994395962703592
0.034283772423341574
-0.004841918958801372
0.11840346286310233
-0.07465345378649157
-0.03045002278091502
-0.15702055781469149
-0.0549153461639893
0.0844852260058202
-0.049962429852048906
-0.007338419158481102
0.08653619008305125
0.0203593980283987
-0.04126132556270612
-0.013878349100881593
-0.032259158022980294
-0.041376638974308655
-0.07892951287026762
-0.08285893181375492
-0.019391257313081667
-0.027393577402978764
0.022821768641877682
0.01046829599036414
-0.022348210496932808
-0.028034859824940028
-0.08721982612879486
-0.05282848588680089
-0.03997727574944321
0.0165919313161762
-0.019391257313081667
-0.022368622754905587
0.04333086414918519
-0.13034379599603163
0.08121523150568599
0.0165919313161762
0.03861575224405023
-0.012150300762606037
0.04391937482752173
-0.013878349100881593
0.04380656992791998
-0.009588853389239205
-0.06258250876081561
-0.041376638974308655
0.03443624877469453
0.0512476844333456
-0.005105231073404326
-0.05699148198311299
0.014780240742707562
0.025649122658425227
0.0326533364262076
0.025649122658425227
0.023560334148108097
0.001954162314668828
0.03443624877469453
-0.060513028914405353
-0.004841918958801372
-0.13034379599603163
0.01699193585620762
0.030974972656109045
-0.05699148198311299
-0.06464003578883037
0.048059232237648075
0.006265799221320201
0.026005039289207943
-0.05983064969141072
-0.05586089089844393
0.013109728048770641
0.04729149119249154
0.0216176650818376
-0.02243129284092049
0.001954162314668828
-0.022622356364218277
-0.03133707462365809
-0.050143819123519506
0.031017376704207678
-0.022368622754905587
0.04995452527457189
0.05436809318039337
-0.004841918958801372
0.10109672394520075
-0.024170822975695394
0.05182100602750328
-0.08143178414826124
0.034283772423341574
0.0515617796937029
-0.09570667993071069
0.0576314646823306
-0.008416174423421019
-0.07414653786004877
