-0.0002495311402075373
0.037107507807760065
-0.03133707462365809
-0.013771885982464482
0.02927401578257438
-0.01844849936066506
-0.0489237727198617
0.005173534568482907
-0.02862716582831837
0.04995452527457189
0.020446479141682516
0.0688088340488946
-0.05983064969141072
0.05182100602750328
0.04729149119249154
-0.047644828679283435
0.08302714817478662
0.014471610315426986
-0.01844849936066506
0.020567585268201682
0.0022689688502968153
0.045224792909892564
0.013109728048770641
-0.027462288324585415
0.1417808980890598
0.13480548385110502
0.013065356771912562
-0.08143178414826124
0.05436809318039337
-0.09570667993071069
-0.04022536987465397
-0.03173275161671363
-0.005818111085915234
-0.07212958518599066
-0.0357902826629255
-0.03045002278091502
-0.022821982956040543
-0.0008948035361102669
-0.018864353824572078
0.025649122658425227
-0.0002495311402075373
-0.027393577402978764
-0.08110299466350668
0.04995452527457189
0.008505479129739868
0.0016709762031741349
-0.17661184642248884
-0.03917887174705115
0.025524068456756588
-0.050143819123519506
0.025524068456756588
0.05198789125700998
0.049538360788050184
-0.04466517994807795
-0.0357902826629255
0.08799230776265521
0.05436809318039337
0.01724199139330551
0.006746455834750975
0.08302714817478662
-0.004841918958801372
0.0461992712042818
0.043334141200254805
-0.12033949778566289
0.06316607709876365
0.026458811902690726
-0.027393577402978764
-0.022821982956040543
0.06569838178769771
0.03994035520780326
0.08799230776265521
-0.05282848588680089
0.07382421435571018
0.043334141200254805
-0.022348210496932808
0.06806350229329183
0.13480548385110502
0.02432879134386301
-0.0005187167995490682
-0.0489237727198617
-0.03917887174705115
0.022194058573782982
0.04827168718050601
0.008505479129739868
0.048059232237648075
0.01699193585620762
-0.009588853389239205
0.014471610315426986
0.020083040980136246
0.025722681761052968
-0.028034859824940028
0.012299756912504733
-0.02243129284092049
0.05799658946616226
0.08383912323474085
-0.17661184642248884
-0.09432889171755221
0.015089270086424023
0.030122729138618354
0.01661350063361855
0.06316607709876365
0.03861575224405023
0.04469322213864224
-0.07212958518599066
0.003822387934753202
0.04391937482752173
0.08799230776265521
0.0025784297617263974
0.08632977574364098
0.030974972656109045
0.020083040980136246
0.020083040980136246
-0.0357902826629255
0.007058852839625374
-0.014438989348697362
0.02520341309711238
0.013065356771912562
-0.015144140805206874
0.05425453554333082
0.026653357334457617
0.04333086414918519
0.07060672059698447
-0.06258250876081561
0.08799230776265521
0.06364954486786978
0.051344950513199095
0.02773636562208104
-0.017242733713295877
0.02927401578257438
-0.036421638107813514
-0.01956931117570271
-0.1218059774124729
-0.04126132556270612
-0.0357902826629255
0.04380656992791998
0.13480548385110502
-0.04126132556270612
0.001954162314668828
0.07518071596092746
0.01716964896203166
0.0276177252845331
0.037107507807760065
0.0041948137923384365
0.026005039289207943
-0.02243129284092049
-0.06720056781523276
-0.010532567714866659
0.013109728048770641
0.024801788304586125
-0.02243129284092049
0.0688088340488946
0.0461992712042818
-0.027789787343500905
-0.10819102148647719
-0.06720056781523276
-0.07465345378649157
-0.011743957061684185
-0.03917887174705115
0.04048653167530425
0.0016709762031741349
-0.0013205999854228878
-0.10819102148647719
-0.03173275161671363
-0.019514789449790015
-0.049962429852048906
0.029794720012301212
0.022821768641877682
-0.007338419158481102
0.01716964896203166
0.011999720455214913
0.01716964896203166
-0.03520416182162833
0.02432879134386301
0.04606131559255999
0.025649122658425227
-0.012372140541780041
-0.08126108737944548
0.0165919313161762
0.04283497654615154
-0.0849833488167917
-0.050143819123519506
0.03973066370480538
0.045224792909892564
-0.0549153461639893
0.01661350063361855
0.034283772423341574
-0.032340875642459466
0.08383912323474085
0.017908695057996304
-0.08110299466350668
-0.03997727574944321
0.08105492908796386
0.08121523150568599
0.009856619194733796
-0.0038562351615762935
-0.007543661478351282
-0.03173275161671363
-0.03270475340709922
-0.0007657730469858848
0.02927401578257438
-0.05120330655862837
0.04283497654615154
-0.05654058267968054
-0.08126108737944548
-0.08285893181375492
0.02714223291166995
0.001954162314668828
-0.07724758378448726
0.04823967565580034
-0.05586089089844393
-0.022368622754905587
-0.0007657730469858848
-0.050143819123519506
-0.07724758378448726
-0.13034379599603163
0.08302714817478662
-0.027462288324585415
0.01347000313241331
-0.018864353824572078
0.0027859037974478085
0.10109672394520075
0.022194058573782982
-0.03458770640829023
0.07382421435571018
-0.04466517994807795
-0.1218059774124729
0.0027859037974478085
0.011999720455214913
0.06605801367827979
-0.007882998007099573
-0.03520416182162833
-0.007317237093852569
0.08176108754913614
0.17000938109242547
-0.0011970474263076625
0.04606131559255999
-0.041376638974308655
-0.02375973362478856
-0.0011970474263076625
-0.038466866176760206
-0.013878349100881593
0.025524068456756588
0.013040071944516285
-0.08126108737944548
0.006265799221320201
-0.019391257313081667
-0.0002495311402075373
0.07518071596092746
-0.0002868205956847447
-0.1218059774124729
0.02714223291166995
0.08121523150568599
0.04371378571481266
0.17000938109242547
-0.049962429852048906
-0.06226621690008294
-0.01844849936066506
0.025649122658425227
0.05425453554333082
-0.1218059774124729
-0.002205271978588108
-0.03563356684104946
0.0025784297617263974
-0.027789787343500905
-0.05464289541014722
0.05425453554333082
0.030122729138618354
0.04371378571481266
-0.0849833488167917
-0.0489237727198617
0.06994395962703592
0.07586149829868472
0.05425453554333082
-0.015144140805206874
0.01661350063361855
-0.08126108737944548
0.0025784297617263974
0.012394543666532698
0.02432879134386301
-0.06193714350214741
-0.07414653786004877
-0.06193714350214741
0.013040071944516285
0.013065356771912562
0.003822387934753202
0.0344322264021244
0.039209693040964666
-0.06109953281700342
0.008505479129739868
0.022821768641877682
0.008665176454019985
0.013109728048770641
-0.05416508205116166
0.006746455834750975
-0.007720686875989813
0.022194058573782982
0.015089270086424023
0.0515617796937029
0.014471610315426986
