0.022194058573782982
0.05425453554333082
0.009856619194733796
0.01046829599036414
0.01661350063361855
0.06364954486786978
-0.02496648159475967
-0.005105231073404326
0.006746455834750975
0.012390402416693647
0.0278028767684102
0.011553574399841615
0.06761705055254463
0.04135586741642605
0.0576314646823306
0.0515617796937029
0.023512429278589764
0.02708189422255458
0.039209693040964666
-0.03563356684104946
-0.007882998007099573
0.043334141200254805
0.07586149829868472
-0.05282848588680089
-0.03563356684104946
0.04283497654615154
0.01699193585620762
0.04048653167530425
0.11522232211929584
-0.07212958518599066
0.009856619194733796
-0.07892951287026762
0.047513051758585334
0.02714223291166995
-0.007317237093852569
-0.02496648159475967
0.022194058573782982
0.01613403625846388
0.005082074600808895
0.05799658946616226
0.06318283133468316
-0.05129888770798985
0.06228267241298191
-0.22146034456414654
-0.014438989348697362
-0.07892951287026762
-0.019514789449790015
-0.08110299466350668
-0.05416508205116166
-0.007338419158481102
-0.0636718542421022
0.0326533364262076
-0.038466866176760206
-0.04126132556270612
0.03443624877469453
-0.05282848588680089
0.030122729138618354
0.05436809318039337
0.04283497654615154
-0.07892951287026762
0.007058852839625374
-0.06285634704832255
-0.032259158022980294
0.034283772423341574
-0.10013006587302442
0.17000938109242547
0.0027859037974478085
0.06605801367827979
0.03882682382156144
-0.02862716582831837
0.0027859037974478085
0.022821768641877682
0.025649122658425227
-0.008416174423421019
0.08653619008305125
0.08121523150568599
0.04333086414918519
0.07586149829868472
-0.05464289541014722
-0.05120330655862837
-0.022368622754905587
-0.050143819123519506
-0.05416508205116166
-0.0636718542421022
0.045224792909892564
-0.08721982612879486
-0.017242733713295877
0.041840431302949455
-0.02243129284092049
-0.011743957061684185
0.10240276235625068
0.15300088602597928
0.013040071944516285
-0.013771885982464482
-0.018864353824572078
0.005173534568482907
0.01046829599036414
0.003822387934753202
-0.07212958518599066
0.020567585268201682
0.05182100602750328
-0.05983064969141072
0.037107507807760065
0.0515617796937029
-0.03458770640829023
0.03443624877469453
-0.005105231073404326
0.049538360788050184
-0.017242733713295877
0.04920879849315085
-0.07075486294590672
-0.07414653786004877
0.10240276235625068
-0.050143819123519506
0.06228267241298191
0.011553574399841615
-0.06638125688640528
-0.09359820865597968
-0.06193714350214741
0.06567138145123597
0.05425453554333082
-0.0489237727198617
-0.17661184642248884
-0.01844849936066506
-0.007720686875989813
-0.17661184642248884
-0.03173275161671363
0.043334141200254805
0.045224792909892564
0.02927401578257438
0.007058852839625374
0.023512429278589764
-0.013878349100881593
0.04995452527457189
0.03882682382156144
0.17000938109242547
0.08176108754913614
-0.013771885982464482
0.003822387934753202
-0.022622356364218277
0.0278028767684102
0.1399333926158075
-0.022622356364218277
-0.03997727574944321
-0.038466866176760206
-0.01686722086916248
0.05436809318039337
0.02451643163530548
-0.02862716582831837
0.0041948137923384365
0.011999720455214913
0.04790976101641675
-0.027789787343500905
-0.0038562351615762935
-0.013771885982464482
-0.08126108737944548
0.006143668794592827
0.008665176454019985
0.13204555949274965
0.029794720012301212
-0.02375973362478856
0.01347000313241331
-0.002647647860884561
-0.027789787343500905
-0.05586089089844393
0.014780240742707562
-0.022622356364218277
-0.0549153461639893
-0.0357902826629255
0.031017376704207678
0.014471610315426986
-0.01956931117570271
-0.03563356684104946
-0.08678886069673908
0.13480548385110502
0.04371378571481266
0.006143668794592827
-0.0005187167995490682
-0.15702055781469149
0.011999720455214913
-0.05654058267968054
0.02773636562208104
-0.10819102148647719
0.02714223291166995
0.02773636562208104
-0.05120330655862837
0.04790976101641675
-0.045496030668886966
-0.0636718542421022
-0.05983064969141072
0.02773636562208104
-0.036421638107813514
0.022194058573782982
0.025649122658425227
0.0512476844333456
-0.05654058267968054
0.09718899306107964
0.025524068456756588
0.02432879134386301
0.023560334148108097
0.043334141200254805
-0.03045002278091502
-0.07465345378649157
-0.060513028914405353
0.020567585268201682
-0.010532567714866659
0.014471610315426986
0.01347000313241331
-0.007720686875989813
-0.0011970474263076625
0.0461992712042818
-0.05983064969141072
-0.05654058267968054
0.05425453554333082
0.02708189422255458
0.07060672059698447
0.08799230776265521
-0.08126108737944548
0.0688088340488946
0.043334141200254805
-0.03173275161671363
-0.03917887174705115
0.04048653167530425
0.0016709762031741349
-0.01249170093178087
0.01716964896203166
-0.03173275161671363
0.04380656992791998
-0.036421638107813514
-0.022821982956040543
-0.0489237727198617
-0.014438989348697362
0.0512476844333456
0.034283772423341574
0.01347000313241331
-0.01249170093178087
0.05182100602750328
-0.0005187167995490682
0.0461992712042818
0.011553574399841615
-0.002205271978588108
0.024801788304586125
-0.009357776553262198
0.08176108754913614
0.04790976101641675
0.13480548385110502
-0.07892951287026762
0.048059232237648075
0.028713620756199987
-0.007317237093852569
-0.06193714350214741
0.08759468040243501
0.01347000313241331
-0.01686722086916248
0.005173534568482907
-0.06109953281700342
0.06569838178769771
0.1417808980890598
-0.0011970474263076625
-0.05416508205116166
0.026653357334457617
0.011553574399841615
-0.02862716582831837
-0.04022536987465397
-0.051670301345440706
0.01035787819304268
-0.07414653786004877
0.0016709762031741349
-0.047644828679283435
-0.2546008091448053
-0.045496030668886966
0.008505479129739868
-0.05699148198311299
0.037107507807760065
0.04790976101641675
0.030974972656109045
-0.017242733713295877
0.014471610315426986
-0.010204897362879883
0.012394543666532698
-0.005818111085915234
0.02714223291166995
0.06605801367827979
-0.009357776553262198
-0.05654058267968054
-0.010204897362879883
-0.032340875642459466
-0.08143178414826124
0.01035787819304268
-0.015144140805206874
-0.2546008091448053
-0.060513028914405353
-0.045496030668886966
0.1399333926158075
0.04380656992791998
-0.007882998007099573
-0.05416508205116166
0.006265799221320201
-0.050143819123519506
