-0.07892951287026762
0.037107507807760065
0.04299886054755575
-0.027393577402978764
0.06605801367827979
0.04665297339942498
0.01347000313241331
0.05799658946616226
0.04469322213864224
0.08732358904095427
-0.1218059774124729
0.019778644828504
0.024801788304586125
0.056736527751481525
-0.038466866176760206
-0.13034379599603163
0.03643980545838055
0.018593646962060006
-0.014438989348697362
0.05799658946616226
-0.09359820865597968
0.08080248335888918
-0.04022536987465397
0.015089270086424023
0.01661350063361855
0.04391937482752173
0.056736527751481525
0.11522232211929584
-0.06109953281700342
-0.08126108737944548
-0.05699148198311299
-0.03270475340709922
0.029794720012301212
-0.02243129284092049
-0.08678886069673908
0.06292625909621563
-0.08126108737944548
0.003822387934753202
0.02773636562208104
0.020446479141682516
-0.03695834061658587
-0.002647647860884561
0.04665297339942498
0.04995452527457189
-0.08721982612879486
0.04995452527457189
-0.010204897362879883
-0.06464003578883037
0.0022689688502968153
-0.012150300762606037
-0.009588853389239205
0.014780240742707562
-0.08721982612879486
0.05168531023255696
0.04995452527457189
-0.0002495311402075373
0.008665176454019985
0.037107507807760065
-0.06258250876081561
-0.06720056781523276
0.04333086414918519
0.04135586741642605
-0.0849833488167917
-0.08126108737944548
-0.007882998007099573
-0.03997727574944321
-0.10013006587302442
-0.027462288324585415
0.10109672394520075
0.020567585268201682
-0.03917887174705115
0.04665297339942498
-0.13034379599603163
-0.03173275161671363
0.031017376704207678
0.03208636570286316
-0.0851300246174862
-0.004841918958801372
-0.012150300762606037
-0.05699148198311299
0.051344950513199095
0.10240276235625068
0.08383912323474085
-0.011743957061684185
-0.005818111085915234
-0.03997727574944321
0.08632977574364098
-0.0636718542421022
-0.09432889171755221
0.051344950513199095
0.07586149829868472
0.0203593980283987
0.06292625909621563
-0.0008948035361102669
-0.10013006587302442
-0.04466517994807795
0.04790976101641675
-0.0005187167995490682
-0.051670301345440706
-0.06193714350214741
0.01046829599036414
0.017908695057996304
0.0016709762031741349
0.06364954486786978
-0.22146034456414654
-0.06638125688640528
0.045224792909892564
0.02520341309711238
0.022821768641877682
0.037107507807760065
0.025722681761052968
0.03863378364598535
0.006265799221320201
-0.027788545411032928
-0.017242733713295877
-0.022821982956040543
0.006746455834750975
0.005173534568482907
-0.010532567714866659
0.04606131559255999
0.04665297339942498
-0.022898889969576786
-0.06109953281700342
-0.01249170093178087
-0.019391257313081667
0.04606131559255999
0.04606131559255999
0.051344950513199095
-0.022821982956040543
0.030974972656109045
-0.09359820865597968
-0.005818111085915234
-0.02243129284092049
-0.07465345378649157
-0.049962429852048906
-0.05120330655862837
-0.027462288324585415
0.13204555949274965
0.02773636562208104
-0.017242733713295877
0.07586149829868472
0.10240276235625068
0.01347000313241331
-0.01249170093178087
-0.012372140541780041
0.013109728048770641
0.04283497654615154
-0.22146034456414654
0.03643980545838055
0.037453479113841226
-0.10819102148647719
0.0278028767684102
-0.06109953281700342
0.005173534568482907
-0.049962429852048906
0.018593646962060006
0.01716964896203166
-0.03173275161671363
-0.047644828679283435
-0.05129888770798985
0.01724199139330551
0.006143668794592827
-0.06285634704832255
0.014780240742707562
0.01699193585620762
0.04283497654615154
0.07382421435571018
0.020567585268201682
0.013040071944516285
-0.008416174423421019
0.026458811902690726
0.10109672394520075
-0.06720056781523276
0.11522232211929584
0.0025784297617263974
-0.007317237093852569
-0.03133707462365809
0.08632977574364098
0.008505479129739868
0.019778644828504
0.03882682382156144
-0.017136936568830308
0.031017376704207678
-0.07414653786004877
0.0216176650818376
0.01661350063361855
0.01613403625846388
-0.06053051312501001
0.0688088340488946
-0.08285893181375492
0.019778644828504
0.014780240742707562
0.01046829599036414
-0.2546008091448053
0.022194058573782982
-0.08814864178677073
0.04827168718050601
-0.0357902826629255
0.014471610315426986
0.04283497654615154
0.08176108754913614
0.06364954486786978
0.03643980545838055
-0.0489237727198617
0.06292625909621563
0.026458811902690726
0.0512476844333456
-0.05654058267968054
-0.013771885982464482
-0.04022536987465397
0.026458811902690726
-0.08814864178677073
-0.007882998007099573
0.006143668794592827
0.06567138145123597
0.0022689688502968153
0.005082074600808895
0.04590352204112591
0.037453479113841226
0.0165919313161762
0.0027859037974478085
0.06292625909621563
0.062467374718552904
-0.04466517994807795
0.048059232237648075
-0.02496648159475967
-0.015144140805206874
-0.08814864178677073
-0.06258250876081561
-0.0549153461639893
0.045224792909892564
0.15300088602597928
-0.08678886069673908
0.007058852839625374
-0.0357902826629255
-0.027789787343500905
-0.0002868205956847447
-0.03045002278091502
0.025649122658425227
0.01699193585620762
0.013040071944516285
-0.08814864178677073
-0.06258250876081561
0.048059232237648075
-0.01686722086916248
-0.008416174423421019
0.022821768641877682
0.022821768641877682
-0.03270475340709922
0.039209693040964666
0.07518071596092746
0.03973066370480538
0.041840431302949455
-0.017136936568830308
0.051344950513199095
0.08121523150568599
-0.022622356364218277
0.023560334148108097
0.04469322213864224
0.03861575224405023
-0.0636718542421022
-0.021161035659430283
-0.08814864178677073
-0.06109953281700342
0.012394543666532698
0.06994395962703592
-0.10013006587302442
0.03863378364598535
-0.010204897362879883
0.1417808980890598
-0.004841918958801372
-0.05983064969141072
-0.06285634704832255
-0.07465345378649157
0.08799230776265521
-0.06285634704832255
-0.032340875642459466
0.04799414960212012
-0.06638125688640528
-0.02496648159475967
-0.007317237093852569
0.17000938109242547
0.007058852839625374
0.047513051758585334
-0.06638125688640528
0.08121523150568599
0.0461992712042818
-0.03997727574944321
0.003822387934753202
0.06567138145123597
-0.04022536987465397
-0.027462288324585415
0.08302714817478662
-0.2546008091448053
-0.03458770640829023
0.04827168718050601
-0.019391257313081667
0.04469322213864224
-0.06193714350214741
