0.10240276235625068
0.05198789125700998
-0.07212958518599066
0.0165919313161762
0.04823967565580034
0.026458811902690726
0.043334141200254805
0.049538360788050184
0.020567585268201682
0.15300088602597928
0.0344322264021244
-0.03045002278091502
0.014780240742707562
-0.019514789449790015
-0.03270475340709922
0.07060672059698447
0.01699193585620762
-0.060513028914405353
-0.022348210496932808
0.009856619194733796
0.08653619008305125
0.003822387934753202
0.06569838178769771
0.01699193585620762
0.009856619194733796
-0.10819102148647719
0.062467374718552904
-0.02496648159475967
-0.04466517994807795
0.0027859037974478085
0.07518071596092746
0.06318283133468316
0.006265799221320201
0.0022689688502968153
0.08759468040243501
0.06228267241298191
-0.08814864178677073
0.04729149119249154
0.06925574960452696
-0.05120330655862837
0.11522232211929584
0.09718899306107964
0.04371378571481266
0.06569838178769771
0.06364954486786978
0.029794720012301212
-0.03270475340709922
0.05425453554333082
0.056736527751481525
0.034283772423341574
-0.01249170093178087
0.018593646962060006
-0.05699148198311299
-0.15702055781469149
0.056736527751481525
-0.03563356684104946
0.05799658946616226
0.03643980545838055
0.04469322213864224
0.0165919313161762
-0.002647647860884561
-0.036421638107813514
0.018593646962060006
0.08759468040243501
-0.05416508205116166
0.022821768641877682
-0.02243129284092049
0.041840431302949455
-0.0849833488167917
-0.047644828679283435
-0.07075486294590672
-0.032259158022980294
0.013109728048770641
0.04371378571481266
-0.007720686875989813
-0.027393577402978764
0.02708189422255458
0.08653619008305125
0.08176108754913614
-0.010204897362879883
0.012299756912504733
-0.06053051312501001
0.10240276235625068
-0.05129888770798985
-0.05282848588680089
0.05168531023255696
0.08732358904095427
-0.032259158022980294
0.020083040980136246
-0.06109953281700342
-0.051670301345440706
-0.10819102148647719
-0.0549153461639893
0.11522232211929584
0.03208636570286316
0.028713620756199987
0.06994395962703592
0.028713620756199987
-0.17661184642248884
-0.051670301345440706
-0.09570667993071069
0.04333086414918519
0.0025784297617263974
-0.10819102148647719
0.04606131559255999
0.009856619194733796
-0.03520416182162833
-0.0851300246174862
-0.038466866176760206
0.0027859037974478085
0.0203593980283987
-0.017136936568830308
-0.017242733713295877
0.01661350063361855
-0.02243129284092049
-0.10819102148647719
0.04333086414918519
-0.037433866920196124
0.02451643163530548
-0.027462288324585415
0.11522232211929584
0.014471610315426986
-0.005818111085915234
0.04665297339942498
0.023560334148108097
0.049538360788050184
-0.06285634704832255
-0.06720056781523276
-0.06638125688640528
-0.01956931117570271
0.13480548385110502
0.07586149829868472
0.0276177252845331
0.13480548385110502
-0.07465345378649157
0.03973066370480538
-0.0549153461639893
0.049538360788050184
0.06316607709876365
0.034283772423341574
-0.002205271978588108
-0.0849833488167917
0.051344950513199095
0.03994035520780326
-0.0489237727198617
0.06292625909621563
0.01347000313241331
-0.002647647860884561
0.06316607709876365
0.006265799221320201
-0.022368622754905587
0.012299756912504733
0.048059232237648075
0.03443624877469453
0.13204555949274965
0.04391937482752173
0.05168531023255696
-0.09570667993071069
-0.022898889969576786
-0.012150300762606037
0.01035787819304268
0.014471610315426986
0.019778644828504
-0.0549153461639893
0.1417808980890598
0.0276177252845331
-0.06193714350214741
0.01046829599036414
-0.08678886069673908
-0.07414653786004877
0.04606131559255999
0.0276177252845331
0.045224792909892564
-0.0005187167995490682
-0.009588853389239205
0.05182100602750328
0.025524068456756588
-0.022821982956040543
0.04799414960212012
0.012394543666532698
-0.045496030668886966
0.03882682382156144
0.04827168718050601
-0.10819102148647719
-0.05654058267968054
0.012394543666532698
-0.05983064969141072
0.047513051758585334
0.0276177252845331
-0.045496030668886966
0.043334141200254805
-0.06285634704832255
-0.005105231073404326
0.01724199139330551
0.01347000313241331
0.1399333926158075
-0.0002868205956847447
0.008665176454019985
0.031017376704207678
0.05425453554333082
0.020567585268201682
-0.05983064969141072
-0.05699148198311299
0.023560334148108097
-0.0489237727198617
0.06316607709876365
0.15300088602597928
0.005082074600808895
0.013109728048770641
0.0688088340488946
-0.027462288324585415
0.0041948137923384365
-0.06285634704832255
0.011553574399841615
0.04371378571481266
-0.007720686875989813
-0.05464289541014722
0.03973066370480538
0.04827168718050601
-0.08678886069673908
-0.06720056781523276
0.024801788304586125
0.018593646962060006
-0.015144140805206874
-0.02862716582831837
-0.09432889171755221
0.0276177252845331
0.04790976101641675
0.06605801367827979
0.03863378364598535
-0.022368622754905587
0.0326533364262076
0.018593646962060006
0.02927401578257438
0.06318283133468316
-0.019391257313081667
-0.06638125688640528
0.026653357334457617
-0.03917887174705115
-0.08721982612879486
-0.010532567714866659
0.025649122658425227
-0.014438989348697362
0.006746455834750975
0.08653619008305125
0.031017376704207678
-0.0489237727198617
0.026653357334457617
0.0276177252845331
0.01699193585620762
-0.05699148198311299
-0.047644828679283435
0.05425453554333082
0.0022689688502968153
-0.05282848588680089
0.0165919313161762
-0.15702055781469149
0.04391937482752173
-0.05983064969141072
-0.15702055781469149
-0.010532567714866659
0.06292625909621563
-0.032340875642459466
0.04469322213864224
0.04920879849315085
0.022194058573782982
0.026005039289207943
-0.060513028914405353
0.07518071596092746
0.007058852839625374
0.03994035520780326
-0.0636718542421022
0.08383912323474085
0.06316607709876365
0.022194058573782982
0.05425453554333082
-0.022348210496932808
-0.022821982956040543
0.005173534568482907
-0.08126108737944548
-0.01844849936066506
0.10240276235625068
-0.013771885982464482
0.04469322213864224
0.08121523150568599
0.04299886054755575
0.02520341309711238
-0.007543661478351282
-0.0038562351615762935
0.013109728048770641
-0.02243129284092049
0.06292625909621563
0.01046829599036414
0.005082074600808895
0.026458811902690726
-0.03173275161671363
0.0844852260058202
-0.06053051312501001
0.02773636562208104
