0.06318283133468316
0.04391937482752173
0.06605801367827979
0.04299886054755575
0.037453479113841226
-0.06109953281700342
0.047513051758585334
-0.032340875642459466
0.022821768641877682
-0.05416508205116166
0.041840431302949455
-0.022348210496932808
-0.01956931117570271
0.030122729138618354
-0.060513028914405353
0.06228267241298191
-0.012372140541780041
0.05168531023255696
0.04799414960212012
-0.03270475340709922
0.1417808980890598
0.031017376704207678
0.023560334148108097
-0.13034379599603163
0.0278028767684102
0.02708189422255458
0.01579928711915457
0.04920879849315085
0.006265799221320201
0.047513051758585334
-0.008416174423421019
-0.07075486294590672
-0.010204897362879883
-0.0549153461639893
0.1399333926158075
-0.0636718542421022
-0.06638125688640528
-0.05464289541014722
0.04135586741642605
-0.04022536987465397
0.06761705055254463
-0.0013205999854228878
0.08732358904095427
0.17000938109242547
-0.08126108737944548
-0.002205271978588108
-0.015144140805206874
-0.06053051312501001
0.008505479129739868
-0.038466866176760206
0.020083040980136246
-0.0851300246174862
-0.019514789449790015
0.04391937482752173
0.022821768641877682
-0.014438989348697362
0.05425453554333082
-0.05120330655862837
-0.07465345378649157
0.0016709762031741349
-0.0002495311402075373
-0.02862716582831837
0.026005039289207943
-0.0002868205956847447
0.023512429278589764
0.03443624877469453
-0.007543661478351282
0.008665176454019985
-0.005105231073404326
0.018593646962060006
0.05168531023255696
0.08105492908796386
-0.08721982612879486
0.018593646962060006
0.0461992712042818
-0.0851300246174862
-0.017242733713295877
0.0216176650818376
-0.02862716582831837
0.030122729138618354
0.1417808980890598
0.06316607709876365
0.09718899306107964
0.04371378571481266
0.018593646962060006
0.013040071944516285
0.0216176650818376
-0.02862716582831837
0.06318283133468316
0.01347000313241331
-0.03458770640829023
-0.09359820865597968
0.02451643163530548
-0.017242733713295877
0.06292625909621563
-0.017136936568830308
0.09718899306107964
-0.04466517994807795
0.06228267241298191
0.01046829599036414
0.03882682382156144
0.006143668794592827
-0.03917887174705115
0.03973066370480538
0.04729149119249154
-0.018864353824572078
0.04799414960212012
-0.007317237093852569
0.0025784297617263974
-0.012372140541780041
0.0165919313161762
-0.06638125688640528
0.045224792909892564
0.01716964896203166
-0.017136936568830308
0.03861575224405023
0.041840431302949455
0.026005039289207943
0.04590352204112591
0.001954162314668828
-0.08814864178677073
-0.05120330655862837
0.049538360788050184
0.014780240742707562
0.04790976101641675
0.0344322264021244
-0.07212958518599066
-0.09570667993071069
0.02714223291166995
0.0344322264021244
0.013040071944516285
0.001954162314668828
-0.012150300762606037
-0.06109953281700342
-0.06226621690008294
-0.041376638974308655
0.06605801367827979
-0.03270475340709922
-0.007317237093852569
-0.015144140805206874
0.020083040980136246
-0.02375973362478856
-0.002647647860884561
-0.010532567714866659
-0.028034859824940028
0.08105492908796386
-0.027789787343500905
0.08080248335888918
-0.004841918958801372
-0.07892951287026762
0.15300088602597928
0.0344322264021244
0.056736527751481525
0.03643980545838055
0.0344322264021244
-0.0005187167995490682
0.015089270086424023
0.06292625909621563
-0.013771885982464482
-0.0005187167995490682
-0.0549153461639893
0.06228267241298191
0.03994035520780326
-0.038466866176760206
0.006143668794592827
-0.007720686875989813
0.07586149829868472
-0.1218059774124729
-0.06226621690008294
0.03208636570286316
0.04665297339942498
0.01579928711915457
0.0515617796937029
-0.07724758378448726
0.019778644828504
0.04827168718050601
-0.02375973362478856
-0.06053051312501001
-0.07212958518599066
-0.01686722086916248
0.06806350229329183
0.0688088340488946
0.05168531023255696
0.04048653167530425
-0.0002868205956847447
-0.01249170093178087
-0.0038562351615762935
-0.027462288324585415
-0.012150300762606037
0.01347000313241331
0.013065356771912562
0.04606131559255999
0.0688088340488946
-0.02243129284092049
0.043334141200254805
0.04333086414918519
0.04920879849315085
-0.01686722086916248
-0.0038562351615762935
0.001954162314668828
0.08105492908796386
0.04920879849315085
-0.08721982612879486
-0.0849833488167917
0.0278028767684102
-0.014438989348697362
0.02520341309711238
-0.050143819123519506
0.003822387934753202
0.0278028767684102
-0.06109953281700342
-0.05586089089844393
-0.06638125688640528
0.17000938109242547
0.08302714817478662
-0.009357776553262198
-0.032340875642459466
-0.041376638974308655
-0.051670301345440706
-0.060513028914405353
0.006746455834750975
0.06228267241298191
0.017908695057996304
0.025649122658425227
-0.08814864178677073
-0.002205271978588108
0.04283497654615154
-0.08814864178677073
-0.005105231073404326
0.0512476844333456
-0.10013006587302442
-0.022898889969576786
-0.05120330655862837
-0.008416174423421019
0.07060672059698447
-0.018864353824572078
-0.027789787343500905
-0.060513028914405353
-0.03563356684104946
-0.036421638107813514
0.023560334148108097
0.015089270086424023
-0.060513028914405353
0.018593646962060006
0.011553574399841615
0.06925574960452696
0.15300088602597928
0.05425453554333082
-0.03917887174705115
0.07382421435571018
0.0203593980283987
0.051344950513199095
-0.060513028914405353
-0.060513028914405353
-0.08285893181375492
0.04920879849315085
0.026458811902690726
-0.03917887174705115
-0.027393577402978764
0.13204555949274965
0.04283497654615154
0.0016709762031741349
0.06292625909621563
0.013065356771912562
-0.013771885982464482
0.13204555949274965
-0.047644828679283435
-0.02496648159475967
0.04665297339942498
0.08080248335888918
0.006265799221320201
0.013065356771912562
0.01613403625846388
0.023512429278589764
-0.0849833488167917
0.03863378364598535
0.020083040980136246
0.048059232237648075
0.026005039289207943
0.003822387934753202
-0.047644828679283435
-0.07212958518599066
0.07382421435571018
0.06569838178769771
0.005082074600808895
0.0844852260058202
0.0278028767684102
-0.012150300762606037
0.0512476844333456
0.06318283133468316
-0.037433866920196124
-0.002205271978588108
-0.07075486294590672
0.04048653167530425
-0.014438989348697362
0.024801788304586125
-0.0636718542421022
-0.047644828679283435
-0.07892951287026762
