-0.06464003578883037
-0.03695834061658587
0.025524068456756588
0.029794720012301212
-0.01686722086916248
0.006143668794592827
-0.0849833488167917
0.014471610315426986
0.015089270086424023
-0.03997727574944321
-0.017136936568830308
0.0025784297617263974
-0.04466517994807795
0.06228267241298191
0.0844852260058202
0.08302714817478662
-0.02375973362478856
0.025524068456756588
-0.021161035659430283
-0.1218059774124729
-0.0008948035361102669
0.031017376704207678
0.006265799221320201
0.08632977574364098
0.0276177252845331
-0.022821982956040543
-0.08721982612879486
-0.01956931117570271
-0.022368622754905587
0.04920879849315085
-0.03917887174705115
-0.002205271978588108
-0.06258250876081561
0.013040071944516285
0.0515617796937029
0.08176108754913614
-0.10013006587302442
-0.1218059774124729
0.006746455834750975
0.0203593980283987
-0.051670301345440706
-0.07724758378448726
-0.01844849936066506
-0.01686722086916248
0.01661350063361855
-0.022821982956040543
-0.0357902826629255
-0.03133707462365809
0.04799414960212012
0.03882682382156144
0.025524068456756588
-0.03520416182162833
0.005082074600808895
0.025722681761052968
-0.05654058267968054
-0.06226621690008294
-0.02375973362478856
-0.0011970474263076625
0.026653357334457617
-0.10819102148647719
-0.03133707462365809
-0.05416508205116166
-0.022622356364218277
0.04048653167530425
-0.060513028914405353
0.0512476844333456
0.08383912323474085
0.011999720455214913
0.049538360788050184
0.008505479129739868
0.0165919313161762
0.08653619008305125
-0.012372140541780041
-0.07724758378448726
-0.03563356684104946
0.0844852260058202
0.030974972656109045
-0.007543661478351282
-0.038466866176760206
0.04391937482752173
-0.03458770640829023
-0.01249170093178087
-0.0005187167995490682
-0.051670301345440706
0.06567138145123597
-0.019391257313081667
0.08383912323474085
0.017908695057996304
0.0461992712042818
0.13480548385110502
0.04380656992791998
-0.06053051312501001
-0.007882998007099573
-0.038466866176760206
0.020567585268201682
0.0027859037974478085
0.013065356771912562
-0.17661184642248884
-0.12033949778566289
0.011999720455214913
-0.13034379599603163
-0.0002495311402075373
0.04590352204112591
0.0016709762031741349
0.02773636562208104
0.06925574960452696
0.06925574960452696
-0.09359820865597968
0.02773636562208104
-0.012372140541780041
0.03973066370480538
-0.0636718542421022
0.06318283133468316
-0.06109953281700342
-0.0002868205956847447
0.0461992712042818
-0.01686722086916248
0.13480548385110502
0.0576314646823306
0.06925574960452696
-0.07724758378448726
0.08080248335888918
0.026653357334457617
-0.0489237727198617
0.02773636562208104
0.009856619194733796
-0.0849833488167917
0.047513051758585334
-0.060513028914405353
-0.03458770640829023
-0.09570667993071069
-0.0038562351615762935
0.1399333926158075
-0.08110299466350668
-0.09359820865597968
0.006265799221320201
-0.08143178414826124
0.03863378364598535
0.023560334148108097
-0.01686722086916248
-0.050143819123519506
-0.08126108737944548
-0.032340875642459466
-0.027788545411032928
0.030122729138618354
0.008505479129739868
-0.06193714350214741
0.023560334148108097
0.0016709762031741349
0.008505479129739868
-0.050143819123519506
-0.09432889171755221
-0.036421638107813514
0.06569838178769771
-0.036421638107813514
0.026653357334457617
0.01613403625846388
0.047513051758585334
0.0025784297617263974
0.09718899306107964
-0.007720686875989813
-0.0005187167995490682
0.02714223291166995
0.04469322213864224
-0.07892951287026762
0.026458811902690726
0.06292625909621563
0.07518071596092746
-0.051670301345440706
0.037453479113841226
0.006265799221320201
-0.06720056781523276
-0.018864353824572078
0.0576314646823306
0.0203593980283987
0.15300088602597928
0.01716964896203166
0.08799230776265521
-0.07075486294590672
0.006143668794592827
-0.060513028914405353
0.05198789125700998
0.05425453554333082
-0.022821982956040543
-0.002205271978588108
-0.045496030668886966
-0.007338419158481102
-0.03695834061658587
0.11522232211929584
-0.03520416182162833
0.005173534568482907
-0.1218059774124729
0.15300088602597928
-0.05120330655862837
-0.07724758378448726
-0.03695834061658587
-0.010204897362879883
-0.050143819123519506
-0.014438989348697362
0.043334141200254805
-0.05586089089844393
0.0041948137923384365
0.1399333926158075
0.15300088602597928
0.020446479141682516
-0.05129888770798985
0.0016709762031741349
0.030122729138618354
-0.08678886069673908
-0.007317237093852569
0.018593646962060006
-0.01956931117570271
0.05436809318039337
0.0165919313161762
0.03208636570286316
-0.0008948035361102669
0.06364954486786978
-0.15702055781469149
0.062467374718552904
0.04790976101641675
-0.03458770640829023
0.06228267241298191
-0.005818111085915234
0.08732358904095427
0.013109728048770641
-0.06053051312501001
0.02451643163530548
-0.06053051312501001
0.0515617796937029
0.0041948137923384365
0.01699193585620762
-0.03997727574944321
-0.036421638107813514
-0.02375973362478856
0.06761705055254463
0.08732358904095427
0.043334141200254805
-0.03173275161671363
-0.019391257313081667
0.0203593980283987
-0.027788545411032928
-0.02496648159475967
-0.01956931117570271
0.0165919313161762
0.006746455834750975
-0.17661184642248884
0.007058852839625374
0.01579928711915457
-0.022348210496932808
0.0461992712042818
-0.022898889969576786
0.04590352204112591
0.03443624877469453
0.013040071944516285
-0.036421638107813514
-0.0013205999854228878
-0.22146034456414654
0.1417808980890598
-0.03563356684104946
-0.022622356364218277
0.05168531023255696
-0.2546008091448053
-0.03270475340709922
0.06994395962703592
-0.07414653786004877
0.014780240742707562
-0.04126132556270612
0.04283497654615154
0.031017376704207678
-0.06053051312501001
0.04135586741642605
0.006265799221320201
-0.022348210496932808
0.0278028767684102
0.02451643163530548
-0.022348210496932808
0.06318283133468316
0.025649122658425227
0.037107507807760065
-0.037433866920196124
0.11840346286310233
0.013040071944516285
-0.004841918958801372
-0.0007657730469858848
0.022194058573782982
-0.032340875642459466
0.0165919313161762
0.08121523150568599
0.023560334148108097
0.0025784297617263974
-0.08143178414826124
0.10240276235625068
0.022194058573782982
-0.03173275161671363
-0.05129888770798985
0.005173534568482907
0.04590352204112591
-0.09359820865597968
-0.017136936568830308
