-0.2546008091448053
-0.060513028914405353
0.08732358904095427
0.08121523150568599
0.02520341309711238
-0.019391257313081667
0.06569838178769771
0.015089270086424023
-0.07724758378448726
-0.009588853389239205
0.10109672394520075
0.08632977574364098
-0.032340875642459466
0.06292625909621563
0.04995452527457189
0.06925574960452696
-0.022821982956040543
-0.03917887174705115
-0.01249170093178087
-0.012372140541780041
-0.05586089089844393
0.10109672394520075
0.06228267241298191
0.0165919313161762
-0.024170822975695394
-0.051670301345440706
-0.10013006587302442
0.009856619194733796
-0.0013205999854228878
0.06994395962703592
0.04823967565580034
0.026005039289207943
0.043334141200254805
-0.03458770640829023
-0.0005187167995490682
-0.03045002278091502
0.08759468040243501
-0.007543661478351282
0.06567138145123597
0.020567585268201682
-0.002647647860884561
-0.0008948035361102669
-0.07724758378448726
0.0576314646823306
0.09718899306107964
-0.009357776553262198
0.06761705055254463
0.0276177252845331
0.01347000313241331
0.06925574960452696
-0.036421638107813514
0.0576314646823306
0.04371378571481266
0.0025784297617263974
0.1417808980890598
-0.032259158022980294
-0.0849833488167917
-0.10819102148647719
0.0025784297617263974
0.06806350229329183
0.051344950513199095
0.02714223291166995
-0.0849833488167917
-0.0007657730469858848
0.04729149119249154
0.08653619008305125
-0.013878349100881593
-0.0636718542421022
0.01046829599036414
0.02708189422255458
0.0022689688502968153
-0.03458770640829023
0.0344322264021244
-0.051670301345440706
-0.007543661478351282
-0.032340875642459466
-0.049962429852048906
0.04665297339942498
0.022821768641877682
-0.22146034456414654
0.04469322213864224
-0.05120330655862837
0.01035787819304268
0.04995452527457189
0.012390402416693647
0.04380656992791998
-0.06720056781523276
0.06316607709876365
0.013109728048770641
0.04299886054755575
0.15300088602597928
-0.17661184642248884
-0.2546008091448053
-0.022622356364218277
-0.060513028914405353
-0.07465345378649157
-0.011743957061684185
0.02520341309711238
0.01046829599036414
-0.08285893181375492
0.04729149119249154
-0.03458770640829023
0.04920879849315085
0.0041948137923384365
0.0844852260058202
0.06994395962703592
-0.008416174423421019
0.03863378364598535
0.11522232211929584
-0.05282848588680089
0.029794720012301212
0.08302714817478662
0.08799230776265521
0.02708189422255458
0.008505479129739868
-0.0038562351615762935
0.03643980545838055
0.0276177252845331
-0.0636718542421022
0.17000938109242547
0.012390402416693647
0.06806350229329183
-0.0851300246174862
0.06925574960452696
0.0512476844333456
-0.03173275161671363
-0.004841918958801372
-0.050143819123519506
-0.01956931117570271
0.08653619008305125
-0.08678886069673908
-0.05416508205116166
0.0576314646823306
0.08176108754913614
0.0326533364262076
0.011999720455214913
0.04333086414918519
0.04283497654615154
0.17000938109242547
0.01613403625846388
0.08121523150568599
-0.050143819123519506
-0.002647647860884561
0.014780240742707562
-0.01686722086916248
0.019778644828504
-0.08285893181375492
0.06318283133468316
-0.02496648159475967
0.011999720455214913
-0.02496648159475967
0.04469322213864224
-0.07075486294590672
0.048059232237648075
0.025722681761052968
0.08653619008305125
-0.017242733713295877
-0.05120330655862837
-0.027788545411032928
0.06316607709876365
-0.06464003578883037
-0.060513028914405353
-0.06285634704832255
-0.024170822975695394
0.047513051758585334
-0.0002495311402075373
-0.06285634704832255
0.05436809318039337
0.06925574960452696
-0.028034859824940028
0.02714223291166995
0.04391937482752173
0.029794720012301212
0.04799414960212012
-0.02496648159475967
0.01579928711915457
-0.05699148198311299
0.10240276235625068
0.015089270086424023
0.0041948137923384365
0.04606131559255999
0.008665176454019985
0.06761705055254463
0.0461992712042818
0.06318283133468316
-0.027789787343500905
-0.0013205999854228878
0.05436809318039337
-0.04466517994807795
-0.027789787343500905
0.03973066370480538
-0.022622356364218277
0.07382421435571018
-0.007317237093852569
0.04283497654615154
0.08799230776265521
-0.04466517994807795
0.051344950513199095
0.04790976101641675
0.08632977574364098
-0.060513028914405353
0.026653357334457617
0.041840431302949455
0.023560334148108097
-0.05654058267968054
0.1417808980890598
-0.04126132556270612
-0.08285893181375492
0.0515617796937029
0.048059232237648075
0.014780240742707562
0.01716964896203166
0.043334141200254805
0.03973066370480538
-0.019391257313081667
0.0041948137923384365
-0.04126132556270612
-0.07465345378649157
-0.06109953281700342
-0.08110299466350668
-0.022622356364218277
-0.017242733713295877
0.13480548385110502
0.039209693040964666
-0.02243129284092049
-0.010532567714866659
0.08121523150568599
0.04729149119249154
-0.010532567714866659
0.0512476844333456
-0.06720056781523276
-0.09359820865597968
0.05182100602750328
-0.22146034456414654
0.04299886054755575
-0.05129888770798985
0.03443624877469453
-0.2546008091448053
0.0022689688502968153
-0.010532567714866659
0.06761705055254463
-0.007720686875989813
-0.02862716582831837
-0.009588853389239205
-0.027462288324585415
-0.10819102148647719
0.041840431302949455
0.020446479141682516
-0.05282848588680089
-0.02375973362478856
0.01579928711915457
0.04729149119249154
-0.06720056781523276
-0.06193714350214741
0.08759468040243501
0.02432879134386301
0.045224792909892564
0.013109728048770641
-0.018864353824572078
0.017908695057996304
0.04606131559255999
0.02520341309711238
0.003822387934753202
-0.007543661478351282
0.062467374718552904
-0.06285634704832255
0.008505479129739868
-0.04466517994807795
0.11840346286310233
0.06925574960452696
0.08105492908796386
0.01035787819304268
0.012390402416693647
-0.007338419158481102
0.15300088602597928
0.0512476844333456
0.04995452527457189
0.0844852260058202
-0.004841918958801372
-0.004841918958801372
0.04333086414918519
-0.02375973362478856
-0.013771885982464482
0.04391937482752173
-0.022368622754905587
0.04799414960212012
-0.022348210496932808
0.1417808980890598
0.04799414960212012
-0.09570667993071069
-0.041376638974308655
-0.011743957061684185
0.11522232211929584
-0.2546008091448053
0.08121523150568599
0.0216176650818376
0.06761705055254463
0.04995452527457189
0.10240276235625068
