-0.10819102148647719
-0.06464003578883037
-0.004841918958801372
0.03863378364598535
0.051344950513199095
0.0216176650818376
-0.022348210496932808
-0.032340875642459466
-0.002647647860884561
0.06994395962703592
0.08302714817478662
0.012390402416693647
-0.22146034456414654
-0.017242733713295877
0.01046829599036414
0.11522232211929584
-0.036421638107813514
-0.02496648159475967
0.026653357334457617
0.04790976101641675
-0.027462288324585415
0.01579928711915457
-0.018864353824572078
0.04299886054755575
-0.03133707462365809
0.04995452527457189
-0.01956931117570271
-0.05129888770798985
0.008665176454019985
-0.021161035659430283
-0.06720056781523276
0.0344322264021244
-0.0489237727198617
-0.05654058267968054
-0.05282848588680089
0.04799414960212012
-0.051670301345440706
-0.05120330655862837
0.03973066370480538
0.0216176650818376
-0.05120330655862837
0.03643980545838055
-0.011743957061684185
0.006143668794592827
-0.007882998007099573
0.07060672059698447
-0.03997727574944321
0.05436809318039337
0.003822387934753202
-0.12033949778566289
-0.08143178414826124
0.047513051758585334
-0.06720056781523276
0.06806350229329183
-0.10013006587302442
0.05182100602750328
0.013109728048770641
0.04469322213864224
0.06806350229329183
0.05182100602750328
-0.0489237727198617
-0.0636718542421022
0.003822387934753202
0.13204555949274965
-0.022898889969576786
-0.08110299466350668
-0.0007657730469858848
0.10109672394520075
0.07586149829868472
0.012394543666532698
0.08121523150568599
0.10240276235625068
0.06364954486786978
0.062467374718552904
-0.04466517994807795
0.012390402416693647
0.025649122658425227
-0.07892951287026762
0.007058852839625374
0.003822387934753202
0.02451643163530548
-0.005105231073404326
0.011553574399841615
-0.038466866176760206
0.08121523150568599
0.014471610315426986
-0.02496648159475967
-0.007317237093852569
-0.07075486294590672
0.03861575224405023
-0.009357776553262198
-0.02862716582831837
0.04995452527457189
-0.036421638107813514
-0.018864353824572078
0.03861575224405023
0.04665297339942498
-0.0489237727198617
-0.03917887174705115
0.01699193585620762
-0.027788545411032928
0.026458811902690726
-0.017242733713295877
-0.02862716582831837
0.034283772423341574
0.04665297339942498
0.01347000313241331
0.08383912323474085
-0.0013205999854228878
0.01661350063361855
0.056736527751481525
-0.051670301345440706
-0.08814864178677073
-0.005818111085915234
-0.049962429852048906
-0.0636718542421022
0.01347000313241331
-0.050143819123519506
-0.005105231073404326
-0.022821982956040543
-0.09359820865597968
-0.05464289541014722
-0.012372140541780041
-0.06109953281700342
-0.08678886069673908
0.005082074600808895
-0.0013205999854228878
-0.03917887174705115
0.014780240742707562
0.07518071596092746
0.04299886054755575
-0.0636718542421022
0.03882682382156144
-0.0849833488167917
0.03208636570286316
0.04827168718050601
0.006143668794592827
0.06228267241298191
0.009856619194733796
0.019778644828504
0.045224792909892564
-0.0005187167995490682
0.062467374718552904
0.012390402416693647
0.01661350063361855
-0.013878349100881593
-0.07414653786004877
0.0278028767684102
-0.01956931117570271
0.03208636570286316
0.04380656992791998
-0.012150300762606037
0.08759468040243501
0.026458811902690726
0.045224792909892564
0.07382421435571018
-0.03520416182162833
0.041840431302949455
0.06994395962703592
-0.0489237727198617
0.01699193585620762
0.02714223291166995
-0.1218059774124729
-0.0851300246174862
0.04299886054755575
-0.09359820865597968
0.0276177252845331
0.01716964896203166
0.037453479113841226
0.0025784297617263974
0.06569838178769771
-0.047644828679283435
0.03973066370480538
0.05198789125700998
-0.027393577402978764
-0.045496030668886966
-0.06285634704832255
0.13480548385110502
0.08302714817478662
-0.0013205999854228878
0.05198789125700998
0.0276177252845331
0.0216176650818376
0.019778644828504
-0.036421638107813514
0.005082074600808895
0.03208636570286316
0.08121523150568599
-0.007882998007099573
0.026005039289207943
0.08759468040243501
-0.13034379599603163
-0.03997727574944321
-0.05464289541014722
0.015089270086424023
-0.04126132556270612
0.0344322264021244
-0.07075486294590672
0.07382421435571018
0.01613403625846388
0.045224792909892564
-0.03563356684104946
-0.019514789449790015
0.026458811902690726
0.01035787819304268
-0.09570667993071069
0.03861575224405023
-0.09359820865597968
0.06605801367827979
0.04048653167530425
0.0576314646823306
0.011553574399841615
0.01661350063361855
-0.04126132556270612
-0.2546008091448053
-0.07212958518599066
-0.002205271978588108
-0.05282848588680089
0.0203593980283987
-0.03270475340709922
-0.02862716582831837
0.03863378364598535
0.05799658946616226
-0.03520416182162833
-0.017136936568830308
-0.022622356364218277
-0.022622356364218277
-0.027393577402978764
-0.06258250876081561
0.07586149829868472
-0.012150300762606037
0.015089270086424023
0.05168531023255696
-0.07465345378649157
0.013040071944516285
0.047513051758585334
0.13204555949274965
-0.09359820865597968
0.049538360788050184
-0.022368622754905587
-0.03520416182162833
-0.06720056781523276
0.028713620756199987
-0.01844849936066506
-0.017242733713295877
-0.002205271978588108
0.04920879849315085
-0.047644828679283435
-0.12033949778566289
-0.03695834061658587
-0.007720686875989813
-0.005105231073404326
0.04299886054755575
-0.03458770640829023
0.01347000313241331
0.0326533364262076
-0.007543661478351282
0.018593646962060006
0.04590352204112591
0.02432879134386301
-0.05464289541014722
0.06292625909621563
0.0844852260058202
0.014780240742707562
0.026653357334457617
-0.06226621690008294
0.04380656992791998
0.06806350229329183
-0.13034379599603163
0.06994395962703592
0.031017376704207678
-0.013771885982464482
0.10240276235625068
-0.0002868205956847447
0.06228267241298191
0.0688088340488946
0.04665297339942498
0.01046829599036414
0.0278028767684102
0.0025784297617263974
0.03882682382156144
0.04606131559255999
0.15300088602597928
0.039209693040964666
0.0576314646823306
0.04590352204112591
-0.06258250876081561
0.005082074600808895
0.01579928711915457
0.0022689688502968153
0.04729149119249154
0.05436809318039337
-0.06226621690008294
0.01699193585620762
-0.0007657730469858848
0.04729149119249154
-0.012150300762606037
0.10240276235625068
-0.06720056781523276
