0.039209693040964666
0.04283497654615154
0.13204555949274965
0.0016709762031741349
-0.002205271978588108
0.024801788304586125
-0.050143819123519506
-0.0002868205956847447
0.01035787819304268
-0.007317237093852569
-0.07465345378649157
0.01347000313241331
0.013109728048770641
-0.03458770640829023
-0.038466866176760206
-0.037433866920196124
-0.012372140541780041
-0.049962429852048906
0.04827168718050601
0.001954162314668828
-0.02496648159475967
0.025722681761052968
0.08105492908796386
0.0022689688502968153
0.04469322213864224
0.013040071944516285
0.020567585268201682
0.04391937482752173
0.012390402416693647
0.020567585268201682
-0.01249170093178087
0.08105492908796386
-0.024170822975695394
-0.09359820865597968
-0.012150300762606037
-0.027393577402978764
-0.07724758378448726
0.06364954486786978
0.0022689688502968153
0.022821768641877682
-0.13034379599603163
0.13204555949274965
-0.04022536987465397
-0.04126132556270612
-0.015144140805206874
0.03443624877469453
-0.036421638107813514
-0.0005187167995490682
0.04665297339942498
0.01035787819304268
-0.08721982612879486
0.0016709762031741349
0.013109728048770641
0.04799414960212012
-0.027789787343500905
-0.05416508205116166
0.08121523150568599
0.06994395962703592
-0.09359820865597968
0.01035787819304268
0.01716964896203166
-0.010204897362879883
-0.047644828679283435
0.015089270086424023
0.049538360788050184
0.015089270086424023
0.023512429278589764
-0.022348210496932808
0.03863378364598535
0.06569838178769771
-0.07892951287026762
0.08176108754913614
0.06605801367827979
-0.007338419158481102
-0.05654058267968054
-0.22146034456414654
-0.027393577402978764
0.005173534568482907
-0.04022536987465397
0.014471610315426986
0.008505479129739868
0.02773636562208104
-0.027789787343500905
-0.03045002278091502
-0.005818111085915234
0.062467374718552904
-0.10013006587302442
0.013109728048770641
-0.0008948035361102669
-0.08721982612879486
0.041840431302949455
-0.045496030668886966
0.04135586741642605
-0.05416508205116166
-0.015144140805206874
-0.01249170093178087
-0.05120330655862837
-0.03520416182162833
0.01699193585620762
-0.03695834061658587
0.03973066370480538
0.011999720455214913
0.04469322213864224
0.04665297339942498
-0.06464003578883037
0.05168531023255696
-0.08110299466350668
-0.0636718542421022
0.15300088602597928
-0.007543661478351282
0.020567585268201682
-0.0013205999854228878
-0.045496030668886966
0.04799414960212012
-0.03045002278091502
-0.022368622754905587
0.020446479141682516
0.0276177252845331
0.02927401578257438
0.012394543666532698
-0.08814864178677073
0.08732358904095427
-0.050143819123519506
0.10240276235625068
0.06806350229329183
0.07382421435571018
-0.06285634704832255
0.013040071944516285
0.03861575224405023
0.0025784297617263974
0.08799230776265521
-0.0011970474263076625
0.03863378364598535
-0.047644828679283435
-0.05699148198311299
-0.049962429852048906
0.020446479141682516
0.007058852839625374
0.13204555949274965
0.056736527751481525
-0.06109953281700342
-0.022898889969576786
-0.02496648159475967
-0.009588853389239205
-0.009357776553262198
0.08176108754913614
0.012394543666532698
-0.06285634704832255
-0.03173275161671363
-0.06109953281700342
0.0512476844333456
0.01661350063361855
-0.01249170093178087
0.0512476844333456
0.04469322213864224
-0.05586089089844393
-0.017242733713295877
0.03861575224405023
0.04995452527457189
-0.17661184642248884
0.0022689688502968153
0.014780240742707562
-0.0636718542421022
-0.2546008091448053
0.10109672394520075
-0.024170822975695394
-0.0005187167995490682
-0.032259158022980294
0.06994395962703592
0.025524068456756588
-0.009357776553262198
0.02773636562208104
0.03861575224405023
0.02520341309711238
-0.022898889969576786
0.01046829599036414
-0.0002495311402075373
0.06292625909621563
-0.037433866920196124
0.020446479141682516
-0.0008948035361102669
-0.13034379599603163
0.029794720012301212
0.019778644828504
0.024801788304586125
0.04283497654615154
0.04995452527457189
0.07586149829868472
-0.013771885982464482
-0.05654058267968054
0.06316607709876365
-0.05654058267968054
0.0278028767684102
0.05182100602750328
-0.007317237093852569
0.05168531023255696
0.02714223291166995
0.07060672059698447
0.03973066370480538
0.03863378364598535
0.018593646962060006
-0.007543661478351282
0.026458811902690726
0.04827168718050601
0.025649122658425227
0.04391937482752173
0.08383912323474085
-0.004841918958801372
-0.08143178414826124
-0.01249170093178087
0.039209693040964666
0.0203593980283987
0.013040071944516285
-0.09359820865597968
0.012390402416693647
0.01046829599036414
-0.01686722086916248
-0.06638125688640528
0.062467374718552904
-0.07724758378448726
-0.009357776553262198
-0.05464289541014722
0.13204555949274965
-0.08143178414826124
0.06605801367827979
-0.05983064969141072
0.1417808980890598
0.01579928711915457
-0.03133707462365809
-0.17661184642248884
0.0344322264021244
0.020567585268201682
-0.06226621690008294
-0.010204897362879883
0.06569838178769771
-0.017136936568830308
0.08759468040243501
0.05425453554333082
0.04729149119249154
-0.022622356364218277
-0.15702055781469149
-0.03045002278091502
-0.02243129284092049
0.06228267241298191
-0.010532567714866659
0.05198789125700998
0.04380656992791998
0.051344950513199095
0.08176108754913614
0.01661350063361855
0.05425453554333082
0.01347000313241331
0.04606131559255999
-0.03563356684104946
0.001954162314668828
0.01046829599036414
0.08383912323474085
-0.03133707462365809
-0.03458770640829023
-0.06720056781523276
-0.08110299466350668
0.008665176454019985
0.0041948137923384365
0.0041948137923384365
0.10240276235625068
0.08105492908796386
0.06605801367827979
-0.01686722086916248
0.08799230776265521
0.0276177252845331
0.04790976101641675
-0.018864353824572078
0.0344322264021244
-0.03695834061658587
0.022821768641877682
0.02714223291166995
0.04469322213864224
-0.07465345378649157
0.02432879134386301
0.0844852260058202
0.08732358904095427
0.06292625909621563
0.043334141200254805
0.04299886054755575
0.0512476844333456
0.0203593980283987
-0.012372140541780041
0.01035787819304268
0.06316607709876365
0.06318283133468316
-0.0851300246174862
0.04391937482752173
-0.027788545411032928
0.15300088602597928
0.08105492908796386
-0.038466866176760206
0.026458811902690726
0.02773636562208104
0.037107507807760065
