-0.02375973362478856
-0.051670301345440706
-0.038466866176760206
-0.013771885982464482
-0.011743957061684185
-0.036421638107813514
-0.021161035659430283
0.008665176454019985
0.045224792909892564
-0.010204897362879883
0.05168531023255696
-0.0008948035361102669
-0.007882998007099573
0.034283772423341574
-0.03045002278091502
0.01724199139330551
0.006746455834750975
0.020446479141682516
-0.047644828679283435
0.0326533364262076
0.06228267241298191
-0.03173275161671363
-0.07724758378448726
0.0515617796937029
0.007058852839625374
0.05182100602750328
0.001954162314668828
-0.041376638974308655
-0.012372140541780041
0.17000938109242547
-0.07075486294590672
0.012390402416693647
-0.08678886069673908
0.025649122658425227
0.02927401578257438
0.039209693040964666
-0.03045002278091502
0.08105492908796386
-0.05699148198311299
-0.06638125688640528
0.020567585268201682
-0.005818111085915234
0.013109728048770641
0.09718899306107964
0.07060672059698447
-0.045496030668886966
0.06569838178769771
0.05182100602750328
-0.028034859824940028
0.04920879849315085
-0.032340875642459466
-0.05464289541014722
-0.0636718542421022
0.062467374718552904
-0.05983064969141072
-0.07212958518599066
-0.015144140805206874
-0.03695834061658587
0.0027859037974478085
-0.05120330655862837
0.06364954486786978
-0.045496030668886966
0.017908695057996304
-0.03520416182162833
0.051344950513199095
-0.007338419158481102
-0.07892951287026762
-0.02496648159475967
0.06569838178769771
0.0203593980283987
0.05436809318039337
-0.05983064969141072
-0.05416508205116166
-0.04126132556270612
0.04729149119249154
-0.03045002278091502
-0.007882998007099573
-0.060513028914405353
-0.027789787343500905
0.08632977574364098
0.0165919313161762
0.005173534568482907
0.02432879134386301
-0.04022536987465397
-0.032259158022980294
0.06292625909621563
0.10240276235625068
-0.045496030668886966
0.01579928711915457
0.06228267241298191
0.04135586741642605
-0.024170822975695394
0.07382421435571018
0.022194058573782982
-0.007338419158481102
-0.03563356684104946
0.028713620756199987
0.05436809318039337
0.10240276235625068
0.01035787819304268
0.06761705055254463
-0.027462288324585415
-0.01249170093178087
0.11522232211929584
0.011999720455214913
0.0844852260058202
-0.07724758378448726
0.08176108754913614
0.0688088340488946
-0.03045002278091502
-0.032340875642459466
-0.08721982612879486
-0.0013205999854228878
-0.1218059774124729
0.014780240742707562
0.0344322264021244
0.02927401578257438
0.02927401578257438
-0.03917887174705115
0.041840431302949455
-0.017242733713295877
0.020567585268201682
-0.07075486294590672
0.05425453554333082
-0.05654058267968054
0.019778644828504
-0.047644828679283435
0.026458811902690726
0.08759468040243501
0.04920879849315085
-0.01686722086916248
0.008665176454019985
0.06292625909621563
0.08732358904095427
0.0844852260058202
-0.004841918958801372
0.07060672059698447
0.018593646962060006
0.0041948137923384365
0.041840431302949455
0.030122729138618354
0.08121523150568599
0.025649122658425227
-0.017242733713295877
-0.05120330655862837
0.08732358904095427
-0.024170822975695394
-0.05416508205116166
0.04799414960212012
0.001954162314668828
0.06925574960452696
0.01724199139330551
0.04790976101641675
0.017908695057996304
0.03643980545838055
0.06569838178769771
0.07382421435571018
0.03863378364598535
-0.07465345378649157
-0.009588853389239205
-0.019514789449790015
0.06994395962703592
0.031017376704207678
0.09718899306107964
-0.060513028914405353
0.013065356771912562
-0.03695834061658587
0.04590352204112591
0.01347000313241331
-0.0002495311402075373
-0.038466866176760206
-0.022622356364218277
-0.0011970474263076625
0.07060672059698447
0.06292625909621563
-0.051670301345440706
-0.027788545411032928
0.05799658946616226
0.05425453554333082
-0.05416508205116166
-0.07892951287026762
0.030974972656109045
0.020083040980136246
-0.0011970474263076625
0.003822387934753202
0.08759468040243501
0.0688088340488946
-0.02243129284092049
-0.05699148198311299
0.04790976101641675
-0.002647647860884561
0.029794720012301212
-0.024170822975695394
-0.009588853389239205
0.03994035520780326
0.08732358904095427
-0.08285893181375492
0.026653357334457617
0.08302714817478662
0.02451643163530548
0.08632977574364098
0.01613403625846388
-0.03133707462365809
-0.0489237727198617
-0.06720056781523276
-0.17661184642248884
0.08653619008305125
0.049538360788050184
0.04823967565580034
0.008505479129739868
0.018593646962060006
0.020446479141682516
0.034283772423341574
0.009856619194733796
0.11840346286310233
-0.17661184642248884
-0.08814864178677073
-0.06638125688640528
-0.01956931117570271
0.08121523150568599
0.014471610315426986
-0.009588853389239205
0.04299886054755575
0.04790976101641675
-0.060513028914405353
-0.07724758378448726
0.030974972656109045
0.04333086414918519
0.02714223291166995
0.06228267241298191
0.030974972656109045
-0.02375973362478856
0.022821768641877682
-0.017242733713295877
0.03863378364598535
0.1417808980890598
-0.08143178414826124
-0.021161035659430283
-0.0851300246174862
0.013040071944516285
0.034283772423341574
-0.0849833488167917
0.0041948137923384365
-0.03173275161671363
0.06925574960452696
0.006746455834750975
-0.05120330655862837
0.01046829599036414
0.04606131559255999
-0.012372140541780041
-0.005818111085915234
-0.09359820865597968
-0.02496648159475967
0.04729149119249154
-0.09359820865597968
0.01716964896203166
-0.05464289541014722
0.006143668794592827
0.037107507807760065
-0.0013205999854228878
0.034283772423341574
0.008665176454019985
0.013040071944516285
0.02520341309711238
-0.027393577402978764
0.01716964896203166
-0.02243129284092049
0.043334141200254805
0.039209693040964666
-0.05129888770798985
0.0276177252845331
0.0576314646823306
0.043334141200254805
0.06569838178769771
-0.05416508205116166
0.02708189422255458
-0.15702055781469149
-0.032259158022980294
0.08105492908796386
0.012390402416693647
0.13480548385110502
-0.010532567714866659
0.012390402416693647
-0.028034859824940028
0.0027859037974478085
0.04823967565580034
-0.009357776553262198
0.05168531023255696
-0.0002868205956847447
0.04333086414918519
-0.01249170093178087
-0.045496030668886966
0.01046829599036414
0.017908695057996304
0.013040071944516285
-0.12033949778566289
-0.0011970474263076625
0.01046829599036414
-0.1218059774124729
