-0.02496648159475967
-0.02496648159475967
0.031017376704207678
0.05198789125700998
0.023512429278589764
-0.05983064969141072
0.008665176454019985
-0.038466866176760206
0.02714223291166995
0.01579928711915457
-0.0002495311402075373
0.06318283133468316
0.0688088340488946
-0.047644828679283435
0.04135586741642605
-0.027462288324585415
0.04135586741642605
0.018593646962060006
-0.05464289541014722
0.08799230776265521
0.0461992712042818
-0.09570667993071069
0.01579928711915457
0.04048653167530425
-0.027788545411032928
0.08383912323474085
-0.05282848588680089
0.04995452527457189
0.0576314646823306
-0.13034379599603163
0.04371378571481266
-0.027788545411032928
0.0344322264021244
0.08121523150568599
0.0025784297617263974
-0.017242733713295877
-0.05120330655862837
-0.03270475340709922
-0.0013205999854228878
0.03973066370480538
0.01347000313241331
0.011999720455214913
-0.022898889969576786
0.08632977574364098
-0.0002495311402075373
-0.06285634704832255
-0.027393577402978764
-0.06258250876081561
0.04135586741642605
0.017908695057996304
-0.022348210496932808
0.13480548385110502
-0.008416174423421019
0.047513051758585334
0.011553574399841615
0.0512476844333456
0.01347000313241331
-0.10819102148647719
-0.038466866176760206
0.0216176650818376
0.014471610315426986
-0.049962429852048906
0.05799658946616226
-0.03458770640829023
-0.019391257313081667
-0.02496648159475967
0.0016709762031741349
-0.012150300762606037
-0.049962429852048906
-0.01686722086916248
-0.02862716582831837
-0.015144140805206874
0.08732358904095427
-0.007338419158481102
0.04048653167530425
-0.03458770640829023
-0.03270475340709922
0.039209693040964666
-0.022368622754905587
0.011553574399841615
-0.07465345378649157
-0.22146034456414654
0.04283497654615154
-0.08126108737944548
-0.0849833488167917
0.045224792909892564
0.026653357334457617
-0.02862716582831837
0.08105492908796386
-0.004841918958801372
0.03208636570286316
0.11840346286310233
-0.01956931117570271
-0.06258250876081561
0.045224792909892564
0.01579928711915457
0.0278028767684102
0.08176108754913614
-0.04466517994807795
-0.05120330655862837
0.07518071596092746
0.0022689688502968153
-0.04022536987465397
0.012394543666532698
0.03994035520780326
-0.0007657730469858848
0.04665297339942498
0.03882682382156144
-0.09432889171755221
0.026458811902690726
0.003822387934753202
-0.0011970474263076625
0.039209693040964666
0.05425453554333082
-0.07212958518599066
0.0576314646823306
-0.0011970474263076625
0.02708189422255458
0.014471610315426986
0.04665297339942498
0.023512429278589764
-0.0636718542421022
0.006265799221320201
-0.0636718542421022
0.05198789125700998
-0.02862716582831837
0.06316607709876365
-0.10819102148647719
0.11522232211929584
-0.0002868205956847447
-0.07414653786004877
-0.014438989348697362
0.01724199139330551
-0.06638125688640528
0.01579928711915457
0.0461992712042818
0.0027859037974478085
0.009856619194733796
0.04371378571481266
0.0216176650818376
0.0165919313161762
0.08732358904095427
-0.07075486294590672
0.03863378364598535
0.02708189422255458
-0.10013006587302442
0.0203593980283987
0.06925574960452696
0.05168531023255696
-0.03270475340709922
-0.045496030668886966
0.005173534568482907
0.08383912323474085
-0.011743957061684185
-0.06638125688640528
0.04299886054755575
0.01699193585620762
-0.018864353824572078
0.0203593980283987
0.0344322264021244
0.006143668794592827
-0.03133707462365809
0.03643980545838055
0.07060672059698447
0.03863378364598535
0.03973066370480538
0.04799414960212012
-0.07724758378448726
0.049538360788050184
0.007058852839625374
-0.05464289541014722
0.06806350229329183
0.03882682382156144
0.08653619008305125
0.04469322213864224
0.0461992712042818
-0.014438989348697362
-0.03458770640829023
0.030122729138618354
-0.022821982956040543
-0.05654058267968054
-0.002647647860884561
0.01613403625846388
0.039209693040964666
-0.007543661478351282
-0.05120330655862837
-0.0851300246174862
-0.07892951287026762
0.045224792909892564
-0.007882998007099573
-0.06053051312501001
0.04799414960212012
-0.05416508205116166
0.02927401578257438
0.04299886054755575
0.06994395962703592
-0.07212958518599066
0.043334141200254805
0.022194058573782982
-0.015144140805206874
0.01035787819304268
-0.007543661478351282
-0.09570667993071069
-0.038466866176760206
-0.05120330655862837
-0.014438989348697362
0.06569838178769771
0.04283497654615154
0.01724199139330551
-0.05983064969141072
-0.07075486294590672
0.047513051758585334
-0.005105231073404326
0.06994395962703592
0.07060672059698447
0.08732358904095427
0.1399333926158075
-0.05586089089844393
0.020083040980136246
0.03973066370480538
0.08383912323474085
-0.06053051312501001
0.05182100602750328
0.08080248335888918
-0.01844849936066506
-0.2546008091448053
0.01046829599036414
-0.022348210496932808
-0.0851300246174862
-0.007338419158481102
-0.1218059774124729
-0.007317237093852569
-0.005105231073404326
-0.08814864178677073
-0.10819102148647719
0.030974972656109045
-0.03270475340709922
0.10240276235625068
0.04823967565580034
0.02708189422255458
0.034283772423341574
-0.01249170093178087
-0.1218059774124729
0.017908695057996304
-0.019514789449790015
0.04590352204112591
-0.05416508205116166
0.04790976101641675
0.04299886054755575
-0.047644828679283435
-0.02496648159475967
0.030974972656109045
0.03208636570286316
-0.037433866920196124
-0.01686722086916248
0.04823967565580034
0.029794720012301212
-0.02243129284092049
0.05436809318039337
0.11840346286310233
-0.09570667993071069
-0.07414653786004877
-0.08285893181375492
-0.012150300762606037
-0.013771885982464482
0.06316607709876365
-0.02496648159475967
0.005173534568482907
-0.02243129284092049
0.04606131559255999
-0.0636718542421022
0.08759468040243501
-0.06109953281700342
-0.02243129284092049
-0.07724758378448726
-0.002647647860884561
-0.0008948035361102669
-0.06720056781523276
0.006265799221320201
0.0041948137923384365
0.13480548385110502
-0.09432889171755221
-0.010532567714866659
0.01035787819304268
-0.05983064969141072
0.013109728048770641
-0.09359820865597968
0.04790976101641675
0.04995452527457189
-0.017136936568830308
-0.06053051312501001
-0.012372140541780041
0.07586149829868472
0.06567138145123597
0.0216176650818376
-0.019514789449790015
-0.0038562351615762935
-0.08110299466350668
-0.047644828679283435
