0.02708189422255458
0.012390402416693647
-0.060513028914405353
-0.0038562351615762935
0.10240276235625068
0.06228267241298191
0.04790976101641675
-0.022821982956040543
0.0016709762031741349
-0.017242733713295877
0.0844852260058202
-0.013771885982464482
-0.08721982612879486
0.018593646962060006
-0.0851300246174862
0.008665176454019985
0.06318283133468316
0.15300088602597928
0.1399333926158075
-0.08143178414826124
0.03973066370480538
0.05168531023255696
0.023512429278589764
0.0216176650818376
-0.0002495311402075373
0.048059232237648075
-0.03563356684104946
0.023512429278589764
0.03443624877469453
0.008505479129739868
-0.03695834061658587
-0.018864353824572078
-0.010532567714866659
-0.022348210496932808
0.04590352204112591
-0.005105231073404326
-0.015144140805206874
0.0165919313161762
0.008505479129739868
0.009856619194733796
-0.009588853389239205
-0.015144140805206874
0.06316607709876365
-0.04126132556270612
0.08759468040243501
-0.051670301345440706
-0.02375973362478856
-0.05586089089844393
-0.007317237093852569
0.022194058573782982
-0.05654058267968054
0.025722681761052968
-0.03695834061658587
-0.03520416182162833
0.015089270086424023
-0.03520416182162833
0.05182100602750328
0.08799230776265521
-0.02496648159475967
-0.013771885982464482
0.10109672394520075
-0.05586089089844393
-0.15702055781469149
-0.06464003578883037
-0.0357902826629255
-0.027393577402978764
-0.032259158022980294
0.04371378571481266
0.041840431302949455
0.0216176650818376
0.020567585268201682
0.005173534568482907
-0.05699148198311299
0.10240276235625068
0.03994035520780326
0.031017376704207678
-0.02375973362478856
-0.06109953281700342
0.01035787819304268
-0.027393577402978764
0.04790976101641675
-0.06053051312501001
0.018593646962060006
-0.021161035659430283
0.01716964896203166
0.04920879849315085
-0.08814864178677073
-0.0008948035361102669
0.0844852260058202
-0.1218059774124729
0.0165919313161762
0.0326533364262076
0.03861575224405023
0.08383912323474085
-0.10013006587302442
-0.02243129284092049
0.0025784297617263974
0.03643980545838055
0.02520341309711238
0.0278028767684102
-0.03695834061658587
-0.10013006587302442
-0.027788545411032928
-0.049962429852048906
-0.0011970474263076625
0.02451643163530548
0.001954162314668828
0.013065356771912562
-0.13034379599603163
-0.05129888770798985
-0.0002495311402075373
-0.17661184642248884
0.04048653167530425
-0.024170822975695394
0.047513051758585334
-0.06109953281700342
0.013065356771912562
-0.022368622754905587
0.039209693040964666
0.015089270086424023
0.05799658946616226
0.041840431302949455
0.001954162314668828
-0.019514789449790015
-0.02243129284092049
0.04380656992791998
0.049538360788050184
0.0022689688502968153
-0.051670301345440706
-0.007317237093852569
-0.07212958518599066
0.04371378571481266
-0.08285893181375492
-0.08143178414826124
-0.009357776553262198
-0.06464003578883037
0.011553574399841615
0.07518071596092746
-0.013771885982464482
0.05198789125700998
-0.01844849936066506
-0.050143819123519506
-0.014438989348697362
-0.04466517994807795
0.05168531023255696
-0.0849833488167917
0.012299756912504733
-0.05120330655862837
-0.03173275161671363
-0.005818111085915234
0.02432879134386301
-0.05282848588680089
-0.0011970474263076625
-0.15702055781469149
-0.03997727574944321
0.0461992712042818
0.047513051758585334
-0.032340875642459466
0.062467374718552904
0.17000938109242547
0.008665176454019985
0.06318283133468316
-0.02243129284092049
-0.036421638107813514
-0.050143819123519506
-0.08110299466350668
-0.0636718542421022
0.029794720012301212
-0.02375973362478856
0.04371378571481266
-0.0357902826629255
-0.07465345378649157
-0.007543661478351282
-0.10013006587302442
0.025524068456756588
0.043334141200254805
-0.022821982956040543
0.0688088340488946
0.001954162314668828
0.01046829599036414
-0.019514789449790015
0.04135586741642605
0.062467374718552904
-0.09432889171755221
0.03973066370480538
0.04790976101641675
-0.027789787343500905
-0.024170822975695394
0.0512476844333456
-0.08110299466350668
0.026653357334457617
-0.007882998007099573
-0.045496030668886966
0.037107507807760065
0.012390402416693647
-0.015144140805206874
-0.045496030668886966
0.08759468040243501
0.06569838178769771
0.05425453554333082
0.1417808980890598
0.02520341309711238
0.06994395962703592
0.0276177252845331
0.04380656992791998
0.006265799221320201
0.11840346286310233
-0.0549153461639893
-0.013771885982464482
-0.02375973362478856
0.06761705055254463
-0.027462288324585415
-0.05464289541014722
-0.03997727574944321
0.0688088340488946
0.013109728048770641
0.07586149829868472
0.011999720455214913
0.03861575224405023
0.019778644828504
0.02927401578257438
0.03994035520780326
-0.03917887174705115
-0.03917887174705115
-0.008416174423421019
0.11840346286310233
0.012394543666532698
0.0576314646823306
0.03863378364598535
-0.022821982956040543
0.04135586741642605
0.08383912323474085
0.04790976101641675
-0.09570667993071069
-0.03997727574944321
-0.01844849936066506
0.006143668794592827
0.022821768641877682
0.028713620756199987
0.0512476844333456
0.01046829599036414
0.04469322213864224
-0.05983064969141072
0.026653357334457617
-0.09570667993071069
0.008505479129739868
0.04299886054755575
-0.22146034456414654
0.030974972656109045
0.08732358904095427
0.025524068456756588
0.06806350229329183
0.041840431302949455
-0.06285634704832255
-0.06258250876081561
-0.07414653786004877
0.08632977574364098
0.05799658946616226
-0.09432889171755221
-0.012150300762606037
0.07382421435571018
0.05198789125700998
-0.032340875642459466
0.10240276235625068
0.02708189422255458
0.03973066370480538
0.05168531023255696
0.08632977574364098
-0.10013006587302442
-0.050143819123519506
0.01347000313241331
-0.08814864178677073
-0.07075486294590672
-0.038466866176760206
0.08302714817478662
-0.005105231073404326
0.012394543666532698
0.025722681761052968
0.020567585268201682
0.051344950513199095
0.039209693040964666
0.051344950513199095
-0.07465345378649157
-0.037433866920196124
0.03863378364598535
-0.02243129284092049
0.0278028767684102
-0.0489237727198617
0.0844852260058202
-0.045496030668886966
0.043334141200254805
-0.009357776553262198
0.03208636570286316
0.0016709762031741349
-0.0851300246174862
-0.019391257313081667
0.012390402416693647
-0.015144140805206874
-0.032340875642459466
