0.06316607709876365
0.037107507807760065
-0.004841918958801372
0.02520341309711238
-0.045496030668886966
-0.06720056781523276
-0.13034379599603163
0.06569838178769771
-0.09432889171755221
0.05168531023255696
0.01716964896203166
-0.007543661478351282
-0.05129888770798985
-0.06053051312501001
-0.007317237093852569
0.06364954486786978
-0.04126132556270612
0.0041948137923384365
-0.15702055781469149
0.06316607709876365
0.013109728048770641
0.022821768641877682
0.0025784297617263974
-0.022368622754905587
-0.07414653786004877
0.020083040980136246
-0.0005187167995490682
0.06364954486786978
-0.05129888770798985
0.04920879849315085
-0.004841918958801372
-0.08721982612879486
-0.08110299466350668
0.012299756912504733
-0.05464289541014722
-0.03997727574944321
-0.09359820865597968
0.0203593980283987
0.0041948137923384365
-0.0013205999854228878
-0.05586089089844393
0.04729149119249154
0.04469322213864224
0.08632977574364098
0.0165919313161762
0.01347000313241331
0.03861575224405023
-0.013878349100881593
0.030122729138618354
0.08383912323474085
0.034283772423341574
0.015089270086424023
0.025722681761052968
0.023560334148108097
0.05799658946616226
0.06569838178769771
0.01347000313241331
0.0203593980283987
-0.0007657730469858848
-0.002205271978588108
0.03861575224405023
0.0041948137923384365
0.04920879849315085
-0.032259158022980294
0.006143668794592827
-0.007543661478351282
-0.02243129284092049
0.01699193585620762
-0.0636718542421022
0.02708189422255458
0.05799658946616226
0.05425453554333082
0.02773636562208104
0.0203593980283987
0.03208636570286316
-0.07892951287026762
-0.08143178414826124
0.034283772423341574
0.006746455834750975
0.01699193585620762
0.06567138145123597
0.05799658946616226
-0.05120330655862837
-0.05129888770798985
-0.2546008091448053
0.011999720455214913
0.05799658946616226
0.06994395962703592
0.13480548385110502
0.04665297339942498
0.01724199139330551
-0.01956931117570271
-0.05654058267968054
0.0165919313161762
0.06994395962703592
0.0276177252845331
0.012299756912504733
0.014471610315426986
0.0576314646823306
0.08759468040243501
0.04469322213864224
0.05436809318039337
0.04333086414918519
0.0025784297617263974
-0.02496648159475967
-0.036421638107813514
0.043334141200254805
0.17000938109242547
0.07586149829868472
0.0688088340488946
0.0326533364262076
-0.03270475340709922
0.012394543666532698
-0.037433866920196124
0.11522232211929584
0.06316607709876365
-0.07212958518599066
0.037453479113841226
-0.018864353824572078
-0.04466517994807795
-0.09359820865597968
-0.06285634704832255
-0.041376638974308655
0.01613403625846388
0.06994395962703592
0.01613403625846388
0.03973066370480538
0.04729149119249154
-0.022348210496932808
0.005173534568482907
0.08653619008305125
-0.09432889171755221
-0.06193714350214741
-0.10013006587302442
0.03643980545838055
-0.004841918958801372
-0.0549153461639893
-0.027789787343500905
0.0515617796937029
-0.03458770640829023
-0.007543661478351282
-0.04126132556270612
-0.0549153461639893
0.005173534568482907
-0.007720686875989813
0.025649122658425227
-0.08110299466350668
-0.002205271978588108
0.029794720012301212
0.026653357334457617
0.017908695057996304
0.06567138145123597
0.06605801367827979
0.01046829599036414
0.0344322264021244
0.030122729138618354
-0.07724758378448726
-0.03270475340709922
0.0276177252845331
0.012390402416693647
0.013109728048770641
0.08759468040243501
-0.08285893181375492
-0.03997727574944321
0.02432879134386301
-0.027788545411032928
0.07382421435571018
-0.06285634704832255
0.013065356771912562
0.04283497654615154
0.003822387934753202
0.011553574399841615
0.13204555949274965
-0.021161035659430283
0.029794720012301212
-0.017136936568830308
0.04920879849315085
0.06316607709876365
-0.017242733713295877
0.0022689688502968153
0.028713620756199987
0.04799414960212012
0.04920879849315085
-0.03458770640829023
-0.019514789449790015
0.0016709762031741349
0.0022689688502968153
0.0025784297617263974
-0.008416174423421019
0.06292625909621563
-0.02862716582831837
0.07060672059698447
0.04665297339942498
-0.0005187167995490682
0.02708189422255458
0.01724199139330551
-0.037433866920196124
0.01035787819304268
0.018593646962060006
-0.0005187167995490682
0.13204555949274965
0.025722681761052968
0.06292625909621563
0.025524068456756588
0.006746455834750975
0.04920879849315085
0.13204555949274965
0.03994035520780326
-0.05699148198311299
0.006143668794592827
0.012299756912504733
-0.06464003578883037
-0.060513028914405353
-0.022898889969576786
-0.0489237727198617
-0.04466517994807795
-0.045496030668886966
0.029794720012301212
0.08080248335888918
-0.036421638107813514
0.03882682382156144
0.0461992712042818
-0.024170822975695394
0.08176108754913614
0.006746455834750975
0.019778644828504
-0.02496648159475967
0.020446479141682516
0.013109728048770641
-0.009588853389239205
-0.01686722086916248
0.048059232237648075
0.026458811902690726
0.06994395962703592
-0.027393577402978764
0.04048653167530425
0.05182100602750328
0.08653619008305125
0.03643980545838055
-0.032259158022980294
-0.028034859824940028
-0.050143819123519506
-0.051670301345440706
0.04371378571481266
0.06605801367827979
-0.03563356684104946
0.023512429278589764
0.014471610315426986
0.025649122658425227
0.005082074600808895
0.025722681761052968
-0.007720686875989813
0.04391937482752173
0.025722681761052968
-0.010204897362879883
-0.03520416182162833
0.0022689688502968153
-0.03917887174705115
-0.06638125688640528
-0.027788545411032928
-0.06464003578883037
-0.06258250876081561
0.024801788304586125
-0.022368622754905587
-0.05586089089844393
-0.022821982956040543
0.06761705055254463
-0.022622356364218277
0.17000938109242547
-0.03045002278091502
-0.007317237093852569
-0.12033949778566289
0.020446479141682516
0.07382421435571018
0.03643980545838055
0.04729149119249154
0.003822387934753202
0.0203593980283987
-0.06109953281700342
-0.0636718542421022
0.04729149119249154
-0.05464289541014722
0.04665297339942498
0.011553574399841615
-0.007543661478351282
0.02773636562208104
0.026458811902690726
-0.0005187167995490682
0.0041948137923384365
0.020083040980136246
-0.017136936568830308
0.0844852260058202
-0.037433866920196124
0.030974972656109045
0.17000938109242547
0.04590352204112591
0.04371378571481266
-0.03270475340709922
0.09718899306107964
