0.04048653167530425
0.06292625909621563
0.11522232211929584
0.025722681761052968
0.02714223291166995
0.030974972656109045
-0.08285893181375492
0.039209693040964666
0.026005039289207943
-0.13034379599603163
0.013109728048770641
0.02708189422255458
0.06292625909621563
0.0041948137923384365
-0.02375973362478856
0.03882682382156144
0.009856619194733796
0.02451643163530548
-0.021161035659430283
-0.002647647860884561
0.02520341309711238
0.04665297339942498
-0.027789787343500905
-0.05464289541014722
0.17000938109242547
-0.0005187167995490682
-0.1218059774124729
-0.07724758378448726
-0.07892951287026762
0.13480548385110502
-0.08721982612879486
0.08799230776265521
-0.08285893181375492
0.013065356771912562
0.013109728048770641
0.024801788304586125
0.04135586741642605
0.0165919313161762
-0.02375973362478856
0.04790976101641675
0.01716964896203166
-0.01249170093178087
0.04729149119249154
0.023512429278589764
-0.0013205999854228878
0.037453479113841226
0.01035787819304268
0.006143668794592827
-0.037433866920196124
-0.06109953281700342
0.04371378571481266
0.03882682382156144
0.04729149119249154
-0.007338419158481102
0.01579928711915457
0.030974972656109045
0.1417808980890598
-0.07414653786004877
-0.03173275161671363
0.028713620756199987
0.018593646962060006
0.048059232237648075
-0.047644828679283435
-0.060513028914405353
-0.0357902826629255
0.03208636570286316
-0.03917887174705115
0.01579928711915457
0.011553574399841615
-0.07212958518599066
0.08732358904095427
-0.007338419158481102
-0.047644828679283435
-0.004841918958801372
-0.04126132556270612
0.007058852839625374
0.023560334148108097
-0.03520416182162833
0.01699193585620762
-0.09432889171755221
0.13480548385110502
-0.019514789449790015
-0.050143819123519506
0.029794720012301212
-0.051670301345440706
0.0576314646823306
0.08383912323474085
-0.05129888770798985
0.01046829599036414
-0.07414653786004877
0.023560334148108097
0.01699193585620762
0.08632977574364098
-0.009357776553262198
-0.08110299466350668
-0.021161035659430283
-0.051670301345440706
-0.08110299466350668
0.0576314646823306
0.026458811902690726
0.04333086414918519
-0.007882998007099573
0.0165919313161762
0.02927401578257438
-0.022622356364218277
0.0515617796937029
-0.03695834061658587
0.01724199139330551
0.037453479113841226
0.08632977574364098
0.02927401578257438
0.01347000313241331
-0.0489237727198617
-0.06720056781523276
-0.0011970474263076625
0.022821768641877682
0.1417808980890598
0.0165919313161762
-0.007882998007099573
-0.022898889969576786
0.0016709762031741349
0.08759468040243501
0.11840346286310233
0.06925574960452696
-0.03458770640829023
0.08653619008305125
0.01613403625846388
0.037107507807760065
0.022821768641877682
0.04135586741642605
-0.10819102148647719
0.01724199139330551
0.025649122658425227
-0.03563356684104946
0.049538360788050184
0.025524068456756588
0.03994035520780326
-0.08110299466350668
-0.07892951287026762
0.022821768641877682
0.013040071944516285
0.06292625909621563
0.04048653167530425
-0.01956931117570271
0.013109728048770641
0.04380656992791998
-0.08678886069673908
-0.08285893181375492
0.034283772423341574
0.01613403625846388
0.028713620756199987
0.04333086414918519
0.0025784297617263974
0.037453479113841226
0.08799230776265521
0.03208636570286316
0.04380656992791998
-0.02496648159475967
0.003822387934753202
-0.0005187167995490682
0.003822387934753202
-0.027788545411032928
0.04823967565580034
-0.005105231073404326
0.034283772423341574
0.020567585268201682
0.01724199139330551
0.013109728048770641
-0.032259158022980294
0.020083040980136246
0.006143668794592827
-0.08110299466350668
-0.004841918958801372
0.001954162314668828
-0.045496030668886966
-0.03695834061658587
0.08121523150568599
-0.027788545411032928
0.015089270086424023
-0.009357776553262198
-0.0005187167995490682
0.04823967565580034
0.0203593980283987
-0.015144140805206874
-0.0002495311402075373
0.05182100602750328
-0.019514789449790015
-0.03045002278091502
-0.0549153461639893
-0.0851300246174862
-0.05120330655862837
-0.08285893181375492
0.11840346286310233
-0.06109953281700342
0.008665176454019985
0.0022689688502968153
0.047513051758585334
0.06567138145123597
0.08176108754913614
-0.051670301345440706
0.05198789125700998
-0.08143178414826124
0.17000938109242547
0.04469322213864224
0.012394543666532698
0.01661350063361855
0.006265799221320201
0.022194058573782982
-0.01844849936066506
0.08383912323474085
0.06318283133468316
0.04333086414918519
-0.05699148198311299
0.020567585268201682
0.02520341309711238
-0.02862716582831837
0.02451643163530548
-0.005105231073404326
-0.03917887174705115
-0.019514789449790015
0.007058852839625374
0.07382421435571018
0.01699193585620762
-0.0489237727198617
-0.027393577402978764
-0.0007657730469858848
0.04827168718050601
0.047513051758585334
-0.022821982956040543
-0.05586089089844393
0.07060672059698447
0.020083040980136246
0.022821768641877682
0.045224792909892564
0.0576314646823306
0.017908695057996304
-0.06285634704832255
-0.03173275161671363
0.007058852839625374
-0.05586089089844393
-0.0851300246174862
-0.07212958518599066
-0.019514789449790015
-0.050143819123519506
0.02773636562208104
0.07060672059698447
0.019778644828504
0.11840346286310233
0.026005039289207943
-0.02862716582831837
0.025722681761052968
-0.02862716582831837
-0.007882998007099573
0.03863378364598535
0.009856619194733796
0.011553574399841615
0.02432879134386301
-0.05129888770798985
0.04135586741642605
-0.08126108737944548
0.048059232237648075
0.0165919313161762
-0.010204897362879883
0.034283772423341574
0.0515617796937029
0.01699193585620762
-0.060513028914405353
0.041840431302949455
-0.09570667993071069
0.01046829599036414
-0.018864353824572078
0.0216176650818376
-0.07075486294590672
-0.03270475340709922
0.07382421435571018
0.028713620756199987
0.01716964896203166
-0.08814864178677073
-0.05120330655862837
0.08121523150568599
0.02520341309711238
-0.008416174423421019
0.0216176650818376
0.0276177252845331
0.02927401578257438
-0.07075486294590672
-0.021161035659430283
-0.06464003578883037
0.04790976101641675
0.006746455834750975
-0.04466517994807795
-0.060513028914405353
0.04790976101641675
0.0022689688502968153
-0.07075486294590672
-0.007720686875989813
-0.022821982956040543
-0.02862716582831837
-0.019514789449790015
