-0.06053051312501001
0.04823967565580034
0.04665297339942498
0.0515617796937029
-0.05129888770798985
0.0512476844333456
0.034283772423341574
-0.09570667993071069
-0.050143819123519506
0.05799658946616226
0.037107507807760065
0.011999720455214913
-0.05120330655862837
0.001954162314668828
0.025649122658425227
-0.1218059774124729
-0.0005187167995490682
-0.060513028914405353
0.056736527751481525
-0.03997727574944321
-0.03997727574944321
-0.22146034456414654
-0.08285893181375492
-0.05464289541014722
0.04048653167530425
0.04333086414918519
0.0344322264021244
0.011999720455214913
0.029794720012301212
-0.05699148198311299
0.08653619008305125
0.04606131559255999
0.04799414960212012
0.04135586741642605
0.056736527751481525
0.07060672059698447
-0.06109953281700342
0.025524068456756588
0.045224792909892564
0.08632977574364098
0.048059232237648075
-0.01686722086916248
-0.027393577402978764
0.06567138145123597
0.04665297339942498
-0.009588853389239205
0.06605801367827979
-0.03563356684104946
-0.027789787343500905
-0.07892951287026762
-0.07465345378649157
0.01035787819304268
-0.07212958518599066
0.08383912323474085
-0.037433866920196124
0.08080248335888918
0.049538360788050184
0.06605801367827979
0.008665176454019985
-0.012150300762606037
0.04827168718050601
-0.04022536987465397
-0.09359820865597968
0.006746455834750975
-0.04126132556270612
0.006143668794592827
0.08176108754913614
-0.07414653786004877
-0.050143819123519506
0.048059232237648075
-0.15702055781469149
-0.008416174423421019
-0.03520416182162833
0.020083040980136246
0.015089270086424023
0.02708189422255458
0.008665176454019985
-0.050143819123519506
0.05182100602750328
0.06228267241298191
0.03882682382156144
-0.10013006587302442
-0.03563356684104946
0.056736527751481525
0.020567585268201682
-0.036421638107813514
0.03443624877469453
-0.0851300246174862
0.01661350063361855
0.06318283133468316
-0.0011970474263076625
0.020567585268201682
0.048059232237648075
0.041840431302949455
0.013109728048770641
-0.07414653786004877
-0.05129888770798985
-0.0011970474263076625
-0.02243129284092049
0.013109728048770641
-0.049962429852048906
-0.06720056781523276
-0.07075486294590672
-0.06464003578883037
0.047513051758585334
0.05198789125700998
-0.019391257313081667
-0.045496030668886966
0.0844852260058202
0.026458811902690726
0.024801788304586125
-0.0489237727198617
-0.012372140541780041
0.03994035520780326
0.026005039289207943
-0.08721982612879486
-0.08721982612879486
-0.017242733713295877
0.04283497654615154
0.026458811902690726
0.020446479141682516
-0.027393577402978764
-0.022368622754905587
0.02708189422255458
-0.0002868205956847447
0.012390402416693647
0.02520341309711238
0.04920879849315085
-0.0008948035361102669
0.020083040980136246
-0.007543661478351282
-0.0005187167995490682
0.09718899306107964
-0.005818111085915234
0.03861575224405023
0.013109728048770641
0.10240276235625068
-0.014438989348697362
0.03861575224405023
0.04665297339942498
-0.07212958518599066
-0.002647647860884561
-0.027788545411032928
0.04391937482752173
0.05436809318039337
-0.2546008091448053
-0.018864353824572078
-0.04126132556270612
0.0276177252845331
-0.024170822975695394
-0.012372140541780041
0.10109672394520075
0.003822387934753202
0.017908695057996304
0.06567138145123597
-0.03270475340709922
-0.0002868205956847447
-0.04126132556270612
0.005173534568482907
0.03882682382156144
0.04590352204112591
0.08302714817478662
-0.0008948035361102669
0.025524068456756588
0.06761705055254463
0.025524068456756588
0.06567138145123597
0.01579928711915457
0.05799658946616226
0.031017376704207678
-0.0007657730469858848
0.025722681761052968
0.047513051758585334
0.06318283133468316
0.07586149829868472
-0.005105231073404326
0.04048653167530425
0.04995452527457189
-0.05699148198311299
0.049538360788050184
-0.0489237727198617
0.01579928711915457
-0.02496648159475967
0.01347000313241331
0.04380656992791998
-0.0038562351615762935
0.051344950513199095
-0.06720056781523276
0.06806350229329183
-0.009588853389239205
0.03208636570286316
0.02708189422255458
0.04333086414918519
-0.04022536987465397
-0.07465345378649157
-0.032340875642459466
0.023560334148108097
0.0461992712042818
0.062467374718552904
0.05198789125700998
0.005173534568482907
0.06569838178769771
0.04048653167530425
-0.007882998007099573
0.01661350063361855
-0.03133707462365809
-0.0005187167995490682
-0.02862716582831837
0.014780240742707562
0.026458811902690726
0.0576314646823306
0.037453479113841226
0.06567138145123597
0.04299886054755575
-0.03045002278091502
-0.010532567714866659
-0.03173275161671363
-0.022348210496932808
0.02520341309711238
0.03208636570286316
0.05799658946616226
-0.04466517994807795
-0.007338419158481102
-0.019514789449790015
-0.02862716582831837
0.15300088602597928
-0.2546008091448053
0.043334141200254805
-0.05464289541014722
-0.0549153461639893
-0.012150300762606037
0.0326533364262076
0.008665176454019985
0.0844852260058202
0.03994035520780326
0.025722681761052968
0.05799658946616226
-0.014438989348697362
-0.0007657730469858848
0.06806350229329183
0.030122729138618354
-0.0549153461639893
-0.007543661478351282
0.045224792909892564
0.1399333926158075
-0.02862716582831837
0.0326533364262076
0.04283497654615154
-0.013878349100881593
0.0022689688502968153
-0.22146034456414654
-0.03133707462365809
-0.022898889969576786
0.030974972656109045
0.08759468040243501
0.08176108754913614
0.11522232211929584
-0.05129888770798985
0.023512429278589764
0.08632977574364098
-0.007317237093852569
-0.02375973362478856
-0.0549153461639893
-0.0002868205956847447
0.03208636570286316
-0.010532567714866659
0.013109728048770641
0.13204555949274965
-0.045496030668886966
0.05182100602750328
0.026458811902690726
0.029794720012301212
0.0022689688502968153
0.08799230776265521
0.037107507807760065
-0.2546008091448053
0.03973066370480538
-0.06053051312501001
0.006143668794592827
0.034283772423341574
0.03443624877469453
0.034283772423341574
0.037453479113841226
0.02927401578257438
0.006746455834750975
0.045224792909892564
0.013065356771912562
-0.007720686875989813
0.0278028767684102
0.026653357334457617
0.03208636570286316
-0.06258250876081561
-0.06226621690008294
0.04920879849315085
0.06364954486786978
0.08383912323474085
0.0515617796937029
0.08105492908796386
0.01035787819304268
