-0.0851300246174862
-0.01956931117570271
0.037453479113841226
-0.1218059774124729
0.043334141200254805
0.03994035520780326
-0.06285634704832255
0.0027859037974478085
-0.08143178414826124
0.1399333926158075
-0.06638125688640528
-0.06720056781523276
-0.07414653786004877
-0.06258250876081561
0.0041948137923384365
0.049538360788050184
0.039209693040964666
-0.007882998007099573
0.0844852260058202
0.05168531023255696
-0.03173275161671363
-0.038466866176760206
0.034283772423341574
-0.0011970474263076625
0.06569838178769771
0.04299886054755575
0.06569838178769771
0.012394543666532698
0.014780240742707562
-0.08678886069673908
0.04827168718050601
-0.0002868205956847447
0.043334141200254805
0.03443624877469453
-0.03917887174705115
-0.007338419158481102
-0.050143819123519506
0.018593646962060006
-0.05464289541014722
-0.08143178414826124
0.03643980545838055
0.013109728048770641
-0.02496648159475967
0.08799230776265521
-0.04466517994807795
-0.0038562351615762935
-0.07465345378649157
-0.06053051312501001
-0.005105231073404326
0.014780240742707562
0.020083040980136246
0.0576314646823306
0.05799658946616226
0.020567585268201682
0.007058852839625374
-0.022622356364218277
-0.09570667993071069
-0.06285634704832255
-0.22146034456414654
-0.010532567714866659
-0.08110299466350668
-0.0005187167995490682
-0.05983064969141072
0.03882682382156144
-0.022821982956040543
0.06364954486786978
0.01579928711915457
0.03863378364598535
0.07382421435571018
0.08732358904095427
-0.03458770640829023
-0.0357902826629255
0.02773636562208104
-0.06464003578883037
-0.10013006587302442
-0.0002868205956847447
-0.05699148198311299
0.023512429278589764
0.01699193585620762
-0.05654058267968054
0.0025784297617263974
0.04827168718050601
-0.007882998007099573
0.062467374718552904
-0.04126132556270612
-0.06720056781523276
0.03882682382156144
-0.017242733713295877
-0.02862716582831837
-0.0038562351615762935
-0.051670301345440706
-0.010204897362879883
-0.017242733713295877
-0.041376638974308655
0.028713620756199987
-0.005105231073404326
-0.05129888770798985
0.08759468040243501
0.008665176454019985
-0.02862716582831837
0.02714223291166995
0.13204555949274965
-0.007882998007099573
0.06994395962703592
-0.0002495311402075373
-0.05586089089844393
-0.07414653786004877
0.037453479113841226
0.08080248335888918
-0.012150300762606037
-0.13034379599603163
-0.028034859824940028
0.04995452527457189
0.08105492908796386
0.029794720012301212
-0.08143178414826124
0.020446479141682516
-0.03133707462365809
0.06994395962703592
-0.013771885982464482
-0.06109953281700342
0.043334141200254805
0.041840431302949455
0.05425453554333082
-0.0002868205956847447
0.04606131559255999
0.04995452527457189
-0.032259158022980294
0.019778644828504
0.06806350229329183
0.06292625909621563
0.06605801367827979
0.062467374718552904
-0.08110299466350668
-0.036421638107813514
0.001954162314668828
0.011553574399841615
0.08176108754913614
-0.022622356364218277
-0.017242733713295877
0.07060672059698447
-0.009357776553262198
-0.04022536987465397
0.012390402416693647
-0.0005187167995490682
-0.03133707462365809
0.0515617796937029
0.15300088602597928
-0.018864353824572078
-0.08678886069673908
-0.007720686875989813
-0.005818111085915234
0.08302714817478662
0.04299886054755575
0.03882682382156144
0.020083040980136246
0.06994395962703592
0.06994395962703592
0.03882682382156144
0.020083040980136246
0.005082074600808895
0.07060672059698447
0.04799414960212012
-0.01686722086916248
-0.050143819123519506
0.06316607709876365
0.009856619194733796
-0.22146034456414654
0.08759468040243501
-0.019514789449790015
0.0203593980283987
-0.02862716582831837
0.01347000313241331
0.05168531023255696
-0.03917887174705115
0.011999720455214913
0.04606131559255999
-0.08721982612879486
-0.03173275161671363
0.05425453554333082
0.05425453554333082
0.06567138145123597
-0.06053051312501001
0.02927401578257438
-0.0489237727198617
0.05198789125700998
0.02773636562208104
-0.0851300246174862
0.08383912323474085
-0.002205271978588108
-0.022898889969576786
-0.03270475340709922
-0.03045002278091502
-0.028034859824940028
-0.06464003578883037
0.0512476844333456
-0.008416174423421019
-0.12033949778566289
0.08105492908796386
0.03208636570286316
0.05168531023255696
0.0276177252845331
-0.09359820865597968
0.08176108754913614
-0.07212958518599066
-0.03997727574944321
-0.06285634704832255
0.005173534568482907
0.056736527751481525
-0.008416174423421019
0.04606131559255999
0.03973066370480538
0.0512476844333456
-0.05120330655862837
-0.08678886069673908
0.04729149119249154
0.04380656992791998
0.037107507807760065
0.15300088602597928
0.03994035520780326
0.011553574399841615
-0.09570667993071069
-0.032340875642459466
-0.060513028914405353
0.005173534568482907
-0.01249170093178087
-0.07212958518599066
-0.08814864178677073
-0.06638125688640528
0.015089270086424023
0.05198789125700998
-0.015144140805206874
-0.010204897362879883
0.01716964896203166
0.013040071944516285
-0.05654058267968054
0.0515617796937029
0.04048653167530425
-0.08721982612879486
0.047513051758585334
-0.01249170093178087
-0.032340875642459466
-0.019514789449790015
0.0027859037974478085
0.0216176650818376
0.08732358904095427
-0.02496648159475967
0.01347000313241331
0.04799414960212012
-0.01956931117570271
-0.07892951287026762
0.024801788304586125
0.05425453554333082
0.08105492908796386
0.05425453554333082
0.05425453554333082
-0.08126108737944548
0.025649122658425227
-0.007317237093852569
-0.0005187167995490682
-0.047644828679283435
-0.03520416182162833
0.15300088602597928
0.026005039289207943
-0.22146034456414654
0.04469322213864224
0.007058852839625374
0.04048653167530425
-0.06193714350214741
-0.047644828679283435
-0.05282848588680089
0.05425453554333082
-0.03133707462365809
-0.0636718542421022
-0.06053051312501001
0.04380656992791998
0.017908695057996304
-0.0011970474263076625
0.10109672394520075
-0.019391257313081667
-0.007317237093852569
-0.07465345378649157
-0.06193714350214741
0.007058852839625374
-0.01956931117570271
-0.06720056781523276
-0.04022536987465397
-0.032340875642459466
-0.0007657730469858848
0.06316607709876365
0.008665176454019985
0.04606131559255999
0.02708189422255458
0.04995452527457189
0.1399333926158075
0.047513051758585334
-0.027789787343500905
0.0276177252845331
0.028713620756199987
