0.04469322213864224
-0.05586089089844393
-0.005105231073404326
-0.019514789449790015
0.029794720012301212
-0.0011970474263076625
0.05198789125700998
0.022821768641877682
0.011999720455214913
0.06605801367827979
-0.05654058267968054
0.06228267241298191
-0.08678886069673908
0.07586149829868472
0.0025784297617263974
0.07586149829868472
0.08176108754913614
0.15300088602597928
-0.01956931117570271
-0.03133707462365809
0.01347000313241331
0.023560334148108097
-0.014438989348697362
-0.0549153461639893
-0.09359820865597968
0.001954162314668828
-0.022898889969576786
-0.03563356684104946
-0.032340875642459466
0.15300088602597928
-0.028034859824940028
-0.0002495311402075373
0.056736527751481525
-0.08285893181375492
-0.032259158022980294
-0.060513028914405353
0.02773636562208104
-0.01844849936066506
-0.007543661478351282
-0.06638125688640528
0.04823967565580034
-0.037433866920196124
0.04391937482752173
0.012390402416693647
-0.08143178414826124
0.05436809318039337
-0.05699148198311299
-0.036421638107813514
0.08383912323474085
0.04469322213864224
-0.060513028914405353
-0.08285893181375492
0.08632977574364098
0.04380656992791998
0.10109672394520075
0.03994035520780326
-0.0549153461639893
-0.0489237727198617
0.07586149829868472
0.014471610315426986
-0.012150300762606037
0.018593646962060006
0.051344950513199095
0.013109728048770641
0.04827168718050601
0.06318283133468316
0.08732358904095427
0.06318283133468316
0.06567138145123597
0.13480548385110502
0.02708189422255458
0.049538360788050184
0.06567138145123597
0.06292625909621563
0.07060672059698447
0.014471610315426986
0.06364954486786978
-0.0008948035361102669
-0.13034379599603163
0.045224792909892564
-0.011743957061684185
-0.05282848588680089
0.07382421435571018
-0.032340875642459466
0.01347000313241331
-0.05983064969141072
0.0515617796937029
-0.06053051312501001
0.01724199139330551
0.05799658946616226
0.020083040980136246
-0.03997727574944321
0.05425453554333082
0.08080248335888918
0.06318283133468316
-0.018864353824572078
0.05436809318039337
0.020083040980136246
0.04799414960212012
-0.0005187167995490682
0.06228267241298191
0.014780240742707562
0.08105492908796386
0.056736527751481525
0.026005039289207943
-0.0002495311402075373
0.10109672394520075
-0.05699148198311299
0.008665176454019985
0.030122729138618354
0.003822387934753202
0.019778644828504
-0.06638125688640528
0.03863378364598535
-0.08110299466350668
-0.007882998007099573
0.11522232211929584
0.037107507807760065
-0.06226621690008294
0.019778644828504
0.049538360788050184
0.022194058573782982
0.01724199139330551
0.01613403625846388
0.03882682382156144
-0.0636718542421022
0.05425453554333082
-0.032340875642459466
-0.06285634704832255
0.0844852260058202
0.037107507807760065
0.03863378364598535
0.047513051758585334
0.051344950513199095
0.0344322264021244
0.023560334148108097
-0.03695834061658587
0.005082074600808895
-0.0013205999854228878
-0.036421638107813514
0.06806350229329183
-0.060513028914405353
0.0041948137923384365
0.06761705055254463
-0.01956931117570271
-0.005105231073404326
-0.007882998007099573
0.051344950513199095
0.08632977574364098
-0.0011970474263076625
0.01661350063361855
-0.051670301345440706
0.0688088340488946
0.062467374718552904
0.023512429278589764
0.006265799221320201
-0.027393577402978764
-0.0038562351615762935
0.01661350063361855
-0.032259158022980294
0.014780240742707562
-0.013771885982464482
0.005173534568482907
-0.024170822975695394
-0.009588853389239205
-0.10819102148647719
0.006143668794592827
-0.06464003578883037
0.026005039289207943
0.06292625909621563
-0.10819102148647719
0.018593646962060006
-0.007317237093852569
0.08732358904095427
-0.0849833488167917
0.006746455834750975
-0.014438989348697362
-0.022368622754905587
-0.041376638974308655
-0.13034379599603163
0.01699193585620762
0.041840431302949455
-0.012150300762606037
0.13204555949274965
0.08653619008305125
0.0512476844333456
-0.060513028914405353
-0.06053051312501001
0.007058852839625374
0.026653357334457617
0.08799230776265521
-0.03458770640829023
0.07586149829868472
0.011999720455214913
0.030974972656109045
-0.12033949778566289
0.13480548385110502
0.07060672059698447
-0.027393577402978764
0.014780240742707562
-0.0851300246174862
-0.13034379599603163
-0.09359820865597968
0.030122729138618354
0.05168531023255696
0.02708189422255458
0.022194058573782982
-0.07414653786004877
-0.09432889171755221
0.037107507807760065
0.037453479113841226
0.04380656992791998
0.06292625909621563
-0.03520416182162833
0.02773636562208104
0.07518071596092746
-0.027393577402978764
0.0844852260058202
-0.0849833488167917
0.030974972656109045
-0.15702055781469149
0.04299886054755575
-0.0038562351615762935
0.001954162314668828
-0.027788545411032928
0.04299886054755575
-0.01956931117570271
-0.2546008091448053
-0.09359820865597968
0.047513051758585334
-0.05282848588680089
-0.09570667993071069
0.01347000313241331
0.023560334148108097
-0.060513028914405353
0.028713620756199987
0.08080248335888918
0.0016709762031741349
-0.005105231073404326
0.10240276235625068
0.0844852260058202
0.06364954486786978
-0.036421638107813514
-0.05699148198311299
0.026005039289207943
0.02708189422255458
-0.05699148198311299
-0.022821982956040543
-0.002205271978588108
0.006746455834750975
-0.002205271978588108
-0.03997727574944321
0.015089270086424023
-0.07465345378649157
0.013065356771912562
-0.03045002278091502
-0.05654058267968054
-0.005818111085915234
0.03882682382156144
-0.0038562351615762935
0.05436809318039337
0.03882682382156144
-0.12033949778566289
0.0344322264021244
0.01035787819304268
-0.02496648159475967
0.022821768641877682
-0.03917887174705115
-0.0002868205956847447
-0.014438989348697362
0.03443624877469453
-0.12033949778566289
-0.03458770640829023
0.025649122658425227
-0.009588853389239205
0.07382421435571018
0.049538360788050184
0.07518071596092746
-0.07724758378448726
0.04920879849315085
0.08759468040243501
0.13204555949274965
0.04827168718050601
0.03973066370480538
0.041840431302949455
0.02927401578257438
0.047513051758585334
0.008665176454019985
0.04920879849315085
-0.09432889171755221
0.014780240742707562
-0.051670301345440706
-0.06285634704832255
0.04391937482752173
0.06994395962703592
0.026653357334457617
-0.02862716582831837
-0.03695834061658587
-0.0002495311402075373
