0.06316607709876365
0.04665297339942498
0.013040071944516285
0.0165919313161762
-0.06464003578883037
0.08176108754913614
0.01724199139330551
0.07060672059698447
0.04391937482752173
0.04920879849315085
0.01699193585620762
-0.05282848588680089
0.04665297339942498
0.02520341309711238
0.05436809318039337
0.08632977574364098
0.1417808980890598
0.01579928711915457
0.04380656992791998
0.026458811902690726
0.003822387934753202
0.05182100602750328
0.08080248335888918
0.008665176454019985
0.01046829599036414
0.04391937482752173
-0.22146034456414654
-0.03695834061658587
0.026005039289207943
0.0203593980283987
-0.12033949778566289
-0.03458770640829023
-0.01956931117570271
-0.01956931117570271
0.023560334148108097
0.030974972656109045
0.04469322213864224
0.04299886054755575
0.07382421435571018
-0.03173275161671363
-0.032340875642459466
-0.018864353824572078
0.0216176650818376
0.05168531023255696
0.04590352204112591
-0.06193714350214741
0.0844852260058202
-0.03133707462365809
-0.037433866920196124
-0.08814864178677073
-0.09432889171755221
0.02714223291166995
0.01579928711915457
0.04827168718050601
-0.0002495311402075373
0.04790976101641675
0.006746455834750975
0.029794720012301212
0.025722681761052968
0.01035787819304268
0.013040071944516285
0.08383912323474085
-0.07724758378448726
-0.06053051312501001
-0.021161035659430283
-0.03045002278091502
-0.022622356364218277
-0.011743957061684185
0.06925574960452696
0.02451643163530548
0.022194058573782982
0.013040071944516285
-0.019391257313081667
-0.01686722086916248
0.13204555949274965
-0.045496030668886966
-0.036421638107813514
-0.01249170093178087
0.13480548385110502
-0.038466866176760206
0.08732358904095427
-0.0549153461639893
0.06569838178769771
0.0515617796937029
0.04665297339942498
0.06316607709876365
-0.060513028914405353
0.011553574399841615
0.05168531023255696
0.06605801367827979
0.062467374718552904
-0.015144140805206874
-0.050143819123519506
0.0688088340488946
0.05425453554333082
0.022194058573782982
0.06806350229329183
0.05182100602750328
0.07060672059698447
-0.017242733713295877
0.025649122658425227
0.0515617796937029
0.005173534568482907
0.008505479129739868
0.008505479129739868
0.04371378571481266
-0.06226621690008294
-0.017242733713295877
0.01579928711915457
0.03973066370480538
0.11522232211929584
0.08176108754913614
0.05799658946616226
-0.0007657730469858848
0.006265799221320201
0.006746455834750975
-0.03917887174705115
-0.06258250876081561
0.01579928711915457
0.062467374718552904
-0.007317237093852569
0.06605801367827979
-0.0489237727198617
-0.07414653786004877
-0.04126132556270612
-0.004841918958801372
-0.05282848588680089
-0.02862716582831837
0.014471610315426986
-0.15702055781469149
-0.022622356364218277
0.0512476844333456
0.06567138145123597
-0.04466517994807795
-0.0489237727198617
-0.05699148198311299
0.05182100602750328
0.030974972656109045
-0.022622356364218277
0.04283497654615154
0.039209693040964666
-0.01956931117570271
0.014471610315426986
0.001954162314668828
0.003822387934753202
0.08105492908796386
-0.01686722086916248
0.11522232211929584
-0.07414653786004877
-0.027789787343500905
0.04590352204112591
-0.0007657730469858848
0.03208636570286316
0.08732358904095427
0.01699193585620762
0.08732358904095427
-0.037433866920196124
0.07586149829868472
-0.08814864178677073
0.0027859037974478085
-0.037433866920196124
-0.05586089089844393
-0.036421638107813514
0.0022689688502968153
0.020083040980136246
0.012394543666532698
0.04606131559255999
0.0276177252845331
-0.022821982956040543
0.01724199139330551
0.05436809318039337
0.006746455834750975
0.03882682382156144
-0.0005187167995490682
-0.03563356684104946
-0.017136936568830308
-0.03173275161671363
0.08080248335888918
0.01724199139330551
0.08176108754913614
0.03973066370480538
-0.09570667993071069
0.049538360788050184
0.037453479113841226
0.0216176650818376
-0.015144140805206874
-0.018864353824572078
-0.0008948035361102669
-0.07075486294590672
-0.06053051312501001
0.17000938109242547
-0.0357902826629255
0.0344322264021244
-0.022368622754905587
0.03994035520780326
-0.037433866920196124
0.04283497654615154
-0.05586089089844393
0.08632977574364098
-0.027788545411032928
-0.09432889171755221
0.024801788304586125
-0.0002495311402075373
-0.07465345378649157
0.01579928711915457
-0.021161035659430283
-0.028034859824940028
0.05168531023255696
0.04391937482752173
0.062467374718552904
-0.03045002278091502
0.06567138145123597
0.014471610315426986
0.17000938109242547
0.11840346286310233
0.03861575224405023
0.04827168718050601
-0.0489237727198617
-0.22146034456414654
-0.01956931117570271
0.07518071596092746
0.03863378364598535
0.028713620756199987
0.041840431302949455
0.08302714817478662
0.06605801367827979
-0.027788545411032928
0.04135586741642605
0.034283772423341574
0.026458811902690726
0.03643980545838055
0.0016709762031741349
0.048059232237648075
0.10240276235625068
0.003822387934753202
-0.007882998007099573
-0.06285634704832255
0.0576314646823306
0.04590352204112591
0.04995452527457189
0.056736527751481525
0.05198789125700998
0.006746455834750975
0.04135586741642605
0.06567138145123597
0.01347000313241331
0.020083040980136246
0.01699193585620762
0.05425453554333082
0.01579928711915457
0.0688088340488946
-0.03173275161671363
-0.08721982612879486
0.008665176454019985
0.037107507807760065
0.015089270086424023
-0.013878349100881593
-0.0007657730469858848
0.005082074600808895
-0.008416174423421019
-0.05586089089844393
0.022194058573782982
0.008505479129739868
0.023560334148108097
0.04729149119249154
-0.047644828679283435
0.04606131559255999
0.022194058573782982
0.01716964896203166
0.04665297339942498
-0.04126132556270612
-0.0038562351615762935
-0.06464003578883037
0.049538360788050184
0.08759468040243501
-0.037433866920196124
0.04590352204112591
-0.011743957061684185
0.06761705055254463
0.0344322264021244
-0.024170822975695394
0.013109728048770641
0.0025784297617263974
-0.06258250876081561
0.013040071944516285
-0.01956931117570271
-0.13034379599603163
-0.0851300246174862
-0.005818111085915234
0.03861575224405023
0.1417808980890598
-0.08143178414826124
0.03861575224405023
0.023512429278589764
-0.010532567714866659
0.0276177252845331
-0.0002868205956847447
0.039209693040964666
-0.008416174423421019
