-0.08678886069673908
-0.03997727574944321
0.025524068456756588
-0.022622356364218277
0.034283772423341574
0.0844852260058202
-0.019391257313081667
-0.03695834061658587
-0.04466517994807795
-0.07465345378649157
0.07382421435571018
0.019778644828504
-0.007338419158481102
0.01347000313241331
0.0041948137923384365
0.0515617796937029
-0.060513028914405353
-0.12033949778566289
0.08653619008305125
0.04135586741642605
0.11522232211929584
-0.004841918958801372
0.06605801367827979
-0.060513028914405353
0.04995452527457189
0.003822387934753202
0.04790976101641675
-0.051670301345440706
0.005173534568482907
0.08105492908796386
-0.02375973362478856
0.06925574960452696
0.05436809318039337
0.006746455834750975
0.006746455834750975
0.1399333926158075
-0.03563356684104946
0.045224792909892564
-0.05129888770798985
-0.041376638974308655
0.02773636562208104
0.06318283133468316
0.0344322264021244
-0.03917887174705115
0.024801788304586125
0.17000938109242547
0.0461992712042818
-0.0851300246174862
-0.013878349100881593
0.06761705055254463
-0.007317237093852569
-0.10819102148647719
0.04391937482752173
-0.038466866176760206
-0.013771885982464482
-0.05120330655862837
-0.008416174423421019
-0.007882998007099573
0.07060672059698447
-0.015144140805206874
-0.021161035659430283
0.04823967565580034
-0.019391257313081667
0.006746455834750975
0.015089270086424023
0.013040071944516285
0.1399333926158075
-0.018864353824572078
0.0512476844333456
0.04299886054755575
-0.027789787343500905
-0.0489237727198617
0.008665176454019985
-0.032340875642459466
0.0025784297617263974
0.031017376704207678
-0.05654058267968054
-0.0013205999854228878
0.030122729138618354
-0.013771885982464482
-0.2546008091448053
-0.0357902826629255
-0.0489237727198617
-0.0636718542421022
-0.0357902826629255
-0.08814864178677073
0.04333086414918519
0.043334141200254805
0.13204555949274965
-0.05416508205116166
-0.012372140541780041
-0.04126132556270612
0.0025784297617263974
-0.03917887174705115
0.08302714817478662
-0.03270475340709922
0.03208636570286316
0.039209693040964666
-0.0357902826629255
0.006265799221320201
-0.02496648159475967
0.034283772423341574
-0.0008948035361102669
0.06318283133468316
0.07518071596092746
0.06364954486786978
0.06228267241298191
-0.005818111085915234
-0.007338419158481102
0.0461992712042818
-0.007317237093852569
-0.0549153461639893
0.0027859037974478085
0.17000938109242547
-0.06226621690008294
0.043334141200254805
0.056736527751481525
0.04135586741642605
-0.13034379599603163
0.01613403625846388
-0.013771885982464482
0.04823967565580034
-0.03045002278091502
0.01661350063361855
-0.0489237727198617
-0.03520416182162833
0.08732358904095427
-0.037433866920196124
0.012299756912504733
-0.022348210496932808
-0.032259158022980294
0.10109672394520075
0.06994395962703592
0.015089270086424023
-0.06053051312501001
0.0576314646823306
0.1399333926158075
0.02773636562208104
-0.07414653786004877
0.017908695057996304
-0.027788545411032928
0.006746455834750975
0.04333086414918519
-0.03173275161671363
0.012394543666532698
-0.03563356684104946
0.06228267241298191
0.06364954486786978
-0.008416174423421019
-0.09359820865597968
-0.01844849936066506
0.020567585268201682
0.047513051758585334
0.02714223291166995
-0.027393577402978764
-0.05120330655862837
-0.10013006587302442
0.07382421435571018
0.07518071596092746
0.03443624877469453
0.1417808980890598
-0.05654058267968054
-0.0849833488167917
0.03861575224405023
-0.17661184642248884
-0.002647647860884561
0.06806350229329183
-0.08126108737944548
-0.03173275161671363
-0.0357902826629255
-0.03173275161671363
-0.02375973362478856
0.07518071596092746
0.08105492908796386
0.008665176454019985
0.04799414960212012
0.022194058573782982
0.03863378364598535
0.0576314646823306
0.047513051758585334
0.03863378364598535
-0.007338419158481102
-0.03458770640829023
0.02432879134386301
0.03973066370480538
-0.015144140805206874
-0.06053051312501001
-0.005105231073404326
0.10109672394520075
-0.06638125688640528
-0.022368622754905587
0.06994395962703592
-0.007882998007099573
-0.060513028914405353
0.022194058573782982
-0.15702055781469149
0.07060672059698447
0.009856619194733796
-0.07892951287026762
-0.1218059774124729
0.005173534568482907
0.011999720455214913
-0.03045002278091502
-0.045496030668886966
-0.07075486294590672
0.022821768641877682
0.02708189422255458
0.037453479113841226
0.03861575224405023
-0.0549153461639893
-0.09359820865597968
0.04729149119249154
0.03643980545838055
0.04665297339942498
0.0461992712042818
0.020567585268201682
0.06318283133468316
0.15300088602597928
-0.0489237727198617
-0.08814864178677073
0.049538360788050184
-0.08814864178677073
0.06569838178769771
0.04665297339942498
-0.012150300762606037
-0.036421638107813514
0.04380656992791998
0.0276177252845331
0.013040071944516285
-0.050143819123519506
0.02714223291166995
0.07586149829868472
0.013040071944516285
-0.2546008091448053
-0.037433866920196124
0.05425453554333082
-0.08721982612879486
-0.0549153461639893
0.07586149829868472
0.04283497654615154
0.025524068456756588
0.041840431302949455
0.0165919313161762
0.13204555949274965
-0.02375973362478856
0.07060672059698447
-0.022368622754905587
-0.08110299466350668
0.011999720455214913
-0.047644828679283435
-0.005818111085915234
0.0041948137923384365
0.06567138145123597
-0.049962429852048906
-0.03173275161671363
0.015089270086424023
-0.0357902826629255
0.06994395962703592
0.034283772423341574
-0.08126108737944548
-0.03133707462365809
-0.002647647860884561
0.025722681761052968
-0.027462288324585415
0.04283497654615154
0.08176108754913614
0.06806350229329183
-0.049962429852048906
0.0576314646823306
0.05799658946616226
-0.051670301345440706
0.013040071944516285
-0.012150300762606037
0.04799414960212012
-0.04466517994807795
0.01716964896203166
-0.03045002278091502
-0.009357776553262198
0.04790976101641675
-0.08285893181375492
0.02714223291166995
0.0203593980283987
-0.02496648159475967
-0.05654058267968054
0.04823967565580034
0.05436809318039337
-0.10819102148647719
-0.10819102148647719
0.024801788304586125
-0.008416174423421019
-0.03695834061658587
0.08176108754913614
-0.05586089089844393
-0.027393577402978764
-0.0849833488167917
-0.03133707462365809
-0.05464289541014722
-0.06285634704832255
0.04333086414918519
