0.04729149119249154
0.09718899306107964
-0.06053051312501001
-0.12033949778566289
0.048059232237648075
-0.03270475340709922
0.013040071944516285
-0.02375973362478856
0.05425453554333082
0.03643980545838055
0.10109672394520075
0.04729149119249154
-0.09359820865597968
0.025649122658425227
0.06605801367827979
0.06605801367827979
0.0576314646823306
-0.0002495311402075373
-0.03133707462365809
0.13204555949274965
-0.004841918958801372
0.030974972656109045
-0.004841918958801372
0.049538360788050184
0.025722681761052968
-0.013878349100881593
0.003822387934753202
0.012299756912504733
0.03863378364598535
-0.02496648159475967
0.06605801367827979
-0.024170822975695394
-0.0038562351615762935
0.08632977574364098
-0.013878349100881593
0.06364954486786978
-0.05282848588680089
0.06761705055254463
-0.002647647860884561
-0.032340875642459466
0.06364954486786978
-0.01956931117570271
0.03863378364598535
0.01579928711915457
0.026005039289207943
0.0165919313161762
0.07586149829868472
-0.007317237093852569
0.04048653167530425
0.07060672059698447
-0.03520416182162833
0.07382421435571018
0.007058852839625374
-0.03997727574944321
0.022821768641877682
0.003822387934753202
0.08302714817478662
0.13204555949274965
0.026005039289207943
-0.10819102148647719
0.005082074600808895
-0.0357902826629255
0.04391937482752173
0.008665176454019985
0.0216176650818376
-0.0011970474263076625
-0.03997727574944321
0.02714223291166995
0.062467374718552904
0.03973066370480538
-0.032259158022980294
0.011553574399841615
-0.036421638107813514
0.008505479129739868
-0.06464003578883037
0.029794720012301212
0.10240276235625068
-0.007338419158481102
0.0688088340488946
-0.06226621690008294
-0.009588853389239205
0.043334141200254805
-0.09570667993071069
0.02714223291166995
0.009856619194733796
-0.07892951287026762
0.08653619008305125
-0.036421638107813514
0.013109728048770641
-0.03133707462365809
-0.06285634704832255
-0.037433866920196124
0.015089270086424023
-0.0549153461639893
-0.07892951287026762
0.01661350063361855
-0.019514789449790015
0.0276177252845331
-0.06109953281700342
-0.0002868205956847447
0.025649122658425227
0.008505479129739868
0.0688088340488946
-0.021161035659430283
0.007058852839625374
0.005173534568482907
-0.022821982956040543
0.02520341309711238
0.05198789125700998
0.006746455834750975
-0.05654058267968054
0.0515617796937029
0.011999720455214913
0.0278028767684102
0.013109728048770641
-0.03917887174705115
-0.0013205999854228878
0.020083040980136246
0.026005039289207943
-0.0549153461639893
0.0276177252845331
-0.06464003578883037
-0.03458770640829023
0.023512429278589764
0.10240276235625068
-0.027789787343500905
-0.04466517994807795
-0.01249170093178087
-0.03563356684104946
-0.0549153461639893
-0.08285893181375492
0.031017376704207678
0.04665297339942498
-0.049962429852048906
-0.007543661478351282
0.0022689688502968153
-0.05983064969141072
0.04920879849315085
-0.0549153461639893
-0.09570667993071069
-0.027462288324585415
0.06364954486786978
-0.06720056781523276
-0.05282848588680089
-0.022622356364218277
-0.027789787343500905
-0.03563356684104946
0.023560334148108097
-0.05129888770798985
-0.07212958518599066
-0.08678886069673908
-0.07075486294590672
0.06925574960452696
0.0844852260058202
0.01661350063361855
-0.022622356364218277
-0.007338419158481102
-0.027462288324585415
0.06316607709876365
0.030974972656109045
0.06567138145123597
-0.06053051312501001
-0.09432889171755221
-0.0007657730469858848
-0.05654058267968054
-0.0013205999854228878
-0.06464003578883037
-0.05699148198311299
-0.032259158022980294
-0.047644828679283435
0.01613403625846388
0.04920879849315085
0.02708189422255458
0.05198789125700998
-0.027788545411032928
0.02520341309711238
0.05182100602750328
0.012394543666532698
-0.037433866920196124
0.008505479129739868
0.0512476844333456
-0.0489237727198617
-0.03458770640829023
0.04995452527457189
0.04790976101641675
0.04920879849315085
-0.011743957061684185
0.1417808980890598
-0.17661184642248884
-0.022898889969576786
0.0025784297617263974
0.13480548385110502
-0.08126108737944548
-0.03133707462365809
0.02773636562208104
0.013109728048770641
0.11522232211929584
0.03643980545838055
-0.0851300246174862
-0.05699148198311299
-0.03045002278091502
0.029794720012301212
-0.01249170093178087
0.006746455834750975
0.007058852839625374
0.01724199139330551
-0.007882998007099573
0.03863378364598535
-0.08285893181375492
0.04048653167530425
-0.013878349100881593
-0.022368622754905587
0.003822387934753202
0.08653619008305125
-0.06193714350214741
-0.08814864178677073
0.022194058573782982
-0.03270475340709922
0.01699193585620762
0.01035787819304268
0.02520341309711238
0.03643980545838055
0.022194058573782982
0.0515617796937029
0.04827168718050601
-0.01956931117570271
0.04048653167530425
-0.12033949778566289
-0.0636718542421022
0.0278028767684102
0.05436809318039337
-0.0013205999854228878
-0.02375973362478856
0.022194058573782982
-0.009588853389239205
-0.02496648159475967
0.08121523150568599
-0.045496030668886966
0.1399333926158075
-0.014438989348697362
0.0276177252845331
0.04590352204112591
0.06316607709876365
0.05198789125700998
0.04135586741642605
-0.02375973362478856
0.041840431302949455
-0.08678886069673908
-0.004841918958801372
0.025649122658425227
0.06761705055254463
-0.04126132556270612
-0.032340875642459466
-0.032340875642459466
0.012394543666532698
0.020446479141682516
-0.03173275161671363
0.005082074600808895
-0.17661184642248884
-0.036421638107813514
0.005173534568482907
-0.06638125688640528
-0.03917887174705115
-0.007338419158481102
0.07382421435571018
-0.019514789449790015
-0.007543661478351282
0.0576314646823306
-0.05120330655862837
0.08302714817478662
0.006265799221320201
0.037453479113841226
-0.007882998007099573
0.10109672394520075
0.04333086414918519
-0.0357902826629255
-0.15702055781469149
-0.07075486294590672
0.0022689688502968153
0.0203593980283987
-0.13034379599603163
-0.03917887174705115
0.005082074600808895
-0.03173275161671363
-0.06226621690008294
-0.02243129284092049
0.02708189422255458
-0.13034379599603163
0.015089270086424023
-0.022898889969576786
-0.08678886069673908
-0.06720056781523276
-0.09432889171755221
-0.03997727574944321
0.04283497654615154
0.030122729138618354
-0.011743957061684185
-0.01686722086916248
0.0515617796937029
