0.04827168718050601
0.013040071944516285
-0.047644828679283435
-0.032259158022980294
-0.06258250876081561
0.08799230776265521
-0.17661184642248884
0.012390402416693647
0.0576314646823306
-0.09359820865597968
0.04391937482752173
0.039209693040964666
-0.04466517994807795
-0.0489237727198617
-0.03045002278091502
-0.2546008091448053
-0.037433866920196124
0.06364954486786978
0.07586149829868472
0.028713620756199987
-0.027462288324585415
0.02432879134386301
-0.022898889969576786
-0.2546008091448053
0.04729149119249154
0.034283772423341574
-0.007338419158481102
0.0576314646823306
0.04135586741642605
-0.06109953281700342
0.06228267241298191
-0.007720686875989813
-0.002647647860884561
0.001954162314668828
0.045224792909892564
-0.022368622754905587
0.03973066370480538
0.09718899306107964
0.13204555949274965
0.030122729138618354
-0.0549153461639893
-0.17661184642248884
0.005082074600808895
-0.0489237727198617
0.0278028767684102
0.026005039289207943
-0.005818111085915234
-0.07212958518599066
0.0203593980283987
-0.06053051312501001
0.06228267241298191
-0.13034379599603163
0.02708189422255458
0.06567138145123597
0.030974972656109045
0.04606131559255999
-0.03045002278091502
0.01716964896203166
0.041840431302949455
-0.022821982956040543
-0.13034379599603163
-0.008416174423421019
-0.04466517994807795
-0.002205271978588108
-0.047644828679283435
0.01035787819304268
-0.03917887174705115
0.04135586741642605
-0.06109953281700342
-0.041376638974308655
0.028713620756199987
0.003822387934753202
0.047513051758585334
0.1399333926158075
-0.06638125688640528
-0.05416508205116166
0.03443624877469453
0.056736527751481525
-0.08126108737944548
0.0276177252845331
-0.03045002278091502
-0.01844849936066506
0.02714223291166995
-0.03917887174705115
0.13480548385110502
0.03443624877469453
-0.02496648159475967
0.02451643163530548
0.10109672394520075
0.03882682382156144
-0.019391257313081667
0.08302714817478662
0.08632977574364098
0.13204555949274965
-0.08285893181375492
0.037453479113841226
0.09718899306107964
0.11840346286310233
-0.0849833488167917
0.08176108754913614
-0.01686722086916248
0.047513051758585334
0.08383912323474085
-0.09432889171755221
-0.02862716582831837
0.01613403625846388
-0.05586089089844393
-0.01844849936066506
-0.05129888770798985
-0.02243129284092049
-0.0002495311402075373
0.08176108754913614
0.11522232211929584
0.026653357334457617
0.051344950513199095
0.01724199139330551
-0.009357776553262198
0.04380656992791998
0.04920879849315085
-0.02496648159475967
0.07060672059698447
0.03643980545838055
-0.03695834061658587
0.05182100602750328
0.012299756912504733
-0.09359820865597968
-0.05282848588680089
-0.0005187167995490682
0.028713620756199987
-0.08721982612879486
0.020446479141682516
-0.0851300246174862
0.0515617796937029
0.04790976101641675
-0.022898889969576786
0.006265799221320201
-0.027462288324585415
-0.06226621690008294
-0.007338419158481102
0.015089270086424023
0.025524068456756588
0.014471610315426986
-0.0851300246174862
-0.0636718542421022
-0.05464289541014722
0.03994035520780326
0.0027859037974478085
-0.021161035659430283
-0.022348210496932808
-0.03458770640829023
-0.08814864178677073
-0.15702055781469149
0.0027859037974478085
0.04995452527457189
0.05436809318039337
0.023560334148108097
0.04333086414918519
0.04920879849315085
-0.008416174423421019
-0.0007657730469858848
0.0688088340488946
-0.022622356364218277
0.08759468040243501
0.10240276235625068
0.04606131559255999
0.043334141200254805
-0.018864353824572078
0.05182100602750328
-0.0849833488167917
-0.08721982612879486
0.015089270086424023
-0.01844849936066506
-0.05654058267968054
0.09718899306107964
0.13204555949274965
0.030974972656109045
0.06567138145123597
0.0344322264021244
0.005082074600808895
0.014471610315426986
0.11840346286310233
0.031017376704207678
-0.01249170093178087
-0.01844849936066506
0.0025784297617263974
-0.06193714350214741
-0.0357902826629255
-0.019391257313081667
0.062467374718552904
0.02708189422255458
0.01579928711915457
-0.12033949778566289
0.0022689688502968153
-0.028034859824940028
0.03863378364598535
0.0576314646823306
0.030974972656109045
-0.0636718542421022
-0.05983064969141072
0.0688088340488946
0.0203593980283987
-0.015144140805206874
0.08105492908796386
0.04823967565580034
0.02451643163530548
0.13480548385110502
-0.08143178414826124
-0.008416174423421019
-0.07414653786004877
-0.0849833488167917
0.04299886054755575
0.04469322213864224
0.025722681761052968
0.02927401578257438
-0.03173275161671363
0.02520341309711238
-0.01956931117570271
0.037453479113841226
0.018593646962060006
-0.0549153461639893
-0.03270475340709922
0.013040071944516285
-0.03997727574944321
-0.0002495311402075373
0.08653619008305125
-0.15702055781469149
0.05799658946616226
0.02432879134386301
0.05198789125700998
0.047513051758585334
0.08632977574364098
0.0844852260058202
-0.1218059774124729
-0.027393577402978764
-0.05120330655862837
-0.12033949778566289
-0.05586089089844393
0.08653619008305125
-0.007720686875989813
0.0576314646823306
0.07382421435571018
0.05799658946616226
-0.05654058267968054
0.02520341309711238
-0.0005187167995490682
-0.0013205999854228878
0.024801788304586125
-0.03045002278091502
0.05799658946616226
-0.05120330655862837
0.0515617796937029
-0.010532567714866659
0.10240276235625068
-0.01844849936066506
0.037453479113841226
0.062467374718552904
0.0041948137923384365
0.005082074600808895
-0.012372140541780041
-0.027788545411032928
0.013065356771912562
-0.02496648159475967
0.01035787819304268
-0.07724758378448726
-0.03045002278091502
0.08632977574364098
0.026005039289207943
0.049538360788050184
-0.01686722086916248
0.017908695057996304
0.03443624877469453
-0.045496030668886966
-0.027462288324585415
-0.019514789449790015
-0.02243129284092049
-0.051670301345440706
-0.0851300246174862
-0.0851300246174862
-0.08126108737944548
-0.012372140541780041
0.0216176650818376
0.07382421435571018
-0.06226621690008294
0.01716964896203166
0.012299756912504733
0.015089270086424023
-0.03997727574944321
0.023512429278589764
-0.03133707462365809
-0.01956931117570271
-0.004841918958801372
0.062467374718552904
-0.0849833488167917
0.015089270086424023
0.026653357334457617
0.049538360788050184
0.06318283133468316
0.014780240742707562
0.006265799221320201
