0.031017376704207678
-0.060513028914405353
-0.05120330655862837
-0.01956931117570271
0.05168531023255696
0.06364954486786978
-0.01956931117570271
0.15300088602597928
0.04299886054755575
-0.05699148198311299
-0.021161035659430283
-0.021161035659430283
0.06316607709876365
-0.0489237727198617
-0.06720056781523276
0.009856619194733796
0.17000938109242547
-0.13034379599603163
0.013065356771912562
-0.0005187167995490682
-0.03997727574944321
0.0344322264021244
0.0688088340488946
-0.045496030668886966
0.02432879134386301
-0.01844849936066506
-0.10819102148647719
0.013040071944516285
0.026005039289207943
0.011553574399841615
0.08732358904095427
-0.0005187167995490682
0.003822387934753202
-0.07212958518599066
-0.022898889969576786
0.018593646962060006
0.019778644828504
0.04469322213864224
0.017908695057996304
0.0041948137923384365
-0.07724758378448726
-0.02496648159475967
0.02520341309711238
0.020567585268201682
0.06316607709876365
0.0276177252845331
0.04665297339942498
0.056736527751481525
-0.02496648159475967
-0.0849833488167917
0.012299756912504733
-0.032259158022980294
0.026005039289207943
0.012299756912504733
-0.0002868205956847447
-0.03563356684104946
-0.06053051312501001
0.0512476844333456
-0.05586089089844393
0.04391937482752173
-0.019391257313081667
0.02451643163530548
0.045224792909892564
0.037453479113841226
0.04283497654615154
-0.05282848588680089
-0.08285893181375492
-0.05464289541014722
-0.08814864178677073
-0.0636718542421022
0.022194058573782982
0.03861575224405023
-0.06053051312501001
-0.0002868205956847447
-0.027393577402978764
0.11840346286310233
0.04665297339942498
-0.07465345378649157
-0.0002868205956847447
-0.0002868205956847447
0.04283497654615154
0.1399333926158075
0.0326533364262076
0.029794720012301212
0.04371378571481266
-0.0008948035361102669
-0.014438989348697362
-0.032259158022980294
0.10109672394520075
0.08105492908796386
-0.04126132556270612
0.01035787819304268
0.04391937482752173
-0.05654058267968054
-0.07212958518599066
0.03994035520780326
-0.05282848588680089
-0.06053051312501001
0.020567585268201682
0.013109728048770641
-0.06109953281700342
-0.011743957061684185
0.04283497654615154
0.047513051758585334
0.08632977574364098
0.08080248335888918
0.05168531023255696
0.03208636570286316
0.07382421435571018
0.04283497654615154
0.026458811902690726
0.0515617796937029
0.030122729138618354
0.02773636562208104
0.04299886054755575
-0.06285634704832255
0.02773636562208104
-0.045496030668886966
-0.037433866920196124
0.04995452527457189
0.0016709762031741349
-0.05129888770798985
0.04799414960212012
0.006746455834750975
0.013065356771912562
-0.17661184642248884
0.03994035520780326
0.05436809318039337
-0.04022536987465397
0.03861575224405023
-0.02243129284092049
0.0326533364262076
-0.050143819123519506
0.0203593980283987
0.056736527751481525
-0.09359820865597968
0.04827168718050601
0.01661350063361855
-0.09570667993071069
0.049538360788050184
-0.10013006587302442
-0.0013205999854228878
0.03643980545838055
-0.012150300762606037
0.01613403625846388
0.0203593980283987
0.022194058573782982
0.1399333926158075
-0.050143819123519506
-0.022348210496932808
0.0041948137923384365
0.06316607709876365
-0.05654058267968054
0.08105492908796386
0.08799230776265521
-0.0489237727198617
-0.0008948035361102669
-0.05699148198311299
-0.22146034456414654
-0.06258250876081561
-0.02243129284092049
0.13204555949274965
0.06806350229329183
0.011553574399841615
0.02927401578257438
-0.06226621690008294
0.06806350229329183
0.08080248335888918
-0.019514789449790015
0.043334141200254805
0.01699193585620762
-0.03520416182162833
0.08105492908796386
0.009856619194733796
0.06569838178769771
-0.045496030668886966
0.023560334148108097
0.03882682382156144
0.0512476844333456
0.043334141200254805
0.020083040980136246
0.015089270086424023
-0.08143178414826124
-0.009588853389239205
0.024801788304586125
-0.0636718542421022
0.04590352204112591
0.04391937482752173
-0.07414653786004877
-0.07892951287026762
0.09718899306107964
0.04283497654615154
-0.014438989348697362
-0.015144140805206874
0.028713620756199987
-0.08721982612879486
0.0512476844333456
-0.015144140805206874
-0.027788545411032928
-0.010204897362879883
0.0326533364262076
0.08121523150568599
0.03863378364598535
0.0278028767684102
0.026005039289207943
-0.007317237093852569
-0.04466517994807795
-0.05586089089844393
-0.047644828679283435
0.08653619008305125
-0.03270475340709922
-0.06638125688640528
0.02773636562208104
-0.002647647860884561
0.005082074600808895
0.062467374718552904
0.020083040980136246
0.013065356771912562
-0.05654058267968054
0.005082074600808895
-0.036421638107813514
-0.019391257313081667
-0.011743957061684185
-0.05654058267968054
0.05425453554333082
-0.12033949778566289
0.01661350063361855
-0.002647647860884561
-0.15702055781469149
0.0688088340488946
0.07518071596092746
-0.0849833488167917
-0.027462288324585415
-0.05699148198311299
-0.036421638107813514
-0.007543661478351282
-0.08110299466350668
-0.06285634704832255
0.17000938109242547
0.05168531023255696
-0.06285634704832255
0.10109672394520075
-0.05129888770798985
-0.05699148198311299
0.008505479129739868
0.006265799221320201
-0.03173275161671363
0.15300088602597928
-0.0002495311402075373
0.01046829599036414
-0.02243129284092049
0.007058852839625374
0.07382421435571018
-0.022821982956040543
-0.05586089089844393
0.06925574960452696
-0.05699148198311299
-0.05983064969141072
0.06761705055254463
-0.03045002278091502
0.06994395962703592
0.0278028767684102
0.04827168718050601
0.043334141200254805
0.08176108754913614
-0.0636718542421022
-0.03045002278091502
0.07518071596092746
0.001954162314668828
0.029794720012301212
-0.07414653786004877
0.043334141200254805
0.06569838178769771
0.0203593980283987
0.04135586741642605
-0.12033949778566289
0.026458811902690726
-0.005105231073404326
-0.05416508205116166
0.11840346286310233
0.012394543666532698
0.011553574399841615
0.043334141200254805
-0.2546008091448053
-0.03133707462365809
0.045224792909892564
-0.051670301345440706
0.025524068456756588
0.04920879849315085
-0.08143178414826124
0.031017376704207678
-0.0002495311402075373
0.041840431302949455
-0.03173275161671363
0.043334141200254805
0.026458811902690726
-0.12033949778566289
-0.010532567714866659
0.047513051758585334
