-0.027788545411032928
-0.045496030668886966
0.02714223291166995
0.04371378571481266
-0.06720056781523276
-0.051670301345440706
-0.0011970474263076625
0.028713620756199987
0.006265799221320201
-0.15702055781469149
-0.017136936568830308
-0.02496648159475967
0.025524068456756588
-0.0357902826629255
-0.05586089089844393
-0.022368622754905587
-0.0013205999854228878
-0.0008948035361102669
0.08799230776265521
-0.2546008091448053
-0.02243129284092049
-0.0007657730469858848
-0.07724758378448726
0.04371378571481266
0.022821768641877682
0.012394543666532698
0.006746455834750975
0.04799414960212012
0.04823967565580034
0.07518071596092746
0.049538360788050184
0.04920879849315085
-0.0005187167995490682
0.02714223291166995
-0.05416508205116166
0.020083040980136246
-0.03133707462365809
-0.027788545411032928
-0.03563356684104946
0.0326533364262076
0.02451643163530548
0.014471610315426986
-0.03045002278091502
-0.007720686875989813
-0.0849833488167917
-0.008416174423421019
-0.08126108737944548
0.03882682382156144
0.015089270086424023
-0.06053051312501001
-0.01249170093178087
0.006265799221320201
-0.013878349100881593
0.031017376704207678
0.08732358904095427
-0.01844849936066506
-0.008416174423421019
0.01035787819304268
-0.013878349100881593
0.0576314646823306
0.03994035520780326
0.0512476844333456
0.017908695057996304
-0.022821982956040543
0.02432879134386301
-0.09432889171755221
-0.027789787343500905
-0.01844849936066506
0.06605801367827979
-0.06193714350214741
0.026653357334457617
0.005173534568482907
-0.014438989348697362
0.051344950513199095
-0.05416508205116166
-0.0011970474263076625
0.001954162314668828
0.01613403625846388
-0.022821982956040543
0.04391937482752173
-0.027393577402978764
0.051344950513199095
-0.07465345378649157
0.008665176454019985
-0.07414653786004877
0.07586149829868472
-0.03997727574944321
-0.06464003578883037
0.01661350063361855
0.025524068456756588
-0.03133707462365809
-0.032340875642459466
0.030122729138618354
0.008665176454019985
0.020567585268201682
0.06364954486786978
-0.041376638974308655
-0.050143819123519506
0.02432879134386301
0.05182100602750328
-0.002205271978588108
0.01347000313241331
-0.02496648159475967
-0.1218059774124729
-0.017242733713295877
0.0344322264021244
0.04790976101641675
-0.09359820865597968
-0.01956931117570271
-0.06464003578883037
-0.0008948035361102669
-0.06053051312501001
0.045224792909892564
0.11522232211929584
-0.06109953281700342
-0.02375973362478856
0.006265799221320201
0.048059232237648075
-0.032340875642459466
-0.007720686875989813
0.0041948137923384365
-0.06226621690008294
0.02708189422255458
0.03973066370480538
-0.032259158022980294
-0.06193714350214741
0.001954162314668828
0.007058852839625374
0.0276177252845331
-0.07414653786004877
0.022194058573782982
0.04590352204112591
0.13204555949274965
0.008505479129739868
0.08759468040243501
0.062467374718552904
0.02714223291166995
0.10240276235625068
-0.024170822975695394
-0.021161035659430283
-0.012372140541780041
-0.05120330655862837
-0.05120330655862837
0.019778644828504
-0.05654058267968054
-0.07892951287026762
-0.0636718542421022
-0.06285634704832255
0.006746455834750975
-0.011743957061684185
0.005082074600808895
-0.007317237093852569
-0.022368622754905587
0.01724199139330551
-0.017242733713295877
-0.01844849936066506
0.062467374718552904
-0.045496030668886966
-0.07465345378649157
-0.05983064969141072
0.04333086414918519
0.011553574399841615
-0.03458770640829023
0.0461992712042818
-0.005105231073404326
0.04590352204112591
0.06994395962703592
0.0461992712042818
-0.027788545411032928
-0.005105231073404326
0.08799230776265521
0.02927401578257438
-0.2546008091448053
0.07060672059698447
0.013040071944516285
-0.04022536987465397
0.0276177252845331
0.0326533364262076
0.04135586741642605
0.06318283133468316
0.009856619194733796
0.06925574960452696
0.012394543666532698
-0.06053051312501001
-0.05120330655862837
-0.050143819123519506
0.04380656992791998
-0.07414653786004877
0.04299886054755575
-0.02375973362478856
-0.03133707462365809
-0.022622356364218277
0.06994395962703592
0.0512476844333456
-0.03133707462365809
-0.007317237093852569
-0.047644828679283435
0.013109728048770641
-0.04126132556270612
-0.01249170093178087
-0.03133707462365809
-0.060513028914405353
-0.019514789449790015
0.0278028767684102
-0.10013006587302442
0.04823967565580034
-0.027462288324585415
0.0025784297617263974
-0.0011970474263076625
0.012299756912504733
0.04995452527457189
0.0216176650818376
0.0326533364262076
0.08302714817478662
0.0027859037974478085
-0.07465345378649157
0.04590352204112591
-0.03997727574944321
-0.0038562351615762935
-0.0013205999854228878
-0.13034379599603163
0.023512429278589764
0.04995452527457189
0.022821768641877682
-0.060513028914405353
-0.07414653786004877
0.0326533364262076
0.02451643163530548
-0.13034379599603163
0.030122729138618354
0.012394543666532698
0.08105492908796386
-0.0851300246174862
-0.08285893181375492
-0.10819102148647719
0.04790976101641675
-0.013878349100881593
0.01035787819304268
0.0688088340488946
0.01046829599036414
-0.17661184642248884
-0.0013205999854228878
-0.022622356364218277
0.08653619008305125
-0.017136936568830308
0.014471610315426986
0.05182100602750328
0.08732358904095427
-0.06285634704832255
-0.008416174423421019
-0.050143819123519506
-0.012150300762606037
0.08653619008305125
0.023560334148108097
0.01613403625846388
-0.022898889969576786
0.039209693040964666
0.04995452527457189
0.0203593980283987
-0.0038562351615762935
0.05425453554333082
0.07382421435571018
0.05168531023255696
0.005173534568482907
-0.0489237727198617
0.023560334148108097
-0.08110299466350668
-0.05464289541014722
0.006746455834750975
0.014471610315426986
0.005173534568482907
-0.06285634704832255
-0.12033949778566289
-0.012372140541780041
0.0216176650818376
0.05436809318039337
0.07060672059698447
-0.060513028914405353
0.06316607709876365
-0.08285893181375492
0.01699193585620762
-0.07414653786004877
0.026458811902690726
-0.07465345378649157
0.08383912323474085
-0.06285634704832255
-0.015144140805206874
0.06364954486786978
0.022194058573782982
-0.09359820865597968
-0.027393577402978764
0.15300088602597928
-0.03173275161671363
-0.03133707462365809
0.018593646962060006
-0.06638125688640528
-0.015144140805206874
0.025524068456756588
0.0512476844333456
