-0.032340875642459466
0.013065356771912562
0.07060672059698447
-0.022348210496932808
-0.060513028914405353
-0.05983064969141072
0.06292625909621563
-0.0849833488167917
-0.2546008091448053
0.13204555949274965
0.011999720455214913
-0.06053051312501001
0.008505479129739868
0.026458811902690726
0.04283497654615154
0.03861575224405023
-0.019514789449790015
0.06364954486786978
-0.049962429852048906
0.022821768641877682
0.04469322213864224
0.01716964896203166
-0.009588853389239205
-0.005818111085915234
-0.01686722086916248
0.026005039289207943
-0.08814864178677073
0.012390402416693647
-0.08143178414826124
-0.15702055781469149
0.08080248335888918
0.047513051758585334
-0.04126132556270612
0.023560334148108097
0.04606131559255999
0.02708189422255458
0.012299756912504733
0.04665297339942498
-0.03997727574944321
0.08759468040243501
0.02432879134386301
0.01661350063361855
-0.10013006587302442
-0.005105231073404326
0.0278028767684102
0.08732358904095427
-0.08285893181375492
-0.027462288324585415
0.022194058573782982
-0.04022536987465397
-0.022368622754905587
0.04469322213864224
-0.08110299466350668
-0.03270475340709922
-0.08126108737944548
-0.0038562351615762935
0.13480548385110502
0.04823967565580034
-0.022368622754905587
0.04380656992791998
0.07382421435571018
-0.07414653786004877
0.05436809318039337
0.034283772423341574
-0.051670301345440706
0.008505479129739868
0.051344950513199095
0.003822387934753202
-0.05416508205116166
-0.011743957061684185
-0.049962429852048906
-0.05464289541014722
0.06364954486786978
0.09718899306107964
0.0688088340488946
-0.03173275161671363
-0.03458770640829023
-0.010532567714866659
-0.01844849936066506
0.020446479141682516
0.04729149119249154
0.006265799221320201
-0.05416508205116166
0.020446479141682516
0.013040071944516285
0.08176108754913614
0.0025784297617263974
0.05436809318039337
0.013040071944516285
0.014471610315426986
0.014471610315426986
0.0165919313161762
-0.01249170093178087
0.03443624877469453
0.025722681761052968
-0.005818111085915234
0.08105492908796386
0.020567585268201682
0.04469322213864224
0.03994035520780326
-0.0013205999854228878
-0.004841918958801372
0.014471610315426986
-0.06193714350214741
-0.011743957061684185
-0.004841918958801372
-0.07892951287026762
-0.002205271978588108
-0.06226621690008294
-0.002205271978588108
0.04590352204112591
0.0512476844333456
0.04391937482752173
0.006265799221320201
-0.012372140541780041
0.03643980545838055
-0.2546008091448053
-0.050143819123519506
0.05198789125700998
0.06316607709876365
0.0027859037974478085
-0.15702055781469149
0.07586149829868472
-0.010532567714866659
0.0203593980283987
0.01046829599036414
0.0515617796937029
-0.05416508205116166
0.006265799221320201
-0.03997727574944321
0.014471610315426986
0.025649122658425227
0.0278028767684102
-0.03173275161671363
0.1417808980890598
0.09718899306107964
0.04135586741642605
0.07518071596092746
0.08632977574364098
0.02714223291166995
0.04283497654615154
0.048059232237648075
0.05425453554333082
0.06364954486786978
0.06994395962703592
-0.045496030668886966
0.01716964896203166
-0.022821982956040543
-0.08721982612879486
0.08176108754913614
-0.002647647860884561
0.11522232211929584
-0.08285893181375492
-0.04466517994807795
0.07382421435571018
0.006746455834750975
0.019778644828504
-0.022622356364218277
-0.0007657730469858848
-0.07414653786004877
0.04371378571481266
-0.051670301345440706
0.05436809318039337
-0.004841918958801372
0.0461992712042818
-0.007882998007099573
-0.013878349100881593
-0.07724758378448726
-0.03458770640829023
-0.0636718542421022
-0.03563356684104946
0.08176108754913614
-0.004841918958801372
0.030122729138618354
-0.007720686875989813
0.17000938109242547
-0.009357776553262198
0.04827168718050601
-0.01956931117570271
-0.02862716582831837
0.014780240742707562
0.005173534568482907
0.037453479113841226
-0.01249170093178087
0.008665176454019985
0.04590352204112591
0.07586149829868472
-0.007720686875989813
0.15300088602597928
0.05799658946616226
0.02451643163530548
-0.02862716582831837
0.09718899306107964
0.04827168718050601
0.045224792909892564
-0.03270475340709922
0.012299756912504733
-0.007882998007099573
0.0165919313161762
0.015089270086424023
0.08799230776265521
0.04606131559255999
0.03882682382156144
0.030122729138618354
-0.07075486294590672
-0.09570667993071069
0.0025784297617263974
0.008505479129739868
-0.013771885982464482
-0.0849833488167917
0.037453479113841226
0.024801788304586125
0.0041948137923384365
0.007058852839625374
-0.07465345378649157
0.005082074600808895
-0.07414653786004877
0.02520341309711238
-0.005105231073404326
-0.10819102148647719
-0.06720056781523276
0.06318283133468316
-0.045496030668886966
-0.02496648159475967
-0.01686722086916248
-0.021161035659430283
0.007058852839625374
-0.0005187167995490682
-0.032340875642459466
0.0278028767684102
0.05168531023255696
-0.07892951287026762
0.0165919313161762
-0.03997727574944321
0.15300088602597928
-0.07892951287026762
-0.0005187167995490682
-0.05129888770798985
0.014471610315426986
0.10109672394520075
0.03973066370480538
-0.0011970474263076625
0.0276177252845331
0.05436809318039337
-0.005105231073404326
0.04790976101641675
-0.0549153461639893
0.037453479113841226
0.08759468040243501
-0.027789787343500905
0.014471610315426986
-0.017136936568830308
-0.032259158022980294
0.04469322213864224
0.04469322213864224
0.0844852260058202
0.04729149119249154
-0.019391257313081667
-0.049962429852048906
-0.032340875642459466
0.026458811902690726
0.037453479113841226
0.04790976101641675
0.08383912323474085
0.08302714817478662
-0.004841918958801372
-0.03133707462365809
0.062467374718552904
0.01347000313241331
-0.03133707462365809
-0.01249170093178087
-0.04466517994807795
-0.002205271978588108
0.020083040980136246
0.02520341309711238
-0.09570667993071069
0.04048653167530425
0.051344950513199095
-0.0489237727198617
0.04995452527457189
-0.07414653786004877
-0.0851300246174862
-0.007543661478351282
0.02714223291166995
0.034283772423341574
0.013065356771912562
0.05799658946616226
-0.13034379599603163
0.02714223291166995
-0.03133707462365809
0.04729149119249154
0.07518071596092746
-0.022348210496932808
-0.002205271978588108
0.01035787819304268
0.04799414960212012
0.012299756912504733
-0.013771885982464482
0.07060672059698447
