-0.06193714350214741
-0.015144140805206874
-0.0011970474263076625
0.028713620756199987
-0.0038562351615762935
0.04823967565580034
-0.002205271978588108
-0.007882998007099573
-0.07075486294590672
-0.17661184642248884
-0.024170822975695394
0.05425453554333082
-0.060513028914405353
-0.017242733713295877
0.028713620756199987
0.020446479141682516
-0.007720686875989813
-0.03173275161671363
0.03882682382156144
0.019778644828504
0.0844852260058202
0.06806350229329183
-0.047644828679283435
0.037107507807760065
-0.01686722086916248
-0.007720686875989813
0.04391937482752173
0.0512476844333456
-0.05586089089844393
-0.022898889969576786
0.04380656992791998
-0.015144140805206874
0.018593646962060006
0.08732358904095427
-0.02375973362478856
0.022194058573782982
-0.007720686875989813
0.01579928711915457
-0.019514789449790015
0.01046829599036414
-0.019514789449790015
-0.041376638974308655
0.007058852839625374
-0.05282848588680089
-0.049962429852048906
-0.03997727574944321
0.05425453554333082
0.04823967565580034
0.05168531023255696
-0.05282848588680089
0.025524068456756588
0.01661350063361855
-0.05654058267968054
0.026458811902690726
-0.012372140541780041
-0.07892951287026762
0.07060672059698447
0.04920879849315085
0.03973066370480538
-0.07724758378448726
-0.03563356684104946
0.025722681761052968
-0.01956931117570271
-0.047644828679283435
-0.08814864178677073
-0.2546008091448053
-0.0851300246174862
-0.05129888770798985
0.0025784297617263974
0.02432879134386301
0.02451643163530548
-0.05983064969141072
0.014471610315426986
-0.03270475340709922
0.025722681761052968
-0.08110299466350668
-0.06109953281700342
-0.032340875642459466
0.08105492908796386
-0.028034859824940028
-0.06464003578883037
-0.03458770640829023
0.0025784297617263974
-0.0357902826629255
0.02714223291166995
0.0041948137923384365
0.011999720455214913
-0.032259158022980294
0.0344322264021244
-0.009357776553262198
0.02432879134386301
-0.08110299466350668
0.006143668794592827
-0.0002868205956847447
0.014780240742707562
0.05799658946616226
-0.0489237727198617
0.051344950513199095
-0.05586089089844393
0.13204555949274965
0.06318283133468316
0.013040071944516285
-0.08126108737944548
-0.17661184642248884
0.045224792909892564
-0.03695834061658587
-0.0636718542421022
0.04790976101641675
0.039209693040964666
0.02708189422255458
0.07382421435571018
0.1399333926158075
0.017908695057996304
0.017908695057996304
-0.028034859824940028
-0.05464289541014722
-0.0011970474263076625
0.028713620756199987
-0.022821982956040543
-0.051670301345440706
-0.03133707462365809
0.003822387934753202
-0.05654058267968054
-0.022622356364218277
0.04283497654615154
0.10109672394520075
-0.09359820865597968
0.07382421435571018
0.05182100602750328
0.04590352204112591
0.01035787819304268
-0.03458770640829023
-0.015144140805206874
0.014471610315426986
-0.012150300762606037
-0.03458770640829023
0.06316607709876365
-0.050143819123519506
0.1417808980890598
0.0326533364262076
0.15300088602597928
0.04469322213864224
0.012299756912504733
0.031017376704207678
0.013065356771912562
0.028713620756199987
0.0022689688502968153
-0.027789787343500905
0.03208636570286316
-0.03695834061658587
0.05182100602750328
0.11840346286310233
0.04920879849315085
0.06605801367827979
0.11522232211929584
-0.0011970474263076625
0.023560334148108097
-0.07414653786004877
0.0203593980283987
0.04665297339942498
-0.08721982612879486
-0.0008948035361102669
-0.12033949778566289
-0.012372140541780041
-0.0851300246174862
0.014471610315426986
-0.06285634704832255
-0.03270475340709922
-0.036421638107813514
0.0278028767684102
-0.07892951287026762
0.04920879849315085
-0.009357776553262198
0.05182100602750328
-0.019391257313081667
0.029794720012301212
0.06567138145123597
0.026005039289207943
-0.08678886069673908
0.08653619008305125
-0.050143819123519506
-0.0851300246174862
0.05436809318039337
0.024801788304586125
0.08383912323474085
-0.032340875642459466
-0.03917887174705115
-0.08721982612879486
0.020446479141682516
0.06994395962703592
0.0344322264021244
-0.047644828679283435
-0.06638125688640528
-0.12033949778566289
0.04469322213864224
0.062467374718552904
-0.007317237093852569
0.02451643163530548
0.08080248335888918
-0.005818111085915234
-0.011743957061684185
0.08653619008305125
0.04469322213864224
-0.0002495311402075373
0.008505479129739868
0.013065356771912562
0.04299886054755575
0.0022689688502968153
-0.08126108737944548
-0.024170822975695394
0.0326533364262076
0.037107507807760065
-0.06226621690008294
-0.17661184642248884
-0.047644828679283435
0.0512476844333456
-0.17661184642248884
0.03882682382156144
-0.12033949778566289
0.026458811902690726
-0.02496648159475967
-0.019391257313081667
0.001954162314668828
0.07382421435571018
-0.0636718542421022
-0.03173275161671363
0.02432879134386301
-0.01844849936066506
-0.041376638974308655
-0.021161035659430283
-0.0851300246174862
-0.027788545411032928
0.013065356771912562
0.04135586741642605
-0.0007657730469858848
0.02927401578257438
0.05436809318039337
0.03443624877469453
0.04606131559255999
-0.06285634704832255
0.0276177252845331
0.04827168718050601
0.0844852260058202
-0.0002495311402075373
-0.05416508205116166
-0.050143819123519506
-0.05586089089844393
-0.0005187167995490682
0.005082074600808895
-0.03270475340709922
0.037107507807760065
0.012394543666532698
-0.06226621690008294
0.015089270086424023
-0.007317237093852569
0.006265799221320201
0.045224792909892564
-0.013771885982464482
0.025649122658425227
0.006143668794592827
0.08302714817478662
0.022821768641877682
0.04665297339942498
0.037453479113841226
-0.01249170093178087
-0.06053051312501001
-0.03917887174705115
0.02927401578257438
0.008505479129739868
0.037453479113841226
0.025722681761052968
-0.08721982612879486
0.008665176454019985
0.012299756912504733
0.034283772423341574
-0.07075486294590672
-0.07414653786004877
0.0165919313161762
0.11840346286310233
0.02773636562208104
0.10240276235625068
0.06925574960452696
0.04729149119249154
-0.012372140541780041
0.13480548385110502
0.03861575224405023
-0.022622356364218277
-0.0636718542421022
-0.027788545411032928
0.06994395962703592
0.0461992712042818
0.020083040980136246
0.03208636570286316
-0.002205271978588108
0.049538360788050184
0.0025784297617263974
0.04590352204112591
-0.17661184642248884
0.04299886054755575
