0.023560334148108097
0.06228267241298191
-0.02375973362478856
0.03973066370480538
0.017908695057996304
-0.06720056781523276
0.0016709762031741349
-0.007882998007099573
0.020567585268201682
-0.017136936568830308
0.0165919313161762
0.06364954486786978
0.025649122658425227
0.049538360788050184
-0.045496030668886966
0.04790976101641675
0.025722681761052968
-0.06193714350214741
-0.002205271978588108
0.025722681761052968
-0.07892951287026762
-0.05586089089844393
-0.03695834061658587
0.041840431302949455
0.08302714817478662
0.08302714817478662
0.07382421435571018
0.005082074600808895
0.0344322264021244
0.012299756912504733
0.003822387934753202
-0.018864353824572078
0.056736527751481525
-0.03563356684104946
-0.03695834061658587
0.031017376704207678
0.029794720012301212
-0.03270475340709922
0.01699193585620762
0.11840346286310233
-0.17661184642248884
-0.08678886069673908
0.011553574399841615
0.13204555949274965
-0.017136936568830308
0.02520341309711238
-0.03270475340709922
0.04371378571481266
0.01046829599036414
-0.07724758378448726
0.0016709762031741349
-0.0002868205956847447
0.011553574399841615
0.07382421435571018
0.08080248335888918
0.0344322264021244
0.01579928711915457
0.15300088602597928
0.06761705055254463
-0.032259158022980294
0.10109672394520075
0.03443624877469453
0.04920879849315085
-0.05654058267968054
0.05182100602750328
-0.03695834061658587
-0.045496030668886966
-0.010204897362879883
-0.04466517994807795
-0.01686722086916248
-0.028034859824940028
0.07382421435571018
-0.027462288324585415
-0.045496030668886966
0.06567138145123597
0.011999720455214913
0.03443624877469453
-0.007543661478351282
0.07586149829868472
0.03643980545838055
0.003822387934753202
0.0041948137923384365
0.01716964896203166
0.006265799221320201
-0.13034379599603163
0.06316607709876365
0.04827168718050601
0.09718899306107964
0.11522232211929584
-0.0002495311402075373
0.01579928711915457
-0.012372140541780041
0.06761705055254463
-0.0007657730469858848
-0.0002868205956847447
0.04823967565580034
0.08121523150568599
-0.0008948035361102669
-0.07892951287026762
0.02773636562208104
-0.0005187167995490682
0.049538360788050184
-0.007882998007099573
-0.08126108737944548
0.0576314646823306
-0.032340875642459466
-0.04022536987465397
-0.013771885982464482
-0.007720686875989813
-0.06638125688640528
0.04827168718050601
0.02773636562208104
-0.010204897362879883
0.037107507807760065
0.0576314646823306
0.005173534568482907
0.07586149829868472
0.006746455834750975
0.07586149829868472
-0.08110299466350668
-0.022348210496932808
-0.07212958518599066
0.11840346286310233
-0.08678886069673908
-0.07465345378649157
0.007058852839625374
0.01347000313241331
-0.027393577402978764
-0.09432889171755221
-0.07212958518599066
-0.06226621690008294
-0.021161035659430283
0.005173534568482907
-0.009588853389239205
0.0515617796937029
0.03443624877469453
0.06292625909621563
-0.007882998007099573
-0.06638125688640528
-0.03520416182162833
0.13204555949274965
0.04469322213864224
-0.0549153461639893
0.011553574399841615
0.03994035520780326
0.06364954486786978
0.04380656992791998
-0.01844849936066506
-0.02243129284092049
0.06364954486786978
0.03443624877469453
-0.0489237727198617
0.0016709762031741349
0.05425453554333082
-0.0636718542421022
0.11522232211929584
0.08653619008305125
-0.03997727574944321
0.056736527751481525
-0.06720056781523276
0.08799230776265521
0.014780240742707562
-0.03458770640829023
-0.01686722086916248
0.02927401578257438
0.0025784297617263974
0.03973066370480538
0.06761705055254463
-0.007338419158481102
0.012394543666532698
0.03994035520780326
0.06605801367827979
0.05182100602750328
0.006746455834750975
0.07060672059698447
-0.0549153461639893
-0.08143178414826124
-0.05586089089844393
-0.007338419158481102
-0.008416174423421019
-0.037433866920196124
-0.0357902826629255
-0.07075486294590672
0.037453479113841226
0.023560334148108097
-0.06053051312501001
0.025722681761052968
0.01661350063361855
-0.019514789449790015
0.0515617796937029
-0.17661184642248884
0.013040071944516285
-0.013878349100881593
0.08176108754913614
-0.013878349100881593
0.06569838178769771
0.0688088340488946
0.0027859037974478085
0.005173534568482907
0.02773636562208104
-0.027462288324585415
0.0512476844333456
0.014780240742707562
-0.015144140805206874
0.1399333926158075
-0.10819102148647719
0.0041948137923384365
-0.007543661478351282
-0.037433866920196124
-0.017242733713295877
0.008665176454019985
-0.0489237727198617
-0.037433866920196124
0.1399333926158075
-0.04466517994807795
-0.0011970474263076625
0.048059232237648075
-0.05120330655862837
-0.03173275161671363
0.1417808980890598
-0.08721982612879486
-0.08126108737944548
-0.07414653786004877
0.026458811902690726
0.051344950513199095
-0.0011970474263076625
-0.004841918958801372
0.005082074600808895
-0.0851300246174862
-0.07724758378448726
-0.05282848588680089
0.005173534568482907
0.020567585268201682
-0.019514789449790015
0.09718899306107964
0.02432879134386301
-0.007543661478351282
0.01699193585620762
0.08732358904095427
-0.049962429852048906
0.13480548385110502
0.049538360788050184
-0.017136936568830308
-0.01844849936066506
0.026458811902690726
0.045224792909892564
0.049538360788050184
-0.010532567714866659
-0.0636718542421022
-0.013878349100881593
-0.05129888770798985
-0.08110299466350668
-0.04126132556270612
0.025722681761052968
0.0041948137923384365
0.07382421435571018
0.08176108754913614
0.08121523150568599
-0.08814864178677073
0.031017376704207678
-0.06053051312501001
-0.04126132556270612
-0.08285893181375492
0.03973066370480538
-0.022348210496932808
-0.03045002278091502
-0.038466866176760206
0.01699193585620762
-0.13034379599603163
0.0576314646823306
-0.03520416182162833
-0.12033949778566289
0.01579928711915457
0.022194058573782982
0.023560334148108097
-0.22146034456414654
0.03863378364598535
0.005173534568482907
0.04827168718050601
-0.17661184642248884
0.08105492908796386
0.05436809318039337
0.02520341309711238
0.017908695057996304
-0.012372140541780041
0.023512429278589764
-0.06109953281700342
-0.10013006587302442
-0.06226621690008294
-0.05464289541014722
-0.012372140541780041
-0.06720056781523276
-0.09432889171755221
0.043334141200254805
0.014471610315426986
0.08302714817478662
0.012390402416693647
0.048059232237648075
-0.0636718542421022
