-0.010532567714866659
0.08105492908796386
0.062467374718552904
0.034283772423341574
0.04283497654615154
-0.08110299466350668
0.06567138145123597
0.08121523150568599
-0.06285634704832255
-0.10013006587302442
0.08176108754913614
-0.2546008091448053
0.0461992712042818
-0.0013205999854228878
-0.010204897362879883
0.1417808980890598
0.01347000313241331
0.06605801367827979
0.08121523150568599
0.07060672059698447
0.05198789125700998
0.043334141200254805
-0.013771885982464482
-0.15702055781469149
0.08121523150568599
-0.007882998007099573
-0.13034379599603163
0.01347000313241331
-0.08721982612879486
0.10240276235625068
0.025722681761052968
0.0022689688502968153
0.04135586741642605
0.01661350063361855
0.04048653167530425
0.01661350063361855
0.019778644828504
0.05425453554333082
-0.0007657730469858848
0.014471610315426986
-0.0005187167995490682
-0.06053051312501001
-0.013771885982464482
0.0041948137923384365
0.013109728048770641
0.051344950513199095
-0.05416508205116166
-0.011743957061684185
0.030974972656109045
0.020567585268201682
-0.010532567714866659
0.04665297339942498
-0.02862716582831837
0.020083040980136246
0.02773636562208104
0.06994395962703592
0.10240276235625068
-0.06226621690008294
0.07060672059698447
0.014780240742707562
-0.005105231073404326
-0.07212958518599066
0.020567585268201682
0.020567585268201682
0.013065356771912562
0.04333086414918519
-0.03917887174705115
-0.013771885982464482
0.10109672394520075
0.01046829599036414
-0.022622356364218277
0.01661350063361855
-0.05129888770798985
0.034283772423341574
0.013065356771912562
0.01347000313241331
-0.011743957061684185
0.017908695057996304
-0.021161035659430283
0.04606131559255999
0.034283772423341574
-0.06226621690008294
-0.007338419158481102
-0.008416174423421019
0.051344950513199095
0.06806350229329183
-0.02496648159475967
-0.019514789449790015
-0.051670301345440706
-0.0038562351615762935
0.03973066370480538
-0.007720686875989813
-0.010204897362879883
0.04995452527457189
-0.028034859824940028
-0.024170822975695394
-0.2546008091448053
-0.03917887174705115
0.11522232211929584
-0.05699148198311299
-0.010204897362879883
0.07518071596092746
0.06292625909621563
-0.0489237727198617
-0.051670301345440706
0.019778644828504
-0.0851300246174862
0.020446479141682516
0.06605801367827979
0.04827168718050601
0.0278028767684102
-0.0038562351615762935
-0.037433866920196124
0.022194058573782982
-0.019514789449790015
0.04283497654615154
0.01699193585620762
0.04380656992791998
-0.0549153461639893
-0.06464003578883037
0.04048653167530425
0.039209693040964666
0.13480548385110502
0.01046829599036414
0.026653357334457617
0.045224792909892564
0.014780240742707562
-0.022348210496932808
-0.049962429852048906
-0.01686722086916248
0.017908695057996304
-0.05282848588680089
0.056736527751481525
0.0576314646823306
-0.10013006587302442
0.007058852839625374
-0.021161035659430283
-0.01956931117570271
0.01699193585620762
-0.0489237727198617
-0.0849833488167917
0.17000938109242547
-0.0549153461639893
-0.03520416182162833
0.0844852260058202
0.011999720455214913
0.008505479129739868
0.029794720012301212
0.04995452527457189
0.06806350229329183
0.01347000313241331
0.005173534568482907
0.049538360788050184
0.10240276235625068
-0.010204897362879883
-0.0013205999854228878
-0.017136936568830308
0.034283772423341574
-0.011743957061684185
-0.03520416182162833
0.005082074600808895
-0.0549153461639893
0.06761705055254463
-0.06193714350214741
0.02708189422255458
0.0461992712042818
0.0515617796937029
0.07518071596092746
-0.018864353824572078
0.056736527751481525
0.08121523150568599
-0.04126132556270612
-0.08678886069673908
-0.024170822975695394
0.08732358904095427
-0.08678886069673908
-0.049962429852048906
-0.005818111085915234
0.007058852839625374
-0.05586089089844393
-0.05983064969141072
-0.013878349100881593
-0.06638125688640528
-0.019514789449790015
-0.0007657730469858848
-0.007317237093852569
-0.05282848588680089
-0.008416174423421019
0.0027859037974478085
-0.049962429852048906
-0.06720056781523276
0.03882682382156144
-0.09359820865597968
-0.010204897362879883
0.0041948137923384365
0.02714223291166995
0.06318283133468316
-0.07075486294590672
0.025524068456756588
0.0022689688502968153
0.06567138145123597
0.07518071596092746
0.08383912323474085
0.08799230776265521
0.13204555949274965
0.02432879134386301
-0.10013006587302442
0.03443624877469453
0.06228267241298191
0.06806350229329183
0.0688088340488946
-0.12033949778566289
0.0016709762031741349
0.01716964896203166
0.028713620756199987
-0.032340875642459466
0.06569838178769771
-0.06109953281700342
0.048059232237648075
0.05168531023255696
0.01716964896203166
-0.05129888770798985
-0.0002868205956847447
-0.019391257313081667
-0.07724758378448726
-0.022821982956040543
-0.007543661478351282
0.17000938109242547
0.012299756912504733
-0.15702055781469149
-0.032340875642459466
-0.07075486294590672
-0.051670301345440706
0.08302714817478662
0.001954162314668828
-0.010204897362879883
-0.03045002278091502
0.1399333926158075
0.03994035520780326
0.020446479141682516
-0.06193714350214741
-0.1218059774124729
0.02773636562208104
0.04283497654615154
0.06925574960452696
0.017908695057996304
0.005082074600808895
-0.0038562351615762935
0.05436809318039337
0.08759468040243501
0.08732358904095427
-0.018864353824572078
0.02773636562208104
-0.0002868205956847447
-0.07414653786004877
-0.08678886069673908
-0.0013205999854228878
0.0461992712042818
0.0512476844333456
0.04135586741642605
0.0022689688502968153
0.026653357334457617
0.051344950513199095
0.0216176650818376
0.11840346286310233
-0.014438989348697362
0.005173534568482907
0.02708189422255458
-0.08110299466350668
0.039209693040964666
-0.08814864178677073
0.041840431302949455
-0.04466517994807795
-0.03917887174705115
-0.015144140805206874
-0.0489237727198617
0.026005039289207943
0.08632977574364098
0.05182100602750328
0.028713620756199987
-0.0008948035361102669
0.05436809318039337
-0.06109953281700342
0.018593646962060006
0.04729149119249154
0.014780240742707562
-0.0005187167995490682
0.003822387934753202
0.07382421435571018
0.018593646962060006
0.04729149119249154
0.023512429278589764
0.04371378571481266
-0.06720056781523276
-0.041376638974308655
0.04995452527457189
-0.0013205999854228878
0.01724199139330551
0.03994035520780326
