0.0041948137923384365
0.020446479141682516
-0.017242733713295877
-0.04466517994807795
-0.022368622754905587
-0.015144140805206874
-0.0038562351615762935
-0.022622356364218277
0.013040071944516285
0.051344950513199095
-0.02243129284092049
-0.10013006587302442
0.10109672394520075
-0.03045002278091502
0.0022689688502968153
-0.09359820865597968
0.0203593980283987
-0.03563356684104946
-0.0002495311402075373
-0.032259158022980294
-0.0002868205956847447
0.17000938109242547
0.02432879134386301
0.0027859037974478085
-0.022622356364218277
-0.05129888770798985
0.02773636562208104
0.04665297339942498
0.0278028767684102
0.08759468040243501
0.037453479113841226
0.03643980545838055
-0.0038562351615762935
-0.0008948035361102669
0.03208636570286316
0.08302714817478662
0.0203593980283987
0.08799230776265521
0.030122729138618354
0.02773636562208104
-0.013878349100881593
0.08121523150568599
0.1417808980890598
0.04135586741642605
-0.02243129284092049
-0.0549153461639893
-0.018864353824572078
0.15300088602597928
-0.08143178414826124
-0.02375973362478856
0.007058852839625374
0.13480548385110502
-0.09432889171755221
0.05799658946616226
0.026005039289207943
-0.08814864178677073
-0.013771885982464482
0.026005039289207943
0.049538360788050184
-0.08721982612879486
0.005173534568482907
0.009856619194733796
0.049538360788050184
0.037453479113841226
0.030974972656109045
-0.0005187167995490682
0.03443624877469453
-0.05586089089844393
0.08302714817478662
-0.07075486294590672
0.005082074600808895
0.08383912323474085
0.10109672394520075
0.014471610315426986
0.04299886054755575
0.08302714817478662
0.051344950513199095
-0.0549153461639893
0.017908695057996304
-0.22146034456414654
-0.13034379599603163
0.03882682382156144
-0.03520416182162833
-0.013771885982464482
-0.13034379599603163
-0.0038562351615762935
-0.022348210496932808
-0.012372140541780041
0.07586149829868472
-0.007317237093852569
0.10109672394520075
-0.0013205999854228878
-0.038466866176760206
-0.032259158022980294
-0.012372140541780041
-0.07414653786004877
0.08632977574364098
0.04729149119249154
-0.049962429852048906
0.06364954486786978
0.08759468040243501
-0.0007657730469858848
-0.022368622754905587
0.01347000313241331
-0.037433866920196124
0.03443624877469453
-0.01249170093178087
-0.08143178414826124
0.09718899306107964
-0.02375973362478856
-0.07892951287026762
-0.007882998007099573
-0.012150300762606037
0.022821768641877682
-0.002647647860884561
-0.0357902826629255
-0.007882998007099573
-0.07465345378649157
0.04995452527457189
-0.049962429852048906
-0.0849833488167917
0.008505479129739868
0.008505479129739868
0.023512429278589764
0.04333086414918519
-0.009588853389239205
0.02927401578257438
0.015089270086424023
-0.17661184642248884
-0.013878349100881593
-0.06464003578883037
0.11522232211929584
-0.038466866176760206
-0.012150300762606037
-0.0005187167995490682
0.08799230776265521
0.031017376704207678
-0.0489237727198617
0.026653357334457617
-0.011743957061684185
-0.07414653786004877
0.05168531023255696
0.006746455834750975
0.04823967565580034
-0.0011970474263076625
0.10109672394520075
-0.007338419158481102
0.03863378364598535
0.025722681761052968
-0.045496030668886966
0.06994395962703592
0.03973066370480538
-0.03997727574944321
-0.002647647860884561
-0.010204897362879883
0.045224792909892564
-0.0489237727198617
0.04380656992791998
-0.06258250876081561
0.026653357334457617
-0.0549153461639893
-0.01686722086916248
0.02432879134386301
0.034283772423341574
-0.02862716582831837
-0.027788545411032928
0.029794720012301212
0.056736527751481525
0.029794720012301212
0.03208636570286316
-0.012372140541780041
-0.03045002278091502
0.03443624877469453
0.0016709762031741349
-0.022368622754905587
0.007058852839625374
0.04469322213864224
-0.010532567714866659
0.08080248335888918
0.05799658946616226
0.026005039289207943
-0.027462288324585415
0.04469322213864224
0.04920879849315085
0.0216176650818376
0.13480548385110502
-0.03917887174705115
-0.009357776553262198
0.08105492908796386
-0.04466517994807795
0.01716964896203166
-0.08110299466350668
-0.027393577402978764
-0.0011970474263076625
0.003822387934753202
0.02432879134386301
0.05799658946616226
-0.0849833488167917
0.03443624877469453
0.04606131559255999
-0.0849833488167917
-0.032340875642459466
0.020567585268201682
-0.2546008091448053
-0.0549153461639893
-0.09570667993071069
0.07518071596092746
0.02451643163530548
-0.06285634704832255
0.02451643163530548
-0.007317237093852569
0.08176108754913614
0.06994395962703592
0.005173534568482907
0.10109672394520075
-0.036421638107813514
0.02714223291166995
0.06994395962703592
0.01046829599036414
0.02432879134386301
-0.02243129284092049
0.025722681761052968
0.011999720455214913
0.06761705055254463
0.02773636562208104
0.07060672059698447
0.06318283133468316
-0.06464003578883037
-0.06638125688640528
0.037107507807760065
-0.06464003578883037
-0.021161035659430283
0.13204555949274965
0.13204555949274965
-0.019391257313081667
-0.06053051312501001
0.019778644828504
0.0025784297617263974
-0.03458770640829023
0.043334141200254805
-0.06464003578883037
0.030122729138618354
-0.008416174423421019
-0.007338419158481102
0.0216176650818376
0.04371378571481266
0.045224792909892564
0.0016709762031741349
-0.01844849936066506
-0.05983064969141072
0.020567585268201682
0.04920879849315085
-0.0636718542421022
-0.011743957061684185
0.10109672394520075
0.05168531023255696
0.037107507807760065
-0.022622356364218277
0.05799658946616226
0.0515617796937029
-0.07414653786004877
-0.009588853389239205
-0.045496030668886966
0.04135586741642605
0.03882682382156144
-0.022898889969576786
-0.0007657730469858848
0.17000938109242547
0.07518071596092746
0.0041948137923384365
0.011999720455214913
0.013065356771912562
0.04920879849315085
-0.03997727574944321
-0.01249170093178087
-0.03045002278091502
-0.0357902826629255
0.06605801367827979
-0.03520416182162833
0.003822387934753202
0.034283772423341574
-0.051670301345440706
-0.007720686875989813
0.04823967565580034
-0.01844849936066506
0.01699193585620762
-0.049962429852048906
-0.007543661478351282
-0.01956931117570271
0.014471610315426986
0.05198789125700998
-0.015144140805206874
-0.021161035659430283
-0.013878349100881593
-0.06109953281700342
-0.010204897362879883
0.0512476844333456
0.13480548385110502
0.07382421435571018
