0.031017376704207678
0.04729149119249154
0.062467374718552904
-0.03997727574944321
-0.007720686875989813
0.01579928711915457
-0.04022536987465397
-0.12033949778566289
0.08121523150568599
0.013040071944516285
0.013040071944516285
-0.005105231073404326
-0.013878349100881593
-0.014438989348697362
0.06569838178769771
-0.022821982956040543
-0.015144140805206874
0.07518071596092746
-0.03173275161671363
0.062467374718552904
0.10240276235625068
-0.041376638974308655
-0.036421638107813514
0.08121523150568599
-0.005105231073404326
-0.005818111085915234
0.03443624877469453
0.04665297339942498
-0.05699148198311299
-0.005818111085915234
0.02432879134386301
0.030122729138618354
0.020446479141682516
0.013109728048770641
0.11522232211929584
-0.024170822975695394
0.06567138145123597
-0.045496030668886966
-0.045496030668886966
0.07586149829868472
-0.09570667993071069
0.06364954486786978
-0.0851300246174862
-0.019514789449790015
-0.0005187167995490682
0.04380656992791998
0.04823967565580034
0.0688088340488946
-0.032340875642459466
-0.009357776553262198
0.06316607709876365
0.04380656992791998
0.06925574960452696
0.049538360788050184
-0.005818111085915234
-0.013771885982464482
0.06318283133468316
-0.07724758378448726
-0.03045002278091502
0.0025784297617263974
0.023560334148108097
0.019778644828504
0.08383912323474085
-0.007338419158481102
-0.005105231073404326
0.020446479141682516
0.039209693040964666
0.009856619194733796
0.04827168718050601
-0.012150300762606037
-0.03563356684104946
0.0216176650818376
-0.0549153461639893
0.04665297339942498
0.014780240742707562
0.04590352204112591
0.06567138145123597
0.048059232237648075
0.1417808980890598
-0.041376638974308655
0.04827168718050601
0.012299756912504733
-0.0549153461639893
-0.03045002278091502
-0.05699148198311299
0.045224792909892564
-0.027393577402978764
-0.09570667993071069
-0.060513028914405353
0.008665176454019985
-0.10013006587302442
0.1417808980890598
0.049538360788050184
-0.011743957061684185
0.019778644828504
0.05182100602750328
-0.09432889171755221
-0.022368622754905587
0.11522232211929584
0.06228267241298191
-0.06638125688640528
0.17000938109242547
0.0016709762031741349
0.037453479113841226
0.03863378364598535
-0.05120330655862837
-0.018864353824572078
0.0576314646823306
0.051344950513199095
-0.022898889969576786
0.047513051758585334
-0.0008948035361102669
0.0512476844333456
0.08653619008305125
-0.06638125688640528
-0.019514789449790015
-0.07414653786004877
0.049538360788050184
0.05198789125700998
0.05198789125700998
-0.009357776553262198
0.01347000313241331
-0.017136936568830308
-0.06464003578883037
-0.09432889171755221
-0.06193714350214741
-0.019391257313081667
-0.019514789449790015
0.026653357334457617
-0.01249170093178087
0.1399333926158075
0.047513051758585334
-0.05416508205116166
0.025649122658425227
0.06761705055254463
0.001954162314668828
0.07586149829868472
0.013109728048770641
-0.06193714350214741
0.031017376704207678
-0.0038562351615762935
0.013040071944516285
-0.013878349100881593
0.01699193585620762
-0.027393577402978764
0.031017376704207678
0.13480548385110502
0.1417808980890598
0.034283772423341574
-0.0489237727198617
-0.038466866176760206
0.037453479113841226
-0.008416174423421019
-0.15702055781469149
0.0016709762031741349
0.04283497654615154
0.06567138145123597
-0.0002868205956847447
-0.032259158022980294
-0.01956931117570271
0.02927401578257438
0.031017376704207678
0.015089270086424023
-0.014438989348697362
0.030122729138618354
0.07586149829868472
0.02708189422255458
0.051344950513199095
0.020446479141682516
-0.037433866920196124
-0.002205271978588108
-0.007882998007099573
-0.07414653786004877
0.10240276235625068
0.025524068456756588
0.04799414960212012
-0.0849833488167917
-0.03695834061658587
0.015089270086424023
0.08080248335888918
0.0203593980283987
-0.06720056781523276
-0.022348210496932808
0.04790976101641675
0.047513051758585334
0.012394543666532698
0.05436809318039337
0.008665176454019985
0.020083040980136246
0.02927401578257438
0.0688088340488946
0.04823967565580034
0.04333086414918519
-0.0636718542421022
0.0278028767684102
0.034283772423341574
0.008505479129739868
-0.028034859824940028
-0.022898889969576786
-0.02243129284092049
0.025649122658425227
-0.0008948035361102669
-0.038466866176760206
-0.027393577402978764
0.039209693040964666
0.0512476844333456
0.04827168718050601
-0.05129888770798985
-0.01956931117570271
-0.005105231073404326
0.043334141200254805
-0.03917887174705115
-0.06720056781523276
-0.01249170093178087
-0.03045002278091502
-0.12033949778566289
0.043334141200254805
-0.013771885982464482
0.08383912323474085
0.11840346286310233
0.0844852260058202
-0.012150300762606037
0.0326533364262076
-0.004841918958801372
-0.022622356364218277
0.0216176650818376
-0.02375973362478856
-0.10013006587302442
0.08080248335888918
0.051344950513199095
0.13480548385110502
-0.03695834061658587
0.04299886054755575
0.13204555949274965
0.08121523150568599
-0.018864353824572078
0.06316607709876365
0.022194058573782982
0.03643980545838055
0.06569838178769771
0.009856619194733796
0.13204555949274965
-0.06638125688640528
0.023512429278589764
0.04665297339942498
-0.02496648159475967
-0.04022536987465397
-0.060513028914405353
0.0276177252845331
0.0165919313161762
0.08383912323474085
0.11840346286310233
0.04283497654615154
-0.022368622754905587
0.0344322264021244
-0.008416174423421019
0.08080248335888918
0.047513051758585334
-0.03173275161671363
-0.008416174423421019
0.03973066370480538
-0.007338419158481102
0.03208636570286316
0.02714223291166995
0.08302714817478662
0.03643980545838055
0.048059232237648075
-0.08126108737944548
0.05436809318039337
0.0512476844333456
0.04135586741642605
0.08105492908796386
0.06364954486786978
0.05425453554333082
0.014471610315426986
0.037453479113841226
-0.027788545411032928
0.014471610315426986
-0.01686722086916248
-0.041376638974308655
0.13480548385110502
-0.04022536987465397
0.04995452527457189
0.04665297339942498
0.11522232211929584
-0.017136936568830308
-0.005105231073404326
-0.047644828679283435
-0.005105231073404326
0.051344950513199095
-0.022622356364218277
0.041840431302949455
-0.004841918958801372
0.03863378364598535
0.0576314646823306
0.008665176454019985
0.03643980545838055
-0.04126132556270612
0.030974972656109045
