-0.06464003578883037
0.03861575224405023
0.012390402416693647
0.06567138145123597
0.0022689688502968153
0.017908695057996304
-0.0008948035361102669
-0.06226621690008294
0.0512476844333456
-0.0008948035361102669
0.04469322213864224
-0.13034379599603163
-0.049962429852048906
-0.01686722086916248
-0.022898889969576786
-0.038466866176760206
0.005082074600808895
-0.02496648159475967
0.017908695057996304
0.0512476844333456
-0.038466866176760206
0.029794720012301212
0.039209693040964666
0.02432879134386301
0.0165919313161762
0.01046829599036414
-0.017136936568830308
0.049538360788050184
-0.06638125688640528
0.012390402416693647
-0.06258250876081561
-0.05464289541014722
0.011999720455214913
-0.050143819123519506
-0.08721982612879486
0.04823967565580034
-0.06109953281700342
0.006143668794592827
0.0025784297617263974
-0.015144140805206874
0.02773636562208104
-0.038466866176760206
0.003822387934753202
0.011553574399841615
0.023560334148108097
-0.03563356684104946
0.06364954486786978
0.0022689688502968153
-0.01956931117570271
-0.037433866920196124
-0.027462288324585415
0.01724199139330551
0.08759468040243501
0.01661350063361855
0.0027859037974478085
-0.0013205999854228878
-0.007882998007099573
-0.050143819123519506
-0.004841918958801372
-0.07892951287026762
0.023512429278589764
-0.022368622754905587
0.039209693040964666
0.02451643163530548
0.08759468040243501
0.006143668794592827
0.0512476844333456
-0.036421638107813514
0.012394543666532698
-0.022821982956040543
0.06364954486786978
0.1399333926158075
0.007058852839625374
0.045224792909892564
0.02773636562208104
0.037107507807760065
-0.09359820865597968
-0.0489237727198617
-0.03173275161671363
0.0576314646823306
-0.06193714350214741
-0.032340875642459466
-0.09570667993071069
0.030122729138618354
-0.06464003578883037
0.0344322264021244
0.0022689688502968153
-0.045496030668886966
-0.017136936568830308
-0.013771885982464482
0.08176108754913614
-0.02375973362478856
0.02927401578257438
-0.0005187167995490682
0.04048653167530425
-0.2546008091448053
-0.17661184642248884
0.07586149829868472
0.0203593980283987
-0.041376638974308655
0.0326533364262076
0.06925574960452696
-0.007317237093852569
0.02708189422255458
-0.09432889171755221
-0.06109953281700342
-0.022368622754905587
-0.002647647860884561
0.13204555949274965
-0.05282848588680089
0.008505479129739868
0.08176108754913614
-0.12033949778566289
0.056736527751481525
0.029794720012301212
0.012390402416693647
-0.03045002278091502
0.001954162314668828
-0.06226621690008294
0.043334141200254805
-0.002647647860884561
-0.01249170093178087
0.06994395962703592
0.08121523150568599
0.06292625909621563
0.05799658946616226
0.02773636562208104
0.049538360788050184
-0.009357776553262198
-0.012150300762606037
0.012394543666532698
0.0276177252845331
0.08632977574364098
0.04823967565580034
-0.012150300762606037
0.020567585268201682
-0.019514789449790015
-0.0357902826629255
-0.03563356684104946
0.09718899306107964
-0.06638125688640528
0.04606131559255999
-0.027393577402978764
-0.002647647860884561
0.02708189422255458
-0.09359820865597968
0.06761705055254463
0.048059232237648075
0.06806350229329183
0.03863378364598535
0.006143668794592827
0.02927401578257438
-0.10013006587302442
-0.05699148198311299
-0.007882998007099573
-0.0005187167995490682
-0.017136936568830308
0.001954162314668828
-0.022348210496932808
-0.015144140805206874
0.020446479141682516
-0.06720056781523276
0.0844852260058202
0.05425453554333082
-0.07724758378448726
-0.007317237093852569
0.020083040980136246
-0.028034859824940028
0.014780240742707562
-0.07892951287026762
-0.12033949778566289
-0.027789787343500905
0.020446479141682516
-0.021161035659430283
0.03208636570286316
0.0027859037974478085
0.011999720455214913
0.013065356771912562
-0.02496648159475967
0.022194058573782982
0.018593646962060006
-0.06464003578883037
-0.0013205999854228878
0.04135586741642605
-0.06285634704832255
-0.013771885982464482
-0.0013205999854228878
0.08632977574364098
0.007058852839625374
-0.0002868205956847447
-0.13034379599603163
-0.005105231073404326
0.03863378364598535
0.030974972656109045
0.0326533364262076
0.005173534568482907
-0.08721982612879486
-0.01686722086916248
0.04135586741642605
0.03882682382156144
-0.05654058267968054
0.041840431302949455
0.01347000313241331
0.13480548385110502
0.07518071596092746
-0.06720056781523276
0.07518071596092746
-0.022368622754905587
-0.018864353824572078
0.04371378571481266
-0.17661184642248884
-0.036421638107813514
0.01724199139330551
0.043334141200254805
0.01035787819304268
-0.022821982956040543
0.006143668794592827
0.08632977574364098
-0.007338419158481102
-0.06285634704832255
-0.01686722086916248
0.03208636570286316
0.0216176650818376
0.012394543666532698
-0.10013006587302442
-0.02496648159475967
0.029794720012301212
-0.032340875642459466
-0.036421638107813514
0.04827168718050601
0.06994395962703592
-0.03270475340709922
0.01046829599036414
-0.04022536987465397
-0.03563356684104946
-0.05983064969141072
-0.02375973362478856
-0.007317237093852569
-0.013878349100881593
0.07586149829868472
0.013109728048770641
0.04665297339942498
0.01579928711915457
0.13204555949274965
-0.007720686875989813
0.008665176454019985
-0.024170822975695394
-0.09359820865597968
-0.1218059774124729
-0.08285893181375492
-0.01249170093178087
0.0025784297617263974
-0.019514789449790015
0.1417808980890598
0.037107507807760065
-0.10013006587302442
0.06994395962703592
0.04920879849315085
-0.06193714350214741
-0.019391257313081667
0.06994395962703592
0.008665176454019985
0.03973066370480538
-0.03917887174705115
-0.04466517994807795
-0.0549153461639893
-0.014438989348697362
0.026653357334457617
-0.07414653786004877
0.006746455834750975
0.014780240742707562
0.04380656992791998
0.0216176650818376
0.013109728048770641
0.026653357334457617
-0.038466866176760206
-0.08285893181375492
0.020446479141682516
0.025649122658425227
0.049538360788050184
-0.024170822975695394
-0.018864353824572078
0.04590352204112591
-0.06720056781523276
-0.045496030668886966
0.04799414960212012
0.003822387934753202
-0.05129888770798985
0.04048653167530425
0.08759468040243501
0.01579928711915457
-0.014438989348697362
-0.0038562351615762935
0.13480548385110502
-0.047644828679283435
-0.05120330655862837
-0.007882998007099573
-0.02862716582831837
-0.02862716582831837
