-0.019514789449790015
0.04827168718050601
-0.0002495311402075373
-0.06720056781523276
0.0165919313161762
0.02520341309711238
0.062467374718552904
0.05425453554333082
0.0203593980283987
-0.0849833488167917
0.06925574960452696
0.05425453554333082
0.05168531023255696
-0.03133707462365809
-0.12033949778566289
-0.015144140805206874
0.043334141200254805
0.02451643163530548
0.02451643163530548
0.03443624877469453
-0.032259158022980294
0.05182100602750328
0.04606131559255999
-0.005818111085915234
-0.02862716582831837
-0.06720056781523276
0.0512476844333456
0.0844852260058202
-0.060513028914405353
0.07518071596092746
0.031017376704207678
-0.0357902826629255
0.037453479113841226
-0.06109953281700342
-0.032340875642459466
0.022194058573782982
-0.0002495311402075373
0.07382421435571018
0.045224792909892564
0.026458811902690726
-0.05416508205116166
0.006265799221320201
0.01699193585620762
0.06925574960452696
-0.037433866920196124
0.0844852260058202
0.08105492908796386
-0.027393577402978764
-0.06193714350214741
0.0276177252845331
-0.0851300246174862
0.08080248335888918
-0.05464289541014722
0.007058852839625374
0.08759468040243501
0.012390402416693647
0.020083040980136246
-0.022898889969576786
0.08759468040243501
0.013040071944516285
0.13204555949274965
0.001954162314668828
-0.08126108737944548
-0.051670301345440706
0.04333086414918519
0.08383912323474085
0.031017376704207678
-0.037433866920196124
0.02714223291166995
-0.0005187167995490682
0.020567585268201682
-0.09432889171755221
0.045224792909892564
-0.022821982956040543
-0.027789787343500905
0.0022689688502968153
-0.03695834061658587
-0.005818111085915234
-0.07465345378649157
0.04135586741642605
-0.05129888770798985
0.0022689688502968153
-0.032340875642459466
0.0576314646823306
-0.06285634704832255
-0.012372140541780041
-0.022898889969576786
0.014471610315426986
0.03443624877469453
0.06567138145123597
-0.032259158022980294
0.04380656992791998
-0.02862716582831837
-0.07724758378448726
-0.02496648159475967
0.04606131559255999
-0.018864353824572078
-0.03173275161671363
-0.022368622754905587
0.04823967565580034
0.020446479141682516
-0.03270475340709922
-0.03458770640829023
0.020083040980136246
0.022821768641877682
0.026458811902690726
0.034283772423341574
-0.037433866920196124
0.04590352204112591
0.02520341309711238
0.04665297339942498
0.03994035520780326
0.0512476844333456
0.1399333926158075
0.03208636570286316
0.023560334148108097
-0.06464003578883037
0.014471610315426986
-0.09432889171755221
-0.0549153461639893
0.06605801367827979
0.01724199139330551
0.013109728048770641
0.04995452527457189
0.06569838178769771
0.1399333926158075
0.062467374718552904
0.06567138145123597
0.006746455834750975
0.011999720455214913
-0.10819102148647719
0.06567138145123597
0.020083040980136246
0.003822387934753202
0.02520341309711238
-0.09359820865597968
0.028713620756199987
0.01699193585620762
0.09718899306107964
0.0461992712042818
0.023512429278589764
-0.0851300246174862
-0.02862716582831837
-0.13034379599603163
0.06318283133468316
0.013040071944516285
-0.005818111085915234
-0.06109953281700342
-0.0013205999854228878
0.08732358904095427
-0.06464003578883037
-0.01686722086916248
-0.05416508205116166
-0.027462288324585415
-0.05699148198311299
0.03882682382156144
-0.05464289541014722
0.023560334148108097
0.03443624877469453
0.023512429278589764
0.019778644828504
0.01347000313241331
-0.037433866920196124
-0.0489237727198617
0.008665176454019985
-0.002647647860884561
-0.05416508205116166
-0.1218059774124729
-0.022348210496932808
-0.05699148198311299
-0.08678886069673908
-0.021161035659430283
0.08080248335888918
0.049538360788050184
0.005173534568482907
-0.05282848588680089
0.03643980545838055
0.06806350229329183
-0.01844849936066506
-0.05586089089844393
-0.013878349100881593
0.025722681761052968
-0.07414653786004877
-0.019514789449790015
-0.004841918958801372
-0.0849833488167917
-0.024170822975695394
0.04827168718050601
-0.0008948035361102669
0.01579928711915457
0.06605801367827979
-0.021161035659430283
0.04729149119249154
0.026005039289207943
-0.05699148198311299
0.06316607709876365
0.026005039289207943
0.03882682382156144
0.020083040980136246
-0.0549153461639893
-0.04466517994807795
-0.07724758378448726
-0.007317237093852569
0.08302714817478662
-0.005818111085915234
0.04391937482752173
0.08383912323474085
-0.06464003578883037
0.08759468040243501
0.024801788304586125
-0.041376638974308655
-0.05416508205116166
-0.06464003578883037
-0.06464003578883037
0.05182100602750328
-0.027788545411032928
0.0461992712042818
-0.03917887174705115
0.04665297339942498
-0.009588853389239205
-0.045496030668886966
0.01613403625846388
0.06806350229329183
-0.08814864178677073
-0.05586089089844393
-0.03270475340709922
-0.007317237093852569
0.023560334148108097
-0.008416174423421019
0.008665176454019985
-0.08285893181375492
-0.17661184642248884
0.039209693040964666
0.04135586741642605
0.006143668794592827
0.026458811902690726
0.015089270086424023
0.0576314646823306
0.030974972656109045
-0.09432889171755221
-0.032340875642459466
0.08632977574364098
-0.17661184642248884
-0.0002868205956847447
-0.08285893181375492
-0.08721982612879486
0.08653619008305125
0.03863378364598535
0.04920879849315085
-0.2546008091448053
0.07060672059698447
-0.06464003578883037
0.04995452527457189
0.07586149829868472
-0.06258250876081561
0.06761705055254463
0.04371378571481266
0.11522232211929584
0.0515617796937029
-0.17661184642248884
0.03208636570286316
0.013065356771912562
-0.027788545411032928
-0.027789787343500905
0.13480548385110502
0.03863378364598535
0.013040071944516285
0.04729149119249154
0.06316607709876365
0.01579928711915457
-0.051670301345440706
0.020083040980136246
0.17000938109242547
0.024801788304586125
-0.0008948035361102669
-0.08285893181375492
0.04333086414918519
0.04799414960212012
0.023560334148108097
-0.08721982612879486
-0.032340875642459466
-0.019391257313081667
-0.027393577402978764
0.06316607709876365
0.11840346286310233
0.08105492908796386
-0.002647647860884561
-0.08143178414826124
-0.002647647860884561
0.045224792909892564
-0.1218059774124729
0.048059232237648075
0.01347000313241331
0.0344322264021244
0.025722681761052968
0.0016709762031741349
0.0844852260058202
0.056736527751481525
-0.03270475340709922
