0.020083040980136246
-0.0489237727198617
0.01046829599036414
-0.0636718542421022
0.06605801367827979
0.0576314646823306
-0.022898889969576786
0.0165919313161762
0.11522232211929584
0.0844852260058202
0.0278028767684102
0.0512476844333456
-0.09432889171755221
-0.0038562351615762935
-0.05129888770798985
-0.022368622754905587
-0.024170822975695394
0.030974972656109045
-0.014438989348697362
0.0576314646823306
0.0165919313161762
-0.051670301345440706
0.0326533364262076
0.045224792909892564
-0.007720686875989813
0.11840346286310233
0.0041948137923384365
0.0276177252845331
0.03861575224405023
0.1417808980890598
0.005173534568482907
0.08121523150568599
-0.01844849936066506
0.06292625909621563
0.08121523150568599
0.06567138145123597
0.06569838178769771
0.01661350063361855
0.031017376704207678
-0.10013006587302442
-0.10013006587302442
0.1417808980890598
-0.07465345378649157
0.08732358904095427
-0.07892951287026762
0.08080248335888918
0.08632977574364098
-0.09570667993071069
-0.06193714350214741
-0.022348210496932808
0.06925574960452696
-0.0636718542421022
-0.0007657730469858848
0.01724199139330551
0.013065356771912562
-0.02496648159475967
-0.0013205999854228878
0.17000938109242547
-0.007882998007099573
-0.045496030668886966
0.04729149119249154
-0.07212958518599066
-0.015144140805206874
-0.007543661478351282
-0.002205271978588108
-0.019391257313081667
0.006143668794592827
0.01035787819304268
-0.0002495311402075373
0.0278028767684102
0.01579928711915457
0.025524068456756588
0.037107507807760065
-0.10013006587302442
0.017908695057996304
-0.12033949778566289
0.005173534568482907
-0.038466866176760206
-0.004841918958801372
0.04283497654615154
-0.09359820865597968
-0.010204897362879883
-0.038466866176760206
0.006265799221320201
0.08080248335888918
-0.027462288324585415
-0.05464289541014722
-0.017242733713295877
0.01716964896203166
0.022821768641877682
-0.0005187167995490682
0.022194058573782982
0.025722681761052968
-0.07465345378649157
0.062467374718552904
0.13204555949274965
-0.04466517994807795
-0.03997727574944321
-0.027462288324585415
-0.007543661478351282
-0.0005187167995490682
-0.13034379599603163
-0.050143819123519506
0.13204555949274965
-0.022622356364218277
-0.05282848588680089
-0.005105231073404326
-0.04022536987465397
0.08080248335888918
0.06605801367827979
0.08759468040243501
-0.10819102148647719
0.007058852839625374
0.015089270086424023
0.047513051758585334
-0.03458770640829023
-0.08110299466350668
-0.002205271978588108
0.0276177252845331
0.0203593980283987
-0.028034859824940028
0.022821768641877682
-0.015144140805206874
0.1399333926158075
-0.08126108737944548
0.026005039289207943
0.006143668794592827
-0.049962429852048906
-0.06720056781523276
-0.015144140805206874
0.003822387934753202
0.03443624877469453
-0.0002495311402075373
0.0515617796937029
0.05182100602750328
0.0016709762031741349
0.0027859037974478085
0.012390402416693647
-0.019391257313081667
0.07060672059698447
0.025524068456756588
0.009856619194733796
-0.0013205999854228878
0.06316607709876365
0.03443624877469453
-0.05120330655862837
0.08759468040243501
0.049538360788050184
0.003822387934753202
0.06761705055254463
-0.037433866920196124
-0.037433866920196124
0.015089270086424023
-0.0007657730469858848
0.08121523150568599
0.029794720012301212
-0.007317237093852569
-0.04022536987465397
0.01716964896203166
-0.0038562351615762935
0.009856619194733796
0.013065356771912562
0.01347000313241331
0.0688088340488946
-0.014438989348697362
0.15300088602597928
0.15300088602597928
0.026653357334457617
-0.03917887174705115
-0.06053051312501001
-0.013771885982464482
-0.03133707462365809
-0.009357776553262198
0.0025784297617263974
-0.010204897362879883
-0.012150300762606037
-0.008416174423421019
0.006143668794592827
0.022821768641877682
-0.015144140805206874
0.045224792909892564
-0.028034859824940028
-0.03270475340709922
0.01046829599036414
0.04299886054755575
-0.03917887174705115
-0.06193714350214741
0.012299756912504733
0.1417808980890598
-0.009357776553262198
0.039209693040964666
0.07518071596092746
0.019778644828504
0.062467374718552904
-0.07892951287026762
0.01613403625846388
0.04048653167530425
-0.06638125688640528
0.03973066370480538
-0.01844849936066506
-0.0011970474263076625
0.08632977574364098
0.0844852260058202
0.009856619194733796
-0.05464289541014722
-0.036421638107813514
0.15300088602597928
0.043334141200254805
0.039209693040964666
0.05799658946616226
-0.017242733713295877
0.051344950513199095
0.012390402416693647
-0.012150300762606037
0.0461992712042818
0.0344322264021244
0.04920879849315085
0.011999720455214913
0.023512429278589764
0.08799230776265521
0.030122729138618354
0.01046829599036414
0.025524068456756588
-0.022622356364218277
0.005173534568482907
-0.005818111085915234
-0.07075486294590672
0.037107507807760065
-0.011743957061684185
0.02927401578257438
0.04665297339942498
-0.05586089089844393
0.03863378364598535
-0.045496030668886966
0.05425453554333082
-0.06193714350214741
0.006143668794592827
0.07518071596092746
0.015089270086424023
-0.05464289541014722
0.10240276235625068
0.04469322213864224
-0.050143819123519506
0.03994035520780326
-0.0357902826629255
0.0844852260058202
0.013109728048770641
-0.037433866920196124
-0.0008948035361102669
-0.05282848588680089
0.030974972656109045
-0.06226621690008294
0.05182100602750328
-0.01956931117570271
0.005173534568482907
0.043334141200254805
-0.03173275161671363
-0.009357776553262198
0.06994395962703592
0.06569838178769771
0.03973066370480538
0.09718899306107964
0.01661350063361855
0.01579928711915457
0.0515617796937029
-0.09570667993071069
-0.01844849936066506
-0.09359820865597968
-0.03133707462365809
-0.08814864178677073
0.0016709762031741349
-0.05699148198311299
0.15300088602597928
0.041840431302949455
-0.0002868205956847447
-0.027789787343500905
0.01347000313241331
0.04823967565580034
-0.017242733713295877
0.02432879134386301
-0.06258250876081561
-0.03563356684104946
0.034283772423341574
0.039209693040964666
0.01613403625846388
0.11522232211929584
-0.004841918958801372
-0.002647647860884561
0.013065356771912562
-0.0849833488167917
-0.0002495311402075373
0.022821768641877682
-0.0002868205956847447
-0.06053051312501001
0.006143668794592827
-0.014438989348697362
0.025722681761052968
0.05168531023255696
-0.01844849936066506
