0.012394543666532698
0.014471610315426986
0.06605801367827979
-0.014438989348697362
0.17000938109242547
0.01699193585620762
0.023512429278589764
-0.03133707462365809
-0.02375973362478856
-0.05416508205116166
0.10240276235625068
-0.017242733713295877
0.04333086414918519
-0.014438989348697362
-0.019391257313081667
0.0203593980283987
0.056736527751481525
-0.03270475340709922
-0.05464289541014722
-0.05654058267968054
-0.08678886069673908
-0.0002868205956847447
-0.010532567714866659
0.0016709762031741349
-0.024170822975695394
-0.060513028914405353
0.025524068456756588
-0.038466866176760206
-0.022622356364218277
0.02451643163530548
0.08080248335888918
-0.0011970474263076625
0.07382421435571018
0.10109672394520075
-0.028034859824940028
-0.012372140541780041
0.15300088602597928
-0.038466866176760206
-0.08721982612879486
0.04299886054755575
0.04391937482752173
-0.022898889969576786
-0.032259158022980294
0.05182100602750328
-0.012372140541780041
0.0016709762031741349
0.0461992712042818
0.030974972656109045
0.02708189422255458
0.03208636570286316
0.02927401578257438
0.039209693040964666
0.06605801367827979
0.05182100602750328
0.022194058573782982
0.03861575224405023
0.01035787819304268
-0.13034379599603163
-0.032340875642459466
0.08383912323474085
0.011999720455214913
-0.03695834061658587
0.03443624877469453
-0.007317237093852569
0.02708189422255458
0.022194058573782982
0.0844852260058202
0.04729149119249154
0.018593646962060006
-0.01844849936066506
-0.09359820865597968
-0.007338419158481102
0.08302714817478662
-0.005105231073404326
-0.05699148198311299
0.005173534568482907
-0.1218059774124729
-0.03045002278091502
0.014471610315426986
0.0512476844333456
-0.08721982612879486
0.0216176650818376
-0.036421638107813514
-0.0357902826629255
-0.03458770640829023
0.01046829599036414
0.10109672394520075
0.06567138145123597
0.008505479129739868
0.06605801367827979
0.013040071944516285
0.10240276235625068
-0.004841918958801372
-0.10013006587302442
0.02520341309711238
0.003822387934753202
-0.002647647860884561
0.04135586741642605
-0.0007657730469858848
0.11522232211929584
0.1417808980890598
0.017908695057996304
-0.0489237727198617
0.02432879134386301
0.0216176650818376
-0.02496648159475967
0.030974972656109045
0.10109672394520075
-0.0549153461639893
-0.10819102148647719
-0.0636718542421022
-0.0002495311402075373
0.06228267241298191
-0.038466866176760206
0.01613403625846388
-0.02243129284092049
0.01035787819304268
-0.07892951287026762
0.05198789125700998
0.051344950513199095
0.015089270086424023
0.05425453554333082
0.037453479113841226
-0.060513028914405353
-0.07465345378649157
0.013040071944516285
-0.0849833488167917
0.026005039289207943
0.04606131559255999
0.08383912323474085
0.04823967565580034
-0.08721982612879486
-0.0002495311402075373
0.0576314646823306
-0.01686722086916248
0.01613403625846388
0.06316607709876365
-0.013878349100881593
0.01046829599036414
0.039209693040964666
0.07060672059698447
0.07060672059698447
0.04590352204112591
0.041840431302949455
0.07586149829868472
0.026653357334457617
-0.03173275161671363
0.0461992712042818
0.05198789125700998
0.008665176454019985
-0.008416174423421019
0.10109672394520075
0.023512429278589764
0.025524068456756588
-0.010532567714866659
0.024801788304586125
-0.007720686875989813
-0.019514789449790015
0.08302714817478662
0.0016709762031741349
-0.027393577402978764
-0.028034859824940028
0.17000938109242547
-0.028034859824940028
0.06567138145123597
0.15300088602597928
-0.022622356364218277
0.056736527751481525
0.0027859037974478085
-0.05416508205116166
0.01579928711915457
0.041840431302949455
0.020567585268201682
-0.045496030668886966
0.03443624877469453
0.013109728048770641
-0.22146034456414654
0.04790976101641675
0.023512429278589764
0.018593646962060006
0.04371378571481266
-0.01686722086916248
-0.032259158022980294
0.08653619008305125
-0.049962429852048906
-0.041376638974308655
-0.045496030668886966
-0.10819102148647719
-0.005105231073404326
0.030122729138618354
0.11522232211929584
0.026458811902690726
0.06925574960452696
0.01347000313241331
0.0025784297617263974
0.02432879134386301
0.0216176650818376
0.0276177252845331
-0.06226621690008294
0.06994395962703592
-0.08721982612879486
0.009856619194733796
0.04606131559255999
0.02927401578257438
0.026458811902690726
-0.013771885982464482
-0.014438989348697362
0.020083040980136246
0.031017376704207678
0.006746455834750975
-0.004841918958801372
-0.009357776553262198
0.09718899306107964
-0.04126132556270612
0.037453479113841226
0.0515617796937029
-0.01844849936066506
0.02520341309711238
-0.0002868205956847447
-0.0038562351615762935
0.04606131559255999
0.028713620756199987
-0.012372140541780041
-0.05129888770798985
-0.027393577402978764
-0.01249170093178087
-0.08721982612879486
0.1417808980890598
0.023512429278589764
-0.1218059774124729
0.014471610315426986
0.02520341309711238
0.02773636562208104
-0.007338419158481102
-0.010204897362879883
0.006746455834750975
0.04135586741642605
0.019778644828504
-0.06258250876081561
-0.07724758378448726
-0.009357776553262198
0.047513051758585334
0.08653619008305125
0.0216176650818376
0.15300088602597928
-0.005818111085915234
-0.009588853389239205
-0.07892951287026762
0.04827168718050601
-0.08814864178677073
0.06569838178769771
0.04590352204112591
0.08653619008305125
-0.08285893181375492
0.013040071944516285
-0.007317237093852569
-0.06285634704832255
-0.027462288324585415
-0.01249170093178087
0.06292625909621563
-0.021161035659430283
-0.03917887174705115
-0.037433866920196124
0.04371378571481266
0.06228267241298191
0.012394543666532698
-0.0636718542421022
0.02773636562208104
0.04827168718050601
0.10240276235625068
-0.038466866176760206
0.024801788304586125
0.056736527751481525
-0.07465345378649157
-0.009357776553262198
0.023560334148108097
0.025649122658425227
-0.022622356364218277
0.025524068456756588
-0.05983064969141072
0.0461992712042818
-0.05586089089844393
-0.010204897362879883
0.05182100602750328
-0.007338419158481102
-0.05416508205116166
0.020083040980136246
0.11522232211929584
0.06364954486786978
-0.0013205999854228878
0.007058852839625374
-0.01956931117570271
-0.05586089089844393
-0.08126108737944548
0.03208636570286316
0.012390402416693647
0.006265799221320201
-0.06193714350214741
-0.06638125688640528
