0.039209693040964666
0.030974972656109045
0.02708189422255458
0.13480548385110502
-0.05586089089844393
-0.05586089089844393
0.04799414960212012
0.05182100602750328
0.06228267241298191
-0.019514789449790015
-0.007317237093852569
0.020567585268201682
0.04827168718050601
0.05425453554333082
0.051344950513199095
-0.0038562351615762935
-0.01686722086916248
-0.022821982956040543
0.04283497654615154
0.0022689688502968153
-0.06285634704832255
-0.017242733713295877
-0.050143819123519506
0.04790976101641675
-0.06720056781523276
0.045224792909892564
0.029794720012301212
0.037453479113841226
0.030122729138618354
0.023512429278589764
-0.2546008091448053
0.041840431302949455
-0.0007657730469858848
0.001954162314668828
0.02773636562208104
-0.022821982956040543
0.030974972656109045
0.014471610315426986
0.01046829599036414
0.037453479113841226
-0.007882998007099573
0.03973066370480538
-0.012372140541780041
0.08105492908796386
0.13204555949274965
0.07586149829868472
0.018593646962060006
0.012394543666532698
0.049538360788050184
-0.009588853389239205
0.1399333926158075
-0.007720686875989813
0.006746455834750975
0.0344322264021244
0.005173534568482907
-0.047644828679283435
0.01661350063361855
0.04799414960212012
0.025649122658425227
0.13204555949274965
0.012390402416693647
-0.018864353824572078
0.02708189422255458
-0.05120330655862837
0.02451643163530548
0.08759468040243501
0.025649122658425227
0.04135586741642605
-0.004841918958801372
-0.09432889171755221
0.06994395962703592
0.06605801367827979
0.022821768641877682
-0.007882998007099573
0.0326533364262076
-0.038466866176760206
0.006746455834750975
0.026653357334457617
0.03882682382156144
-0.009588853389239205
0.03208636570286316
0.0515617796937029
-0.041376638974308655
-0.07414653786004877
-0.008416174423421019
-0.05983064969141072
-0.012150300762606037
0.13480548385110502
0.02520341309711238
-0.03520416182162833
0.09718899306107964
0.024801788304586125
-0.02862716582831837
-0.07075486294590672
0.01724199139330551
0.11840346286310233
0.0512476844333456
0.08799230776265521
0.06364954486786978
0.01035787819304268
-0.03563356684104946
-0.15702055781469149
0.0515617796937029
0.06364954486786978
0.01347000313241331
-0.007317237093852569
0.011553574399841615
0.039209693040964666
0.05425453554333082
0.04827168718050601
-0.022898889969576786
-0.027393577402978764
-0.0489237727198617
-0.12033949778566289
-0.027462288324585415
0.0278028767684102
0.03863378364598535
-0.022368622754905587
0.03861575224405023
0.043334141200254805
0.017908695057996304
0.01579928711915457
0.06761705055254463
-0.03563356684104946
0.041840431302949455
-0.22146034456414654
-0.032340875642459466
0.034283772423341574
-0.06720056781523276
0.08799230776265521
0.005082074600808895
0.013109728048770641
0.07518071596092746
-0.013771885982464482
0.011553574399841615
-0.05120330655862837
0.04135586741642605
-0.014438989348697362
0.06761705055254463
0.08080248335888918
0.013040071944516285
-0.01844849936066506
0.001954162314668828
0.0025784297617263974
0.04333086414918519
0.006746455834750975
0.03443624877469453
-0.01956931117570271
-0.03173275161671363
-0.05464289541014722
-0.03695834061658587
0.04995452527457189
0.013040071944516285
0.06761705055254463
-0.03458770640829023
-0.07212958518599066
-0.06720056781523276
-0.022368622754905587
-0.027462288324585415
0.0165919313161762
0.03643980545838055
-0.0636718542421022
0.031017376704207678
0.06994395962703592
0.037107507807760065
-0.036421638107813514
0.025649122658425227
0.029794720012301212
-0.028034859824940028
-0.05120330655862837
0.04590352204112591
0.019778644828504
0.06318283133468316
0.014780240742707562
0.018593646962060006
0.08176108754913614
0.01579928711915457
0.013065356771912562
-0.050143819123519506
-0.002647647860884561
-0.03270475340709922
-0.05120330655862837
-0.051670301345440706
0.019778644828504
-0.019514789449790015
0.0461992712042818
-0.017242733713295877
-0.038466866176760206
-0.017242733713295877
-0.05586089089844393
-0.03045002278091502
-0.01249170093178087
-0.0636718542421022
0.09718899306107964
-0.07724758378448726
-0.027789787343500905
0.030122729138618354
0.0216176650818376
-0.02496648159475967
-0.022368622754905587
0.023512429278589764
-0.0549153461639893
-0.022898889969576786
-0.022898889969576786
0.05799658946616226
-0.09432889171755221
0.04048653167530425
0.11840346286310233
-0.05699148198311299
0.025524068456756588
-0.05129888770798985
0.0512476844333456
-0.01249170093178087
-0.009588853389239205
-0.027393577402978764
0.0203593980283987
0.019778644828504
-0.002205271978588108
0.003822387934753202
0.013065356771912562
0.049538360788050184
-0.027789787343500905
0.08176108754913614
0.047513051758585334
0.025524068456756588
-0.045496030668886966
0.0165919313161762
-0.13034379599603163
-0.06109953281700342
-0.01956931117570271
-0.010532567714866659
0.02714223291166995
0.02773636562208104
0.006143668794592827
0.0576314646823306
0.013109728048770641
-0.0013205999854228878
0.02432879134386301
-0.05699148198311299
-0.05699148198311299
0.011553574399841615
-0.03695834061658587
0.0344322264021244
0.1399333926158075
0.04371378571481266
0.025524068456756588
0.07586149829868472
0.05198789125700998
-0.0007657730469858848
-0.012372140541780041
0.0515617796937029
0.08759468040243501
0.04799414960212012
0.04333086414918519
-0.09570667993071069
0.08759468040243501
0.08302714817478662
-0.05699148198311299
0.006265799221320201
0.022194058573782982
0.06292625909621563
-0.02496648159475967
-0.0038562351615762935
0.06316607709876365
-0.08678886069673908
0.01724199139330551
-0.018864353824572078
0.04371378571481266
-0.022622356364218277
0.03973066370480538
-0.007882998007099573
0.013065356771912562
0.06569838178769771
0.062467374718552904
0.048059232237648075
0.008505479129739868
-0.08678886069673908
-0.06258250876081561
-0.022821982956040543
0.1417808980890598
0.03643980545838055
0.1417808980890598
0.04299886054755575
-0.010204897362879883
-0.07892951287026762
0.01046829599036414
-0.013771885982464482
0.0216176650818376
0.006746455834750975
-0.04022536987465397
-0.022622356364218277
0.0688088340488946
-0.022368622754905587
0.012394543666532698
0.04590352204112591
-0.2546008091448053
-0.024170822975695394
0.005173534568482907
0.08105492908796386
