0.0512476844333456
0.06761705055254463
0.04729149119249154
0.03208636570286316
0.04469322213864224
-0.07892951287026762
0.045224792909892564
0.0688088340488946
0.04590352204112591
0.05182100602750328
0.02432879134386301
-0.032340875642459466
-0.049962429852048906
-0.0002495311402075373
0.02451643163530548
-0.027393577402978764
0.022194058573782982
-0.011743957061684185
0.04380656992791998
-0.012372140541780041
0.03861575224405023
-0.0002868205956847447
-0.06109953281700342
0.02927401578257438
-0.017136936568830308
0.01613403625846388
-0.027789787343500905
0.01035787819304268
-0.0005187167995490682
0.026005039289207943
0.062467374718552904
-0.019514789449790015
0.005082074600808895
-0.019514789449790015
-0.022348210496932808
0.04920879849315085
0.1399333926158075
0.06364954486786978
-0.01249170093178087
0.013065356771912562
0.05168531023255696
0.02714223291166995
0.012394543666532698
-0.0849833488167917
-0.07414653786004877
0.006143668794592827
-0.05699148198311299
-0.03270475340709922
0.06925574960452696
-0.014438989348697362
0.03861575224405023
-0.02862716582831837
-0.0636718542421022
0.006265799221320201
-0.0008948035361102669
0.03973066370480538
-0.013771885982464482
-0.13034379599603163
-0.09432889171755221
-0.06226621690008294
-0.06720056781523276
0.0016709762031741349
0.03208636570286316
0.045224792909892564
0.01724199139330551
0.014471610315426986
0.019778644828504
0.04371378571481266
-0.05282848588680089
-0.019391257313081667
0.04790976101641675
-0.0005187167995490682
-0.03563356684104946
0.018593646962060006
0.06567138145123597
-0.05699148198311299
-0.0005187167995490682
-0.038466866176760206
-0.06285634704832255
-0.032340875642459466
-0.041376638974308655
-0.045496030668886966
0.08653619008305125
-0.22146034456414654
-0.027788545411032928
-0.013771885982464482
0.049538360788050184
-0.07892951287026762
-0.03270475340709922
0.014780240742707562
0.07518071596092746
0.0688088340488946
-0.07892951287026762
0.05168531023255696
-0.051670301345440706
0.08653619008305125
-0.060513028914405353
0.05168531023255696
0.03208636570286316
0.03861575224405023
0.020083040980136246
-0.22146034456414654
0.0844852260058202
-0.22146034456414654
0.013109728048770641
0.03994035520780326
0.01661350063361855
0.08383912323474085
-0.10819102148647719
0.04590352204112591
-0.02243129284092049
0.06994395962703592
-0.022348210496932808
-0.036421638107813514
0.049538360788050184
-0.0038562351615762935
0.019778644828504
0.04371378571481266
-0.0357902826629255
-0.022348210496932808
-0.07212958518599066
-0.0005187167995490682
-0.07414653786004877
0.04995452527457189
0.03443624877469453
-0.007317237093852569
0.02451643163530548
0.012390402416693647
-0.05416508205116166
0.08105492908796386
0.04665297339942498
-0.024170822975695394
0.037453479113841226
0.04380656992791998
0.049538360788050184
0.0022689688502968153
-0.036421638107813514
0.0016709762031741349
-0.060513028914405353
0.04469322213864224
0.03882682382156144
0.06316607709876365
0.023560334148108097
-0.002647647860884561
-0.12033949778566289
0.07060672059698447
0.04995452527457189
0.03882682382156144
-0.008416174423421019
0.04790976101641675
-0.02496648159475967
0.017908695057996304
0.08121523150568599
0.039209693040964666
-0.01844849936066506
0.06316607709876365
-0.08814864178677073
0.04333086414918519
-0.027462288324585415
0.003822387934753202
0.04283497654615154
0.03882682382156144
0.025649122658425227
0.019778644828504
-0.05699148198311299
0.06316607709876365
0.04299886054755575
0.08632977574364098
0.01579928711915457
0.10109672394520075
-0.02862716582831837
-0.03173275161671363
0.06569838178769771
0.07586149829868472
0.026458811902690726
-0.005818111085915234
-0.05699148198311299
0.06567138145123597
0.13480548385110502
-0.05416508205116166
-0.019391257313081667
-0.08678886069673908
0.0016709762031741349
-0.03045002278091502
-0.0636718542421022
-0.051670301345440706
-0.0007657730469858848
0.08302714817478662
-0.1218059774124729
-0.02375973362478856
0.03861575224405023
-0.07414653786004877
0.006746455834750975
0.04920879849315085
0.0022689688502968153
0.003822387934753202
0.0278028767684102
-0.007543661478351282
0.04823967565580034
-0.08678886069673908
-0.07724758378448726
0.04371378571481266
0.0326533364262076
0.026005039289207943
-0.08126108737944548
0.06994395962703592
0.045224792909892564
0.013040071944516285
0.03882682382156144
-0.028034859824940028
0.06292625909621563
-0.05120330655862837
-0.03917887174705115
0.13480548385110502
-0.0005187167995490682
0.0461992712042818
0.05425453554333082
-0.0002495311402075373
-0.019514789449790015
0.026458811902690726
0.013109728048770641
0.043334141200254805
0.023512429278589764
0.0016709762031741349
0.024801788304586125
0.08105492908796386
0.037453479113841226
-0.05983064969141072
0.04135586741642605
-0.03563356684104946
0.030122729138618354
0.03863378364598535
0.009856619194733796
-0.0357902826629255
0.01347000313241331
-0.028034859824940028
0.06569838178769771
-0.08126108737944548
0.02708189422255458
-0.0038562351615762935
0.01613403625846388
-0.027789787343500905
-0.047644828679283435
-0.05129888770798985
0.048059232237648075
0.05182100602750328
0.1417808980890598
0.020567585268201682
-0.007317237093852569
-0.032340875642459466
0.031017376704207678
0.0041948137923384365
0.10240276235625068
-0.0005187167995490682
0.012394543666532698
-0.05129888770798985
-0.007882998007099573
-0.0005187167995490682
-0.019514789449790015
-0.01686722086916248
0.0515617796937029
0.03973066370480538
0.02773636562208104
0.01347000313241331
-0.03520416182162833
0.08759468040243501
0.01613403625846388
-0.049962429852048906
-0.0038562351615762935
-0.08721982612879486
-0.13034379599603163
-0.06193714350214741
0.11522232211929584
0.03443624877469453
-0.07465345378649157
-0.0849833488167917
0.025524068456756588
0.003822387934753202
0.037107507807760065
0.06318283133468316
-0.0011970474263076625
0.07518071596092746
-0.0002495311402075373
0.04790976101641675
0.06318283133468316
-0.002647647860884561
0.051344950513199095
-0.13034379599603163
-0.10013006587302442
0.0326533364262076
-0.22146034456414654
0.04371378571481266
0.03208636570286316
0.04799414960212012
-0.04466517994807795
-0.10013006587302442
-0.06109953281700342
0.030974972656109045
-0.009357776553262198
