-0.013878349100881593
-0.005105231073404326
0.02708189422255458
0.09718899306107964
-0.06053051312501001
-0.05120330655862837
-0.037433866920196124
0.04995452527457189
-0.036421638107813514
0.011999720455214913
0.04469322213864224
-0.04466517994807795
-0.08110299466350668
-0.05120330655862837
-0.05983064969141072
-0.03917887174705115
0.026005039289207943
-0.0007657730469858848
-0.08285893181375492
-0.04022536987465397
0.01716964896203166
-0.045496030668886966
0.01724199139330551
0.07382421435571018
0.028713620756199987
0.01699193585620762
-0.03917887174705115
0.04135586741642605
0.04048653167530425
-0.041376638974308655
-0.1218059774124729
0.1417808980890598
-0.03563356684104946
0.003822387934753202
-0.010532567714866659
-0.03997727574944321
0.08302714817478662
0.0844852260058202
0.015089270086424023
0.04299886054755575
0.001954162314668828
-0.038466866176760206
-0.03520416182162833
-0.005105231073404326
0.022821768641877682
0.11522232211929584
0.01046829599036414
0.045224792909892564
0.0027859037974478085
-0.037433866920196124
0.020083040980136246
-0.022622356364218277
0.08759468040243501
-0.09432889171755221
-0.07212958518599066
-0.015144140805206874
-0.12033949778566289
0.006143668794592827
0.02520341309711238
0.06605801367827979
0.04333086414918519
0.02451643163530548
-0.06226621690008294
-0.022821982956040543
-0.03173275161671363
-0.0357902826629255
-0.007543661478351282
0.02927401578257438
0.08383912323474085
-0.004841918958801372
-0.05282848588680089
0.014471610315426986
-0.049962429852048906
0.0278028767684102
0.049538360788050184
0.02708189422255458
0.0576314646823306
0.023560334148108097
-0.032259158022980294
0.008665176454019985
0.025524068456756588
0.04380656992791998
0.047513051758585334
0.06761705055254463
-0.050143819123519506
0.04135586741642605
0.030974972656109045
-0.050143819123519506
0.0326533364262076
0.03643980545838055
0.0512476844333456
-0.012372140541780041
-0.1218059774124729
0.006143668794592827
0.01347000313241331
-0.01844849936066506
0.07518071596092746
0.034283772423341574
0.08302714817478662
0.0276177252845331
0.030974972656109045
0.008505479129739868
-0.027788545411032928
-0.027462288324585415
0.05198789125700998
-0.021161035659430283
0.13480548385110502
0.039209693040964666
-0.0002495311402075373
-0.050143819123519506
-0.013771885982464482
-0.15702055781469149
0.001954162314668828
0.030122729138618354
-0.01844849936066506
0.020083040980136246
-0.1218059774124729
0.026458811902690726
-0.05416508205116166
0.04995452527457189
-0.038466866176760206
0.04048653167530425
0.04729149119249154
0.028713620756199987
0.03208636570286316
-0.018864353824572078
0.0576314646823306
0.04299886054755575
-0.06464003578883037
-0.0849833488167917
-0.06720056781523276
-0.07465345378649157
0.0278028767684102
0.04135586741642605
-0.024170822975695394
-0.010532567714866659
0.04827168718050601
-0.017136936568830308
0.06567138145123597
0.013040071944516285
0.07586149829868472
-0.014438989348697362
-0.08143178414826124
-0.032340875642459466
0.0278028767684102
-0.009357776553262198
0.028713620756199987
-0.07724758378448726
-0.027462288324585415
-0.018864353824572078
-0.03270475340709922
-0.08143178414826124
-0.05416508205116166
-0.02375973362478856
-0.0005187167995490682
0.026653357334457617
-0.022622356364218277
-0.01844849936066506
-0.024170822975695394
0.08080248335888918
-0.041376638974308655
0.03994035520780326
0.023512429278589764
-0.028034859824940028
0.001954162314668828
-0.06464003578883037
-0.03133707462365809
-0.027393577402978764
0.006746455834750975
-0.0357902826629255
-0.013878349100881593
-0.012372140541780041
0.041840431302949455
0.01579928711915457
-0.10013006587302442
0.013040071944516285
-0.007882998007099573
0.034283772423341574
0.012394543666532698
0.0344322264021244
-0.019391257313081667
-0.036421638107813514
0.012390402416693647
0.037453479113841226
0.006265799221320201
0.06761705055254463
0.022821768641877682
0.05436809318039337
0.02520341309711238
0.045224792909892564
0.03443624877469453
0.01661350063361855
0.05425453554333082
-0.07075486294590672
0.05198789125700998
0.08105492908796386
-0.03997727574944321
0.04299886054755575
0.06292625909621563
0.17000938109242547
-0.002205271978588108
-0.05129888770798985
0.0515617796937029
-0.06720056781523276
-0.05120330655862837
-0.06226621690008294
0.07586149829868472
-0.017136936568830308
0.04606131559255999
0.012394543666532698
-0.038466866176760206
0.030122729138618354
-0.03997727574944321
0.04995452527457189
-0.017136936568830308
-0.027788545411032928
-0.002205271978588108
-0.0636718542421022
-0.05586089089844393
0.05436809318039337
-0.008416174423421019
-0.05129888770798985
-0.05129888770798985
-0.007543661478351282
-0.07075486294590672
0.0844852260058202
-0.015144140805206874
-0.06638125688640528
0.05799658946616226
-0.22146034456414654
0.13204555949274965
-0.019391257313081667
0.02432879134386301
-0.08285893181375492
-0.09570667993071069
-0.08285893181375492
0.014471610315426986
0.0165919313161762
-0.027462288324585415
-0.1218059774124729
0.04790976101641675
0.04995452527457189
0.02451643163530548
0.03861575224405023
-0.027789787343500905
-0.05120330655862837
-0.03173275161671363
0.013065356771912562
0.028713620756199987
0.01579928711915457
-0.051670301345440706
0.06316607709876365
0.0165919313161762
0.0688088340488946
0.019778644828504
-0.04466517994807795
-0.015144140805206874
-0.022821982956040543
0.06994395962703592
0.10109672394520075
-0.032259158022980294
0.07060672059698447
-0.012372140541780041
0.11522232211929584
-0.09432889171755221
0.15300088602597928
-0.03695834061658587
-0.07465345378649157
0.014780240742707562
0.04590352204112591
0.031017376704207678
-0.2546008091448053
-0.10819102148647719
-0.004841918958801372
0.0025784297617263974
0.022821768641877682
0.02714223291166995
-0.017136936568830308
0.02708189422255458
0.026005039289207943
0.04827168718050601
0.011999720455214913
-0.027393577402978764
0.04380656992791998
0.11522232211929584
-0.041376638974308655
-0.0849833488167917
0.06292625909621563
0.06364954486786978
0.030122729138618354
0.01613403625846388
0.03443624877469453
-0.12033949778566289
0.018593646962060006
0.04380656992791998
-0.036421638107813514
-0.0008948035361102669
0.01716964896203166
-0.02496648159475967
