0.02773636562208104
-0.018864353824572078
0.03643980545838055
-0.002647647860884561
-0.007543661478351282
0.05799658946616226
-0.009588853389239205
-0.03520416182162833
0.0025784297617263974
-0.0002495311402075373
-0.022821982956040543
-0.04126132556270612
0.04606131559255999
0.0844852260058202
-0.005105231073404326
0.04799414960212012
-0.019514789449790015
-0.09359820865597968
0.013109728048770641
0.0027859037974478085
0.04391937482752173
-0.0489237727198617
0.01613403625846388
0.020446479141682516
-0.0008948035361102669
-0.014438989348697362
-0.010204897362879883
0.08383912323474085
0.006746455834750975
-0.03917887174705115
0.018593646962060006
0.06925574960452696
0.02432879134386301
0.0025784297617263974
0.08302714817478662
0.08383912323474085
-0.05416508205116166
0.0326533364262076
-0.1218059774124729
0.1417808980890598
0.008665176454019985
-0.010532567714866659
0.0344322264021244
-0.050143819123519506
-0.06285634704832255
0.045224792909892564
-0.045496030668886966
0.03973066370480538
0.0016709762031741349
-0.014438989348697362
0.0844852260058202
-0.09432889171755221
0.039209693040964666
-0.17661184642248884
-0.08110299466350668
0.10240276235625068
-0.06720056781523276
0.08732358904095427
0.0025784297617263974
-0.03458770640829023
-0.010204897362879883
0.04920879849315085
-0.09570667993071069
-0.019391257313081667
0.03208636570286316
-0.005105231073404326
0.015089270086424023
-0.03520416182162833
-0.008416174423421019
-0.05654058267968054
0.048059232237648075
0.06925574960452696
0.08080248335888918
0.15300088602597928
0.04371378571481266
0.06364954486786978
-0.01956931117570271
-0.05983064969141072
0.07586149829868472
0.020567585268201682
0.006143668794592827
0.020083040980136246
-0.017242733713295877
0.08759468040243501
-0.018864353824572078
-0.028034859824940028
0.08121523150568599
-0.037433866920196124
-0.06258250876081561
0.17000938109242547
-0.022622356364218277
-0.005818111085915234
0.0216176650818376
0.037453479113841226
0.03208636570286316
-0.019391257313081667
-0.03270475340709922
0.037453479113841226
0.013065356771912562
-0.05120330655862837
0.001954162314668828
0.01046829599036414
0.031017376704207678
-0.007720686875989813
0.026653357334457617
-0.03173275161671363
0.006143668794592827
0.06925574960452696
0.006265799221320201
0.08105492908796386
0.030122729138618354
0.04799414960212012
0.01035787819304268
0.04380656992791998
0.013040071944516285
0.04790976101641675
0.01035787819304268
-0.0849833488167917
0.01613403625846388
-0.049962429852048906
0.018593646962060006
0.051344950513199095
0.04333086414918519
-0.0008948035361102669
-0.0008948035361102669
0.08302714817478662
-0.01249170093178087
-0.03270475340709922
0.026653357334457617
-0.01844849936066506
0.07382421435571018
0.01579928711915457
0.01716964896203166
-0.03563356684104946
0.08799230776265521
-0.022368622754905587
0.026458811902690726
0.005173534568482907
0.007058852839625374
0.03973066370480538
-0.005818111085915234
-0.02243129284092049
0.04135586741642605
-0.007338419158481102
0.08105492908796386
0.1399333926158075
-0.0013205999854228878
0.06925574960452696
-0.04022536987465397
0.013040071944516285
-0.06464003578883037
0.1399333926158075
-0.012372140541780041
0.029794720012301212
-0.027789787343500905
-0.10013006587302442
-0.04466517994807795
0.030122729138618354
0.049538360788050184
0.0344322264021244
-0.09359820865597968
-0.03173275161671363
-0.010532567714866659
-0.05983064969141072
0.043334141200254805
0.06567138145123597
0.03443624877469453
-0.012150300762606037
0.06228267241298191
0.04333086414918519
0.06292625909621563
0.003822387934753202
-0.06109953281700342
0.030122729138618354
0.03643980545838055
0.039209693040964666
-0.009357776553262198
-0.07465345378649157
-0.009588853389239205
-0.04466517994807795
0.043334141200254805
0.05168531023255696
-0.03133707462365809
-0.08285893181375492
0.03973066370480538
0.10240276235625068
0.17000938109242547
0.028713620756199987
-0.06109953281700342
0.056736527751481525
0.0688088340488946
-0.01686722086916248
0.012390402416693647
0.04790976101641675
-0.008416174423421019
0.04333086414918519
0.01579928711915457
0.08653619008305125
-0.04466517994807795
-0.08721982612879486
-0.009588853389239205
-0.0038562351615762935
0.06316607709876365
0.01579928711915457
-0.03520416182162833
-0.02862716582831837
0.13204555949274965
0.0344322264021244
-0.0357902826629255
0.06925574960452696
0.06994395962703592
0.05436809318039337
-0.06464003578883037
0.01579928711915457
-0.05120330655862837
0.13204555949274965
-0.0851300246174862
0.0461992712042818
0.06569838178769771
-0.03045002278091502
-0.027393577402978764
-0.024170822975695394
0.051344950513199095
-0.012372140541780041
-0.0851300246174862
0.02708189422255458
-0.07212958518599066
-0.2546008091448053
-0.050143819123519506
0.048059232237648075
0.08080248335888918
0.030974972656109045
0.015089270086424023
0.06994395962703592
-0.06258250876081561
-0.0489237727198617
-0.005818111085915234
0.03973066370480538
0.05168531023255696
0.05168531023255696
0.07586149829868472
-0.047644828679283435
0.03863378364598535
0.06316607709876365
0.13204555949274965
0.024801788304586125
-0.009588853389239205
-0.027789787343500905
0.006746455834750975
-0.08678886069673908
-0.05654058267968054
0.01046829599036414
-0.022898889969576786
0.08653619008305125
-0.06053051312501001
-0.0038562351615762935
0.031017376704207678
-0.03563356684104946
0.05168531023255696
0.11522232211929584
-0.04126132556270612
0.009856619194733796
0.023560334148108097
0.011999720455214913
0.08080248335888918
-0.002647647860884561
0.01035787819304268
0.0844852260058202
0.030974972656109045
-0.04126132556270612
0.013040071944516285
0.026458811902690726
0.026005039289207943
0.04827168718050601
-0.10013006587302442
-0.037433866920196124
0.06994395962703592
0.04665297339942498
0.07382421435571018
0.04380656992791998
0.013109728048770641
0.030122729138618354
0.07586149829868472
-0.027788545411032928
-0.005105231073404326
0.04371378571481266
0.06316607709876365
-0.03520416182162833
-0.002647647860884561
0.025649122658425227
0.07518071596092746
0.04799414960212012
-0.06193714350214741
-0.09359820865597968
-0.07212958518599066
0.04333086414918519
0.022194058573782982
-0.04466517994807795
0.001954162314668828
