0.1417808980890598
-0.07414653786004877
0.01724199139330551
0.019778644828504
-0.010204897362879883
0.08799230776265521
-0.04466517994807795
-0.013771885982464482
0.030974972656109045
0.022821768641877682
0.062467374718552904
-0.04022536987465397
-0.050143819123519506
-0.08143178414826124
0.04333086414918519
-0.05282848588680089
-0.009357776553262198
-0.036421638107813514
-0.022348210496932808
0.06605801367827979
-0.05120330655862837
0.05182100602750328
0.012299756912504733
0.04827168718050601
0.07382421435571018
0.048059232237648075
-0.051670301345440706
-0.009357776553262198
0.01699193585620762
0.0165919313161762
0.02520341309711238
-0.004841918958801372
0.028713620756199987
0.02451643163530548
-0.08143178414826124
0.0022689688502968153
-0.1218059774124729
-0.05983064969141072
-0.05586089089844393
0.13204555949274965
-0.06109953281700342
-0.10013006587302442
0.031017376704207678
0.025524068456756588
-0.0549153461639893
0.0688088340488946
-0.03133707462365809
0.034283772423341574
-0.013878349100881593
-0.22146034456414654
0.0022689688502968153
-0.2546008091448053
-0.07075486294590672
0.04823967565580034
-0.019514789449790015
-0.005818111085915234
-0.041376638974308655
-0.15702055781469149
-0.007720686875989813
0.07382421435571018
0.0016709762031741349
-0.0489237727198617
-0.002647647860884561
0.020446479141682516
0.047513051758585334
0.001954162314668828
-0.0549153461639893
-0.0007657730469858848
-0.015144140805206874
0.0512476844333456
-0.0007657730469858848
0.04380656992791998
-0.018864353824572078
-0.0851300246174862
0.04469322213864224
0.06605801367827979
0.0022689688502968153
0.04823967565580034
0.08105492908796386
0.06569838178769771
-0.1218059774124729
0.01046829599036414
-0.09359820865597968
0.041840431302949455
-0.007543661478351282
0.07060672059698447
0.06567138145123597
0.02520341309711238
0.0041948137923384365
-0.027393577402978764
-0.08814864178677073
-0.036421638107813514
0.037453479113841226
-0.01686722086916248
0.019778644828504
0.01613403625846388
0.06318283133468316
0.01716964896203166
-0.0851300246174862
0.039209693040964666
0.04283497654615154
-0.027788545411032928
0.008505479129739868
0.07586149829868472
-0.007882998007099573
-0.06720056781523276
0.017908695057996304
-0.002205271978588108
-0.027789787343500905
-0.03045002278091502
0.10240276235625068
0.023560334148108097
-0.08126108737944548
-0.02375973362478856
0.04823967565580034
0.0027859037974478085
0.04606131559255999
-0.07892951287026762
-0.0013205999854228878
-0.022368622754905587
0.0688088340488946
-0.03917887174705115
0.019778644828504
0.04729149119249154
0.03861575224405023
-0.02375973362478856
-0.06720056781523276
-0.007720686875989813
0.047513051758585334
0.03863378364598535
-0.05129888770798985
-0.007317237093852569
-0.0549153461639893
0.04469322213864224
-0.12033949778566289
0.006143668794592827
-0.2546008091448053
0.06567138145123597
0.0165919313161762
-0.0013205999854228878
-0.07075486294590672
-0.002647647860884561
0.006143668794592827
-0.03695834061658587
-0.017136936568830308
0.10109672394520075
-0.06226621690008294
-0.08143178414826124
-0.027462288324585415
0.04380656992791998
0.05799658946616226
-0.032340875642459466
-0.041376638974308655
0.04048653167530425
0.014471610315426986
-0.15702055781469149
0.03994035520780326
0.048059232237648075
-0.01686722086916248
0.014471610315426986
0.03208636570286316
-0.021161035659430283
0.01699193585620762
0.06318283133468316
-0.015144140805206874
0.051344950513199095
-0.03917887174705115
0.011999720455214913
-0.01249170093178087
-0.03520416182162833
0.04590352204112591
0.0276177252845331
0.08732358904095427
-0.007882998007099573
-0.06638125688640528
0.08383912323474085
0.048059232237648075
0.009856619194733796
-0.009357776553262198
-0.010532567714866659
0.04799414960212012
0.023512429278589764
-0.022348210496932808
0.04333086414918519
-0.05282848588680089
-0.07075486294590672
0.025524068456756588
0.001954162314668828
-0.06285634704832255
0.08732358904095427
-0.027788545411032928
-0.004841918958801372
0.0022689688502968153
0.13480548385110502
-0.08110299466350668
0.05436809318039337
0.051344950513199095
0.04790976101641675
0.012390402416693647
-0.07414653786004877
-0.024170822975695394
-0.01844849936066506
0.08759468040243501
0.007058852839625374
0.04371378571481266
-0.0013205999854228878
0.04665297339942498
-0.1218059774124729
-0.03997727574944321
0.02927401578257438
0.02714223291166995
-0.060513028914405353
-0.007543661478351282
0.07586149829868472
-0.037433866920196124
-0.01249170093178087
0.008665176454019985
0.006746455834750975
0.15300088602597928
-0.015144140805206874
-0.09432889171755221
0.025722681761052968
0.026653357334457617
-0.007317237093852569
-0.010204897362879883
-0.049962429852048906
-0.012372140541780041
0.10240276235625068
-0.01249170093178087
0.11840346286310233
-0.06464003578883037
-0.0013205999854228878
0.011999720455214913
-0.022821982956040543
0.1399333926158075
0.013109728048770641
-0.027462288324585415
0.0022689688502968153
0.03882682382156144
0.0165919313161762
0.0027859037974478085
-0.22146034456414654
-0.10819102148647719
-0.03917887174705115
-0.06638125688640528
-0.07724758378448726
-0.12033949778566289
-0.13034379599603163
-0.05983064969141072
-0.06464003578883037
0.013065356771912562
-0.03695834061658587
-0.022821982956040543
-0.08721982612879486
-0.010532567714866659
-0.0002868205956847447
0.04606131559255999
0.008665176454019985
0.0025784297617263974
0.030974972656109045
0.009856619194733796
-0.07465345378649157
0.06806350229329183
0.047513051758585334
0.08653619008305125
0.017908695057996304
0.07060672059698447
-0.07465345378649157
0.03861575224405023
0.037453479113841226
0.07586149829868472
-0.007720686875989813
-0.15702055781469149
-0.06720056781523276
-0.0013205999854228878
0.047513051758585334
-0.027788545411032928
-0.05464289541014722
-0.09359820865597968
0.047513051758585334
-0.01249170093178087
0.06316607709876365
0.06318283133468316
-0.002205271978588108
0.003822387934753202
0.0216176650818376
0.03208636570286316
-0.05983064969141072
-0.011743957061684185
-0.08814864178677073
0.030122729138618354
-0.013878349100881593
-0.022622356364218277
0.0041948137923384365
-0.0851300246174862
0.05436809318039337
-0.009357776553262198
-0.051670301345440706
0.03643980545838055
