0.030122729138618354
0.06567138145123597
0.028713620756199987
0.011553574399841615
-0.06285634704832255
-0.027788545411032928
-0.06109953281700342
-0.060513028914405353
0.04729149119249154
0.034283772423341574
0.0576314646823306
0.012394543666532698
-0.032340875642459466
-0.018864353824572078
-0.17661184642248884
-0.09359820865597968
-0.032340875642459466
0.02773636562208104
0.011999720455214913
-0.047644828679283435
-0.04466517994807795
0.06364954486786978
-0.06720056781523276
0.0041948137923384365
-0.15702055781469149
0.041840431302949455
-0.007882998007099573
0.05198789125700998
-0.09359820865597968
0.005082074600808895
-0.03458770640829023
0.007058852839625374
0.049538360788050184
0.02432879134386301
0.08632977574364098
-0.028034859824940028
0.03208636570286316
0.006265799221320201
-0.0636718542421022
0.03994035520780326
0.0216176650818376
-0.0013205999854228878
-0.021161035659430283
-0.018864353824572078
-0.038466866176760206
0.04665297339942498
0.0027859037974478085
0.001954162314668828
-0.0549153461639893
0.001954162314668828
0.013065356771912562
0.03973066370480538
0.0844852260058202
-0.05699148198311299
0.009856619194733796
0.07382421435571018
-0.0007657730469858848
-0.03563356684104946
0.07586149829868472
0.02520341309711238
0.06605801367827979
0.0576314646823306
0.017908695057996304
0.13480548385110502
-0.0007657730469858848
0.0025784297617263974
0.020083040980136246
-0.032340875642459466
-0.010204897362879883
-0.12033949778566289
-0.04466517994807795
0.020446479141682516
0.011553574399841615
0.1399333926158075
0.01347000313241331
-0.0849833488167917
-0.019391257313081667
0.02432879134386301
-0.021161035659430283
0.011553574399841615
0.04920879849315085
-0.1218059774124729
0.014471610315426986
0.06569838178769771
0.08799230776265521
-0.03917887174705115
0.045224792909892564
0.013109728048770641
0.04469322213864224
0.030122729138618354
0.0203593980283987
0.025722681761052968
-0.09570667993071069
-0.15702055781469149
-0.09432889171755221
0.0688088340488946
0.04380656992791998
0.034283772423341574
0.08632977574364098
0.007058852839625374
0.0844852260058202
-0.027789787343500905
0.03208636570286316
-0.09359820865597968
0.01613403625846388
0.017908695057996304
0.0461992712042818
-0.022821982956040543
0.014471610315426986
-0.032340875642459466
-0.045496030668886966
-0.060513028914405353
0.012299756912504733
-0.07724758378448726
0.001954162314668828
0.03861575224405023
-0.050143819123519506
-0.03458770640829023
0.04665297339942498
0.01035787819304268
-0.08721982612879486
-0.08678886069673908
0.03973066370480538
-0.0011970474263076625
-0.011743957061684185
0.017908695057996304
0.08632977574364098
-0.06053051312501001
-0.08110299466350668
0.001954162314668828
0.03863378364598535
-0.03695834061658587
-0.03520416182162833
0.020567585268201682
-0.06464003578883037
0.10240276235625068
0.08176108754913614
0.02708189422255458
0.01724199139330551
-0.041376638974308655
0.04823967565580034
0.030974972656109045
-0.019514789449790015
0.056736527751481525
0.07586149829868472
0.025722681761052968
-0.0849833488167917
0.06994395962703592
0.01699193585620762
0.07382421435571018
-0.05464289541014722
-0.04126132556270612
0.0688088340488946
-0.03133707462365809
-0.09359820865597968
0.0165919313161762
-0.018864353824572078
0.007058852839625374
0.08176108754913614
0.020446479141682516
-0.0005187167995490682
0.04729149119249154
0.013065356771912562
0.049538360788050184
-0.010532567714866659
0.02520341309711238
0.06292625909621563
-0.012372140541780041
0.09718899306107964
0.03994035520780326
0.014780240742707562
0.015089270086424023
0.1417808980890598
0.0844852260058202
-0.041376638974308655
0.0216176650818376
0.04827168718050601
0.0461992712042818
-0.06464003578883037
-0.05983064969141072
-0.051670301345440706
0.09718899306107964
0.17000938109242547
0.006143668794592827
-0.04022536987465397
-0.014438989348697362
0.008665176454019985
0.0461992712042818
0.07586149829868472
-0.007338419158481102
-0.051670301345440706
0.04469322213864224
-0.03695834061658587
-0.02496648159475967
0.03208636570286316
0.0512476844333456
0.08302714817478662
0.0016709762031741349
0.02432879134386301
0.06316607709876365
0.012390402416693647
-0.019391257313081667
-0.01844849936066506
0.01046829599036414
-0.007317237093852569
0.06567138145123597
0.05799658946616226
-0.010532567714866659
0.037453479113841226
0.01661350063361855
0.03973066370480538
0.10109672394520075
-0.0002495311402075373
0.07382421435571018
0.020083040980136246
0.005082074600808895
0.06292625909621563
0.03643980545838055
-0.0849833488167917
-0.019391257313081667
0.037107507807760065
0.025524068456756588
0.06318283133468316
0.022821768641877682
-0.01249170093178087
-0.022821982956040543
-0.01956931117570271
-0.011743957061684185
0.047513051758585334
0.01613403625846388
0.03973066370480538
0.0041948137923384365
-0.09570667993071069
-0.007720686875989813
-0.0489237727198617
-0.06226621690008294
0.1417808980890598
0.06569838178769771
0.06925574960452696
0.0515617796937029
0.06994395962703592
-0.0002495311402075373
0.013109728048770641
0.0515617796937029
-0.05983064969141072
0.13480548385110502
-0.22146034456414654
0.043334141200254805
-0.002647647860884561
0.08080248335888918
0.08732358904095427
0.05198789125700998
-0.09570667993071069
-0.06285634704832255
0.08653619008305125
-0.022898889969576786
0.08759468040243501
0.03994035520780326
-0.022622356364218277
-0.019391257313081667
0.048059232237648075
0.051344950513199095
-0.017136936568830308
-0.027462288324585415
0.01035787819304268
0.04048653167530425
0.06994395962703592
0.026458811902690726
-0.0357902826629255
-0.06258250876081561
-0.0357902826629255
0.02520341309711238
-0.0007657730469858848
0.04135586741642605
-0.0849833488167917
0.0276177252845331
-0.009588853389239205
0.029794720012301212
0.0276177252845331
0.06567138145123597
0.04048653167530425
0.03973066370480538
0.013065356771912562
-0.041376638974308655
-0.021161035659430283
0.04827168718050601
-0.022821982956040543
-0.022821982956040543
-0.005105231073404326
0.06761705055254463
0.05168531023255696
0.012390402416693647
0.025722681761052968
-0.05464289541014722
-0.06638125688640528
-0.01249170093178087
0.012390402416693647
-0.036421638107813514
-0.060513028914405353
