0.008665176454019985
-0.0008948035361102669
0.03973066370480538
0.04048653167530425
0.03643980545838055
-0.07724758378448726
0.05436809318039337
-0.07414653786004877
-0.060513028914405353
0.025524068456756588
0.0165919313161762
0.049538360788050184
0.06569838178769771
0.012390402416693647
-0.022821982956040543
-0.08721982612879486
0.014471610315426986
0.0844852260058202
0.037453479113841226
0.13480548385110502
0.0344322264021244
-0.049962429852048906
-0.08110299466350668
-0.0549153461639893
0.0344322264021244
-0.07075486294590672
0.003822387934753202
-0.0357902826629255
-0.07465345378649157
0.03443624877469453
0.003822387934753202
0.06806350229329183
-0.005105231073404326
0.019778644828504
0.056736527751481525
0.025722681761052968
0.05168531023255696
-0.022368622754905587
0.04371378571481266
0.006143668794592827
0.031017376704207678
0.0216176650818376
-0.12033949778566289
-0.05983064969141072
0.026653357334457617
0.008505479129739868
0.08799230776265521
-0.024170822975695394
-0.047644828679283435
0.01046829599036414
-0.15702055781469149
0.03443624877469453
-0.041376638974308655
0.13480548385110502
0.02451643163530548
-0.03270475340709922
0.030974972656109045
0.08105492908796386
-0.013771885982464482
0.01035787819304268
-0.09570667993071069
-0.15702055781469149
0.030974972656109045
0.024801788304586125
-0.06638125688640528
0.007058852839625374
-0.007543661478351282
-0.027393577402978764
0.0041948137923384365
0.0216176650818376
-0.15702055781469149
-0.08126108737944548
-0.007720686875989813
0.07060672059698447
0.056736527751481525
0.01613403625846388
-0.005818111085915234
0.17000938109242547
0.0025784297617263974
0.022821768641877682
0.014471610315426986
0.07518071596092746
0.023560334148108097
0.1417808980890598
-0.01686722086916248
-0.012372140541780041
-0.047644828679283435
0.04333086414918519
-0.02375973362478856
0.04299886054755575
0.10109672394520075
0.08302714817478662
-0.06109953281700342
0.0688088340488946
-0.007882998007099573
0.01716964896203166
0.005082074600808895
0.025649122658425227
0.0165919313161762
-0.027462288324585415
-0.022622356364218277
-0.007317237093852569
-0.03458770640829023
-0.03695834061658587
-0.018864353824572078
-0.01686722086916248
0.06364954486786978
0.05168531023255696
-0.03133707462365809
0.023512429278589764
-0.010204897362879883
-0.0038562351615762935
0.06925574960452696
0.01716964896203166
0.008665176454019985
-0.06464003578883037
-0.08143178414826124
0.0165919313161762
-0.007882998007099573
0.11522232211929584
0.05168531023255696
-0.02243129284092049
0.0203593980283987
-0.05654058267968054
0.03973066370480538
0.04823967565580034
-0.022348210496932808
0.020446479141682516
-0.06285634704832255
0.08759468040243501
0.0844852260058202
0.0016709762031741349
0.0276177252845331
-0.022348210496932808
0.0216176650818376
-0.0357902826629255
-0.07414653786004877
-0.07465345378649157
0.03443624877469453
-0.0005187167995490682
0.04799414960212012
0.006143668794592827
0.030974972656109045
0.04823967565580034
0.019778644828504
0.020567585268201682
0.13204555949274965
-0.10013006587302442
-0.06720056781523276
-0.0849833488167917
0.04135586741642605
0.03973066370480538
0.043334141200254805
-0.08285893181375492
0.08759468040243501
-0.009357776553262198
0.08732358904095427
-0.04466517994807795
0.015089270086424023
-0.009588853389239205
-0.03695834061658587
0.023560334148108097
0.029794720012301212
-0.017242733713295877
0.04920879849315085
-0.047644828679283435
0.012394543666532698
0.001954162314668828
0.08732358904095427
-0.0038562351615762935
0.1417808980890598
-0.13034379599603163
-0.06226621690008294
0.015089270086424023
0.034283772423341574
0.013065356771912562
0.06806350229329183
-0.002205271978588108
-0.05416508205116166
0.017908695057996304
0.01661350063361855
-0.01844849936066506
0.04283497654615154
-0.01686722086916248
0.030122729138618354
-0.007543661478351282
0.012299756912504733
-0.05416508205116166
-0.027788545411032928
0.06292625909621563
-0.013771885982464482
-0.03563356684104946
-0.06638125688640528
0.015089270086424023
-0.08285893181375492
0.023512429278589764
0.04790976101641675
0.049538360788050184
0.037453479113841226
0.049538360788050184
-0.07212958518599066
-0.06226621690008294
-0.01686722086916248
-0.05699148198311299
0.0326533364262076
-0.0002495311402075373
-0.05654058267968054
-0.02496648159475967
0.024801788304586125
0.04920879849315085
0.013040071944516285
-0.060513028914405353
-0.05699148198311299
-0.03997727574944321
0.051344950513199095
0.04590352204112591
0.012394543666532698
0.04380656992791998
-0.03173275161671363
-0.012150300762606037
0.04283497654615154
-0.017242733713295877
-0.022622356364218277
0.008505479129739868
0.13204555949274965
0.022821768641877682
-0.007720686875989813
-0.019514789449790015
-0.027788545411032928
0.013065356771912562
-0.22146034456414654
0.08632977574364098
-0.03997727574944321
-0.013878349100881593
-0.0002495311402075373
-0.005818111085915234
0.15300088602597928
-0.06053051312501001
-0.07414653786004877
0.05436809318039337
0.006746455834750975
-0.04022536987465397
-0.05282848588680089
0.05425453554333082
0.02714223291166995
-0.028034859824940028
0.006143668794592827
0.05168531023255696
0.06806350229329183
0.17000938109242547
0.04606131559255999
0.09718899306107964
-0.02375973362478856
0.0576314646823306
0.02520341309711238
0.012390402416693647
-0.10013006587302442
0.07586149829868472
0.03208636570286316
0.08383912323474085
0.08302714817478662
0.10109672394520075
0.01661350063361855
-0.03133707462365809
0.048059232237648075
0.0576314646823306
-0.06720056781523276
0.020083040980136246
-0.022821982956040543
-0.027462288324585415
-0.005818111085915234
0.03863378364598535
-0.08143178414826124
0.06806350229329183
0.06925574960452696
-0.05464289541014722
0.037453479113841226
-0.04466517994807795
0.04391937482752173
-0.022898889969576786
0.15300088602597928
-0.06464003578883037
0.047513051758585334
0.0165919313161762
0.04380656992791998
-0.0636718542421022
0.01035787819304268
0.062467374718552904
0.07586149829868472
0.03994035520780326
0.08121523150568599
-0.03173275161671363
0.005173534568482907
0.014780240742707562
0.04469322213864224
0.06364954486786978
-0.01686722086916248
-0.07414653786004877
-0.0005187167995490682
