0.0022689688502968153
-0.017136936568830308
-0.01686722086916248
0.013109728048770641
0.02520341309711238
-0.01249170093178087
0.05799658946616226
-0.0038562351615762935
0.012394543666532698
0.13204555949274965
-0.014438989348697362
-0.050143819123519506
0.0025784297617263974
-0.04022536987465397
0.06994395962703592
0.17000938109242547
-0.07414653786004877
0.02520341309711238
-0.08126108737944548
-0.05129888770798985
0.0027859037974478085
0.013065356771912562
-0.06720056781523276
0.05425453554333082
0.014780240742707562
0.04729149119249154
-0.007720686875989813
0.05182100602750328
-0.027393577402978764
-0.05416508205116166
-0.027462288324585415
-0.08721982612879486
0.01613403625846388
-0.0549153461639893
0.030974972656109045
0.0576314646823306
-0.017136936568830308
0.047513051758585334
-0.03520416182162833
0.0041948137923384365
-0.045496030668886966
0.020446479141682516
-0.036421638107813514
0.037107507807760065
-0.012372140541780041
0.02714223291166995
-0.17661184642248884
0.15300088602597928
0.06228267241298191
-0.07212958518599066
0.0027859037974478085
0.04469322213864224
-0.005105231073404326
0.11840346286310233
-0.022898889969576786
-0.013878349100881593
-0.0013205999854228878
-0.041376638974308655
0.020083040980136246
0.01699193585620762
0.17000938109242547
0.04380656992791998
0.11522232211929584
0.0041948137923384365
0.05425453554333082
-0.08110299466350668
0.04606131559255999
-0.07075486294590672
0.025722681761052968
0.01613403625846388
0.05425453554333082
-0.03563356684104946
0.030974972656109045
0.025649122658425227
0.08799230776265521
0.020083040980136246
0.04823967565580034
0.08632977574364098
0.02714223291166995
0.06925574960452696
0.04469322213864224
0.03643980545838055
0.013040071944516285
0.06318283133468316
-0.06464003578883037
0.043334141200254805
-0.009357776553262198
-0.02862716582831837
-0.03520416182162833
0.04590352204112591
-0.08285893181375492
0.04135586741642605
0.08176108754913614
0.13480548385110502
0.05425453554333082
0.06925574960452696
0.03208636570286316
0.08176108754913614
-0.019514789449790015
0.03994035520780326
0.08080248335888918
0.030122729138618354
0.06292625909621563
-0.018864353824572078
-0.1218059774124729
-0.0011970474263076625
0.04823967565580034
-0.014438989348697362
0.020083040980136246
-0.049962429852048906
0.047513051758585334
0.06761705055254463
-0.018864353824572078
0.0278028767684102
0.0203593980283987
0.014471610315426986
-0.06464003578883037
-0.015144140805206874
0.018593646962060006
-0.02243129284092049
0.04665297339942498
0.04469322213864224
0.0844852260058202
0.04995452527457189
-0.17661184642248884
-0.04022536987465397
0.015089270086424023
0.04799414960212012
-0.007720686875989813
0.001954162314668828
-0.04126132556270612
0.020567585268201682
0.01347000313241331
0.08732358904095427
0.02520341309711238
0.017908695057996304
-0.03563356684104946
-0.15702055781469149
0.014471610315426986
-0.004841918958801372
0.03443624877469453
0.0203593980283987
-0.03563356684104946
-0.024170822975695394
-0.09432889171755221
0.012394543666532698
0.0025784297617263974
0.1417808980890598
-0.06193714350214741
0.03994035520780326
0.04827168718050601
-0.06258250876081561
0.04469322213864224
0.034283772423341574
0.08653619008305125
0.11522232211929584
0.10240276235625068
-0.007543661478351282
-0.050143819123519506
0.051344950513199095
0.0278028767684102
0.03208636570286316
0.15300088602597928
-0.007317237093852569
-0.051670301345440706
-0.06720056781523276
-0.045496030668886966
0.043334141200254805
0.018593646962060006
0.007058852839625374
-0.05983064969141072
0.07382421435571018
0.04380656992791998
-0.03045002278091502
-0.03133707462365809
0.02708189422255458
0.05436809318039337
-0.05416508205116166
0.07586149829868472
0.04590352204112591
-0.037433866920196124
-0.0357902826629255
0.0844852260058202
0.009856619194733796
0.047513051758585334
0.06318283133468316
0.04299886054755575
0.08759468040243501
0.05182100602750328
0.01661350063361855
-0.022622356364218277
0.011553574399841615
0.02520341309711238
0.04729149119249154
-0.06638125688640528
0.02773636562208104
-0.08110299466350668
-0.03563356684104946
-0.050143819123519506
0.08121523150568599
0.06292625909621563
0.03994035520780326
-0.05120330655862837
-0.0013205999854228878
-0.22146034456414654
0.06316607709876365
-0.0636718542421022
0.0027859037974478085
0.05198789125700998
0.034283772423341574
-0.017136936568830308
0.012394543666532698
0.043334141200254805
-0.022368622754905587
0.04729149119249154
0.0022689688502968153
0.06605801367827979
0.03973066370480538
-0.01249170093178087
0.01716964896203166
0.005173534568482907
0.07060672059698447
0.13480548385110502
-0.0038562351615762935
0.02708189422255458
0.03861575224405023
0.001954162314668828
-0.0002868205956847447
0.06292625909621563
0.0688088340488946
-0.07465345378649157
0.17000938109242547
-0.047644828679283435
-0.027788545411032928
-0.010204897362879883
0.02773636562208104
0.020446479141682516
0.08653619008305125
-0.07465345378649157
0.026653357334457617
-0.004841918958801372
-0.019391257313081667
-0.10013006587302442
0.03443624877469453
-0.022821982956040543
-0.018864353824572078
-0.051670301345440706
-0.007338419158481102
0.11840346286310233
-0.03458770640829023
0.0025784297617263974
-0.05654058267968054
-0.06258250876081561
-0.06053051312501001
0.024801788304586125
0.0344322264021244
0.08732358904095427
0.043334141200254805
-0.09432889171755221
-0.06638125688640528
0.03882682382156144
-0.010204897362879883
-0.0038562351615762935
0.047513051758585334
0.06994395962703592
0.08080248335888918
-0.03997727574944321
-0.03520416182162833
0.012394543666532698
-0.007720686875989813
0.0844852260058202
-0.015144140805206874
-0.028034859824940028
0.04729149119249154
0.0216176650818376
0.02451643163530548
0.026005039289207943
0.06994395962703592
-0.05129888770798985
0.006746455834750975
-0.03997727574944321
0.04790976101641675
-0.013771885982464482
-0.05282848588680089
0.012394543666532698
-0.10819102148647719
0.031017376704207678
0.06761705055254463
0.045224792909892564
0.034283772423341574
-0.13034379599603163
-0.15702055781469149
-0.0849833488167917
0.06569838178769771
0.013065356771912562
-0.0038562351615762935
-0.01956931117570271
-0.0002868205956847447
-0.018864353824572078
