0.0165919313161762
0.0016709762031741349
0.07586149829868472
0.015089270086424023
0.05799658946616226
-0.01956931117570271
0.031017376704207678
0.0165919313161762
0.01613403625846388
-0.08678886069673908
0.008665176454019985
0.003822387934753202
0.04665297339942498
0.045224792909892564
0.017908695057996304
0.01613403625846388
0.037453479113841226
-0.10013006587302442
0.01724199139330551
-0.07075486294590672
0.13204555949274965
-0.04022536987465397
-0.002647647860884561
-0.08143178414826124
-0.027462288324585415
0.001954162314668828
0.0041948137923384365
-0.05654058267968054
-0.05654058267968054
-0.01956931117570271
0.005173534568482907
-0.01956931117570271
0.08176108754913614
-0.06285634704832255
0.026005039289207943
0.06605801367827979
-0.06258250876081561
-0.05416508205116166
0.04299886054755575
0.0278028767684102
-0.08126108737944548
-0.007720686875989813
-0.0636718542421022
0.0216176650818376
0.06994395962703592
-0.01249170093178087
0.1399333926158075
-0.04126132556270612
0.03443624877469453
0.08383912323474085
-0.0849833488167917
0.037107507807760065
0.1417808980890598
0.006143668794592827
-0.06720056781523276
0.03861575224405023
0.0278028767684102
0.017908695057996304
-0.027393577402978764
-0.015144140805206874
-0.051670301345440706
0.012390402416693647
0.03973066370480538
-0.05654058267968054
0.039209693040964666
0.020083040980136246
0.04283497654615154
-0.09570667993071069
0.04371378571481266
0.05182100602750328
-0.02862716582831837
0.022194058573782982
-0.050143819123519506
0.07060672059698447
-0.022348210496932808
0.0022689688502968153
-0.03563356684104946
-0.05464289541014722
0.1399333926158075
0.08080248335888918
0.0041948137923384365
-0.12033949778566289
0.009856619194733796
-0.03458770640829023
-0.005818111085915234
0.006143668794592827
0.11840346286310233
0.04299886054755575
0.05436809318039337
-0.05120330655862837
0.031017376704207678
-0.05120330655862837
0.020567585268201682
-0.06638125688640528
0.06806350229329183
0.01724199139330551
-0.02243129284092049
-0.08285893181375492
-0.050143819123519506
0.020083040980136246
-0.002205271978588108
0.04606131559255999
0.014471610315426986
-0.01956931117570271
-0.06464003578883037
-0.027788545411032928
0.03882682382156144
-0.2546008091448053
0.08105492908796386
-0.15702055781469149
0.011553574399841615
-0.038466866176760206
-0.014438989348697362
0.13480548385110502
0.03443624877469453
-0.036421638107813514
-0.03520416182162833
0.02451643163530548
0.028713620756199987
0.0165919313161762
-0.03563356684104946
0.17000938109242547
0.01046829599036414
0.014780240742707562
0.04590352204112591
0.006746455834750975
-0.04466517994807795
-0.019514789449790015
-0.007338419158481102
0.05198789125700998
0.06316607709876365
0.051344950513199095
0.0276177252845331
0.06994395962703592
0.056736527751481525
-0.0357902826629255
-0.004841918958801372
0.014471610315426986
0.01716964896203166
-0.002205271978588108
0.02520341309711238
0.0515617796937029
-0.17661184642248884
-0.05120330655862837
0.02432879134386301
-0.22146034456414654
0.10240276235625068
-0.06464003578883037
0.01699193585620762
0.05168531023255696
-0.04022536987465397
0.020083040980136246
0.02927401578257438
-0.027462288324585415
0.04391937482752173
-0.0489237727198617
0.10109672394520075
-0.007720686875989813
-0.05129888770798985
-0.027393577402978764
-0.022821982956040543
0.0022689688502968153
0.020083040980136246
-0.041376638974308655
0.025649122658425227
-0.05120330655862837
0.006143668794592827
-0.004841918958801372
-0.0549153461639893
0.0326533364262076
0.08176108754913614
0.04590352204112591
0.02773636562208104
0.007058852839625374
0.05425453554333082
0.01035787819304268
0.048059232237648075
0.04790976101641675
-0.03520416182162833
-0.027393577402978764
-0.0002495311402075373
0.05168531023255696
0.009856619194733796
0.04283497654615154
0.08080248335888918
0.1399333926158075
0.025524068456756588
-0.028034859824940028
0.04729149119249154
-0.0849833488167917
-0.050143819123519506
0.0326533364262076
-0.06258250876081561
0.0216176650818376
-0.0007657730469858848
-0.08678886069673908
-0.05586089089844393
-0.0002495311402075373
0.006265799221320201
0.02432879134386301
-0.0002495311402075373
-0.09570667993071069
-0.032340875642459466
-0.12033949778566289
0.009856619194733796
0.02927401578257438
-0.050143819123519506
-0.07212958518599066
-0.051670301345440706
0.06569838178769771
0.05168531023255696
-0.07212958518599066
0.020567585268201682
-0.04022536987465397
0.031017376704207678
0.02773636562208104
0.025524068456756588
-0.03458770640829023
-0.10013006587302442
0.13204555949274965
0.06567138145123597
-0.09359820865597968
-0.03520416182162833
-0.038466866176760206
-0.010204897362879883
0.0844852260058202
-0.0849833488167917
-0.012150300762606037
-0.02862716582831837
0.025649122658425227
0.041840431302949455
-0.1218059774124729
0.10240276235625068
-0.007882998007099573
0.04827168718050601
-0.017136936568830308
-0.04466517994807795
-0.13034379599603163
-0.0013205999854228878
0.02927401578257438
0.026005039289207943
-0.10013006587302442
-0.13034379599603163
-0.10013006587302442
0.04827168718050601
-0.007317237093852569
0.006143668794592827
0.011999720455214913
-0.07465345378649157
-0.032340875642459466
0.04799414960212012
0.04665297339942498
0.029794720012301212
0.11840346286310233
-0.032259158022980294
-0.027788545411032928
0.08799230776265521
-0.0005187167995490682
-0.032259158022980294
-0.019514789449790015
0.023512429278589764
0.08176108754913614
-0.02862716582831837
-0.012150300762606037
-0.0549153461639893
-0.045496030668886966
0.037107507807760065
0.020446479141682516
-0.0549153461639893
-0.010532567714866659
-0.01956931117570271
-0.08678886069673908
0.06316607709876365
0.034283772423341574
-0.0038562351615762935
-0.01249170093178087
-0.07724758378448726
0.01579928711915457
0.028713620756199987
0.02432879134386301
0.01579928711915457
-0.0849833488167917
-0.011743957061684185
-0.06285634704832255
0.014471610315426986
0.13204555949274965
-0.007338419158481102
-0.0489237727198617
0.08732358904095427
0.0515617796937029
-0.012372140541780041
0.04799414960212012
0.06292625909621563
0.03973066370480538
-0.04126132556270612
0.031017376704207678
0.03643980545838055
-0.0549153461639893
0.08632977574364098
