0.04391937482752173
-0.041376638974308655
0.06925574960452696
0.07518071596092746
-0.045496030668886966
0.005173534568482907
0.06925574960452696
0.012394543666532698
-0.06258250876081561
0.03882682382156144
-0.04466517994807795
-0.019514789449790015
0.06925574960452696
-0.06053051312501001
-0.024170822975695394
0.034283772423341574
-0.06226621690008294
0.04391937482752173
0.04665297339942498
0.009856619194733796
0.1417808980890598
0.014780240742707562
0.07382421435571018
0.06292625909621563
0.01661350063361855
-0.051670301345440706
0.06605801367827979
-0.022368622754905587
-0.005818111085915234
-0.08678886069673908
0.008665176454019985
-0.032340875642459466
0.08759468040243501
-0.06285634704832255
0.17000938109242547
-0.005818111085915234
-0.045496030668886966
-0.06258250876081561
0.0041948137923384365
-0.027788545411032928
0.08176108754913614
0.1417808980890598
0.03882682382156144
0.02714223291166995
-0.06193714350214741
0.04920879849315085
-0.01686722086916248
-0.0851300246174862
-0.05120330655862837
0.05436809318039337
0.014780240742707562
0.006265799221320201
-0.007317237093852569
-0.007720686875989813
-0.04466517994807795
-0.04466517994807795
0.0688088340488946
-0.03173275161671363
-0.02862716582831837
0.026458811902690726
0.001954162314668828
-0.05464289541014722
0.03208636570286316
0.011999720455214913
-0.022898889969576786
0.039209693040964666
-0.009357776553262198
-0.049962429852048906
0.07060672059698447
-0.005818111085915234
0.01035787819304268
-0.009357776553262198
0.037453479113841226
0.0461992712042818
0.05182100602750328
-0.05464289541014722
0.020567585268201682
-0.0038562351615762935
-0.009588853389239205
-0.03520416182162833
0.06567138145123597
0.10109672394520075
-0.007720686875989813
-0.03520416182162833
0.022821768641877682
-0.022898889969576786
-0.05654058267968054
0.08176108754913614
-0.02375973362478856
-0.037433866920196124
0.019778644828504
-0.03133707462365809
-0.08814864178677073
0.024801788304586125
0.04995452527457189
-0.10013006587302442
-0.07414653786004877
-0.01956931117570271
0.001954162314668828
-0.06464003578883037
0.02773636562208104
-0.05654058267968054
-0.041376638974308655
-0.0038562351615762935
-0.05983064969141072
-0.045496030668886966
-0.0038562351615762935
-0.10819102148647719
-0.01844849936066506
-0.021161035659430283
-0.05416508205116166
-0.005818111085915234
0.026458811902690726
-0.01956931117570271
0.06994395962703592
-0.03173275161671363
-0.04022536987465397
0.15300088602597928
0.04729149119249154
0.08302714817478662
0.03994035520780326
0.03443624877469453
-0.004841918958801372
0.06364954486786978
0.0278028767684102
0.17000938109242547
0.05425453554333082
0.030122729138618354
0.06569838178769771
0.08176108754913614
0.030974972656109045
-0.04022536987465397
-0.012150300762606037
0.02773636562208104
0.03863378364598535
0.001954162314668828
0.019778644828504
-0.2546008091448053
0.007058852839625374
-0.002205271978588108
0.0022689688502968153
0.04665297339942498
0.008665176454019985
-0.015144140805206874
-0.08110299466350668
-0.10013006587302442
0.04920879849315085
-0.03520416182162833
0.0515617796937029
0.03973066370480538
0.051344950513199095
0.13480548385110502
0.013040071944516285
0.04606131559255999
0.01046829599036414
0.01699193585620762
-0.019391257313081667
-0.0002868205956847447
0.05425453554333082
0.08302714817478662
0.0515617796937029
-0.04126132556270612
-0.009588853389239205
-0.015144140805206874
-0.027789787343500905
-0.007338419158481102
-0.08721982612879486
-0.15702055781469149
0.08105492908796386
0.07586149829868472
-0.03917887174705115
0.09718899306107964
0.0016709762031741349
0.024801788304586125
-0.05586089089844393
-0.019391257313081667
-0.08814864178677073
-0.047644828679283435
-0.03695834061658587
-0.007882998007099573
-0.07892951287026762
-0.1218059774124729
0.06605801367827979
0.08799230776265521
0.06292625909621563
0.026458811902690726
0.008665176454019985
-0.036421638107813514
0.012394543666532698
-0.022348210496932808
-0.05699148198311299
0.08653619008305125
0.06994395962703592
0.11522232211929584
-0.02375973362478856
-0.2546008091448053
0.025649122658425227
-0.08110299466350668
0.02927401578257438
0.0203593980283987
-0.05120330655862837
-0.07212958518599066
-0.04466517994807795
-0.04022536987465397
-0.018864353824572078
0.009856619194733796
-0.007882998007099573
0.0203593980283987
-0.051670301345440706
-0.09432889171755221
-0.02862716582831837
0.11840346286310233
-0.021161035659430283
-0.014438989348697362
0.02432879134386301
-0.15702055781469149
0.02714223291166995
0.026458811902690726
-0.045496030668886966
-0.0849833488167917
0.03882682382156144
-0.007317237093852569
-0.08285893181375492
-0.1218059774124729
0.012390402416693647
-0.038466866176760206
-0.07212958518599066
0.08799230776265521
-0.017136936568830308
0.08653619008305125
-0.0002495311402075373
0.11840346286310233
0.015089270086424023
0.01716964896203166
0.0025784297617263974
-0.017242733713295877
0.04729149119249154
0.023560334148108097
0.0041948137923384365
-0.22146034456414654
-0.09570667993071069
0.062467374718552904
0.0025784297617263974
-0.07465345378649157
-0.06720056781523276
-0.05654058267968054
0.04827168718050601
0.02520341309711238
-0.0851300246174862
0.02927401578257438
0.013065356771912562
0.026653357334457617
0.02520341309711238
0.022194058573782982
-0.08285893181375492
0.01579928711915457
-0.0849833488167917
0.015089270086424023
0.06925574960452696
0.0276177252845331
0.047513051758585334
0.10240276235625068
0.04790976101641675
-0.01844849936066506
0.020083040980136246
-0.0007657730469858848
0.05425453554333082
0.03208636570286316
0.0844852260058202
-0.041376638974308655
-0.04022536987465397
0.06806350229329183
0.13480548385110502
0.0025784297617263974
0.026653357334457617
0.13480548385110502
-0.027393577402978764
0.0203593980283987
-0.012372140541780041
-0.08721982612879486
-0.012372140541780041
0.013065356771912562
0.0512476844333456
0.005082074600808895
-0.013771885982464482
0.056736527751481525
-0.1218059774124729
-0.007882998007099573
0.04333086414918519
-0.017242733713295877
0.02708189422255458
0.01716964896203166
0.01716964896203166
-0.06464003578883037
0.0461992712042818
0.0461992712042818
0.04380656992791998
0.0276177252845331
0.026005039289207943
