0.03208636570286316
-0.036421638107813514
-0.019391257313081667
0.01661350063361855
-0.011743957061684185
0.0326533364262076
-0.05983064969141072
0.024801788304586125
0.023512429278589764
0.037453479113841226
-0.022898889969576786
-0.02243129284092049
-0.08721982612879486
0.0512476844333456
-0.15702055781469149
-0.007543661478351282
-0.10819102148647719
-0.004841918958801372
0.022194058573782982
0.020567585268201682
-0.06720056781523276
-0.08285893181375492
-0.0038562351615762935
0.07518071596092746
0.022821768641877682
-0.0005187167995490682
-0.05586089089844393
-0.07724758378448726
-0.06193714350214741
0.06569838178769771
0.006143668794592827
0.014471610315426986
0.05168531023255696
-0.08285893181375492
0.0216176650818376
0.06761705055254463
0.0016709762031741349
-0.022368622754905587
0.04790976101641675
0.08121523150568599
-0.019391257313081667
-0.009357776553262198
-0.032340875642459466
0.005082074600808895
-0.005818111085915234
-0.007720686875989813
0.020567585268201682
0.01716964896203166
-0.06193714350214741
0.04135586741642605
0.034283772423341574
0.029794720012301212
0.09718899306107964
-0.010204897362879883
0.048059232237648075
-0.027462288324585415
-0.05699148198311299
0.08759468040243501
-0.005818111085915234
0.08632977574364098
0.051344950513199095
0.0027859037974478085
0.01613403625846388
-0.04126132556270612
-0.027789787343500905
-0.08126108737944548
-0.014438989348697362
0.003822387934753202
0.08759468040243501
0.020083040980136246
0.025649122658425227
-0.007338419158481102
-0.12033949778566289
-0.028034859824940028
0.08732358904095427
0.005173534568482907
-0.027393577402978764
0.08302714817478662
-0.010204897362879883
0.08080248335888918
-0.10013006587302442
0.047513051758585334
-0.05120330655862837
0.023560334148108097
0.056736527751481525
-0.06638125688640528
0.04048653167530425
-0.019391257313081667
-0.019514789449790015
0.1417808980890598
0.06806350229329183
0.020083040980136246
0.08799230776265521
0.08080248335888918
-0.0489237727198617
0.019778644828504
-0.015144140805206874
0.009856619194733796
-0.024170822975695394
-0.01686722086916248
0.04827168718050601
0.04590352204112591
0.06569838178769771
-0.06638125688640528
-0.027788545411032928
-0.038466866176760206
0.08176108754913614
0.003822387934753202
-0.022898889969576786
0.05425453554333082
0.04590352204112591
-0.012372140541780041
0.007058852839625374
-0.01956931117570271
0.09718899306107964
-0.05654058267968054
-0.05129888770798985
-0.08814864178677073
-0.012372140541780041
0.04590352204112591
0.06364954486786978
0.02714223291166995
0.08105492908796386
-0.032340875642459466
0.01699193585620762
0.01661350063361855
-0.010204897362879883
-0.028034859824940028
-0.03695834061658587
0.10240276235625068
0.008665176454019985
-0.02496648159475967
0.028713620756199987
0.029794720012301212
0.03208636570286316
-0.024170822975695394
-0.10013006587302442
-0.009357776553262198
0.15300088602597928
-0.0849833488167917
-0.07892951287026762
0.001954162314668828
0.019778644828504
-0.04466517994807795
-0.05983064969141072
0.04606131559255999
-0.036421638107813514
0.05436809318039337
0.0344322264021244
0.047513051758585334
0.07382421435571018
0.041840431302949455
-0.009357776553262198
0.045224792909892564
0.039209693040964666
0.03443624877469453
0.02432879134386301
-0.09359820865597968
-0.08814864178677073
0.022194058573782982
0.07518071596092746
0.0844852260058202
0.0216176650818376
0.02520341309711238
0.0326533364262076
-0.014438989348697362
0.02520341309711238
0.048059232237648075
-0.004841918958801372
-0.022821982956040543
-0.022348210496932808
-0.022821982956040543
0.01699193585620762
0.062467374718552904
-0.09570667993071069
0.03863378364598535
-0.007882998007099573
0.0022689688502968153
-0.01249170093178087
0.048059232237648075
-0.0013205999854228878
0.04469322213864224
0.029794720012301212
0.03208636570286316
-0.02375973362478856
-0.2546008091448053
0.08653619008305125
-0.0013205999854228878
-0.06285634704832255
0.041840431302949455
-0.007543661478351282
0.013065356771912562
0.1417808980890598
-0.027789787343500905
0.037107507807760065
-0.03520416182162833
0.08176108754913614
-0.004841918958801372
0.0025784297617263974
0.03443624877469453
0.049538360788050184
-0.028034859824940028
-0.002647647860884561
-0.0011970474263076625
0.04665297339942498
0.03882682382156144
0.041840431302949455
0.0461992712042818
-0.022622356364218277
0.013065356771912562
-0.007338419158481102
0.043334141200254805
0.018593646962060006
0.13204555949274965
0.05198789125700998
-0.04126132556270612
0.023512429278589764
0.0515617796937029
0.02773636562208104
-0.01249170093178087
0.01046829599036414
0.013109728048770641
-0.06226621690008294
0.01347000313241331
-0.06258250876081561
0.0326533364262076
0.05198789125700998
0.014780240742707562
0.014471610315426986
0.13480548385110502
0.0512476844333456
-0.027788545411032928
0.11522232211929584
0.05198789125700998
0.06316607709876365
0.0022689688502968153
0.07382421435571018
0.02927401578257438
-0.012372140541780041
0.006746455834750975
-0.050143819123519506
0.07518071596092746
0.003822387934753202
0.0688088340488946
-0.018864353824572078
0.007058852839625374
0.01579928711915457
0.07382421435571018
0.008665176454019985
0.07060672059698447
0.01661350063361855
0.0461992712042818
-0.04126132556270612
0.011553574399841615
-0.05129888770798985
0.020083040980136246
0.01716964896203166
0.02432879134386301
-0.050143819123519506
0.020083040980136246
-0.015144140805206874
0.06994395962703592
0.04469322213864224
0.02451643163530548
-0.09432889171755221
0.03973066370480538
0.08105492908796386
0.08105492908796386
-0.2546008091448053
-0.038466866176760206
-0.01844849936066506
-0.05464289541014722
-0.06226621690008294
0.012299756912504733
0.0041948137923384365
0.0016709762031741349
-0.01686722086916248
-0.014438989348697362
0.04729149119249154
-0.021161035659430283
-0.0851300246174862
0.02451643163530548
0.006746455834750975
0.048059232237648075
0.03643980545838055
0.023512429278589764
-0.0357902826629255
-0.08110299466350668
0.011553574399841615
-0.07724758378448726
-0.015144140805206874
0.04371378571481266
0.03443624877469453
-0.03173275161671363
0.039209693040964666
-0.032340875642459466
0.0512476844333456
-0.007338419158481102
-0.03045002278091502
