0.04299886054755575
0.051344950513199095
-0.05586089089844393
0.06228267241298191
-0.011743957061684185
0.026653357334457617
0.01716964896203166
-0.005105231073404326
-0.04466517994807795
0.02773636562208104
-0.06109953281700342
0.15300088602597928
0.04995452527457189
0.043334141200254805
-0.027789787343500905
0.045224792909892564
0.17000938109242547
-0.051670301345440706
-0.007338419158481102
0.06228267241298191
0.02451643163530548
0.029794720012301212
0.0016709762031741349
0.08383912323474085
-0.03045002278091502
-0.06285634704832255
-0.013878349100881593
0.0515617796937029
-0.007720686875989813
0.043334141200254805
-0.15702055781469149
-0.06226621690008294
-0.06464003578883037
-0.06226621690008294
0.08732358904095427
0.037453479113841226
0.01347000313241331
0.012390402416693647
0.06605801367827979
-0.018864353824572078
0.03994035520780326
-0.037433866920196124
-0.03563356684104946
-0.027462288324585415
-0.009357776553262198
0.0025784297617263974
-0.13034379599603163
-0.03045002278091502
-0.036421638107813514
-0.0849833488167917
0.022821768641877682
-0.05282848588680089
0.06567138145123597
0.045224792909892564
-0.0008948035361102669
-0.02496648159475967
0.006746455834750975
-0.0357902826629255
0.007058852839625374
0.0276177252845331
0.04048653167530425
0.0025784297617263974
0.06806350229329183
0.022821768641877682
0.06228267241298191
-0.2546008091448053
-0.051670301345440706
0.028713620756199987
0.07060672059698447
-0.15702055781469149
-0.01956931117570271
0.013040071944516285
0.03973066370480538
0.04299886054755575
-0.15702055781469149
0.05425453554333082
0.0022689688502968153
-0.03520416182162833
0.048059232237648075
0.02451643163530548
-0.03563356684104946
0.020446479141682516
-0.02862716582831837
-0.02496648159475967
0.04590352204112591
0.02708189422255458
-0.045496030668886966
0.030122729138618354
0.0515617796937029
0.006265799221320201
-0.036421638107813514
0.012390402416693647
0.041840431302949455
-0.09432889171755221
-0.02243129284092049
0.012390402416693647
0.025524068456756588
-0.07724758378448726
-0.03997727574944321
0.003822387934753202
0.030974972656109045
0.013109728048770641
0.028713620756199987
-0.05120330655862837
0.03643980545838055
0.019778644828504
-0.03917887174705115
0.15300088602597928
0.05436809318039337
-0.012150300762606037
0.0844852260058202
0.05436809318039337
0.012390402416693647
-0.0007657730469858848
0.08302714817478662
0.043334141200254805
0.05182100602750328
0.006143668794592827
0.014780240742707562
0.03443624877469453
0.10109672394520075
-0.02862716582831837
0.0326533364262076
0.06316607709876365
-0.2546008091448053
-0.027788545411032928
0.013040071944516285
-0.024170822975695394
0.07060672059698447
0.04299886054755575
0.008505479129739868
0.048059232237648075
-0.022898889969576786
0.01613403625846388
-0.007720686875989813
0.001954162314668828
0.030974972656109045
0.024801788304586125
-0.008416174423421019
-0.02496648159475967
0.025722681761052968
-0.045496030668886966
-0.002647647860884561
-0.038466866176760206
0.02708189422255458
-0.22146034456414654
-0.02862716582831837
0.01035787819304268
0.01046829599036414
0.003822387934753202
0.024801788304586125
0.0512476844333456
-0.0002868205956847447
-0.032340875642459466
-0.009357776553262198
-0.03045002278091502
-0.03270475340709922
0.13204555949274965
-0.1218059774124729
-0.03520416182162833
0.0512476844333456
-0.02496648159475967
-0.07724758378448726
-0.002647647860884561
-0.02862716582831837
-0.0038562351615762935
0.06318283133468316
-0.08285893181375492
0.01699193585620762
0.0688088340488946
0.04391937482752173
0.04371378571481266
-0.08721982612879486
0.0016709762031741349
-0.03133707462365809
-0.047644828679283435
-0.012150300762606037
-0.07724758378448726
-0.08814864178677073
0.0022689688502968153
-0.08721982612879486
-0.05282848588680089
0.023560334148108097
0.07060672059698447
0.025722681761052968
-0.09432889171755221
0.04371378571481266
-0.07465345378649157
-0.024170822975695394
-0.01844849936066506
0.05168531023255696
0.06364954486786978
-0.010204897362879883
-0.04022536987465397
0.026005039289207943
0.08383912323474085
0.0165919313161762
-0.05282848588680089
-0.008416174423421019
0.02451643163530548
0.04283497654615154
0.05198789125700998
0.05425453554333082
0.006265799221320201
0.13204555949274965
0.037453479113841226
-0.027393577402978764
0.0688088340488946
-0.05120330655862837
-0.0005187167995490682
0.07060672059698447
-0.01956931117570271
0.08383912323474085
0.04995452527457189
0.0216176650818376
0.04469322213864224
-0.06720056781523276
-0.060513028914405353
0.011999720455214913
-0.0008948035361102669
0.048059232237648075
-0.07724758378448726
0.13204555949274965
0.026005039289207943
0.01579928711915457
0.03882682382156144
0.0016709762031741349
-0.0549153461639893
-0.036421638107813514
0.06316607709876365
-0.06193714350214741
-0.007543661478351282
0.07518071596092746
-0.050143819123519506
-0.012150300762606037
-0.007720686875989813
0.020567585268201682
-0.049962429852048906
0.04606131559255999
0.008505479129739868
-0.03997727574944321
-0.0005187167995490682
0.0278028767684102
-0.05129888770798985
0.005173534568482907
0.026005039289207943
0.013065356771912562
-0.0007657730469858848
0.04380656992791998
-0.007317237093852569
0.04469322213864224
0.0344322264021244
0.037453479113841226
0.013109728048770641
0.11840346286310233
0.047513051758585334
0.051344950513199095
-0.05129888770798985
0.04371378571481266
-0.045496030668886966
-0.027788545411032928
0.020567585268201682
-0.06464003578883037
-0.007720686875989813
0.023512429278589764
-0.03997727574944321
0.047513051758585334
0.0461992712042818
0.03882682382156144
-0.05699148198311299
0.026458811902690726
-0.0002495311402075373
-0.02243129284092049
-0.13034379599603163
-0.1218059774124729
-0.032340875642459466
-0.024170822975695394
0.020446479141682516
0.04995452527457189
-0.021161035659430283
-0.03917887174705115
0.022821768641877682
0.08653619008305125
-0.041376638974308655
-0.05654058267968054
0.04590352204112591
-0.22146034456414654
0.04606131559255999
0.04590352204112591
0.0515617796937029
-0.0849833488167917
0.03994035520780326
-0.007338419158481102
0.1417808980890598
0.030974972656109045
-0.07892951287026762
0.0512476844333456
0.015089270086424023
0.019778644828504
