-0.013771885982464482
0.05168531023255696
-0.15702055781469149
0.012299756912504733
0.04299886054755575
-0.011743957061684185
-0.10819102148647719
-0.06285634704832255
-0.0489237727198617
-0.05129888770798985
-0.028034859824940028
-0.09570667993071069
0.08799230776265521
0.006143668794592827
-0.0005187167995490682
-0.07465345378649157
0.037107507807760065
0.013040071944516285
0.04995452527457189
0.04790976101641675
-0.07465345378649157
-0.03563356684104946
-0.06638125688640528
-0.04022536987465397
-0.041376638974308655
0.04380656992791998
-0.0008948035361102669
-0.03695834061658587
-0.017136936568830308
-0.01686722086916248
-0.015144140805206874
0.02927401578257438
0.11522232211929584
-0.09432889171755221
0.06761705055254463
-0.02862716582831837
0.04048653167530425
0.0515617796937029
-0.027462288324585415
0.04380656992791998
-0.008416174423421019
0.001954162314668828
-0.10819102148647719
0.03882682382156144
0.04283497654615154
-0.05654058267968054
0.17000938109242547
0.02773636562208104
-0.08721982612879486
-0.04022536987465397
0.028713620756199987
-0.05654058267968054
0.13480548385110502
-0.03133707462365809
-0.0005187167995490682
0.01661350063361855
0.012390402416693647
-0.0549153461639893
0.13480548385110502
-0.05654058267968054
-0.06258250876081561
-0.12033949778566289
0.06994395962703592
0.015089270086424023
0.0461992712042818
0.006265799221320201
-0.12033949778566289
0.01699193585620762
-0.017242733713295877
0.034283772423341574
0.08176108754913614
-0.02243129284092049
0.025524068456756588
0.05198789125700998
-0.05416508205116166
-0.032340875642459466
-0.007720686875989813
-0.17661184642248884
-0.051670301345440706
0.003822387934753202
-0.019391257313081667
0.03643980545838055
-0.019391257313081667
0.04995452527457189
0.03882682382156144
0.001954162314668828
0.0216176650818376
-0.007720686875989813
-0.09359820865597968
-0.012372140541780041
0.026005039289207943
0.05436809318039337
-0.01956931117570271
0.037453479113841226
0.001954162314668828
0.049538360788050184
0.04823967565580034
-0.013771885982464482
0.0216176650818376
0.01579928711915457
0.05168531023255696
-0.036421638107813514
-0.08285893181375492
-0.08143178414826124
-0.009357776553262198
-0.0002868205956847447
0.045224792909892564
-0.027788545411032928
0.007058852839625374
-0.005105231073404326
-0.01844849936066506
-0.0011970474263076625
0.08080248335888918
0.1399333926158075
-0.1218059774124729
-0.02862716582831837
-0.050143819123519506
-0.08678886069673908
0.08080248335888918
0.0688088340488946
-0.0357902826629255
0.03994035520780326
0.014780240742707562
-0.02243129284092049
-0.05654058267968054
0.048059232237648075
0.10240276235625068
-0.06285634704832255
0.02714223291166995
-0.037433866920196124
-0.05282848588680089
-0.03563356684104946
0.04590352204112591
-0.007720686875989813
-0.03458770640829023
0.04135586741642605
0.04371378571481266
-0.005105231073404326
0.03643980545838055
0.07060672059698447
-0.02862716582831837
-0.02375973362478856
0.0027859037974478085
-0.05120330655862837
0.022194058573782982
0.020083040980136246
0.013040071944516285
0.008505479129739868
-0.05464289541014722
0.0165919313161762
0.06994395962703592
-0.032340875642459466
-0.010204897362879883
0.025524068456756588
-0.03133707462365809
0.05168531023255696
0.020567585268201682
0.11840346286310233
-0.027462288324585415
0.04590352204112591
0.025722681761052968
0.0576314646823306
0.0688088340488946
0.0216176650818376
0.04299886054755575
-0.015144140805206874
0.02451643163530548
-0.036421638107813514
0.05182100602750328
0.11522232211929584
0.04799414960212012
0.001954162314668828
0.0203593980283987
-0.22146034456414654
-0.009357776553262198
0.014471610315426986
0.07382421435571018
0.08799230776265521
0.13204555949274965
-0.0549153461639893
-0.02862716582831837
0.008505479129739868
0.06761705055254463
-0.047644828679283435
-0.049962429852048906
0.02708189422255458
0.03208636570286316
0.02773636562208104
-0.07465345378649157
0.012394543666532698
-0.012150300762606037
0.013065356771912562
-0.036421638107813514
-0.06285634704832255
-0.08143178414826124
-0.022348210496932808
-0.06720056781523276
0.04790976101641675
0.04380656992791998
0.04995452527457189
0.005082074600808895
-0.007720686875989813
-0.03270475340709922
-0.0011970474263076625
-0.050143819123519506
0.04380656992791998
0.03208636570286316
0.011553574399841615
-0.01249170093178087
0.0041948137923384365
0.013109728048770641
0.06228267241298191
-0.03997727574944321
0.11522232211929584
0.006143668794592827
0.04606131559255999
0.03994035520780326
-0.06285634704832255
-0.021161035659430283
0.037453479113841226
-0.045496030668886966
0.012299756912504733
0.04135586741642605
0.015089270086424023
-0.005105231073404326
0.006143668794592827
-0.051670301345440706
0.04283497654615154
0.03863378364598535
-0.06226621690008294
0.006265799221320201
-0.06193714350214741
0.0022689688502968153
-0.0489237727198617
0.0844852260058202
-0.08110299466350668
0.022821768641877682
-0.018864353824572078
0.03863378364598535
0.04391937482752173
-0.038466866176760206
0.037453479113841226
0.03861575224405023
0.04995452527457189
0.05168531023255696
0.04048653167530425
-0.06720056781523276
0.04823967565580034
-0.06720056781523276
0.009856619194733796
0.06364954486786978
-0.04022536987465397
0.011553574399841615
-0.03270475340709922
-0.022622356364218277
-0.0357902826629255
0.0344322264021244
0.13480548385110502
0.0025784297617263974
-0.05120330655862837
-0.02862716582831837
0.06292625909621563
-0.049962429852048906
0.06364954486786978
-0.07414653786004877
-0.12033949778566289
0.06569838178769771
-0.008416174423421019
0.08302714817478662
0.011999720455214913
0.062467374718552904
-0.08814864178677073
0.1417808980890598
-0.13034379599603163
-0.06193714350214741
-0.05416508205116166
0.08799230776265521
0.07382421435571018
-0.08110299466350668
0.03973066370480538
0.01716964896203166
-0.0013205999854228878
0.009856619194733796
0.06925574960452696
0.0216176650818376
0.01699193585620762
-0.07212958518599066
-0.024170822975695394
0.022821768641877682
0.05182100602750328
-0.0549153461639893
-0.07212958518599066
-0.0489237727198617
-0.017136936568830308
-0.005818111085915234
0.0844852260058202
-0.06109953281700342
-0.03520416182162833
0.006265799221320201
