0.08176108754913614
0.08383912323474085
0.02520341309711238
0.04380656992791998
-0.007338419158481102
0.06994395962703592
0.01661350063361855
-0.041376638974308655
0.049538360788050184
0.0022689688502968153
-0.06193714350214741
-0.08143178414826124
-0.02496648159475967
0.026458811902690726
-0.007882998007099573
-0.047644828679283435
-0.01844849936066506
0.01579928711915457
-0.022898889969576786
0.0022689688502968153
0.05198789125700998
0.056736527751481525
-0.0489237727198617
0.03861575224405023
-0.0636718542421022
0.08176108754913614
0.007058852839625374
0.04590352204112591
0.026653357334457617
0.007058852839625374
-0.04466517994807795
-0.03563356684104946
-0.0636718542421022
0.041840431302949455
0.08080248335888918
0.011553574399841615
0.006143668794592827
0.043334141200254805
-0.032259158022980294
-0.027789787343500905
0.07060672059698447
0.043334141200254805
0.02714223291166995
0.03208636570286316
-0.007317237093852569
0.0278028767684102
0.08105492908796386
-0.037433866920196124
0.08080248335888918
0.051344950513199095
0.01046829599036414
-0.04466517994807795
-0.01844849936066506
-0.024170822975695394
0.019778644828504
0.04333086414918519
0.06994395962703592
0.008505479129739868
-0.05983064969141072
0.062467374718552904
0.0344322264021244
0.037453479113841226
-0.08285893181375492
-0.03563356684104946
-0.07892951287026762
0.003822387934753202
0.0165919313161762
0.04469322213864224
0.05168531023255696
0.025722681761052968
-0.03695834061658587
-0.01956931117570271
0.06567138145123597
-0.05416508205116166
0.04920879849315085
0.013040071944516285
0.043334141200254805
0.05799658946616226
-0.05129888770798985
0.07060672059698447
-0.02243129284092049
0.047513051758585334
-0.06053051312501001
0.056736527751481525
-0.019514789449790015
0.048059232237648075
0.0016709762031741349
-0.047644828679283435
-0.03695834061658587
-0.08143178414826124
0.08632977574364098
-0.022368622754905587
0.04665297339942498
0.025722681761052968
0.04333086414918519
-0.011743957061684185
0.04283497654615154
0.023512429278589764
-0.012150300762606037
0.08632977574364098
0.11522232211929584
0.08653619008305125
-0.022898889969576786
0.02927401578257438
0.06806350229329183
0.08383912323474085
-0.019514789449790015
-0.08143178414826124
0.0688088340488946
0.011553574399841615
0.014780240742707562
-0.014438989348697362
-0.0038562351615762935
-0.027789787343500905
0.04371378571481266
-0.01956931117570271
0.008665176454019985
0.03863378364598535
0.01579928711915457
-0.05416508205116166
-0.007543661478351282
0.04790976101641675
0.1399333926158075
0.03994035520780326
-0.019514789449790015
-0.03045002278091502
-0.007882998007099573
0.08176108754913614
0.06318283133468316
0.07518071596092746
0.08121523150568599
0.023512429278589764
-0.007720686875989813
0.013065356771912562
0.04380656992791998
-0.03173275161671363
0.03861575224405023
0.0025784297617263974
-0.07414653786004877
0.03208636570286316
0.05168531023255696
-0.0002868205956847447
-0.0013205999854228878
0.0276177252845331
0.13480548385110502
0.04371378571481266
0.04665297339942498
-0.06053051312501001
0.005082074600808895
-0.07414653786004877
-0.019391257313081667
0.04469322213864224
-0.0002868205956847447
-0.05282848588680089
-0.03563356684104946
0.0515617796937029
-0.0002868205956847447
-0.0851300246174862
0.013065356771912562
0.012394543666532698
-0.028034859824940028
0.0326533364262076
-0.0549153461639893
-0.03133707462365809
-0.05120330655862837
-0.08285893181375492
-0.02496648159475967
-0.09432889171755221
0.08799230776265521
0.04729149119249154
0.006746455834750975
0.024801788304586125
-0.05983064969141072
0.04590352204112591
-0.022622356364218277
-0.07892951287026762
0.01613403625846388
-0.03520416182162833
0.006746455834750975
-0.15702055781469149
-0.009588853389239205
0.001954162314668828
0.01724199139330551
-0.06464003578883037
-0.08814864178677073
-0.007338419158481102
0.017908695057996304
0.045224792909892564
-0.022348210496932808
0.04391937482752173
0.01699193585620762
-0.0489237727198617
-0.017136936568830308
-0.011743957061684185
-0.015144140805206874
-0.007543661478351282
0.020083040980136246
0.020446479141682516
-0.0002495311402075373
-0.0008948035361102669
-0.17661184642248884
-0.028034859824940028
0.08632977574364098
0.0515617796937029
-0.0849833488167917
0.08632977574364098
-0.03695834061658587
0.06761705055254463
0.037107507807760065
0.08799230776265521
-0.028034859824940028
0.08759468040243501
-0.06109953281700342
0.04920879849315085
0.1417808980890598
-0.06109953281700342
0.02432879134386301
-0.047644828679283435
0.045224792909892564
-0.03563356684104946
0.049538360788050184
-0.007338419158481102
0.003822387934753202
-0.007543661478351282
0.08302714817478662
-0.07724758378448726
-0.05129888770798985
0.02451643163530548
-0.02375973362478856
0.025722681761052968
-0.027789787343500905
-0.03173275161671363
-0.049962429852048906
0.13480548385110502
0.04790976101641675
-0.019391257313081667
-0.0636718542421022
0.014471610315426986
0.030974972656109045
0.09718899306107964
0.0576314646823306
-0.03997727574944321
0.0512476844333456
0.02773636562208104
-0.05464289541014722
-0.07892951287026762
0.06994395962703592
0.0027859037974478085
-0.009357776553262198
0.009856619194733796
0.047513051758585334
0.04729149119249154
0.043334141200254805
-0.05120330655862837
0.08732358904095427
0.11840346286310233
0.06761705055254463
0.0326533364262076
0.0025784297617263974
0.08759468040243501
0.006265799221320201
-0.08814864178677073
0.0844852260058202
0.08799230776265521
-0.032340875642459466
-0.06464003578883037
0.015089270086424023
0.011553574399841615
-0.01844849936066506
0.0203593980283987
-0.07465345378649157
0.013065356771912562
-0.01956931117570271
0.01613403625846388
0.05425453554333082
0.020446479141682516
-0.0013205999854228878
-0.02862716582831837
0.0016709762031741349
0.006143668794592827
-0.027789787343500905
0.056736527751481525
-0.022622356364218277
-0.027462288324585415
0.02432879134386301
0.006265799221320201
0.01035787819304268
-0.01249170093178087
0.024801788304586125
-0.03695834061658587
0.06318283133468316
-0.028034859824940028
0.018593646962060006
-0.017136936568830308
-0.04126132556270612
0.013109728048770641
0.0025784297617263974
0.07382421435571018
0.012394543666532698
