0.051344950513199095
-0.03045002278091502
0.01579928711915457
0.01035787819304268
0.04799414960212012
-0.028034859824940028
-0.022821982956040543
0.02714223291166995
0.06806350229329183
0.05168531023255696
-0.05464289541014722
-0.022368622754905587
-0.01686722086916248
0.04920879849315085
0.0512476844333456
0.023512429278589764
-0.13034379599603163
-0.022368622754905587
0.13480548385110502
0.11522232211929584
-0.04022536987465397
0.014471610315426986
0.0688088340488946
0.07586149829868472
0.0344322264021244
-0.05120330655862837
-0.019391257313081667
0.014471610315426986
-0.022368622754905587
-0.04022536987465397
0.03443624877469453
0.0041948137923384365
0.03208636570286316
-0.012150300762606037
0.0344322264021244
0.04333086414918519
0.13204555949274965
-0.09359820865597968
0.005173534568482907
0.001954162314668828
-0.03695834061658587
0.0326533364262076
-0.002205271978588108
0.0576314646823306
0.04380656992791998
0.02520341309711238
0.02927401578257438
-0.02862716582831837
-0.05282848588680089
0.03882682382156144
-0.01686722086916248
0.07060672059698447
-0.03270475340709922
0.1417808980890598
0.009856619194733796
0.03861575224405023
0.048059232237648075
0.0022689688502968153
0.012394543666532698
-0.10013006587302442
0.012299756912504733
-0.007720686875989813
-0.06193714350214741
0.037107507807760065
-0.022821982956040543
0.012390402416693647
-0.03563356684104946
-0.05983064969141072
0.013109728048770641
0.008665176454019985
0.06925574960452696
-0.09570667993071069
0.09718899306107964
0.06925574960452696
0.023512429278589764
0.026653357334457617
0.028713620756199987
0.006143668794592827
0.13204555949274965
-0.015144140805206874
-0.004841918958801372
0.01661350063361855
-0.09570667993071069
-0.021161035659430283
0.07518071596092746
-0.012372140541780041
-0.028034859824940028
-0.06053051312501001
0.030122729138618354
-0.032340875642459466
0.08176108754913614
-0.07724758378448726
0.031017376704207678
0.0027859037974478085
-0.09359820865597968
-0.06226621690008294
0.07060672059698447
0.0276177252845331
0.08383912323474085
-0.0851300246174862
0.04665297339942498
0.05168531023255696
-0.028034859824940028
0.039209693040964666
-0.007720686875989813
0.048059232237648075
0.06569838178769771
0.04823967565580034
-0.017136936568830308
0.05182100602750328
0.0512476844333456
0.04665297339942498
0.026005039289207943
-0.08110299466350668
0.008505479129739868
0.0515617796937029
0.08121523150568599
0.0216176650818376
0.06316607709876365
0.05425453554333082
0.020567585268201682
0.07518071596092746
0.08759468040243501
0.02708189422255458
0.01724199139330551
-0.060513028914405353
-0.0007657730469858848
-0.0007657730469858848
0.03994035520780326
0.06994395962703592
0.0216176650818376
0.006265799221320201
-0.010532567714866659
0.13204555949274965
-0.09570667993071069
-0.09570667993071069
0.04665297339942498
0.025722681761052968
-0.06720056781523276
0.04790976101641675
-0.10819102148647719
-0.05699148198311299
0.02773636562208104
-0.03270475340709922
0.02432879134386301
-0.09359820865597968
0.10109672394520075
-0.03997727574944321
-0.06638125688640528
0.0461992712042818
-0.051670301345440706
-0.0002495311402075373
-0.049962429852048906
0.0326533364262076
-0.019514789449790015
0.09718899306107964
-0.03917887174705115
0.022194058573782982
-0.010204897362879883
0.04823967565580034
0.025524068456756588
-0.07724758378448726
0.04995452527457189
0.04371378571481266
-0.07414653786004877
0.024801788304586125
0.03643980545838055
0.062467374718552904
-0.03458770640829023
-0.08678886069673908
0.034283772423341574
-0.06720056781523276
-0.04126132556270612
-0.022898889969576786
0.025524068456756588
-0.05464289541014722
-0.022348210496932808
0.02708189422255458
-0.0357902826629255
-0.007720686875989813
-0.024170822975695394
-0.17661184642248884
-0.02862716582831837
0.06318283133468316
-0.01249170093178087
0.001954162314668828
-0.01686722086916248
-0.024170822975695394
0.026458811902690726
-0.0357902826629255
0.04790976101641675
-0.09432889171755221
-0.06285634704832255
0.014471610315426986
-0.05699148198311299
0.06318283133468316
0.043334141200254805
0.006265799221320201
0.026458811902690726
-0.027393577402978764
0.07518071596092746
-0.17661184642248884
0.08732358904095427
-0.049962429852048906
0.08799230776265521
0.08632977574364098
-0.010204897362879883
0.08302714817478662
-0.03045002278091502
0.037107507807760065
0.04799414960212012
-0.02862716582831837
-0.06638125688640528
0.04590352204112591
-0.06285634704832255
-0.06053051312501001
0.034283772423341574
-0.09570667993071069
-0.0357902826629255
0.03208636570286316
-0.022898889969576786
0.013109728048770641
-0.07212958518599066
0.04590352204112591
-0.007338419158481102
0.0025784297617263974
0.01661350063361855
-0.0849833488167917
-0.05129888770798985
-0.03173275161671363
-0.03520416182162833
0.022821768641877682
-0.03563356684104946
-0.03270475340709922
0.03443624877469453
-0.028034859824940028
-0.0636718542421022
-0.01956931117570271
0.08732358904095427
-0.08721982612879486
0.029794720012301212
-0.05654058267968054
0.0844852260058202
-0.0849833488167917
0.08105492908796386
-0.0489237727198617
0.09718899306107964
-0.027788545411032928
0.06364954486786978
0.06569838178769771
-0.05129888770798985
0.023512429278589764
0.04371378571481266
0.08653619008305125
0.04135586741642605
0.04995452527457189
-0.049962429852048906
-0.0008948035361102669
0.04380656992791998
0.0512476844333456
-0.013771885982464482
0.012390402416693647
-0.009588853389239205
0.031017376704207678
-0.05983064969141072
-0.0008948035361102669
0.06567138145123597
-0.027462288324585415
-0.045496030668886966
0.017908695057996304
-0.01249170093178087
-0.027393577402978764
-0.07075486294590672
0.012394543666532698
0.03643980545838055
0.022821768641877682
0.01724199139330551
-0.049962429852048906
0.07382421435571018
0.049538360788050184
0.06318283133468316
0.0461992712042818
-0.07465345378649157
0.07060672059698447
0.1417808980890598
-0.03563356684104946
-0.024170822975695394
-0.0002868205956847447
0.03643980545838055
0.07586149829868472
-0.0851300246174862
0.11522232211929584
0.04823967565580034
-0.05120330655862837
-0.12033949778566289
-0.032259158022980294
0.024801788304586125
0.056736527751481525
-0.017242733713295877
