-0.019391257313081667
-0.0038562351615762935
0.01347000313241331
-0.06285634704832255
-0.011743957061684185
0.05168531023255696
0.04391937482752173
-0.09570667993071069
-0.0849833488167917
0.01046829599036414
-0.05983064969141072
0.13204555949274965
0.0165919313161762
-0.060513028914405353
-0.0008948035361102669
0.026005039289207943
0.07586149829868472
0.09718899306107964
0.0203593980283987
0.0041948137923384365
-0.06720056781523276
0.08653619008305125
0.012394543666532698
0.043334141200254805
-0.0851300246174862
0.039209693040964666
0.01046829599036414
0.019778644828504
0.08302714817478662
0.020567585268201682
0.06316607709876365
0.05425453554333082
0.034283772423341574
0.06364954486786978
-0.05983064969141072
-0.019391257313081667
0.0165919313161762
0.0326533364262076
0.06605801367827979
-0.08721982612879486
0.02708189422255458
-0.08110299466350668
-0.007882998007099573
-0.032259158022980294
0.08653619008305125
-0.012150300762606037
-0.02862716582831837
-0.0636718542421022
0.02432879134386301
0.026005039289207943
0.06316607709876365
0.023560334148108097
0.019778644828504
-0.09432889171755221
-0.012150300762606037
0.04995452527457189
-0.0849833488167917
0.04469322213864224
0.04799414960212012
0.07586149829868472
0.0512476844333456
0.034283772423341574
-0.03045002278091502
-0.002647647860884561
0.05799658946616226
0.048059232237648075
0.026653357334457617
0.024801788304586125
-0.022821982956040543
0.06569838178769771
0.04380656992791998
-0.03045002278091502
-0.2546008091448053
-0.17661184642248884
0.037453479113841226
0.04827168718050601
0.006265799221320201
0.01613403625846388
-0.045496030668886966
0.06292625909621563
-0.08143178414826124
-0.08126108737944548
0.08080248335888918
0.04799414960212012
0.025649122658425227
0.01699193585620762
-0.07465345378649157
-0.018864353824572078
0.006265799221320201
0.04135586741642605
0.07586149829868472
0.06605801367827979
-0.022348210496932808
0.04590352204112591
-0.03045002278091502
0.17000938109242547
-0.10819102148647719
0.019778644828504
0.029794720012301212
-0.009357776553262198
0.0022689688502968153
0.025722681761052968
-0.06193714350214741
-0.002647647860884561
-0.02243129284092049
0.06925574960452696
0.06228267241298191
-0.007338419158481102
-0.03520416182162833
-0.0007657730469858848
0.06605801367827979
0.06292625909621563
0.0344322264021244
0.08176108754913614
0.08799230776265521
-0.022821982956040543
0.06569838178769771
-0.03997727574944321
0.0278028767684102
-0.02243129284092049
-0.027393577402978764
-0.06193714350214741
-0.08126108737944548
0.030974972656109045
0.0203593980283987
0.11840346286310233
0.008665176454019985
0.13480548385110502
0.04391937482752173
-0.08814864178677073
0.01613403625846388
0.05436809318039337
0.011553574399841615
-0.028034859824940028
-0.007720686875989813
0.0025784297617263974
-0.03045002278091502
-0.03695834061658587
-0.050143819123519506
-0.013771885982464482
-0.036421638107813514
0.06318283133468316
0.05436809318039337
0.05425453554333082
-0.02862716582831837
0.024801788304586125
0.0276177252845331
0.023560334148108097
0.07518071596092746
-0.045496030668886966
0.045224792909892564
0.020446479141682516
0.06605801367827979
0.04823967565580034
-0.06226621690008294
-0.0489237727198617
-0.06285634704832255
-0.03458770640829023
0.04799414960212012
-0.01844849936066506
-0.13034379599603163
-0.09432889171755221
0.06316607709876365
-0.01686722086916248
0.02451643163530548
0.045224792909892564
0.08080248335888918
0.056736527751481525
-0.02243129284092049
0.018593646962060006
-0.05983064969141072
0.020446479141682516
-0.007720686875989813
0.02451643163530548
-0.0007657730469858848
0.0688088340488946
0.08653619008305125
0.0022689688502968153
-0.007317237093852569
-0.004841918958801372
0.1399333926158075
-0.07465345378649157
0.11522232211929584
-0.07892951287026762
0.01579928711915457
0.02432879134386301
0.0278028767684102
0.0844852260058202
0.15300088602597928
0.037453479113841226
-0.014438989348697362
0.062467374718552904
0.06806350229329183
0.13204555949274965
-0.051670301345440706
-0.0002868205956847447
0.0041948137923384365
0.06318283133468316
0.0165919313161762
-0.012372140541780041
-0.019391257313081667
0.0027859037974478085
0.03861575224405023
0.0203593980283987
0.17000938109242547
-0.08143178414826124
-0.018864353824572078
0.08105492908796386
0.0344322264021244
0.09718899306107964
-0.032340875642459466
0.02714223291166995
-0.22146034456414654
-0.01686722086916248
0.06228267241298191
0.07518071596092746
0.05168531023255696
0.0016709762031741349
-0.06258250876081561
0.045224792909892564
0.02714223291166995
0.0515617796937029
0.014471610315426986
0.062467374718552904
0.03973066370480538
0.017908695057996304
0.028713620756199987
-0.060513028914405353
0.04790976101641675
0.01699193585620762
0.062467374718552904
-0.017136936568830308
-0.07465345378649157
-0.07724758378448726
0.026653357334457617
0.011999720455214913
-0.015144140805206874
-0.04022536987465397
0.06228267241298191
-0.02243129284092049
0.04380656992791998
-0.027393577402978764
-0.0005187167995490682
-0.0357902826629255
0.019778644828504
0.04823967565580034
0.03863378364598535
0.07382421435571018
0.08105492908796386
-0.047644828679283435
-0.0357902826629255
0.05425453554333082
0.037453479113841226
0.003822387934753202
-0.004841918958801372
-0.036421638107813514
-0.07414653786004877
-0.02496648159475967
-0.0357902826629255
-0.024170822975695394
-0.007543661478351282
0.02773636562208104
0.0344322264021244
-0.028034859824940028
-0.027788545411032928
-0.007543661478351282
-0.02496648159475967
0.013065356771912562
-0.13034379599603163
0.05168531023255696
0.007058852839625374
0.043334141200254805
0.020446479141682516
-0.07414653786004877
-0.08143178414826124
0.0016709762031741349
0.04469322213864224
-0.027393577402978764
0.028713620756199987
0.02773636562208104
-0.0489237727198617
0.10240276235625068
0.05799658946616226
-0.03520416182162833
-0.0007657730469858848
0.06994395962703592
0.02773636562208104
0.10240276235625068
-0.0636718542421022
-0.08814864178677073
-0.013771885982464482
0.014471610315426986
-0.06226621690008294
0.04799414960212012
0.03861575224405023
0.037453479113841226
0.03882682382156144
0.08121523150568599
-0.05416508205116166
