-0.021161035659430283
-0.03458770640829023
-0.007338419158481102
0.043334141200254805
-0.0849833488167917
0.04469322213864224
0.13480548385110502
0.04920879849315085
0.005173534568482907
-0.0489237727198617
0.04371378571481266
-0.027789787343500905
-0.06638125688640528
-0.0002868205956847447
0.09718899306107964
-0.01844849936066506
-0.036421638107813514
0.006746455834750975
-0.05699148198311299
-0.08126108737944548
-0.047644828679283435
-0.022368622754905587
0.006265799221320201
-0.007720686875989813
0.012394543666532698
0.012299756912504733
0.01724199139330551
-0.0005187167995490682
0.04823967565580034
0.08105492908796386
-0.05129888770798985
0.0512476844333456
0.019778644828504
0.029794720012301212
-0.010204897362879883
0.018593646962060006
0.001954162314668828
0.08080248335888918
-0.018864353824572078
-0.02243129284092049
0.11522232211929584
0.02927401578257438
0.028713620756199987
-0.06285634704832255
-0.007338419158481102
-0.002647647860884561
-0.05983064969141072
-0.06464003578883037
-0.019391257313081667
-0.10819102148647719
0.045224792909892564
0.014471610315426986
0.03443624877469453
-0.022368622754905587
0.0165919313161762
0.08302714817478662
0.06228267241298191
0.0027859037974478085
-0.014438989348697362
-0.03563356684104946
0.037107507807760065
0.11840346286310233
0.02451643163530548
0.025722681761052968
-0.0002868205956847447
-0.037433866920196124
0.04299886054755575
0.001954162314668828
0.017908695057996304
-0.010532567714866659
-0.02375973362478856
0.03443624877469453
0.05182100602750328
-0.032259158022980294
0.0512476844333456
0.06292625909621563
-0.002647647860884561
0.04299886054755575
-0.047644828679283435
-0.06720056781523276
-0.08285893181375492
-0.038466866176760206
-0.0002868205956847447
0.014471610315426986
0.049538360788050184
0.017908695057996304
0.023512429278589764
-0.07724758378448726
-0.03045002278091502
0.1417808980890598
0.037107507807760065
-0.051670301345440706
-0.01844849936066506
-0.028034859824940028
0.08121523150568599
0.08383912323474085
0.03208636570286316
-0.03563356684104946
0.05425453554333082
0.04135586741642605
-0.013771885982464482
-0.038466866176760206
0.011999720455214913
0.0344322264021244
-0.0002868205956847447
-0.007882998007099573
0.028713620756199987
0.030974972656109045
-0.047644828679283435
-0.0038562351615762935
0.019778644828504
0.04333086414918519
0.04299886054755575
-0.009357776553262198
-0.036421638107813514
-0.1218059774124729
0.03863378364598535
-0.007882998007099573
0.062467374718552904
-0.03695834061658587
-0.03917887174705115
0.02714223291166995
0.13480548385110502
-0.01956931117570271
-0.0007657730469858848
-0.05586089089844393
0.029794720012301212
0.04606131559255999
-0.009588853389239205
-0.05586089089844393
0.04995452527457189
-0.017242733713295877
0.023560334148108097
-0.015144140805206874
0.04371378571481266
0.012394543666532698
-0.03045002278091502
0.0576314646823306
-0.07075486294590672
0.03861575224405023
-0.0005187167995490682
-0.018864353824572078
-0.03173275161671363
0.0165919313161762
0.04391937482752173
-0.0013205999854228878
-0.0005187167995490682
0.006143668794592827
-0.015144140805206874
0.003822387934753202
-0.07892951287026762
-0.010204897362879883
0.039209693040964666
0.014471610315426986
-0.005818111085915234
-0.08110299466350668
0.06994395962703592
0.13204555949274965
0.043334141200254805
0.019778644828504
0.0165919313161762
-0.09359820865597968
0.0216176650818376
-0.027393577402978764
0.05436809318039337
0.04299886054755575
0.07382421435571018
0.022194058573782982
-0.012150300762606037
0.03861575224405023
-0.03917887174705115
-0.12033949778566289
0.07518071596092746
0.007058852839625374
-0.007543661478351282
0.014780240742707562
0.014471610315426986
0.06567138145123597
-0.08143178414826124
0.009856619194733796
0.009856619194733796
0.11522232211929584
0.11522232211929584
0.007058852839625374
0.0576314646823306
-0.03997727574944321
-0.002205271978588108
0.0688088340488946
0.029794720012301212
-0.08721982612879486
0.02432879134386301
-0.032340875642459466
0.04333086414918519
0.04790976101641675
0.015089270086424023
-0.07212958518599066
-0.04022536987465397
-0.024170822975695394
0.030122729138618354
-0.05699148198311299
0.07382421435571018
-0.012372140541780041
0.06569838178769771
0.015089270086424023
-0.08814864178677073
-0.01844849936066506
0.07060672059698447
-0.007317237093852569
-0.08126108737944548
0.034283772423341574
-0.045496030668886966
0.01046829599036414
0.08383912323474085
-0.022622356364218277
0.045224792909892564
0.01699193585620762
0.05198789125700998
0.006143668794592827
-0.01844849936066506
0.06228267241298191
0.0203593980283987
0.025649122658425227
0.08732358904095427
-0.10819102148647719
0.020567585268201682
0.0576314646823306
0.012390402416693647
0.026653357334457617
-0.05699148198311299
-0.005105231073404326
-0.002205271978588108
0.07060672059698447
-0.03997727574944321
-0.08110299466350668
0.062467374718552904
-0.010532567714866659
0.04048653167530425
0.013109728048770641
0.01046829599036414
0.017908695057996304
0.048059232237648075
0.024801788304586125
0.013040071944516285
-0.03270475340709922
0.0027859037974478085
0.04606131559255999
0.006746455834750975
0.13480548385110502
0.1417808980890598
0.04299886054755575
-0.019514789449790015
0.04380656992791998
0.09718899306107964
0.07586149829868472
-0.0007657730469858848
-0.03045002278091502
-0.08678886069673908
0.02714223291166995
0.03861575224405023
0.13204555949274965
-0.12033949778566289
0.10109672394520075
0.01716964896203166
0.034283772423341574
0.1417808980890598
-0.07414653786004877
0.0022689688502968153
0.020083040980136246
-0.007338419158481102
-0.0636718542421022
-0.09570667993071069
-0.004841918958801372
0.04790976101641675
-0.0636718542421022
0.0576314646823306
0.04665297339942498
0.03861575224405023
-0.06464003578883037
0.08383912323474085
-0.021161035659430283
0.04827168718050601
0.06292625909621563
-0.0008948035361102669
-0.0489237727198617
0.06569838178769771
0.0844852260058202
-0.03458770640829023
-0.07075486294590672
-0.0013205999854228878
0.05168531023255696
-0.01249170093178087
0.0326533364262076
-0.0849833488167917
-0.08143178414826124
-0.04022536987465397
0.012299756912504733
-0.02862716582831837
0.04048653167530425
0.030974972656109045
