-0.05464289541014722
-0.014438989348697362
-0.05282848588680089
-0.0002495311402075373
-0.007882998007099573
0.01699193585620762
0.014780240742707562
0.008665176454019985
-0.021161035659430283
-0.01686722086916248
-0.012150300762606037
0.04799414960212012
0.023560334148108097
0.020446479141682516
-0.01956931117570271
0.06292625909621563
-0.08285893181375492
-0.005818111085915234
0.04283497654615154
-0.2546008091448053
0.03882682382156144
0.06761705055254463
-0.03173275161671363
-0.17661184642248884
0.04371378571481266
-0.0002495311402075373
0.0461992712042818
0.07586149829868472
-0.06285634704832255
-0.03270475340709922
-0.0489237727198617
0.04380656992791998
0.05168531023255696
0.04823967565580034
0.0041948137923384365
-0.02862716582831837
-0.05129888770798985
-0.019514789449790015
0.01035787819304268
-0.024170822975695394
0.031017376704207678
-0.027788545411032928
-0.007317237093852569
0.04827168718050601
-0.03458770640829023
-0.01844849936066506
-0.04022536987465397
-0.06109953281700342
0.0216176650818376
-0.03695834061658587
0.06318283133468316
-0.036421638107813514
0.048059232237648075
0.01613403625846388
0.04606131559255999
-0.0549153461639893
0.17000938109242547
0.01347000313241331
0.04665297339942498
-0.007720686875989813
0.019778644828504
-0.05983064969141072
-0.022821982956040543
-0.15702055781469149
-0.022368622754905587
-0.06638125688640528
0.07586149829868472
0.04135586741642605
-0.08678886069673908
0.03443624877469453
-0.06226621690008294
0.037107507807760065
0.0515617796937029
0.019778644828504
-0.03695834061658587
0.04590352204112591
-0.07414653786004877
-0.019391257313081667
0.01699193585620762
0.006265799221320201
0.019778644828504
0.023560334148108097
-0.07414653786004877
0.023512429278589764
-0.07414653786004877
0.04827168718050601
0.06806350229329183
0.13480548385110502
-0.03173275161671363
-0.013878349100881593
0.10109672394520075
-0.08143178414826124
-0.05282848588680089
-0.017136936568830308
0.029794720012301212
-0.032259158022980294
0.13204555949274965
0.01661350063361855
0.04135586741642605
0.08799230776265521
0.0276177252845331
-0.10819102148647719
0.04665297339942498
-0.007543661478351282
0.03882682382156144
0.08121523150568599
0.020567585268201682
0.08653619008305125
-0.0002495311402075373
-0.036421638107813514
0.11840346286310233
0.17000938109242547
-0.002647647860884561
0.15300088602597928
0.08302714817478662
-0.041376638974308655
0.0276177252845331
-0.04126132556270612
-0.005105231073404326
-0.012372140541780041
0.049538360788050184
0.020446479141682516
0.006143668794592827
-0.06226621690008294
-0.10013006587302442
0.06569838178769771
0.04380656992791998
0.06318283133468316
0.009856619194733796
0.028713620756199987
0.04371378571481266
-0.02243129284092049
-0.027789787343500905
-0.021161035659430283
0.06925574960452696
0.022194058573782982
0.026653357334457617
0.02773636562208104
-0.009588853389239205
0.049538360788050184
0.030122729138618354
0.13480548385110502
0.13480548385110502
-0.2546008091448053
-0.02862716582831837
0.0515617796937029
0.04995452527457189
0.056736527751481525
0.0515617796937029
-0.08721982612879486
0.025649122658425227
0.037107507807760065
0.025649122658425227
-0.007338419158481102
0.04920879849315085
-0.06193714350214741
0.0203593980283987
0.1399333926158075
0.08176108754913614
0.0025784297617263974
0.007058852839625374
-0.09359820865597968
-0.008416174423421019
0.01347000313241331
-0.027788545411032928
-0.0005187167995490682
0.08799230776265521
-0.04466517994807795
-0.08143178414826124
-0.03917887174705115
-0.050143819123519506
-0.0636718542421022
-0.08285893181375492
0.04729149119249154
-0.022348210496932808
0.02714223291166995
0.003822387934753202
-0.0849833488167917
-0.08721982612879486
0.022821768641877682
-0.05699148198311299
0.03861575224405023
-0.005818111085915234
0.06806350229329183
0.0025784297617263974
-0.038466866176760206
-0.02243129284092049
0.01035787819304268
-0.03917887174705115
0.08799230776265521
-0.010204897362879883
0.05198789125700998
-0.051670301345440706
-0.01956931117570271
-0.019514789449790015
0.005082074600808895
0.06316607709876365
-0.0005187167995490682
0.06761705055254463
0.03208636570286316
0.01579928711915457
-0.08721982612879486
0.17000938109242547
0.0165919313161762
-0.027393577402978764
0.0326533364262076
-0.03563356684104946
0.0844852260058202
0.006143668794592827
-0.018864353824572078
-0.03520416182162833
0.05799658946616226
0.037453479113841226
0.08383912323474085
-0.002205271978588108
0.04665297339942498
0.01046829599036414
-0.012372140541780041
0.01347000313241331
-0.12033949778566289
0.018593646962060006
-0.017242733713295877
-0.03173275161671363
-0.022622356364218277
0.0022689688502968153
-0.05282848588680089
-0.038466866176760206
-0.019391257313081667
-0.03270475340709922
-0.03270475340709922
0.04995452527457189
0.0515617796937029
-0.007338419158481102
0.02773636562208104
0.08799230776265521
-0.06638125688640528
0.03973066370480538
0.04827168718050601
0.017908695057996304
-0.014438989348697362
0.11840346286310233
-0.03458770640829023
-0.037433866920196124
0.06761705055254463
0.06605801367827979
0.006265799221320201
-0.07075486294590672
0.015089270086424023
-0.027393577402978764
-0.01956931117570271
-0.007317237093852569
-0.01956931117570271
-0.032340875642459466
0.0203593980283987
-0.027393577402978764
-0.0849833488167917
0.013109728048770641
0.0022689688502968153
-0.05416508205116166
-0.09432889171755221
0.047513051758585334
-0.02375973362478856
-0.0851300246174862
-0.007317237093852569
0.07382421435571018
-0.015144140805206874
0.017908695057996304
0.02432879134386301
-0.04022536987465397
-0.04466517994807795
0.045224792909892564
-0.022898889969576786
0.07382421435571018
-0.018864353824572078
0.013065356771912562
0.051344950513199095
0.013065356771912562
-0.036421638107813514
0.003822387934753202
-0.03458770640829023
0.04920879849315085
-0.07212958518599066
-0.010204897362879883
0.0344322264021244
0.03208636570286316
0.07518071596092746
-0.05464289541014722
0.025722681761052968
-0.10819102148647719
-0.032340875642459466
0.04135586741642605
0.023512429278589764
0.011999720455214913
0.04920879849315085
-0.06638125688640528
0.04665297339942498
0.07518071596092746
-0.0007657730469858848
0.001954162314668828
