-0.07892951287026762
0.017908695057996304
-0.013878349100881593
0.04790976101641675
0.08080248335888918
-0.05464289541014722
0.04665297339942498
0.06316607709876365
0.01035787819304268
-0.027789787343500905
0.0278028767684102
-0.047644828679283435
0.006143668794592827
-0.005818111085915234
-0.03133707462365809
0.026653357334457617
0.07586149829868472
0.039209693040964666
0.05425453554333082
0.04799414960212012
0.04333086414918519
0.06364954486786978
-0.03173275161671363
0.041840431302949455
0.034283772423341574
-0.02496648159475967
0.06316607709876365
0.01699193585620762
-0.022622356364218277
0.0041948137923384365
-0.011743957061684185
0.0022689688502968153
0.04371378571481266
0.014471610315426986
0.03861575224405023
0.025649122658425227
0.05799658946616226
0.037107507807760065
-0.05983064969141072
-0.06638125688640528
-0.03695834061658587
0.05436809318039337
-0.0357902826629255
-0.045496030668886966
0.08732358904095427
-0.02243129284092049
-0.002205271978588108
0.026458811902690726
0.039209693040964666
0.014780240742707562
-0.06285634704832255
0.023560334148108097
-0.08110299466350668
0.05425453554333082
0.045224792909892564
-0.060513028914405353
-0.0002495311402075373
-0.019514789449790015
0.02432879134386301
0.0844852260058202
0.01716964896203166
0.020567585268201682
-0.008416174423421019
0.08080248335888918
0.08302714817478662
0.0276177252845331
0.06569838178769771
-0.0849833488167917
-0.22146034456414654
-0.002205271978588108
-0.022898889969576786
0.04299886054755575
-0.0849833488167917
0.10240276235625068
-0.032340875642459466
0.013109728048770641
0.03882682382156144
0.005082074600808895
-0.05129888770798985
-0.09570667993071069
0.005173534568482907
-0.03695834061658587
-0.06638125688640528
-0.08814864178677073
0.08176108754913614
-0.08721982612879486
-0.0849833488167917
0.008505479129739868
0.0022689688502968153
-0.06720056781523276
0.0022689688502968153
-0.03133707462365809
0.015089270086424023
0.1399333926158075
0.030974972656109045
0.049538360788050184
0.08080248335888918
0.048059232237648075
0.023512429278589764
-0.012150300762606037
0.0576314646823306
0.01661350063361855
0.06994395962703592
0.008505479129739868
-0.06258250876081561
0.05436809318039337
0.08759468040243501
0.05198789125700998
-0.06285634704832255
-0.09359820865597968
0.04371378571481266
0.049538360788050184
0.048059232237648075
0.01613403625846388
-0.007720686875989813
0.0027859037974478085
-0.05586089089844393
0.037107507807760065
0.08799230776265521
-0.017136936568830308
0.013109728048770641
0.037107507807760065
-0.022622356364218277
0.01699193585620762
-0.05120330655862837
0.015089270086424023
0.024801788304586125
-0.019514789449790015
-0.0636718542421022
-0.05654058267968054
0.06569838178769771
-0.08110299466350668
0.09718899306107964
0.043334141200254805
0.0025784297617263974
0.08759468040243501
-0.05416508205116166
0.025524068456756588
0.02708189422255458
-0.0357902826629255
-0.005105231073404326
0.04135586741642605
-0.08126108737944548
-0.004841918958801372
0.034283772423341574
-0.0002495311402075373
-0.051670301345440706
0.01347000313241331
-0.08285893181375492
0.015089270086424023
0.08632977574364098
0.048059232237648075
0.04048653167530425
-0.010532567714866659
0.02773636562208104
-0.013878349100881593
-0.07414653786004877
0.05799658946616226
0.13480548385110502
-0.06053051312501001
0.04283497654615154
0.02520341309711238
-0.07724758378448726
0.11522232211929584
-0.08814864178677073
-0.03695834061658587
-0.002205271978588108
-0.08110299466350668
-0.032259158022980294
0.017908695057996304
0.026653357334457617
-0.007720686875989813
0.05198789125700998
-0.051670301345440706
0.0165919313161762
0.04823967565580034
-0.02496648159475967
-0.08126108737944548
0.005082074600808895
0.047513051758585334
0.03443624877469453
0.013040071944516285
-0.036421638107813514
0.014471610315426986
-0.027462288324585415
0.05168531023255696
0.03994035520780326
-0.05129888770798985
-0.03520416182162833
0.10240276235625068
-0.007882998007099573
-0.0549153461639893
-0.049962429852048906
0.06318283133468316
-0.027788545411032928
0.062467374718552904
0.011999720455214913
-0.08678886069673908
-0.08678886069673908
-0.07212958518599066
-0.0357902826629255
0.056736527751481525
0.15300088602597928
-0.0011970474263076625
-0.03173275161671363
-0.008416174423421019
0.01661350063361855
0.026653357334457617
0.04920879849315085
-0.01844849936066506
-0.013771885982464482
0.0276177252845331
-0.01686722086916248
-0.07414653786004877
0.018593646962060006
-0.041376638974308655
0.029794720012301212
0.037453479113841226
0.07382421435571018
0.034283772423341574
0.06316607709876365
-0.0851300246174862
0.025524068456756588
0.01724199139330551
0.04380656992791998
0.049538360788050184
-0.02862716582831837
0.06318283133468316
0.0022689688502968153
-0.017136936568830308
0.0203593980283987
0.04799414960212012
-0.013878349100881593
0.023512429278589764
-0.060513028914405353
0.02432879134386301
-0.038466866176760206
0.034283772423341574
0.017908695057996304
-0.005818111085915234
0.037107507807760065
0.06605801367827979
0.06994395962703592
-0.0005187167995490682
-0.011743957061684185
0.019778644828504
0.012394543666532698
-0.06226621690008294
0.07518071596092746
-0.013878349100881593
-0.03917887174705115
0.02708189422255458
-0.002205271978588108
-0.08126108737944548
0.012390402416693647
0.0844852260058202
0.0022689688502968153
0.008665176454019985
-0.06638125688640528
-0.02496648159475967
-0.06193714350214741
-0.09359820865597968
-0.0013205999854228878
-0.027393577402978764
0.1417808980890598
0.05198789125700998
-0.014438989348697362
-0.032259158022980294
-0.05282848588680089
-0.060513028914405353
0.04606131559255999
0.05198789125700998
-0.005105231073404326
0.04920879849315085
-0.007338419158481102
0.04380656992791998
0.08632977574364098
0.011999720455214913
0.06569838178769771
0.1417808980890598
0.0512476844333456
-0.04466517994807795
0.04299886054755575
0.012390402416693647
0.008505479129739868
-0.04466517994807795
0.001954162314668828
-0.0489237727198617
0.06292625909621563
-0.17661184642248884
-0.03045002278091502
-0.032259158022980294
-0.06053051312501001
0.04823967565580034
0.04920879849315085
-0.007543661478351282
0.041840431302949455
-0.027789787343500905
-0.05586089089844393
