0.04665297339942498
0.08176108754913614
-0.07892951287026762
-0.08721982612879486
0.0276177252845331
-0.10013006587302442
0.06925574960452696
0.049538360788050184
0.015089270086424023
0.005082074600808895
0.06605801367827979
0.04048653167530425
0.013109728048770641
-0.06638125688640528
-0.06053051312501001
-0.09432889171755221
0.07060672059698447
0.07060672059698447
0.0016709762031741349
-0.05464289541014722
-0.047644828679283435
-0.012150300762606037
-0.03695834061658587
-0.027393577402978764
-0.07892951287026762
0.02927401578257438
-0.07212958518599066
0.08632977574364098
0.02432879134386301
-0.08285893181375492
-0.002647647860884561
0.04827168718050601
0.001954162314668828
0.10109672394520075
-0.060513028914405353
0.056736527751481525
0.023512429278589764
0.04590352204112591
0.023560334148108097
-0.07465345378649157
0.03994035520780326
0.014471610315426986
0.04380656992791998
0.02432879134386301
0.02708189422255458
0.08759468040243501
0.04380656992791998
0.0041948137923384365
-0.0002495311402075373
-0.05129888770798985
0.1399333926158075
0.037107507807760065
-0.15702055781469149
0.08632977574364098
0.03882682382156144
-0.05129888770798985
-0.03997727574944321
0.026005039289207943
0.04606131559255999
-0.06258250876081561
0.0165919313161762
0.04606131559255999
0.01035787819304268
0.029794720012301212
-0.01844849936066506
-0.0008948035361102669
-0.045496030668886966
0.049538360788050184
-0.005105231073404326
0.047513051758585334
0.0326533364262076
0.05425453554333082
0.0203593980283987
-0.0357902826629255
0.05182100602750328
0.06569838178769771
0.047513051758585334
-0.021161035659430283
-0.007338419158481102
0.048059232237648075
0.08383912323474085
-0.06638125688640528
0.04135586741642605
0.01347000313241331
-0.0005187167995490682
-0.05282848588680089
0.07518071596092746
-0.1218059774124729
0.008665176454019985
0.15300088602597928
-0.01686722086916248
0.012390402416693647
0.07586149829868472
0.030974972656109045
-0.10819102148647719
-0.045496030668886966
0.04920879849315085
0.026005039289207943
0.0512476844333456
-0.007317237093852569
0.0216176650818376
-0.007338419158481102
0.020083040980136246
0.04590352204112591
0.06605801367827979
-0.0849833488167917
0.048059232237648075
-0.010532567714866659
0.08732358904095427
0.04380656992791998
-0.010532567714866659
-0.03917887174705115
0.0025784297617263974
0.04729149119249154
-0.01956931117570271
-0.01844849936066506
-0.06638125688640528
0.0515617796937029
0.0165919313161762
-0.028034859824940028
0.028713620756199987
0.03861575224405023
-0.007720686875989813
-0.07212958518599066
-0.009357776553262198
0.10109672394520075
0.01716964896203166
0.05436809318039337
0.06292625909621563
0.0461992712042818
-0.07414653786004877
-0.021161035659430283
0.04729149119249154
0.025649122658425227
0.022821768641877682
0.015089270086424023
0.08632977574364098
-0.09570667993071069
0.026005039289207943
0.0203593980283987
-0.038466866176760206
0.0022689688502968153
0.01716964896203166
-0.015144140805206874
0.0041948137923384365
0.019778644828504
0.11522232211929584
0.03863378364598535
0.06761705055254463
0.039209693040964666
0.0027859037974478085
-0.041376638974308655
-0.0038562351615762935
0.014471610315426986
0.020083040980136246
0.07518071596092746
-0.013878349100881593
0.006746455834750975
0.08176108754913614
-0.027462288324585415
-0.007882998007099573
-0.0013205999854228878
-0.041376638974308655
-0.012150300762606037
-0.05120330655862837
-0.013878349100881593
0.013040071944516285
-0.07075486294590672
0.0844852260058202
0.025649122658425227
-0.050143819123519506
0.020083040980136246
0.02714223291166995
-0.013771885982464482
-0.2546008091448053
-0.03997727574944321
-0.005818111085915234
0.01661350063361855
-0.002205271978588108
-0.004841918958801372
-0.10819102148647719
-0.027393577402978764
-0.012150300762606037
-0.022898889969576786
0.05182100602750328
-0.0007657730469858848
0.013065356771912562
-0.05586089089844393
-0.015144140805206874
-0.022898889969576786
0.01046829599036414
-0.050143819123519506
0.01347000313241331
0.026458811902690726
-0.0489237727198617
0.03643980545838055
0.03994035520780326
-0.010532567714866659
-0.05983064969141072
0.011553574399841615
0.03443624877469453
-0.17661184642248884
0.043334141200254805
-0.005105231073404326
0.01716964896203166
0.02773636562208104
0.017908695057996304
0.02773636562208104
0.003822387934753202
0.012390402416693647
0.04790976101641675
0.0512476844333456
-0.05699148198311299
-0.01249170093178087
-0.04022536987465397
-0.02243129284092049
-0.02496648159475967
0.020567585268201682
0.03863378364598535
0.048059232237648075
0.04135586741642605
-0.0002868205956847447
-0.004841918958801372
-0.036421638107813514
0.025524068456756588
-0.06285634704832255
0.013065356771912562
0.039209693040964666
-0.032259158022980294
-0.04022536987465397
0.024801788304586125
-0.2546008091448053
0.015089270086424023
0.02708189422255458
0.043334141200254805
0.10109672394520075
0.07518071596092746
-0.07414653786004877
0.011999720455214913
-0.08285893181375492
0.04729149119249154
0.1399333926158075
-0.009357776553262198
0.07382421435571018
0.012299756912504733
-0.17661184642248884
0.025524068456756588
0.0688088340488946
-0.014438989348697362
-0.037433866920196124
-0.021161035659430283
0.029794720012301212
0.04606131559255999
0.012299756912504733
-0.019514789449790015
-0.0005187167995490682
0.06925574960452696
0.10109672394520075
-0.047644828679283435
-0.005105231073404326
-0.014438989348697362
-0.007338419158481102
0.08759468040243501
-0.0005187167995490682
-0.019514789449790015
0.037107507807760065
-0.007543661478351282
-0.019391257313081667
0.1417808980890598
-0.018864353824572078
0.025649122658425227
0.08732358904095427
-0.049962429852048906
0.02927401578257438
0.04469322213864224
0.04790976101641675
0.0278028767684102
0.13480548385110502
0.08080248335888918
0.012299756912504733
0.08799230776265521
0.0027859037974478085
0.012299756912504733
-0.019391257313081667
0.0326533364262076
-0.03270475340709922
0.08176108754913614
-0.05129888770798985
0.01716964896203166
0.006143668794592827
-0.03270475340709922
0.011999720455214913
0.17000938109242547
0.06806350229329183
-0.05699148198311299
-0.07465345378649157
-0.08110299466350668
0.05799658946616226
0.034283772423341574
