0.0025784297617263974
-0.007720686875989813
0.1399333926158075
-0.049962429852048906
0.043334141200254805
0.11840346286310233
0.041840431302949455
0.0461992712042818
0.029794720012301212
0.025524068456756588
-0.007543661478351282
-0.002205271978588108
0.011553574399841615
0.08176108754913614
0.04799414960212012
-0.04022536987465397
0.03861575224405023
0.02773636562208104
-0.01956931117570271
0.05425453554333082
0.17000938109242547
-0.07212958518599066
0.037453479113841226
0.0276177252845331
-0.017242733713295877
-0.010532567714866659
-0.12033949778566289
0.08080248335888918
-0.027788545411032928
-0.06258250876081561
-0.005818111085915234
0.04920879849315085
0.04469322213864224
-0.05464289541014722
0.005082074600808895
-0.01686722086916248
0.005173534568482907
-0.037433866920196124
0.01579928711915457
0.01579928711915457
0.019778644828504
0.047513051758585334
0.019778644828504
0.02773636562208104
-0.007317237093852569
-0.02375973362478856
-0.03270475340709922
0.03208636570286316
0.030974972656109045
-0.03458770640829023
-0.06720056781523276
-0.009357776553262198
-0.06464003578883037
-0.0007657730469858848
-0.01249170093178087
0.06228267241298191
-0.060513028914405353
0.01724199139330551
-0.027788545411032928
0.056736527751481525
-0.07892951287026762
-0.1218059774124729
-0.021161035659430283
-0.05416508205116166
-0.0011970474263076625
0.020083040980136246
0.014780240742707562
-0.08678886069673908
-0.2546008091448053
-0.027789787343500905
0.0512476844333456
-0.06053051312501001
0.026005039289207943
-0.022898889969576786
-0.022898889969576786
0.0515617796937029
-0.05416508205116166
0.005082074600808895
-0.027462288324585415
0.04391937482752173
0.15300088602597928
0.04391937482752173
-0.04466517994807795
-0.05586089089844393
0.06318283133468316
0.08632977574364098
-0.09570667993071069
-0.06258250876081561
-0.032340875642459466
-0.014438989348697362
-0.05983064969141072
0.05182100602750328
0.018593646962060006
0.15300088602597928
-0.06638125688640528
-0.08814864178677073
-0.03133707462365809
0.04799414960212012
-0.0357902826629255
-0.009588853389239205
0.01724199139330551
0.08653619008305125
-0.0005187167995490682
0.03861575224405023
-0.1218059774124729
0.01716964896203166
-0.060513028914405353
-0.012372140541780041
0.031017376704207678
0.01035787819304268
-0.08110299466350668
0.0027859037974478085
0.043334141200254805
0.02927401578257438
0.04469322213864224
-0.01844849936066506
0.026653357334457617
0.10109672394520075
0.11522232211929584
-0.1218059774124729
0.03863378364598535
0.04283497654615154
0.05799658946616226
0.049538360788050184
-0.032340875642459466
0.01579928711915457
0.06292625909621563
-0.05654058267968054
0.08632977574364098
-0.07075486294590672
-0.027393577402978764
0.08732358904095427
0.04665297339942498
-0.007720686875989813
0.17000938109242547
-0.0008948035361102669
0.047513051758585334
0.025649122658425227
-0.0549153461639893
0.08105492908796386
0.01661350063361855
-0.041376638974308655
-0.019391257313081667
0.01579928711915457
0.030122729138618354
-0.008416174423421019
0.07518071596092746
-0.021161035659430283
0.08302714817478662
0.0216176650818376
0.049538360788050184
-0.06109953281700342
-0.009357776553262198
0.012390402416693647
0.06806350229329183
-0.0849833488167917
0.06567138145123597
-0.027788545411032928
0.04799414960212012
0.0025784297617263974
-0.045496030668886966
-0.022821982956040543
-0.2546008091448053
0.06761705055254463
-0.02862716582831837
-0.2546008091448053
-0.03133707462365809
-0.06109953281700342
0.05436809318039337
-0.0851300246174862
-0.007338419158481102
-0.03520416182162833
-0.03917887174705115
0.007058852839625374
-0.02496648159475967
0.011553574399841615
-0.03458770640829023
0.03994035520780326
0.07518071596092746
0.04729149119249154
0.08176108754913614
-0.03045002278091502
0.01724199139330551
0.08080248335888918
0.026005039289207943
0.019778644828504
0.0844852260058202
-0.06638125688640528
-0.0549153461639893
-0.07892951287026762
0.08080248335888918
0.009856619194733796
0.01347000313241331
-0.022622356364218277
0.0326533364262076
0.0216176650818376
0.012394543666532698
0.025524068456756588
0.01699193585620762
-0.06638125688640528
0.01699193585620762
-0.08143178414826124
-0.015144140805206874
-0.015144140805206874
-0.037433866920196124
-0.050143819123519506
-0.0007657730469858848
-0.022821982956040543
0.01661350063361855
0.03208636570286316
0.06318283133468316
0.045224792909892564
0.02451643163530548
0.0278028767684102
0.05436809318039337
-0.03997727574944321
-0.06193714350214741
-0.07414653786004877
-0.02496648159475967
0.0278028767684102
-0.07414653786004877
0.0688088340488946
0.034283772423341574
0.005082074600808895
-0.010532567714866659
-0.06720056781523276
0.04799414960212012
-0.06464003578883037
0.13204555949274965
-0.047644828679283435
0.13480548385110502
-0.03997727574944321
0.0576314646823306
-0.02243129284092049
0.011553574399841615
0.026653357334457617
-0.019391257313081667
0.06567138145123597
-0.03173275161671363
-0.0357902826629255
0.0016709762031741349
-0.08721982612879486
0.022821768641877682
-0.05699148198311299
-0.15702055781469149
0.014780240742707562
0.08653619008305125
0.031017376704207678
0.022821768641877682
0.08632977574364098
0.01699193585620762
-0.06109953281700342
-0.01956931117570271
-0.02243129284092049
0.0022689688502968153
-0.0357902826629255
0.01579928711915457
-0.007543661478351282
0.030122729138618354
0.06569838178769771
-0.06193714350214741
0.037107507807760065
-0.08110299466350668
0.06806350229329183
-0.007720686875989813
0.03208636570286316
0.0276177252845331
-0.0007657730469858848
-0.03173275161671363
0.06318283133468316
0.0844852260058202
-0.0008948035361102669
0.039209693040964666
0.08302714817478662
-0.0549153461639893
-0.022821982956040543
-0.05129888770798985
-0.08110299466350668
0.03643980545838055
0.01046829599036414
0.006746455834750975
-0.019391257313081667
-0.015144140805206874
-0.04466517994807795
0.11840346286310233
-0.05983064969141072
-0.009588853389239205
0.03443624877469453
0.03994035520780326
0.028713620756199987
-0.03045002278091502
0.04590352204112591
0.07586149829868472
0.014471610315426986
0.028713620756199987
-0.05586089089844393
-0.027393577402978764
-0.03520416182162833
0.0041948137923384365
