-0.007543661478351282
-0.032259158022980294
0.025722681761052968
0.026653357334457617
-0.05120330655862837
-0.12033949778566289
0.02520341309711238
-0.0013205999854228878
0.0461992712042818
-0.08126108737944548
-0.012372140541780041
0.034283772423341574
0.04135586741642605
-0.028034859824940028
0.06567138145123597
0.0041948137923384365
-0.02243129284092049
0.01699193585620762
0.031017376704207678
-0.05282848588680089
0.0216176650818376
-0.07212958518599066
-0.007338419158481102
-0.0851300246174862
0.013109728048770641
0.11522232211929584
0.03882682382156144
0.06318283133468316
0.05182100602750328
-0.011743957061684185
0.020446479141682516
0.012299756912504733
0.026653357334457617
0.11522232211929584
0.005173534568482907
-0.005818111085915234
0.0016709762031741349
-0.06193714350214741
-0.007543661478351282
0.08759468040243501
-0.0013205999854228878
0.01716964896203166
0.022821768641877682
-0.013878349100881593
0.04665297339942498
0.1399333926158075
-0.011743957061684185
0.05198789125700998
-0.09570667993071069
0.01716964896203166
0.13204555949274965
-0.08814864178677073
-0.05654058267968054
0.11840346286310233
0.011553574399841615
-0.060513028914405353
0.06994395962703592
-0.06109953281700342
0.06806350229329183
-0.08814864178677073
0.08632977574364098
0.001954162314668828
0.006746455834750975
0.020083040980136246
-0.03270475340709922
-0.03173275161671363
0.11522232211929584
-0.010204897362879883
0.04469322213864224
0.008505479129739868
0.11840346286310233
0.04606131559255999
-0.022821982956040543
0.01716964896203166
-0.0357902826629255
-0.03173275161671363
0.01347000313241331
0.02773636562208104
0.08732358904095427
-0.07212958518599066
-0.021161035659430283
-0.027462288324585415
0.04469322213864224
-0.0013205999854228878
-0.05129888770798985
-0.013878349100881593
-0.07212958518599066
-0.08678886069673908
0.0025784297617263974
-0.012372140541780041
-0.09432889171755221
0.056736527751481525
-0.028034859824940028
0.043334141200254805
-0.06258250876081561
0.020083040980136246
0.04790976101641675
-0.0007657730469858848
-0.06720056781523276
0.03994035520780326
0.07382421435571018
0.056736527751481525
-0.05654058267968054
-0.0011970474263076625
-0.013878349100881593
0.06569838178769771
0.10109672394520075
-0.0007657730469858848
0.006746455834750975
-0.036421638107813514
0.034283772423341574
0.04920879849315085
0.005173534568482907
-0.011743957061684185
-0.013771885982464482
0.04380656992791998
0.013109728048770641
-0.1218059774124729
0.17000938109242547
0.13204555949274965
0.018593646962060006
0.014780240742707562
0.056736527751481525
0.034283772423341574
0.04299886054755575
0.019778644828504
0.06567138145123597
-0.05699148198311299
0.025649122658425227
0.04299886054755575
0.04790976101641675
0.04283497654615154
0.009856619194733796
0.01347000313241331
-0.03270475340709922
-0.060513028914405353
-0.17661184642248884
0.04823967565580034
-0.022348210496932808
0.08759468040243501
0.049538360788050184
0.0512476844333456
0.01613403625846388
0.0203593980283987
0.04606131559255999
0.0576314646823306
0.024801788304586125
0.04729149119249154
-0.05282848588680089
0.07060672059698447
0.10240276235625068
0.08632977574364098
0.05168531023255696
0.02708189422255458
-0.12033949778566289
0.049538360788050184
0.1399333926158075
-0.022348210496932808
0.014780240742707562
0.028713620756199987
-0.07465345378649157
0.04790976101641675
0.03861575224405023
-0.045496030668886966
-0.019514789449790015
-0.0849833488167917
0.013109728048770641
-0.06285634704832255
0.11840346286310233
-0.12033949778566289
-0.13034379599603163
0.013040071944516285
0.04823967565580034
-0.028034859824940028
0.015089270086424023
0.013065356771912562
0.026458811902690726
-0.1218059774124729
-0.02496648159475967
-0.009588853389239205
0.02432879134386301
0.04380656992791998
-0.007882998007099573
-0.1218059774124729
-0.019391257313081667
-0.10013006587302442
0.026653357334457617
0.05182100602750328
-0.0008948035361102669
-0.007882998007099573
0.008505479129739868
0.01724199139330551
0.005082074600808895
-0.0002495311402075373
0.0844852260058202
0.026653357334457617
-0.03520416182162833
0.026653357334457617
-0.007338419158481102
-0.0038562351615762935
-0.0489237727198617
0.0041948137923384365
-0.06258250876081561
-0.0011970474263076625
-0.06638125688640528
-0.0008948035361102669
-0.0357902826629255
-0.09570667993071069
0.04135586741642605
0.06761705055254463
0.07060672059698447
-0.0549153461639893
-0.15702055781469149
-0.0013205999854228878
0.026458811902690726
-0.021161035659430283
-0.03045002278091502
0.06316607709876365
-0.002205271978588108
0.01347000313241331
-0.028034859824940028
-0.04022536987465397
-0.0549153461639893
0.0025784297617263974
-0.08814864178677073
-0.047644828679283435
0.012299756912504733
0.06316607709876365
-0.013878349100881593
0.025722681761052968
-0.03917887174705115
0.03443624877469453
-0.032259158022980294
-0.018864353824572078
-0.10013006587302442
-0.2546008091448053
-0.019391257313081667
-0.05416508205116166
0.0515617796937029
0.08759468040243501
0.03994035520780326
-0.09432889171755221
-0.002205271978588108
0.043334141200254805
0.006746455834750975
-0.015144140805206874
0.08653619008305125
0.07586149829868472
0.02773636562208104
-0.06638125688640528
0.041840431302949455
0.06567138145123597
0.0576314646823306
0.011553574399841615
0.04469322213864224
-0.07212958518599066
-0.12033949778566289
-0.03270475340709922
0.025524068456756588
0.0022689688502968153
-0.05654058267968054
-0.018864353824572078
0.08383912323474085
0.025722681761052968
0.02432879134386301
0.043334141200254805
0.0278028767684102
-0.0849833488167917
0.01613403625846388
0.13480548385110502
0.005173534568482907
0.06605801367827979
0.04371378571481266
-0.022348210496932808
0.026458811902690726
0.06925574960452696
0.04799414960212012
0.011999720455214913
-0.13034379599603163
-0.027788545411032928
0.06228267241298191
0.049538360788050184
0.04606131559255999
0.014471610315426986
0.0016709762031741349
0.012390402416693647
0.04665297339942498
0.04391937482752173
-0.021161035659430283
0.08121523150568599
0.05198789125700998
0.13204555949274965
0.06316607709876365
0.018593646962060006
0.06567138145123597
0.017908695057996304
0.07518071596092746
0.034283772423341574
-0.019514789449790015
