-0.032259158022980294
0.0216176650818376
0.048059232237648075
0.10109672394520075
-0.10819102148647719
0.062467374718552904
0.01579928711915457
-0.032340875642459466
-0.005105231073404326
-0.013878349100881593
0.0278028767684102
-0.05464289541014722
0.0461992712042818
0.05799658946616226
-0.060513028914405353
-0.08143178414826124
0.031017376704207678
0.0203593980283987
-0.08110299466350668
-0.06053051312501001
0.06316607709876365
0.11522232211929584
0.01046829599036414
0.10109672394520075
0.04469322213864224
0.03208636570286316
-0.01844849936066506
-0.12033949778566289
0.04729149119249154
0.003822387934753202
0.023560334148108097
0.051344950513199095
0.014471610315426986
-0.021161035659430283
0.030974972656109045
0.01579928711915457
-0.013771885982464482
0.0216176650818376
0.08732358904095427
0.0165919313161762
0.0025784297617263974
0.012299756912504733
0.007058852839625374
-0.02375973362478856
-0.013878349100881593
0.04790976101641675
0.0022689688502968153
-0.018864353824572078
-0.17661184642248884
0.04283497654615154
0.015089270086424023
0.03643980545838055
0.030974972656109045
0.10109672394520075
0.013065356771912562
0.0041948137923384365
-0.1218059774124729
-0.05120330655862837
0.04299886054755575
0.028713620756199987
0.043334141200254805
0.02714223291166995
-0.009588853389239205
0.0027859037974478085
0.026458811902690726
0.02708189422255458
0.007058852839625374
-0.07414653786004877
0.05168531023255696
0.0688088340488946
-0.022348210496932808
-0.047644828679283435
0.02432879134386301
-0.060513028914405353
-0.06258250876081561
-0.019514789449790015
-0.03458770640829023
0.062467374718552904
0.0216176650818376
-0.13034379599603163
-0.0038562351615762935
-0.0849833488167917
-0.022622356364218277
0.030122729138618354
-0.03173275161671363
-0.012372140541780041
0.01035787819304268
-0.08285893181375492
-0.0549153461639893
0.06925574960452696
-0.002647647860884561
0.01716964896203166
0.03443624877469453
-0.018864353824572078
0.03208636570286316
0.022821768641877682
-0.009357776553262198
-0.02375973362478856
-0.08110299466350668
0.014471610315426986
-0.05282848588680089
-0.06109953281700342
-0.05983064969141072
-0.03917887174705115
0.08799230776265521
0.08302714817478662
-0.019391257313081667
0.10240276235625068
-0.022898889969576786
-0.07724758378448726
-0.10013006587302442
0.06292625909621563
-0.004841918958801372
0.045224792909892564
0.01046829599036414
-0.08126108737944548
0.05198789125700998
-0.018864353824572078
-0.011743957061684185
0.013109728048770641
0.0022689688502968153
0.049538360788050184
-0.1218059774124729
0.006143668794592827
-0.012372140541780041
-0.08814864178677073
0.04790976101641675
0.02773636562208104
0.05425453554333082
-0.022368622754905587
0.04380656992791998
0.025524068456756588
0.08176108754913614
0.06228267241298191
0.04790976101641675
-0.007543661478351282
-0.041376638974308655
0.062467374718552904
0.020083040980136246
-0.08721982612879486
-0.03045002278091502
0.04827168718050601
0.09718899306107964
-0.022348210496932808
-0.002647647860884561
0.037107507807760065
0.039209693040964666
0.10109672394520075
0.04823967565580034
-0.0357902826629255
0.022821768641877682
0.07382421435571018
-0.06285634704832255
-0.09432889171755221
-0.007543661478351282
0.06605801367827979
0.04469322213864224
0.11840346286310233
-0.024170822975695394
0.07382421435571018
0.01046829599036414
0.001954162314668828
-0.027789787343500905
-0.022348210496932808
0.05168531023255696
0.018593646962060006
-0.005818111085915234
-0.022821982956040543
0.012394543666532698
0.04606131559255999
-0.07465345378649157
0.012390402416693647
0.056736527751481525
-0.017242733713295877
0.006746455834750975
0.06761705055254463
-0.08814864178677073
-0.07724758378448726
-0.0851300246174862
0.08383912323474085
-0.012150300762606037
0.08080248335888918
-0.0013205999854228878
-0.014438989348697362
0.0688088340488946
-0.07892951287026762
0.0022689688502968153
0.0461992712042818
0.0844852260058202
-0.017242733713295877
0.034283772423341574
0.10109672394520075
0.014780240742707562
0.024801788304586125
-0.0549153461639893
-0.17661184642248884
-0.028034859824940028
-0.03997727574944321
0.06567138145123597
-0.02862716582831837
0.10109672394520075
0.056736527751481525
-0.024170822975695394
-0.045496030668886966
-0.049962429852048906
-0.0002868205956847447
0.003822387934753202
0.008665176454019985
-0.0489237727198617
-0.017136936568830308
0.04606131559255999
0.028713620756199987
-0.015144140805206874
-0.01844849936066506
0.03208636570286316
-0.01844849936066506
0.06364954486786978
0.01661350063361855
0.0326533364262076
-0.01686722086916248
-0.032259158022980294
0.048059232237648075
-0.10013006587302442
0.05436809318039337
-0.05129888770798985
0.039209693040964666
0.02708189422255458
-0.01956931117570271
-0.07075486294590672
0.025524068456756588
0.045224792909892564
-0.009588853389239205
-0.03133707462365809
0.08121523150568599
0.006746455834750975
0.030974972656109045
0.06316607709876365
0.0344322264021244
-0.05699148198311299
-0.0005187167995490682
0.04333086414918519
0.0515617796937029
-0.015144140805206874
0.026458811902690726
0.11522232211929584
-0.03563356684104946
-0.06053051312501001
-0.06193714350214741
0.01661350063361855
-0.027789787343500905
-0.03173275161671363
0.04048653167530425
0.05436809318039337
-0.036421638107813514
-0.07465345378649157
-0.06720056781523276
-0.09570667993071069
0.034283772423341574
-0.05120330655862837
-0.0011970474263076625
0.05436809318039337
0.0276177252845331
0.06364954486786978
-0.0013205999854228878
0.04995452527457189
-0.06285634704832255
-0.03997727574944321
-0.07212958518599066
0.025524068456756588
0.05182100602750328
0.01661350063361855
0.006746455834750975
0.025524068456756588
-0.009357776553262198
0.005173534568482907
-0.045496030668886966
0.05425453554333082
0.023512429278589764
0.02708189422255458
-0.10013006587302442
-0.17661184642248884
0.04371378571481266
-0.03695834061658587
-0.007338419158481102
0.04469322213864224
-0.09570667993071069
0.017908695057996304
0.022194058573782982
-0.07724758378448726
-0.05129888770798985
-0.019391257313081667
-0.0002868205956847447
-0.036421638107813514
-0.08678886069673908
0.013065356771912562
0.03643980545838055
-0.06464003578883037
-0.05464289541014722
0.06364954486786978
