-0.07892951287026762
-0.06464003578883037
0.0276177252845331
-0.06109953281700342
0.13204555949274965
0.009856619194733796
0.03643980545838055
-0.049962429852048906
0.006746455834750975
-0.036421638107813514
-0.03520416182162833
-0.09432889171755221
-0.06464003578883037
0.10109672394520075
0.04333086414918519
-0.008416174423421019
0.05198789125700998
-0.06720056781523276
-0.03917887174705115
0.03882682382156144
0.08080248335888918
-0.04126132556270612
0.041840431302949455
-0.009588853389239205
0.03443624877469453
0.06567138145123597
0.020083040980136246
-0.08143178414826124
0.037107507807760065
-0.05129888770798985
-0.019391257313081667
0.0461992712042818
-0.014438989348697362
-0.041376638974308655
0.047513051758585334
0.08759468040243501
0.06364954486786978
0.06292625909621563
0.045224792909892564
-0.07075486294590672
-0.022898889969576786
0.049538360788050184
0.011999720455214913
0.04048653167530425
0.04606131559255999
-0.0851300246174862
0.022194058573782982
0.06318283133468316
0.017908695057996304
0.01035787819304268
0.0203593980283987
0.07586149829868472
-0.013771885982464482
-0.0038562351615762935
0.07518071596092746
0.025524068456756588
-0.07892951287026762
0.011999720455214913
0.015089270086424023
-0.019391257313081667
0.04590352204112591
-0.002647647860884561
0.030122729138618354
-0.060513028914405353
0.07518071596092746
-0.04126132556270612
-0.0357902826629255
0.05198789125700998
-0.09432889171755221
-0.049962429852048906
-0.012372140541780041
0.01724199139330551
0.0461992712042818
0.03994035520780326
0.01035787819304268
0.05425453554333082
-0.22146034456414654
0.06806350229329183
-0.02375973362478856
0.01347000313241331
0.0326533364262076
-0.002647647860884561
0.05168531023255696
-0.02496648159475967
0.04299886054755575
-0.07892951287026762
0.012299756912504733
0.043334141200254805
0.006746455834750975
0.0203593980283987
-0.012150300762606037
0.0512476844333456
-0.015144140805206874
-0.013878349100881593
-0.0005187167995490682
-0.007720686875989813
0.05436809318039337
-0.0002495311402075373
-0.06720056781523276
-0.02862716582831837
0.014471610315426986
-0.027789787343500905
0.08383912323474085
-0.041376638974308655
0.01661350063361855
-0.008416174423421019
0.0025784297617263974
0.062467374718552904
0.041840431302949455
-0.002205271978588108
0.01613403625846388
0.08176108754913614
0.013040071944516285
-0.06285634704832255
-0.032340875642459466
0.03863378364598535
-0.022368622754905587
0.034283772423341574
-0.0549153461639893
0.01716964896203166
-0.08126108737944548
0.07518071596092746
-0.01956931117570271
-0.03458770640829023
-0.0489237727198617
0.05198789125700998
-0.013878349100881593
-0.0549153461639893
0.04371378571481266
0.030122729138618354
-0.05699148198311299
0.0165919313161762
0.04135586741642605
-0.010532567714866659
0.03643980545838055
-0.1218059774124729
0.043334141200254805
0.13480548385110502
0.0461992712042818
0.023512429278589764
-0.0005187167995490682
0.08759468040243501
0.045224792909892564
-0.02375973362478856
0.0025784297617263974
0.01661350063361855
-0.05416508205116166
-0.007543661478351282
0.05425453554333082
0.026458811902690726
0.13204555949274965
0.006143668794592827
-0.12033949778566289
-0.013771885982464482
-0.027393577402978764
-0.06720056781523276
-0.012372140541780041
-0.06285634704832255
-0.03520416182162833
-0.022898889969576786
0.01699193585620762
0.01046829599036414
-0.0038562351615762935
0.0326533364262076
-0.06193714350214741
-0.013771885982464482
0.0216176650818376
-0.0489237727198617
0.04823967565580034
-0.0636718542421022
-0.045496030668886966
0.005173534568482907
-0.0002868205956847447
0.06364954486786978
-0.032340875642459466
0.05182100602750328
0.01613403625846388
-0.028034859824940028
-0.03917887174705115
0.06925574960452696
0.025722681761052968
0.04333086414918519
0.023512429278589764
0.03861575224405023
0.0016709762031741349
-0.01956931117570271
-0.09570667993071069
-0.01844849936066506
0.026005039289207943
-0.041376638974308655
-0.03133707462365809
0.0022689688502968153
0.025524068456756588
0.003822387934753202
0.01046829599036414
-0.010532567714866659
-0.007720686875989813
0.07586149829868472
-0.05282848588680089
0.023560334148108097
0.007058852839625374
0.022194058573782982
-0.002205271978588108
0.04799414960212012
0.02927401578257438
0.012299756912504733
0.0016709762031741349
0.0844852260058202
-0.07724758378448726
-0.060513028914405353
-0.0008948035361102669
0.04371378571481266
-0.028034859824940028
0.05799658946616226
0.15300088602597928
0.006746455834750975
0.07060672059698447
-0.009588853389239205
0.017908695057996304
0.006143668794592827
-0.0005187167995490682
-0.022821982956040543
-0.009357776553262198
0.025649122658425227
-0.01249170093178087
-0.017242733713295877
-0.12033949778566289
0.013109728048770641
0.08799230776265521
0.043334141200254805
-0.03045002278091502
-0.06464003578883037
0.045224792909892564
-0.017136936568830308
0.005082074600808895
0.005082074600808895
0.045224792909892564
-0.010532567714866659
0.03861575224405023
-0.004841918958801372
0.025722681761052968
-0.007882998007099573
-0.045496030668886966
-0.02862716582831837
-0.03997727574944321
-0.09359820865597968
0.045224792909892564
0.0041948137923384365
-0.03997727574944321
0.029794720012301212
-0.09359820865597968
0.04920879849315085
0.04827168718050601
0.04606131559255999
-0.02496648159475967
-0.049962429852048906
0.04799414960212012
0.04380656992791998
0.013040071944516285
0.006746455834750975
-0.08143178414826124
0.02708189422255458
0.005082074600808895
-0.010532567714866659
-0.05654058267968054
0.025524068456756588
-0.07724758378448726
-0.019514789449790015
0.06569838178769771
-0.051670301345440706
-0.011743957061684185
0.025722681761052968
0.03994035520780326
0.01046829599036414
-0.03563356684104946
0.031017376704207678
0.03994035520780326
0.0276177252845331
-0.022368622754905587
0.02773636562208104
0.08759468040243501
0.03443624877469453
-0.0002868205956847447
-0.10013006587302442
0.03208636570286316
0.04380656992791998
0.08732358904095427
-0.15702055781469149
-0.08110299466350668
-0.009357776553262198
-0.01956931117570271
-0.12033949778566289
0.07060672059698447
0.08653619008305125
0.056736527751481525
0.015089270086424023
-0.06193714350214741
0.034283772423341574
0.06605801367827979
