0.0276177252845331
-0.018864353824572078
0.04283497654615154
-0.03045002278091502
0.08121523150568599
-0.07212958518599066
0.01046829599036414
0.07060672059698447
0.02520341309711238
-0.0013205999854228878
0.13204555949274965
0.04391937482752173
-0.017136936568830308
-0.08110299466350668
0.018593646962060006
0.06925574960452696
-0.027462288324585415
0.10240276235625068
-0.013878349100881593
0.043334141200254805
0.026653357334457617
-0.2546008091448053
0.1417808980890598
-0.05416508205116166
-0.06109953281700342
-0.002647647860884561
-0.09359820865597968
0.0027859037974478085
0.06605801367827979
0.04665297339942498
0.0515617796937029
0.05182100602750328
-0.012150300762606037
0.034283772423341574
-0.036421638107813514
0.0203593980283987
0.008665176454019985
-0.07075486294590672
0.06318283133468316
0.012390402416693647
-0.027393577402978764
0.003822387934753202
-0.005105231073404326
-0.0002495311402075373
-0.02862716582831837
0.05425453554333082
-0.024170822975695394
-0.008416174423421019
-0.03520416182162833
-0.017136936568830308
0.023512429278589764
0.04380656992791998
-0.005105231073404326
-0.027462288324585415
-0.10013006587302442
0.01716964896203166
-0.0008948035361102669
-0.0013205999854228878
-0.05282848588680089
-0.05983064969141072
-0.04126132556270612
-0.06193714350214741
-0.022821982956040543
-0.012150300762606037
0.06318283133468316
0.10109672394520075
0.02708189422255458
0.06925574960452696
0.0025784297617263974
0.047513051758585334
-0.036421638107813514
-0.08721982612879486
-0.06226621690008294
0.04048653167530425
-0.012150300762606037
-0.06193714350214741
-0.024170822975695394
-0.0357902826629255
0.08759468040243501
0.047513051758585334
0.04729149119249154
0.025649122658425227
0.06316607709876365
0.008505479129739868
0.04823967565580034
0.05799658946616226
0.04823967565580034
0.023560334148108097
0.01716964896203166
0.08383912323474085
0.04827168718050601
0.02714223291166995
0.0278028767684102
0.17000938109242547
-0.06193714350214741
0.026458811902690726
-0.05586089089844393
-0.10819102148647719
0.04827168718050601
-0.007882998007099573
-0.06258250876081561
-0.007882998007099573
-0.1218059774124729
-0.022348210496932808
-0.0489237727198617
0.06806350229329183
-0.017242733713295877
0.08732358904095427
-0.01249170093178087
-0.027462288324585415
-0.01249170093178087
0.01347000313241331
0.022821768641877682
0.04333086414918519
0.08302714817478662
-0.05129888770798985
0.03208636570286316
-0.03133707462365809
-0.07892951287026762
-0.07724758378448726
-0.22146034456414654
0.009856619194733796
0.02714223291166995
0.024801788304586125
-0.013771885982464482
-0.022821982956040543
0.025524068456756588
-0.005818111085915234
-0.04466517994807795
0.025524068456756588
0.006143668794592827
0.04371378571481266
-0.012372140541780041
-0.060513028914405353
0.08632977574364098
0.013065356771912562
0.030122729138618354
0.026458811902690726
-0.038466866176760206
-0.09570667993071069
0.03994035520780326
0.0576314646823306
-0.012372140541780041
-0.06285634704832255
0.056736527751481525
-0.027393577402978764
0.0165919313161762
-0.04126132556270612
0.009856619194733796
-0.2546008091448053
0.020083040980136246
-0.051670301345440706
0.13204555949274965
0.034283772423341574
0.04283497654615154
-0.022348210496932808
0.025722681761052968
0.06567138145123597
-0.12033949778566289
-0.022368622754905587
0.013065356771912562
0.04729149119249154
-0.0008948035361102669
0.045224792909892564
-0.15702055781469149
0.08653619008305125
0.030974972656109045
0.04827168718050601
-0.03133707462365809
-0.08110299466350668
0.025722681761052968
0.014471610315426986
0.01716964896203166
0.013040071944516285
0.02432879134386301
-0.060513028914405353
0.031017376704207678
-0.03045002278091502
0.025722681761052968
-0.013878349100881593
0.01716964896203166
0.049538360788050184
-0.06638125688640528
0.013109728048770641
-0.027789787343500905
-0.07724758378448726
0.04606131559255999
0.05425453554333082
0.0027859037974478085
-0.027789787343500905
0.06228267241298191
0.1399333926158075
0.06605801367827979
-0.02862716582831837
-0.0357902826629255
-0.06258250876081561
-0.02496648159475967
0.08759468040243501
0.023560334148108097
0.029794720012301212
-0.0549153461639893
-0.032340875642459466
-0.08126108737944548
0.0041948137923384365
0.007058852839625374
-0.019391257313081667
0.008505479129739868
0.028713620756199987
-0.03997727574944321
-0.032340875642459466
-0.041376638974308655
0.08653619008305125
-0.08285893181375492
0.045224792909892564
-0.05983064969141072
-0.017242733713295877
-0.05464289541014722
0.030122729138618354
0.06316607709876365
-0.050143819123519506
0.023512429278589764
-0.13034379599603163
0.0165919313161762
0.05425453554333082
-0.12033949778566289
-0.17661184642248884
-0.06109953281700342
-0.03045002278091502
0.006143668794592827
-0.024170822975695394
0.07518071596092746
-0.01686722086916248
-0.07724758378448726
-0.051670301345440706
-0.02243129284092049
-0.05416508205116166
-0.07724758378448726
-0.06109953281700342
-0.10819102148647719
-0.0007657730469858848
-0.032340875642459466
0.037107507807760065
-0.06720056781523276
0.041840431302949455
-0.03917887174705115
-0.01956931117570271
0.06569838178769771
0.01046829599036414
0.04729149119249154
-0.0489237727198617
0.03994035520780326
0.1399333926158075
-0.05282848588680089
-0.012372140541780041
-0.03520416182162833
0.06316607709876365
0.049538360788050184
-0.013771885982464482
-0.007543661478351282
-0.012150300762606037
0.005173534568482907
0.01699193585620762
-0.05416508205116166
0.04665297339942498
0.037107507807760065
-0.019391257313081667
-0.04466517994807795
-0.010204897362879883
-0.09432889171755221
-0.010204897362879883
-0.06720056781523276
0.06605801367827979
-0.047644828679283435
-0.041376638974308655
0.0461992712042818
-0.0007657730469858848
-0.015144140805206874
0.041840431302949455
0.03863378364598535
0.0203593980283987
0.06316607709876365
0.08080248335888918
0.0688088340488946
0.13480548385110502
0.04380656992791998
0.06806350229329183
0.08383912323474085
0.019778644828504
0.02451643163530548
0.06806350229329183
0.0203593980283987
0.017908695057996304
-0.07075486294590672
0.04469322213864224
0.08799230776265521
0.025649122658425227
-0.06258250876081561
0.04469322213864224
0.049538360788050184
