-0.06638125688640528
-0.004841918958801372
0.0844852260058202
-0.04022536987465397
0.08121523150568599
-0.08285893181375492
0.030974972656109045
-0.017136936568830308
0.02451643163530548
-0.03917887174705115
-0.03695834061658587
0.06318283133468316
-0.09359820865597968
-0.03997727574944321
0.022821768641877682
0.03208636570286316
0.07382421435571018
-0.04466517994807795
0.0344322264021244
0.0688088340488946
-0.06464003578883037
0.026653357334457617
0.012299756912504733
0.02520341309711238
-0.027462288324585415
-0.06053051312501001
0.0025784297617263974
0.04469322213864224
-0.08285893181375492
-0.038466866176760206
0.05799658946616226
-0.007543661478351282
0.037453479113841226
0.013040071944516285
0.05436809318039337
-0.037433866920196124
0.08799230776265521
0.04729149119249154
0.02520341309711238
-0.22146034456414654
-0.022368622754905587
0.020083040980136246
-0.007317237093852569
0.08799230776265521
-0.0008948035361102669
-0.007338419158481102
-0.05654058267968054
0.01046829599036414
-0.08721982612879486
-0.010204897362879883
-0.04126132556270612
-0.04126132556270612
0.08121523150568599
-0.1218059774124729
-0.004841918958801372
0.03973066370480538
0.06567138145123597
-0.05129888770798985
0.0165919313161762
0.012394543666532698
0.01347000313241331
-0.09359820865597968
0.06316607709876365
0.029794720012301212
0.037107507807760065
0.07382421435571018
0.05198789125700998
0.06228267241298191
-0.060513028914405353
-0.03520416182162833
-0.007882998007099573
0.006265799221320201
-0.05654058267968054
-0.04466517994807795
0.012394543666532698
0.03861575224405023
0.04729149119249154
-0.022821982956040543
-0.01844849936066506
0.09718899306107964
-0.009357776553262198
0.006746455834750975
0.04283497654615154
-0.15702055781469149
0.0512476844333456
0.10109672394520075
0.02714223291166995
-0.05416508205116166
0.03973066370480538
0.025649122658425227
0.02714223291166995
-0.009588853389239205
0.06316607709876365
0.0027859037974478085
0.13480548385110502
-0.015144140805206874
0.03208636570286316
-0.009357776553262198
-0.04126132556270612
0.17000938109242547
0.03882682382156144
0.10240276235625068
0.08799230776265521
-0.09570667993071069
0.04665297339942498
-0.041376638974308655
0.08759468040243501
0.026653357334457617
0.04283497654615154
-0.02496648159475967
0.06292625909621563
-0.1218059774124729
0.06228267241298191
-0.002647647860884561
0.0844852260058202
-0.03695834061658587
0.04827168718050601
-0.08678886069673908
0.04391937482752173
-0.045496030668886966
0.04333086414918519
0.013109728048770641
-0.050143819123519506
0.01046829599036414
-0.09432889171755221
0.03863378364598535
-0.022368622754905587
0.01347000313241331
0.05436809318039337
0.07586149829868472
0.06364954486786978
-0.022898889969576786
-0.028034859824940028
0.011553574399841615
0.10109672394520075
-0.03133707462365809
0.06316607709876365
0.025524068456756588
-0.07892951287026762
0.011553574399841615
-0.05120330655862837
-0.007882998007099573
0.01661350063361855
0.08383912323474085
0.01347000313241331
0.020567585268201682
0.09718899306107964
-0.0489237727198617
0.06292625909621563
-0.028034859824940028
-0.041376638974308655
0.01046829599036414
-0.07465345378649157
-0.0549153461639893
0.0022689688502968153
0.04283497654615154
0.08799230776265521
0.04371378571481266
-0.07414653786004877
-0.012372140541780041
0.06569838178769771
0.011999720455214913
-0.17661184642248884
0.05198789125700998
-0.03270475340709922
0.062467374718552904
0.07060672059698447
0.04371378571481266
-0.004841918958801372
0.0515617796937029
-0.017136936568830308
-0.01249170093178087
0.04391937482752173
-0.027393577402978764
0.0041948137923384365
-0.02243129284092049
0.025524068456756588
-0.019514789449790015
0.034283772423341574
-0.0636718542421022
0.01724199139330551
-0.024170822975695394
-0.03917887174705115
0.031017376704207678
-0.051670301345440706
0.011999720455214913
-0.03045002278091502
0.02927401578257438
0.026458811902690726
-0.032259158022980294
-0.06226621690008294
0.03643980545838055
0.029794720012301212
0.04135586741642605
-0.017242733713295877
-0.05282848588680089
0.04665297339942498
0.022194058573782982
-0.02862716582831837
-0.007317237093852569
0.06318283133468316
0.005173534568482907
-0.004841918958801372
0.051344950513199095
-0.012150300762606037
-0.010532567714866659
0.014780240742707562
-0.08126108737944548
-0.027393577402978764
0.022194058573782982
-0.013771885982464482
-0.05282848588680089
-0.06053051312501001
-0.013878349100881593
0.06292625909621563
0.07060672059698447
0.01579928711915457
-0.06193714350214741
0.05168531023255696
-0.019391257313081667
0.13204555949274965
-0.009357776553262198
0.08080248335888918
-0.01249170093178087
0.06316607709876365
-0.07465345378649157
0.04299886054755575
-0.024170822975695394
0.01046829599036414
-0.032340875642459466
-0.0849833488167917
-0.08814864178677073
0.05799658946616226
-0.019391257313081667
-0.1218059774124729
0.05198789125700998
-0.05416508205116166
0.013040071944516285
0.04048653167530425
0.014471610315426986
-0.05416508205116166
-0.06226621690008294
-0.03917887174705115
0.023560334148108097
0.04665297339942498
-0.002205271978588108
-0.051670301345440706
0.11840346286310233
0.06994395962703592
-0.047644828679283435
-0.041376638974308655
-0.07892951287026762
0.02714223291166995
-0.005818111085915234
0.02773636562208104
-0.027788545411032928
-0.05586089089844393
-0.009588853389239205
-0.008416174423421019
-0.0489237727198617
-0.010204897362879883
0.07060672059698447
0.05182100602750328
0.04391937482752173
-0.060513028914405353
-0.06226621690008294
-0.002205271978588108
0.02773636562208104
-0.04022536987465397
-0.041376638974308655
-0.032340875642459466
0.011999720455214913
0.030122729138618354
0.024801788304586125
0.01699193585620762
0.03994035520780326
0.025722681761052968
0.029794720012301212
0.026458811902690726
0.06292625909621563
-0.02375973362478856
-0.022898889969576786
-0.047644828679283435
0.02432879134386301
-0.06720056781523276
-0.06193714350214741
0.01699193585620762
0.02520341309711238
0.0515617796937029
-0.005105231073404326
0.01699193585620762
0.008665176454019985
0.03863378364598535
0.08105492908796386
-0.02496648159475967
0.01716964896203166
-0.010532567714866659
0.02451643163530548
-0.047644828679283435
