-0.08285893181375492
0.015089270086424023
-0.045496030668886966
0.008505479129739868
0.04729149119249154
0.008505479129739868
-0.05282848588680089
0.0515617796937029
0.005173534568482907
0.01699193585620762
-0.0013205999854228878
-0.02375973362478856
-0.027393577402978764
-0.03563356684104946
0.02927401578257438
0.07586149829868472
0.06364954486786978
0.06228267241298191
0.03861575224405023
-0.06285634704832255
0.04283497654615154
0.06364954486786978
0.008665176454019985
-0.10013006587302442
0.11840346286310233
-0.007338419158481102
-0.08126108737944548
0.025524068456756588
-0.010204897362879883
-0.08814864178677073
0.03443624877469453
-0.22146034456414654
0.07518071596092746
0.02773636562208104
0.08176108754913614
0.08105492908796386
-0.03695834061658587
-0.05129888770798985
-0.03997727574944321
-0.010204897362879883
-0.05586089089844393
-0.0007657730469858848
0.04371378571481266
-0.07414653786004877
0.037107507807760065
0.06364954486786978
0.001954162314668828
-0.06053051312501001
-0.06226621690008294
-0.10013006587302442
0.04380656992791998
0.026458811902690726
0.06228267241298191
0.013040071944516285
-0.05129888770798985
0.015089270086424023
0.08302714817478662
-0.0549153461639893
0.012390402416693647
-0.09570667993071069
-0.049962429852048906
0.0027859037974478085
0.012299756912504733
-0.049962429852048906
-0.008416174423421019
-0.013878349100881593
-0.0011970474263076625
0.06567138145123597
0.056736527751481525
-0.03563356684104946
-0.012372140541780041
-0.01686722086916248
-0.032340875642459466
0.04299886054755575
-0.037433866920196124
0.07060672059698447
0.09718899306107964
0.04380656992791998
-0.009357776553262198
0.05168531023255696
-0.05129888770798985
0.0515617796937029
0.0025784297617263974
0.019778644828504
-0.027789787343500905
-0.13034379599603163
-0.013771885982464482
-0.027462288324585415
-0.0849833488167917
0.015089270086424023
-0.024170822975695394
0.0216176650818376
0.08080248335888918
0.013109728048770641
0.014471610315426986
-0.060513028914405353
0.0276177252845331
-0.0002868205956847447
-0.06720056781523276
0.01699193585620762
-0.09570667993071069
0.009856619194733796
-0.010204897362879883
-0.0011970474263076625
-0.021161035659430283
-0.05120330655862837
0.10109672394520075
-0.03997727574944321
0.17000938109242547
0.0844852260058202
-0.0005187167995490682
-0.22146034456414654
-0.07414653786004877
0.08632977574364098
0.04380656992791998
0.0165919313161762
-0.02862716582831837
-0.041376638974308655
-0.0849833488167917
0.0165919313161762
0.08080248335888918
-0.06720056781523276
0.03208636570286316
0.04048653167530425
0.06761705055254463
-0.002205271978588108
-0.01844849936066506
-0.038466866176760206
0.0016709762031741349
0.08653619008305125
0.04380656992791998
0.02520341309711238
-0.022348210496932808
-0.060513028914405353
0.02708189422255458
0.011553574399841615
-0.03917887174705115
-0.0005187167995490682
-0.05282848588680089
-0.07465345378649157
-0.07465345378649157
0.008665176454019985
0.018593646962060006
-0.07414653786004877
-0.0489237727198617
0.030974972656109045
0.026005039289207943
0.051344950513199095
0.018593646962060006
0.0515617796937029
-0.07414653786004877
-0.08126108737944548
-0.03695834061658587
-0.10013006587302442
-0.0002495311402075373
0.0165919313161762
0.020083040980136246
-0.032259158022980294
-0.0002495311402075373
-0.012372140541780041
-0.002205271978588108
0.009856619194733796
-0.03173275161671363
-0.022348210496932808
-0.03563356684104946
0.04920879849315085
0.026005039289207943
0.0165919313161762
-0.011743957061684185
0.049538360788050184
-0.0851300246174862
0.07518071596092746
-0.007720686875989813
0.11522232211929584
-0.013878349100881593
-0.024170822975695394
0.0165919313161762
-0.06226621690008294
0.012299756912504733
-0.027789787343500905
0.08302714817478662
0.05182100602750328
0.09718899306107964
-0.022348210496932808
-0.03045002278091502
0.019778644828504
0.01699193585620762
0.06318283133468316
-0.045496030668886966
0.017908695057996304
0.08732358904095427
0.051344950513199095
0.07382421435571018
0.10109672394520075
-0.022622356364218277
-0.07724758378448726
0.01613403625846388
-0.051670301345440706
0.02451643163530548
0.08121523150568599
0.022821768641877682
0.011999720455214913
0.020446479141682516
0.06292625909621563
-0.05129888770798985
0.01613403625846388
-0.07892951287026762
-0.02862716582831837
0.11522232211929584
-0.05129888770798985
0.030122729138618354
-0.0007657730469858848
-0.045496030668886966
0.04299886054755575
0.062467374718552904
0.0016709762031741349
0.039209693040964666
-0.1218059774124729
-0.01956931117570271
0.051344950513199095
0.011999720455214913
0.012299756912504733
0.030122729138618354
-0.03173275161671363
0.051344950513199095
-0.022622356364218277
0.02432879134386301
-0.012150300762606037
-0.04466517994807795
0.06569838178769771
-0.03563356684104946
-0.013878349100881593
0.0016709762031741349
-0.2546008091448053
-0.027462288324585415
0.08105492908796386
-0.0008948035361102669
0.08105492908796386
0.06292625909621563
0.024801788304586125
0.04729149119249154
-0.06285634704832255
0.0041948137923384365
0.07060672059698447
-0.045496030668886966
-0.03133707462365809
0.011999720455214913
0.01724199139330551
0.06567138145123597
0.06994395962703592
0.024801788304586125
-0.08721982612879486
-0.017136936568830308
0.04469322213864224
-0.012372140541780041
0.01035787819304268
0.0016709762031741349
0.0278028767684102
0.10240276235625068
0.01613403625846388
0.014471610315426986
0.02520341309711238
-0.06285634704832255
-0.017136936568830308
0.014780240742707562
0.017908695057996304
-0.05699148198311299
-0.009357776553262198
0.0576314646823306
-0.1218059774124729
0.04380656992791998
-0.06053051312501001
-0.06109953281700342
-0.17661184642248884
-0.050143819123519506
-0.027789787343500905
-0.08678886069673908
0.06228267241298191
0.026005039289207943
-0.0489237727198617
-0.0007657730469858848
0.017908695057996304
0.0576314646823306
0.08732358904095427
0.10240276235625068
-0.022821982956040543
-0.03173275161671363
0.08302714817478662
-0.0007657730469858848
0.005082074600808895
0.026653357334457617
0.04920879849315085
0.056736527751481525
0.08080248335888918
0.08653619008305125
-0.07892951287026762
-0.02496648159475967
0.001954162314668828
0.04283497654615154
