0.08105492908796386
-0.0549153461639893
-0.032340875642459466
0.020567585268201682
0.08105492908796386
-0.05129888770798985
0.006143668794592827
0.04799414960212012
0.030122729138618354
-0.05416508205116166
0.0461992712042818
0.06569838178769771
-0.02243129284092049
-0.08285893181375492
-0.06285634704832255
0.02432879134386301
-0.037433866920196124
0.07060672059698447
0.07060672059698447
0.04827168718050601
-0.07212958518599066
-0.05120330655862837
-0.13034379599603163
0.05198789125700998
-0.0008948035361102669
-0.022622356364218277
0.028713620756199987
0.04995452527457189
0.0203593980283987
0.049538360788050184
0.01035787819304268
0.03863378364598535
0.13480548385110502
-0.02375973362478856
0.06806350229329183
0.01046829599036414
0.0027859037974478085
0.08653619008305125
0.06605801367827979
0.0016709762031741349
0.013065356771912562
-0.03045002278091502
-0.010204897362879883
0.08080248335888918
-0.011743957061684185
-0.06109953281700342
-0.05654058267968054
0.03973066370480538
-0.009588853389239205
0.04590352204112591
0.06925574960452696
0.07382421435571018
-0.08110299466350668
0.031017376704207678
-0.008416174423421019
-0.1218059774124729
0.08105492908796386
-0.08126108737944548
0.0041948137923384365
0.023560334148108097
0.07382421435571018
-0.13034379599603163
0.04827168718050601
-0.05654058267968054
-0.05120330655862837
0.049538360788050184
-0.032259158022980294
0.05168531023255696
0.08383912323474085
0.03882682382156144
-0.021161035659430283
-0.0013205999854228878
-0.08678886069673908
0.02520341309711238
0.019778644828504
0.025722681761052968
-0.0007657730469858848
0.026005039289207943
0.0025784297617263974
-0.07465345378649157
-0.0851300246174862
-0.047644828679283435
-0.07892951287026762
-0.007317237093852569
0.012299756912504733
0.04333086414918519
-0.06053051312501001
-0.051670301345440706
-0.0002495311402075373
0.03443624877469453
-0.022898889969576786
0.0688088340488946
0.04590352204112591
-0.10013006587302442
-0.01844849936066506
0.02432879134386301
-0.05699148198311299
0.041840431302949455
-0.0038562351615762935
0.006746455834750975
-0.08126108737944548
-0.05699148198311299
0.023512429278589764
-0.02862716582831837
-0.08126108737944548
0.0022689688502968153
0.045224792909892564
-0.0038562351615762935
-0.013771885982464482
-0.01249170093178087
0.01579928711915457
0.02451643163530548
0.01579928711915457
0.020083040980136246
-0.02243129284092049
0.009856619194733796
-0.07414653786004877
0.04827168718050601
0.051344950513199095
0.020567585268201682
0.03861575224405023
-0.05120330655862837
-0.05416508205116166
0.04469322213864224
-0.01956931117570271
0.04995452527457189
0.007058852839625374
0.04823967565580034
0.048059232237648075
-0.019391257313081667
-0.03173275161671363
-0.06464003578883037
-0.009588853389239205
0.001954162314668828
-0.038466866176760206
-0.1218059774124729
0.01613403625846388
0.031017376704207678
0.06228267241298191
-0.03133707462365809
-0.051670301345440706
0.024801788304586125
-0.1218059774124729
0.01613403625846388
0.04827168718050601
0.018593646962060006
0.020567585268201682
-0.017242733713295877
-0.009588853389239205
-0.022821982956040543
0.06761705055254463
0.03973066370480538
-0.037433866920196124
-0.0002868205956847447
0.05436809318039337
0.02773636562208104
0.056736527751481525
0.023560334148108097
0.04827168718050601
0.10240276235625068
-0.010532567714866659
0.03643980545838055
-0.021161035659430283
0.10240276235625068
0.0576314646823306
0.028713620756199987
-0.0002868205956847447
-0.02243129284092049
-0.05464289541014722
0.05182100602750328
0.0016709762031741349
0.018593646962060006
0.025649122658425227
0.008505479129739868
0.012394543666532698
0.037107507807760065
0.08759468040243501
0.0203593980283987
-0.007720686875989813
-0.04126132556270612
0.013109728048770641
-0.007720686875989813
-0.008416174423421019
0.06994395962703592
-0.0357902826629255
-0.041376638974308655
0.028713620756199987
-0.010204897362879883
-0.06226621690008294
0.01661350063361855
0.04799414960212012
0.08080248335888918
0.03882682382156144
0.04590352204112591
-0.03270475340709922
-0.03133707462365809
0.11522232211929584
-0.0002495311402075373
0.02708189422255458
-0.03133707462365809
0.013109728048770641
0.0203593980283987
0.04665297339942498
0.013109728048770641
0.11522232211929584
0.04299886054755575
-0.0849833488167917
-0.03917887174705115
0.023560334148108097
-0.09432889171755221
-0.009588853389239205
0.01347000313241331
0.026458811902690726
0.08732358904095427
0.04590352204112591
0.012394543666532698
-0.009357776553262198
0.04790976101641675
0.006265799221320201
-0.010532567714866659
0.08105492908796386
-0.015144140805206874
0.037107507807760065
-0.028034859824940028
-0.0002868205956847447
0.005173534568482907
0.015089270086424023
0.08732358904095427
0.04299886054755575
-0.047644828679283435
0.03208636570286316
0.05799658946616226
0.0512476844333456
0.005173534568482907
0.031017376704207678
-0.05282848588680089
-0.009357776553262198
0.13480548385110502
-0.008416174423421019
0.0576314646823306
-0.08143178414826124
0.01046829599036414
0.0461992712042818
0.015089270086424023
-0.04022536987465397
0.04920879849315085
-0.015144140805206874
0.0326533364262076
-0.045496030668886966
0.15300088602597928
0.0022689688502968153
-0.07892951287026762
0.037453479113841226
0.08759468040243501
0.0515617796937029
0.037107507807760065
0.04391937482752173
0.043334141200254805
0.02927401578257438
-0.007338419158481102
-0.007338419158481102
0.017908695057996304
-0.06258250876081561
-0.2546008091448053
-0.027788545411032928
-0.017242733713295877
-0.027788545411032928
0.02451643163530548
0.025649122658425227
-0.0549153461639893
0.048059232237648075
0.013065356771912562
0.043334141200254805
0.0216176650818376
-0.07892951287026762
-0.032340875642459466
-0.027393577402978764
0.04799414960212012
0.06569838178769771
0.13480548385110502
0.08121523150568599
-0.005105231073404326
-0.013878349100881593
0.03994035520780326
0.1417808980890598
-0.02375973362478856
-0.05699148198311299
0.04920879849315085
0.04790976101641675
0.0278028767684102
-0.047644828679283435
-0.0011970474263076625
0.03208636570286316
-0.0008948035361102669
-0.024170822975695394
-0.015144140805206874
0.04371378571481266
0.006746455834750975
0.012299756912504733
