-0.01956931117570271
-0.041376638974308655
0.0276177252845331
0.04333086414918519
0.01716964896203166
-0.06193714350214741
-0.05129888770798985
-0.02243129284092049
0.025524068456756588
0.011999720455214913
-0.09359820865597968
-0.03133707462365809
0.08105492908796386
0.03994035520780326
-0.004841918958801372
-0.02862716582831837
0.0278028767684102
-0.06638125688640528
0.06925574960452696
0.06316607709876365
-0.0549153461639893
-0.05120330655862837
0.031017376704207678
-0.05654058267968054
-0.07075486294590672
-0.007317237093852569
0.01035787819304268
0.048059232237648075
-0.012372140541780041
-0.007543661478351282
-0.010532567714866659
-0.22146034456414654
0.012394543666532698
0.1399333926158075
-0.007543661478351282
-0.04466517994807795
0.06994395962703592
0.0016709762031741349
-0.08285893181375492
-0.0489237727198617
0.08080248335888918
0.017908695057996304
0.051344950513199095
-0.09359820865597968
-0.17661184642248884
0.02773636562208104
0.1399333926158075
0.03208636570286316
0.04827168718050601
-0.0008948035361102669
0.022194058573782982
0.022194058573782982
0.09718899306107964
0.1417808980890598
0.006143668794592827
-0.024170822975695394
0.10109672394520075
-0.08285893181375492
-0.050143819123519506
0.03443624877469453
-0.045496030668886966
-0.12033949778566289
-0.050143819123519506
0.02432879134386301
-0.013878349100881593
-0.17661184642248884
-0.05416508205116166
0.06925574960452696
-0.10819102148647719
-0.045496030668886966
-0.07212958518599066
0.020567585268201682
0.10240276235625068
0.0041948137923384365
0.0016709762031741349
-0.07465345378649157
-0.007720686875989813
-0.007317237093852569
-0.027789787343500905
-0.22146034456414654
0.045224792909892564
-0.018864353824572078
-0.002205271978588108
-0.007720686875989813
-0.060513028914405353
-0.03520416182162833
0.17000938109242547
-0.019391257313081667
-0.019391257313081667
0.03861575224405023
-0.22146034456414654
-0.06285634704832255
-0.06638125688640528
-0.0636718542421022
-0.07075486294590672
0.0844852260058202
-0.0013205999854228878
0.031017376704207678
0.006265799221320201
0.05799658946616226
0.06292625909621563
-0.005818111085915234
-0.01249170093178087
0.04729149119249154
-0.08814864178677073
0.08383912323474085
0.018593646962060006
0.04283497654615154
0.06316607709876365
-0.07724758378448726
-0.012372140541780041
0.08176108754913614
-0.050143819123519506
-0.01249170093178087
0.04827168718050601
0.0326533364262076
-0.08110299466350668
-0.009357776553262198
0.025649122658425227
0.06605801367827979
0.043334141200254805
0.02708189422255458
-0.005818111085915234
0.04665297339942498
0.08632977574364098
-0.007543661478351282
-0.038466866176760206
0.006265799221320201
0.022194058573782982
0.13204555949274965
-0.17661184642248884
-0.08143178414826124
0.04729149119249154
-0.051670301345440706
-0.08126108737944548
-0.10013006587302442
0.03994035520780326
-0.08143178414826124
-0.051670301345440706
-0.010204897362879883
-0.015144140805206874
0.04590352204112591
0.029794720012301212
0.062467374718552904
-0.05586089089844393
-0.08143178414826124
-0.06226621690008294
-0.008416174423421019
-0.17661184642248884
-0.021161035659430283
-0.07465345378649157
-0.05120330655862837
0.04380656992791998
0.04799414960212012
-0.0357902826629255
0.04391937482752173
-0.036421638107813514
-0.08721982612879486
-0.007317237093852569
0.05425453554333082
0.0515617796937029
0.08799230776265521
0.03861575224405023
0.05198789125700998
0.045224792909892564
0.0027859037974478085
-0.037433866920196124
-0.2546008091448053
-0.027462288324585415
0.04799414960212012
0.03861575224405023
-0.012372140541780041
-0.06109953281700342
0.05198789125700998
-0.03917887174705115
-0.07892951287026762
-0.12033949778566289
0.04995452527457189
0.03443624877469453
-0.0851300246174862
0.0461992712042818
0.06994395962703592
-0.0002495311402075373
-0.02375973362478856
-0.0007657730469858848
0.02432879134386301
0.04469322213864224
0.06567138145123597
0.0025784297617263974
0.13204555949274965
-0.04022536987465397
0.01613403625846388
-0.06226621690008294
0.022821768641877682
-0.027393577402978764
-0.038466866176760206
0.04135586741642605
0.0025784297617263974
0.04590352204112591
-0.037433866920196124
-0.03695834061658587
-0.032340875642459466
0.02708189422255458
-0.06638125688640528
-0.022368622754905587
-0.03133707462365809
0.0276177252845331
0.06292625909621563
0.026005039289207943
0.08105492908796386
0.01035787819304268
-0.017242733713295877
0.01724199139330551
0.04729149119249154
0.0203593980283987
0.01661350063361855
-0.05282848588680089
0.039209693040964666
-0.09570667993071069
-0.060513028914405353
-0.01249170093178087
0.08302714817478662
-0.07724758378448726
-0.06464003578883037
0.04333086414918519
-0.06109953281700342
-0.041376638974308655
0.006143668794592827
0.030122729138618354
0.04729149119249154
0.06569838178769771
-0.022898889969576786
0.04823967565580034
0.04799414960212012
0.05198789125700998
-0.028034859824940028
0.023560334148108097
0.04995452527457189
-0.011743957061684185
0.02927401578257438
0.10109672394520075
0.0216176650818376
0.006143668794592827
0.01699193585620762
-0.027788545411032928
-0.0011970474263076625
-0.021161035659430283
0.034283772423341574
-0.012150300762606037
0.013065356771912562
0.030974972656109045
0.014780240742707562
-0.07465345378649157
0.018593646962060006
-0.07465345378649157
-0.032259158022980294
-0.07724758378448726
-0.0011970474263076625
-0.019514789449790015
-0.0849833488167917
0.0216176650818376
0.15300088602597928
-0.022622356364218277
-0.03695834061658587
0.006265799221320201
-0.022898889969576786
-0.07414653786004877
0.08121523150568599
0.039209693040964666
-0.03563356684104946
-0.0038562351615762935
-0.01249170093178087
0.047513051758585334
0.028713620756199987
-0.03045002278091502
0.04920879849315085
-0.07212958518599066
0.0216176650818376
0.019778644828504
0.0515617796937029
0.17000938109242547
-0.01249170093178087
0.024801788304586125
0.047513051758585334
-0.009357776553262198
0.04995452527457189
-0.005818111085915234
-0.03997727574944321
0.04995452527457189
-0.17661184642248884
-0.008416174423421019
-0.02862716582831837
0.04606131559255999
0.028713620756199987
0.01724199139330551
0.020083040980136246
0.08080248335888918
-0.08143178414826124
0.034283772423341574
