0.0203593980283987
0.025722681761052968
0.048059232237648075
-0.04126132556270612
-0.0038562351615762935
0.019778644828504
0.034283772423341574
0.003822387934753202
-0.07075486294590672
-0.022821982956040543
-0.051670301345440706
-0.0636718542421022
0.0844852260058202
0.01661350063361855
0.03994035520780326
-0.013878349100881593
0.018593646962060006
0.04391937482752173
-0.021161035659430283
-0.002647647860884561
0.03973066370480538
0.009856619194733796
-0.07414653786004877
0.15300088602597928
0.03443624877469453
-0.09359820865597968
-0.041376638974308655
0.039209693040964666
-0.009357776553262198
0.01035787819304268
-0.0005187167995490682
-0.03997727574944321
0.0276177252845331
-0.021161035659430283
0.025524068456756588
0.03973066370480538
-0.002205271978588108
0.013040071944516285
-0.010204897362879883
0.08383912323474085
0.10240276235625068
-0.032259158022980294
-0.038466866176760206
0.07518071596092746
0.04333086414918519
0.06925574960452696
-0.037433866920196124
-0.012372140541780041
-0.007317237093852569
0.0512476844333456
-0.0851300246174862
0.02451643163530548
0.007058852839625374
0.04920879849315085
0.028713620756199987
0.04729149119249154
0.04333086414918519
0.04799414960212012
0.06228267241298191
0.01724199139330551
-0.05983064969141072
-0.012150300762606037
0.04380656992791998
0.001954162314668828
0.018593646962060006
0.056736527751481525
0.017908695057996304
-0.051670301345440706
-0.1218059774124729
0.04590352204112591
0.048059232237648075
-0.0489237727198617
-0.007882998007099573
-0.032259158022980294
-0.050143819123519506
-0.012150300762606037
-0.05120330655862837
0.01035787819304268
-0.041376638974308655
-0.0636718542421022
-0.03133707462365809
0.062467374718552904
-0.13034379599603163
0.024801788304586125
0.08653619008305125
0.024801788304586125
-0.0357902826629255
-0.07892951287026762
0.04606131559255999
-0.013878349100881593
0.11522232211929584
-0.06638125688640528
-0.22146034456414654
-0.049962429852048906
0.08105492908796386
0.04371378571481266
0.020446479141682516
0.02714223291166995
-0.02243129284092049
-0.0549153461639893
0.011553574399841615
0.03863378364598535
-0.05464289541014722
0.06925574960452696
0.04827168718050601
0.030122729138618354
-0.010532567714866659
0.007058852839625374
-0.028034859824940028
0.03973066370480538
0.0326533364262076
-0.019391257313081667
0.04469322213864224
0.05182100602750328
0.01035787819304268
-0.0002495311402075373
0.011553574399841615
-0.05282848588680089
-0.08143178414826124
-0.012372140541780041
-0.09432889171755221
0.0512476844333456
-0.03133707462365809
0.020083040980136246
-0.018864353824572078
-0.10819102148647719
0.1399333926158075
-0.07414653786004877
0.04799414960212012
0.034283772423341574
-0.028034859824940028
-0.06285634704832255
0.008505479129739868
0.01716964896203166
0.03994035520780326
0.07382421435571018
-0.0489237727198617
0.1399333926158075
-0.03917887174705115
-0.01249170093178087
0.08759468040243501
0.04995452527457189
0.025524068456756588
0.06925574960452696
0.017908695057996304
-0.0013205999854228878
-0.012150300762606037
-0.06285634704832255
0.0326533364262076
0.02520341309711238
-0.02496648159475967
-0.03695834061658587
0.06316607709876365
-0.04466517994807795
0.001954162314668828
0.02520341309711238
-0.037433866920196124
0.02451643163530548
-0.049962429852048906
0.03861575224405023
-0.02243129284092049
-0.02862716582831837
-0.028034859824940028
0.030122729138618354
-0.008416174423421019
0.030122729138618354
0.047513051758585334
0.0276177252845331
0.013065356771912562
-0.04466517994807795
0.03643980545838055
-0.047644828679283435
0.051344950513199095
0.06316607709876365
-0.0011970474263076625
0.05168531023255696
0.014780240742707562
-0.041376638974308655
0.006746455834750975
0.0688088340488946
-0.04022536987465397
-0.010532567714866659
-0.02496648159475967
0.01046829599036414
0.012394543666532698
0.030122729138618354
0.025524068456756588
-0.007882998007099573
-0.038466866176760206
0.011553574399841615
0.018593646962060006
0.03643980545838055
0.03973066370480538
-0.06193714350214741
0.04665297339942498
0.006265799221320201
-0.03997727574944321
0.08080248335888918
0.025649122658425227
0.06316607709876365
-0.005818111085915234
-0.0851300246174862
-0.027393577402978764
0.006746455834750975
0.0512476844333456
0.005082074600808895
0.11840346286310233
0.04333086414918519
-0.038466866176760206
-0.01686722086916248
0.0203593980283987
0.06318283133468316
-0.2546008091448053
0.05182100602750328
0.06925574960452696
0.0515617796937029
0.026653357334457617
-0.01249170093178087
-0.022821982956040543
-0.022368622754905587
-0.022821982956040543
-0.05983064969141072
0.0276177252845331
-0.011743957061684185
-0.0849833488167917
0.04790976101641675
-0.12033949778566289
0.01699193585620762
-0.017136936568830308
0.08653619008305125
0.1417808980890598
0.024801788304586125
0.017908695057996304
0.07382421435571018
0.04283497654615154
-0.05464289541014722
0.04823967565580034
-0.06053051312501001
-0.17661184642248884
0.005082074600808895
0.0844852260058202
0.06806350229329183
-0.013771885982464482
-0.05983064969141072
0.03208636570286316
-0.05282848588680089
-0.008416174423421019
0.013065356771912562
0.029794720012301212
-0.10819102148647719
-0.011743957061684185
-0.05983064969141072
-0.02496648159475967
0.024801788304586125
-0.03695834061658587
-0.007338419158481102
-0.0357902826629255
0.015089270086424023
0.022194058573782982
-0.0489237727198617
-0.01956931117570271
0.013109728048770641
0.01724199139330551
-0.03917887174705115
-0.04466517994807795
-0.01956931117570271
0.024801788304586125
0.06605801367827979
-0.03173275161671363
0.07382421435571018
0.025649122658425227
0.0041948137923384365
-0.050143819123519506
0.034283772423341574
-0.07414653786004877
0.0344322264021244
0.05425453554333082
0.04469322213864224
0.048059232237648075
0.037453479113841226
0.006265799221320201
-0.007338419158481102
0.013109728048770641
0.007058852839625374
-0.05699148198311299
0.06806350229329183
0.003822387934753202
-0.007720686875989813
0.04920879849315085
0.026458811902690726
0.029794720012301212
-0.007720686875989813
0.013065356771912562
0.04823967565580034
-0.02243129284092049
0.03443624877469453
0.062467374718552904
0.07060672059698447
0.04827168718050601
