-0.041376638974308655
0.08632977574364098
-0.0038562351615762935
0.026653357334457617
-0.041376638974308655
0.007058852839625374
-0.08285893181375492
0.07586149829868472
-0.03917887174705115
0.006746455834750975
0.005082074600808895
0.0515617796937029
-0.13034379599603163
-0.03563356684104946
0.0041948137923384365
0.043334141200254805
0.030974972656109045
-0.08143178414826124
0.02773636562208104
0.006143668794592827
-0.0549153461639893
0.08383912323474085
-0.011743957061684185
0.013040071944516285
0.020567585268201682
0.11840346286310233
-0.03270475340709922
0.07382421435571018
0.0276177252845331
0.06318283133468316
-0.0011970474263076625
0.007058852839625374
-0.01956931117570271
0.08080248335888918
-0.0013205999854228878
0.11522232211929584
0.009856619194733796
0.04823967565580034
-0.13034379599603163
0.04665297339942498
-0.015144140805206874
-0.0489237727198617
0.1399333926158075
-0.0489237727198617
-0.07075486294590672
0.018593646962060006
0.02520341309711238
0.08302714817478662
0.05198789125700998
0.0041948137923384365
0.018593646962060006
0.02708189422255458
0.0512476844333456
-0.09432889171755221
-0.07724758378448726
-0.021161035659430283
-0.002647647860884561
0.0165919313161762
0.022821768641877682
-0.08110299466350668
0.06761705055254463
0.07060672059698447
0.03994035520780326
0.0278028767684102
-0.032340875642459466
0.04790976101641675
0.04729149119249154
0.02708189422255458
-0.007338419158481102
0.03443624877469453
-0.022622356364218277
-0.009588853389239205
-0.0357902826629255
0.0203593980283987
0.1417808980890598
-0.017242733713295877
0.03443624877469453
-0.007543661478351282
0.04920879849315085
-0.005818111085915234
0.0041948137923384365
0.051344950513199095
-0.009357776553262198
-0.03917887174705115
0.02773636562208104
-0.2546008091448053
-0.05129888770798985
0.045224792909892564
-0.05586089089844393
-0.022348210496932808
-0.13034379599603163
0.08799230776265521
-0.07075486294590672
0.1417808980890598
0.030974972656109045
0.07518071596092746
-0.0013205999854228878
-0.037433866920196124
-0.02243129284092049
0.08632977574364098
-0.06109953281700342
0.01046829599036414
-0.008416174423421019
-0.04126132556270612
-0.0549153461639893
0.051344950513199095
0.04135586741642605
0.049538360788050184
-0.08814864178677073
-0.014438989348697362
-0.007543661478351282
-0.0002868205956847447
0.06605801367827979
0.014780240742707562
0.06228267241298191
-0.004841918958801372
0.03863378364598535
-0.007317237093852569
0.15300088602597928
0.013065356771912562
-0.0008948035361102669
-0.06053051312501001
0.02773636562208104
0.03861575224405023
-0.05983064969141072
0.11522232211929584
0.014471610315426986
-0.007338419158481102
-0.06720056781523276
0.07060672059698447
-0.03133707462365809
-0.022368622754905587
-0.05416508205116166
-0.05129888770798985
0.011553574399841615
0.023560334148108097
0.06316607709876365
-0.012150300762606037
-0.06464003578883037
0.029794720012301212
0.05168531023255696
-0.22146034456414654
0.017908695057996304
-0.07724758378448726
-0.019391257313081667
0.06364954486786978
0.06994395962703592
0.023512429278589764
0.07060672059698447
-0.005105231073404326
0.10240276235625068
0.006265799221320201
-0.01249170093178087
0.13204555949274965
-0.03563356684104946
-0.05282848588680089
-0.047644828679283435
0.051344950513199095
-0.021161035659430283
0.02432879134386301
-0.019514789449790015
-0.05120330655862837
0.05799658946616226
0.015089270086424023
-0.06638125688640528
-0.022898889969576786
0.008505479129739868
0.025649122658425227
0.10240276235625068
-0.009588853389239205
-0.07212958518599066
-0.13034379599603163
-0.0002495311402075373
0.1399333926158075
0.08105492908796386
0.0278028767684102
0.06228267241298191
0.018593646962060006
-0.036421638107813514
-0.02375973362478856
-0.17661184642248884
0.06605801367827979
0.0027859037974478085
0.08653619008305125
0.06316607709876365
0.03994035520780326
-0.019391257313081667
-0.08814864178677073
-0.0002495311402075373
-0.03133707462365809
0.0515617796937029
-0.013771885982464482
0.011999720455214913
0.06318283133468316
-0.050143819123519506
0.020083040980136246
-0.009357776553262198
0.07518071596092746
-0.012150300762606037
0.025524068456756588
0.07060672059698447
-0.02243129284092049
0.014780240742707562
0.04729149119249154
0.01724199139330551
0.06228267241298191
0.03208636570286316
0.03863378364598535
-0.027788545411032928
-0.004841918958801372
0.13204555949274965
0.039209693040964666
-0.06193714350214741
-0.08814864178677073
0.08121523150568599
0.047513051758585334
-0.045496030668886966
0.013109728048770641
0.01035787819304268
0.10109672394520075
0.07382421435571018
0.04823967565580034
0.04135586741642605
0.13204555949274965
0.012394543666532698
-0.01686722086916248
0.029794720012301212
-0.08143178414826124
0.13204555949274965
0.0278028767684102
-0.1218059774124729
-0.0008948035361102669
-0.08285893181375492
0.025524068456756588
0.0512476844333456
0.009856619194733796
-0.013878349100881593
-0.027788545411032928
0.029794720012301212
0.013065356771912562
-0.06285634704832255
0.06569838178769771
0.017908695057996304
0.08632977574364098
-0.036421638107813514
0.07382421435571018
-0.022821982956040543
0.03994035520780326
-0.05120330655862837
0.048059232237648075
-0.01844849936066506
0.11522232211929584
-0.10013006587302442
-0.008416174423421019
0.0688088340488946
0.01716964896203166
-0.09432889171755221
0.0278028767684102
0.019778644828504
-0.03270475340709922
0.020567585268201682
-0.17661184642248884
-0.022368622754905587
-0.005105231073404326
-0.012150300762606037
-0.017242733713295877
0.0326533364262076
-0.05120330655862837
-0.007720686875989813
-0.0849833488167917
-0.07414653786004877
-0.007317237093852569
-0.06226621690008294
-0.009588853389239205
-0.10013006587302442
0.037453479113841226
-0.03045002278091502
-0.0549153461639893
0.04333086414918519
0.011999720455214913
0.034283772423341574
0.05198789125700998
0.08759468040243501
0.0203593980283987
0.10109672394520075
-0.09432889171755221
0.006265799221320201
0.025649122658425227
0.03443624877469453
-0.010204897362879883
0.01661350063361855
0.0688088340488946
-0.01249170093178087
0.0326533364262076
0.01716964896203166
0.10240276235625068
0.0344322264021244
-0.032259158022980294
0.003822387934753202
