0.01347000313241331
-0.07892951287026762
0.04299886054755575
-0.010204897362879883
-0.011743957061684185
0.056736527751481525
0.0326533364262076
0.01661350063361855
0.02520341309711238
0.0515617796937029
0.013109728048770641
-0.09432889171755221
0.020083040980136246
0.05799658946616226
0.01046829599036414
0.04283497654615154
-0.10819102148647719
-0.02375973362478856
-0.0849833488167917
0.0326533364262076
0.014471610315426986
-0.022622356364218277
-0.01686722086916248
0.10109672394520075
-0.08814864178677073
0.01716964896203166
-0.0038562351615762935
-0.060513028914405353
-0.05983064969141072
-0.10013006587302442
-0.022368622754905587
-0.15702055781469149
0.05436809318039337
0.08176108754913614
0.08105492908796386
-0.0549153461639893
0.023560334148108097
-0.017242733713295877
0.03861575224405023
0.11522232211929584
-0.007338419158481102
-0.02375973362478856
0.04799414960212012
-0.2546008091448053
-0.10819102148647719
-0.05129888770798985
0.014780240742707562
0.03973066370480538
0.06316607709876365
0.05198789125700998
-0.10013006587302442
0.05198789125700998
0.04371378571481266
-0.013771885982464482
-0.08814864178677073
0.0688088340488946
0.034283772423341574
-0.05699148198311299
0.06994395962703592
-0.02862716582831837
-0.050143819123519506
-0.0011970474263076625
-0.0636718542421022
-0.08110299466350668
0.014780240742707562
0.03994035520780326
-0.05129888770798985
-0.08126108737944548
0.02520341309711238
0.05198789125700998
-0.03695834061658587
0.020567585268201682
0.030122729138618354
0.025524068456756588
-0.07892951287026762
-0.07465345378649157
0.03863378364598535
0.062467374718552904
0.023512429278589764
0.0278028767684102
0.02432879134386301
0.001954162314668828
-0.08126108737944548
0.0276177252845331
-0.011743957061684185
-0.032340875642459466
-0.09359820865597968
-0.012372140541780041
-0.07212958518599066
0.05425453554333082
-0.08721982612879486
-0.027789787343500905
0.02773636562208104
0.01035787819304268
0.06569838178769771
-0.017242733713295877
0.06567138145123597
-0.0038562351615762935
0.04827168718050601
-0.027462288324585415
0.0016709762031741349
0.01699193585620762
0.01347000313241331
0.11840346286310233
-0.0002495311402075373
0.030122729138618354
-0.05416508205116166
-0.06285634704832255
0.025722681761052968
-0.03917887174705115
-0.03997727574944321
-0.013771885982464482
0.0203593980283987
0.008505479129739868
0.04799414960212012
-0.05654058267968054
-0.011743957061684185
0.022194058573782982
0.04283497654615154
0.0326533364262076
-0.0038562351615762935
0.051344950513199095
0.025649122658425227
0.0216176650818376
0.05425453554333082
0.08302714817478662
0.08653619008305125
-0.018864353824572078
-0.007317237093852569
0.018593646962060006
-0.004841918958801372
0.04333086414918519
-0.06720056781523276
-0.022368622754905587
0.06605801367827979
0.08121523150568599
-0.011743957061684185
-0.03458770640829023
0.023512429278589764
0.0326533364262076
0.05799658946616226
0.04391937482752173
0.04333086414918519
0.005173534568482907
0.0025784297617263974
0.043334141200254805
0.0025784297617263974
0.037453479113841226
0.04995452527457189
-0.022622356364218277
0.023560334148108097
-0.008416174423421019
0.0512476844333456
-0.05464289541014722
-0.011743957061684185
-0.0008948035361102669
0.04380656992791998
-0.011743957061684185
-0.007543661478351282
-0.01249170093178087
0.06292625909621563
0.08732358904095427
0.04048653167530425
0.04920879849315085
-0.05282848588680089
-0.06109953281700342
0.013065356771912562
0.006143668794592827
-0.0011970474263076625
-0.032340875642459466
0.04729149119249154
-0.03173275161671363
-0.04126132556270612
0.13204555949274965
-0.005818111085915234
0.06925574960452696
-0.01956931117570271
0.13480548385110502
-0.03520416182162833
-0.024170822975695394
0.05799658946616226
0.04606131559255999
-0.002205271978588108
0.0203593980283987
0.08383912323474085
-0.03173275161671363
0.0461992712042818
0.008505479129739868
-0.0007657730469858848
0.05198789125700998
-0.0549153461639893
-0.014438989348697362
0.006265799221320201
-0.010532567714866659
0.043334141200254805
0.0276177252845331
0.02773636562208104
0.02714223291166995
0.05799658946616226
-0.01686722086916248
0.04995452527457189
0.011999720455214913
0.04606131559255999
0.003822387934753202
0.0344322264021244
0.030122729138618354
0.013109728048770641
0.020567585268201682
0.013109728048770641
0.012299756912504733
0.0344322264021244
-0.03173275161671363
-0.012150300762606037
-0.017136936568830308
-0.027462288324585415
0.08383912323474085
-0.049962429852048906
0.008505479129739868
0.01579928711915457
-0.005818111085915234
-0.08126108737944548
-0.17661184642248884
0.025722681761052968
-0.06285634704832255
0.05799658946616226
0.037107507807760065
-0.07075486294590672
0.11840346286310233
0.0844852260058202
-0.03173275161671363
-0.013771885982464482
0.03443624877469453
-0.011743957061684185
0.022194058573782982
-0.037433866920196124
-0.014438989348697362
-0.045496030668886966
0.02927401578257438
0.06994395962703592
-0.010204897362879883
-0.032259158022980294
0.011999720455214913
0.018593646962060006
-0.005105231073404326
0.012390402416693647
0.04606131559255999
0.0216176650818376
-0.02375973362478856
-0.05129888770798985
-0.013878349100881593
0.03863378364598535
0.014780240742707562
0.07586149829868472
0.03882682382156144
0.10240276235625068
-0.03520416182162833
-0.0489237727198617
-0.05464289541014722
0.005082074600808895
-0.03997727574944321
0.02708189422255458
-0.0005187167995490682
-0.01956931117570271
-0.037433866920196124
-0.0489237727198617
0.003822387934753202
0.051344950513199095
-0.013878349100881593
-0.05983064969141072
0.003822387934753202
0.04823967565580034
-0.01956931117570271
-0.009357776553262198
0.0512476844333456
-0.027393577402978764
0.08759468040243501
0.026005039289207943
0.001954162314668828
0.026458811902690726
0.034283772423341574
-0.08126108737944548
-0.009588853389239205
0.04995452527457189
0.005173534568482907
-0.022348210496932808
-0.008416174423421019
-0.07724758378448726
-0.17661184642248884
0.04790976101641675
0.13204555949274965
0.006265799221320201
-0.019514789449790015
0.03994035520780326
0.11522232211929584
0.13480548385110502
0.001954162314668828
-0.04466517994807795
-0.007882998007099573
0.05799658946616226
