0.020083040980136246
0.08759468040243501
-0.022821982956040543
-0.05120330655862837
0.04299886054755575
-0.021161035659430283
0.005082074600808895
0.07060672059698447
-0.047644828679283435
-0.041376638974308655
0.09718899306107964
-0.03563356684104946
-0.007720686875989813
-0.04466517994807795
0.07060672059698447
0.03643980545838055
0.01724199139330551
-0.022368622754905587
-0.01844849936066506
0.030974972656109045
-0.037433866920196124
-0.06285634704832255
-0.0011970474263076625
0.0515617796937029
-0.0002495311402075373
0.06605801367827979
0.022194058573782982
-0.022348210496932808
-0.06638125688640528
-0.049962429852048906
0.09718899306107964
0.008665176454019985
-0.002647647860884561
-0.08814864178677073
-0.08110299466350668
-0.050143819123519506
0.01046829599036414
0.11522232211929584
-0.002205271978588108
0.018593646962060006
0.02520341309711238
0.003822387934753202
-0.06464003578883037
-0.07724758378448726
-0.08143178414826124
-0.09432889171755221
0.07518071596092746
-0.06193714350214741
-0.019514789449790015
0.007058852839625374
-0.03045002278091502
0.0688088340488946
-0.0002495311402075373
0.02773636562208104
0.04299886054755575
-0.022348210496932808
-0.05699148198311299
-0.037433866920196124
-0.05699148198311299
0.08302714817478662
0.014780240742707562
-0.018864353824572078
-0.10013006587302442
-0.008416174423421019
-0.2546008091448053
0.03994035520780326
-0.08126108737944548
0.07586149829868472
0.0326533364262076
-0.02375973362478856
-0.0849833488167917
-0.032259158022980294
0.10109672394520075
-0.03270475340709922
0.022821768641877682
0.04391937482752173
-0.03173275161671363
0.034283772423341574
0.01661350063361855
0.011553574399841615
0.1399333926158075
0.020446479141682516
0.0216176650818376
-0.027789787343500905
0.04135586741642605
0.022194058573782982
-0.06053051312501001
0.04380656992791998
-0.0357902826629255
0.06605801367827979
0.13480548385110502
-0.017136936568830308
-0.06285634704832255
-0.0849833488167917
0.013109728048770641
-0.06638125688640528
-0.05654058267968054
-0.022898889969576786
-0.022898889969576786
0.04823967565580034
0.007058852839625374
0.0512476844333456
0.006265799221320201
-0.005105231073404326
0.0016709762031741349
0.0515617796937029
-0.03173275161671363
0.0278028767684102
0.0278028767684102
0.0512476844333456
-0.028034859824940028
0.037453479113841226
-0.07724758378448726
-0.03520416182162833
-0.02243129284092049
-0.05129888770798985
-0.019514789449790015
0.047513051758585334
0.02432879134386301
-0.03917887174705115
-0.0357902826629255
0.037453479113841226
0.05168531023255696
-0.0005187167995490682
0.09718899306107964
-0.03133707462365809
-0.04126132556270612
0.03208636570286316
0.030122729138618354
0.051344950513199095
0.034283772423341574
0.005173534568482907
-0.05129888770798985
0.01613403625846388
0.06316607709876365
0.006746455834750975
0.018593646962060006
0.05198789125700998
-0.05699148198311299
0.04371378571481266
-0.06464003578883037
-0.0007657730469858848
0.06806350229329183
-0.007317237093852569
-0.047644828679283435
-0.022622356364218277
-0.0549153461639893
0.015089270086424023
0.08080248335888918
-0.06285634704832255
-0.07414653786004877
-0.08126108737944548
-0.038466866176760206
0.13204555949274965
0.048059232237648075
0.01716964896203166
0.048059232237648075
-0.015144140805206874
-0.06258250876081561
0.019778644828504
0.030974972656109045
0.0041948137923384365
-0.17661184642248884
-0.017242733713295877
0.02432879134386301
-0.022348210496932808
-0.012150300762606037
-0.012150300762606037
0.03443624877469453
0.0025784297617263974
-0.07075486294590672
0.04135586741642605
0.022821768641877682
0.06605801367827979
0.08653619008305125
-0.09432889171755221
0.04299886054755575
-0.013771885982464482
0.011553574399841615
0.01613403625846388
0.04590352204112591
0.0203593980283987
0.10109672394520075
-0.041376638974308655
0.045224792909892564
0.01046829599036414
0.03863378364598535
0.02708189422255458
0.014471610315426986
-0.01956931117570271
0.025722681761052968
0.04799414960212012
0.0576314646823306
-0.07892951287026762
0.026653357334457617
0.03994035520780326
0.09718899306107964
0.08632977574364098
0.03973066370480538
0.04135586741642605
0.015089270086424023
0.023512429278589764
0.023560334148108097
0.06567138145123597
-0.04126132556270612
-0.011743957061684185
0.10109672394520075
0.04371378571481266
0.10240276235625068
0.005082074600808895
0.06567138145123597
0.07586149829868472
0.03863378364598535
0.0016709762031741349
-0.0002868205956847447
-0.05654058267968054
-0.051670301345440706
0.04920879849315085
-0.05654058267968054
0.011999720455214913
0.0512476844333456
-0.22146034456414654
0.020446479141682516
0.017908695057996304
0.04995452527457189
-0.027393577402978764
0.0688088340488946
0.06605801367827979
0.020567585268201682
0.017908695057996304
0.005082074600808895
-0.05282848588680089
0.014780240742707562
0.02927401578257438
-0.06109953281700342
0.06761705055254463
-0.03695834061658587
0.013109728048770641
0.13204555949274965
-0.009588853389239205
-0.05129888770798985
-0.06638125688640528
0.06567138145123597
0.01699193585620762
0.17000938109242547
-0.09359820865597968
-0.041376638974308655
-0.07075486294590672
0.037453479113841226
-0.004841918958801372
0.04380656992791998
0.030974972656109045
-0.050143819123519506
0.025649122658425227
-0.02375973362478856
0.04283497654615154
0.04333086414918519
-0.22146034456414654
-0.007882998007099573
0.05198789125700998
-0.07414653786004877
-0.05129888770798985
0.02927401578257438
-0.028034859824940028
0.04995452527457189
0.0016709762031741349
0.049538360788050184
0.15300088602597928
-0.027393577402978764
0.04665297339942498
0.0203593980283987
-0.04022536987465397
-0.022348210496932808
0.04371378571481266
-0.22146034456414654
0.15300088602597928
0.02927401578257438
0.0461992712042818
0.0041948137923384365
0.04299886054755575
-0.027789787343500905
-0.022898889969576786
0.003822387934753202
-0.0013205999854228878
-0.009357776553262198
0.06318283133468316
0.0276177252845331
-0.005818111085915234
0.013065356771912562
0.04827168718050601
-0.05699148198311299
0.08799230776265521
0.023560334148108097
0.03882682382156144
0.023512429278589764
-0.02496648159475967
0.006265799221320201
0.062467374718552904
-0.028034859824940028
