0.05182100602750328
-0.045496030668886966
-0.06193714350214741
-0.2546008091448053
0.03861575224405023
-0.028034859824940028
0.026458811902690726
-0.005105231073404326
-0.02862716582831837
0.01035787819304268
0.048059232237648075
-0.011743957061684185
-0.05129888770798985
-0.0007657730469858848
-0.010204897362879883
-0.09359820865597968
0.11522232211929584
-0.10819102148647719
0.048059232237648075
0.037107507807760065
-0.022622356364218277
0.01035787819304268
-0.037433866920196124
-0.09432889171755221
-0.06464003578883037
0.04920879849315085
0.0844852260058202
0.08732358904095427
0.08383912323474085
0.10240276235625068
-0.06464003578883037
0.01661350063361855
0.026005039289207943
-0.02243129284092049
-0.009357776553262198
0.05436809318039337
-0.03997727574944321
-0.022898889969576786
-0.07724758378448726
0.0276177252845331
0.037107507807760065
-0.02496648159475967
-0.005818111085915234
0.03973066370480538
-0.005105231073404326
0.03973066370480538
-0.0849833488167917
-0.02375973362478856
-0.06258250876081561
0.009856619194733796
0.012390402416693647
0.045224792909892564
0.025649122658425227
-0.0008948035361102669
-0.0636718542421022
0.0027859037974478085
0.05425453554333082
0.07382421435571018
-0.07465345378649157
0.0165919313161762
-0.06053051312501001
0.02927401578257438
-0.032340875642459466
0.0203593980283987
0.012390402416693647
0.04469322213864224
-0.22146034456414654
0.04827168718050601
-0.08678886069673908
-0.027789787343500905
-0.05416508205116166
0.003822387934753202
0.04799414960212012
0.02773636562208104
0.025524068456756588
-0.012372140541780041
0.05436809318039337
-0.009357776553262198
-0.05654058267968054
-0.0002868205956847447
-0.06053051312501001
-0.019391257313081667
-0.027462288324585415
-0.027789787343500905
0.10240276235625068
-0.002647647860884561
0.017908695057996304
0.039209693040964666
0.0688088340488946
0.01661350063361855
0.03861575224405023
0.08121523150568599
0.005173534568482907
-0.0549153461639893
0.04920879849315085
-0.022348210496932808
-0.022898889969576786
0.04469322213864224
0.08653619008305125
-0.060513028914405353
0.017908695057996304
0.08732358904095427
-0.002647647860884561
0.04920879849315085
-0.15702055781469149
0.006746455834750975
-0.002647647860884561
0.023512429278589764
-0.004841918958801372
0.024801788304586125
0.15300088602597928
0.013040071944516285
0.005082074600808895
-0.05983064969141072
0.014471610315426986
0.018593646962060006
0.013109728048770641
-0.08110299466350668
-0.022348210496932808
-0.007720686875989813
0.08632977574364098
-0.037433866920196124
0.08732358904095427
-0.03695834061658587
0.04823967565580034
0.006746455834750975
-0.022821982956040543
-0.12033949778566289
-0.027393577402978764
0.08732358904095427
0.03861575224405023
0.006746455834750975
0.06228267241298191
-0.007720686875989813
-0.007317237093852569
-0.06285634704832255
0.014471610315426986
-0.0549153461639893
-0.002205271978588108
0.06364954486786978
0.03208636570286316
0.04606131559255999
-0.027788545411032928
-0.009357776553262198
-0.021161035659430283
0.07586149829868472
0.02432879134386301
0.0276177252845331
-0.009588853389239205
0.03208636570286316
0.009856619194733796
0.08080248335888918
0.03882682382156144
-0.011743957061684185
-0.08285893181375492
-0.0038562351615762935
0.0022689688502968153
0.012394543666532698
-0.07724758378448726
-0.017242733713295877
0.06292625909621563
0.08632977574364098
-0.027462288324585415
-0.009357776553262198
0.017908695057996304
-0.013771885982464482
-0.07724758378448726
0.017908695057996304
-0.04022536987465397
-0.011743957061684185
0.03994035520780326
0.08799230776265521
0.049538360788050184
0.02432879134386301
0.07586149829868472
-0.024170822975695394
-0.2546008091448053
-0.03270475340709922
0.013040071944516285
0.005082074600808895
-0.06193714350214741
0.07586149829868472
0.005082074600808895
0.007058852839625374
0.05425453554333082
0.04380656992791998
0.01579928711915457
0.03882682382156144
0.0025784297617263974
0.08080248335888918
-0.03045002278091502
0.08105492908796386
-0.08285893181375492
-0.07075486294590672
-0.03695834061658587
0.05799658946616226
0.03973066370480538
-0.0549153461639893
-0.002647647860884561
-0.12033949778566289
0.04590352204112591
-0.041376638974308655
0.01716964896203166
-0.060513028914405353
0.03861575224405023
-0.08721982612879486
-0.02496648159475967
-0.05120330655862837
-0.08285893181375492
0.04590352204112591
-0.017136936568830308
0.04135586741642605
-0.007543661478351282
0.08080248335888918
0.08176108754913614
-0.038466866176760206
0.020083040980136246
0.03443624877469453
0.05168531023255696
-0.0851300246174862
-0.015144140805206874
0.045224792909892564
0.0576314646823306
0.1417808980890598
0.06567138145123597
-0.004841918958801372
-0.07724758378448726
0.04920879849315085
-0.049962429852048906
-0.05699148198311299
0.04995452527457189
-0.08721982612879486
-0.017242733713295877
0.026653357334457617
0.03994035520780326
-0.011743957061684185
-0.021161035659430283
-0.047644828679283435
-0.0002495311402075373
-0.012150300762606037
-0.007720686875989813
-0.050143819123519506
-0.0038562351615762935
-0.04466517994807795
0.014471610315426986
0.049538360788050184
-0.05120330655862837
0.03994035520780326
-0.08110299466350668
0.014471610315426986
-0.019514789449790015
0.001954162314668828
-0.027393577402978764
0.17000938109242547
0.0344322264021244
-0.007338419158481102
0.02520341309711238
0.02432879134386301
-0.007317237093852569
0.05168531023255696
0.04920879849315085
0.04729149119249154
0.10109672394520075
0.02451643163530548
0.13204555949274965
0.03643980545838055
0.018593646962060006
0.0515617796937029
-0.032259158022980294
-0.0489237727198617
-0.049962429852048906
-0.045496030668886966
-0.0007657730469858848
-0.09359820865597968
-0.03917887174705115
0.13204555949274965
0.11840346286310233
-0.0489237727198617
0.029794720012301212
0.013065356771912562
-0.002205271978588108
-0.008416174423421019
0.15300088602597928
-0.019514789449790015
-0.06638125688640528
0.05182100602750328
0.008665176454019985
0.03863378364598535
0.1417808980890598
0.08302714817478662
-0.009357776553262198
-0.05464289541014722
0.0203593980283987
0.08080248335888918
-0.04022536987465397
0.0203593980283987
-0.05464289541014722
-0.01686722086916248
0.009856619194733796
