-0.012150300762606037
-0.0002495311402075373
-0.0011970474263076625
-0.08285893181375492
0.01699193585620762
0.020446479141682516
0.02773636562208104
0.015089270086424023
0.024801788304586125
0.08759468040243501
-0.08678886069673908
-0.07075486294590672
-0.15702055781469149
0.03973066370480538
0.06925574960452696
-0.03563356684104946
-0.038466866176760206
0.02451643163530548
0.06567138145123597
0.048059232237648075
0.023512429278589764
0.019778644828504
0.037107507807760065
-0.08814864178677073
0.005173534568482907
-0.009357776553262198
-0.03458770640829023
0.08121523150568599
-0.015144140805206874
0.0022689688502968153
-0.010532567714866659
-0.0007657730469858848
-0.019391257313081667
-0.15702055781469149
0.08121523150568599
0.0326533364262076
0.019778644828504
-0.04466517994807795
-0.051670301345440706
-0.009588853389239205
0.011553574399841615
0.0326533364262076
0.08653619008305125
-0.09570667993071069
0.048059232237648075
0.02432879134386301
0.0326533364262076
0.047513051758585334
-0.011743957061684185
0.01579928711915457
0.13204555949274965
-0.03173275161671363
-0.007882998007099573
0.005082074600808895
-0.0849833488167917
0.08383912323474085
0.049538360788050184
0.0461992712042818
0.003822387934753202
-0.008416174423421019
0.04380656992791998
0.0016709762031741349
-0.009588853389239205
0.020446479141682516
0.005082074600808895
-0.0636718542421022
0.04665297339942498
-0.07212958518599066
0.030974972656109045
-0.007882998007099573
-0.06053051312501001
0.08732358904095427
-0.01686722086916248
0.03643980545838055
0.05182100602750328
0.04333086414918519
-0.041376638974308655
0.022821768641877682
-0.002205271978588108
-0.002647647860884561
-0.03917887174705115
-0.03045002278091502
0.06605801367827979
0.03443624877469453
-0.017136936568830308
0.07060672059698447
-0.08721982612879486
0.09718899306107964
-0.012150300762606037
0.0344322264021244
-0.007317237093852569
-0.005818111085915234
0.04823967565580034
0.05182100602750328
-0.0002495311402075373
0.001954162314668828
-0.06258250876081561
0.04606131559255999
-0.06053051312501001
0.04827168718050601
0.0688088340488946
0.05182100602750328
-0.05416508205116166
0.056736527751481525
0.15300088602597928
-0.06053051312501001
-0.0636718542421022
0.008505479129739868
-0.012372140541780041
0.01046829599036414
0.017908695057996304
0.034283772423341574
-0.06109953281700342
0.020446479141682516
-0.009357776553262198
0.0344322264021244
0.0326533364262076
0.026005039289207943
0.0022689688502968153
0.08732358904095427
0.011999720455214913
-0.013771885982464482
-0.022821982956040543
-0.015144140805206874
0.0276177252845331
0.039209693040964666
0.06569838178769771
0.007058852839625374
-0.2546008091448053
-0.002205271978588108
-0.049962429852048906
0.011999720455214913
0.08632977574364098
0.007058852839625374
0.05168531023255696
0.018593646962060006
0.08759468040243501
-0.009588853389239205
-0.002647647860884561
-0.010204897362879883
0.003822387934753202
0.014780240742707562
0.08176108754913614
0.08799230776265521
0.04391937482752173
-0.02375973362478856
0.026005039289207943
0.04920879849315085
0.0688088340488946
0.05436809318039337
0.039209693040964666
0.048059232237648075
-0.0013205999854228878
-0.009588853389239205
0.0203593980283987
-0.024170822975695394
0.1399333926158075
0.011999720455214913
-0.08126108737944548
-0.0011970474263076625
-0.05282848588680089
0.05182100602750328
0.02708189422255458
0.0461992712042818
-0.0005187167995490682
0.04391937482752173
0.02773636562208104
-0.049962429852048906
0.013109728048770641
0.014780240742707562
0.0216176650818376
-0.02862716582831837
-0.09359820865597968
0.0276177252845331
0.04665297339942498
-0.05983064969141072
0.04048653167530425
-0.0007657730469858848
0.025649122658425227
0.05198789125700998
-0.09432889171755221
-0.021161035659430283
-0.060513028914405353
-0.015144140805206874
0.13204555949274965
0.020567585268201682
0.045224792909892564
0.03994035520780326
-0.06638125688640528
0.049538360788050184
0.04391937482752173
0.10109672394520075
0.009856619194733796
0.04299886054755575
-0.049962429852048906
-0.02862716582831837
0.07382421435571018
0.07382421435571018
-0.0849833488167917
0.06994395962703592
0.04606131559255999
0.06316607709876365
0.06318283133468316
-0.05129888770798985
0.008665176454019985
-0.060513028914405353
0.11522232211929584
-0.027393577402978764
0.04665297339942498
0.017908695057996304
-0.03045002278091502
-0.014438989348697362
-0.022368622754905587
-0.03045002278091502
-0.02496648159475967
-0.002205271978588108
0.04371378571481266
-0.08110299466350668
0.0278028767684102
-0.009588853389239205
-0.047644828679283435
0.030974972656109045
0.031017376704207678
0.08383912323474085
-0.022821982956040543
0.011999720455214913
-0.05120330655862837
0.012394543666532698
-0.0011970474263076625
-0.10013006587302442
-0.05282848588680089
0.05198789125700998
0.020446479141682516
0.06318283133468316
-0.007720686875989813
-0.008416174423421019
0.03208636570286316
0.04333086414918519
-0.041376638974308655
-0.04466517994807795
0.04823967565580034
-0.05464289541014722
-0.02496648159475967
0.03994035520780326
-0.08721982612879486
0.0041948137923384365
-0.011743957061684185
0.0844852260058202
-0.05464289541014722
0.06567138145123597
0.07586149829868472
0.02708189422255458
0.04606131559255999
0.01716964896203166
-0.12033949778566289
0.0344322264021244
-0.027788545411032928
0.08632977574364098
0.04283497654615154
-0.05699148198311299
-0.027789787343500905
-0.022898889969576786
-0.07212958518599066
-0.009588853389239205
0.08799230776265521
-0.022368622754905587
-0.05416508205116166
0.013065356771912562
-0.014438989348697362
-0.012150300762606037
-0.022898889969576786
-0.13034379599603163
-0.004841918958801372
-0.0636718542421022
-0.01686722086916248
-0.07075486294590672
0.026653357334457617
-0.009588853389239205
-0.0851300246174862
0.005082074600808895
0.08653619008305125
0.01347000313241331
0.01347000313241331
-0.022348210496932808
-0.09570667993071069
-0.027788545411032928
-0.047644828679283435
0.04790976101641675
0.0016709762031741349
-0.013771885982464482
-0.007543661478351282
-0.013771885982464482
0.013040071944516285
-0.01844849936066506
0.01716964896203166
0.06994395962703592
-0.05416508205116166
-0.0013205999854228878
0.11840346286310233
