-0.06720056781523276
-0.049962429852048906
-0.05983064969141072
-0.07892951287026762
0.0165919313161762
0.026653357334457617
-0.013771885982464482
-0.036421638107813514
0.06761705055254463
-0.09570667993071069
-0.027788545411032928
0.0216176650818376
-0.13034379599603163
0.05425453554333082
0.02520341309711238
-0.22146034456414654
0.018593646962060006
0.08121523150568599
0.08799230776265521
-0.03695834061658587
-0.038466866176760206
0.0461992712042818
0.01046829599036414
-0.07414653786004877
-0.0008948035361102669
0.04665297339942498
0.04380656992791998
0.04827168718050601
0.020446479141682516
0.07586149829868472
-0.08814864178677073
-0.04126132556270612
-0.005105231073404326
0.013065356771912562
0.04380656992791998
0.022194058573782982
0.0576314646823306
0.023560334148108097
-0.0002868205956847447
-0.06193714350214741
0.019778644828504
-0.019514789449790015
0.09718899306107964
0.04823967565580034
0.045224792909892564
0.025722681761052968
-0.027393577402978764
0.08759468040243501
-0.051670301345440706
0.0278028767684102
0.06567138145123597
0.020083040980136246
0.022821768641877682
0.0041948137923384365
0.014780240742707562
-0.02496648159475967
-0.0008948035361102669
0.04799414960212012
0.0022689688502968153
-0.015144140805206874
0.01699193585620762
-0.05699148198311299
-0.007543661478351282
-0.0005187167995490682
0.04469322213864224
0.04790976101641675
0.04665297339942498
0.08302714817478662
0.04590352204112591
0.023560334148108097
0.07060672059698447
-0.009588853389239205
-0.037433866920196124
0.037107507807760065
-0.10819102148647719
0.01613403625846388
-0.051670301345440706
-0.012150300762606037
0.005082074600808895
0.06761705055254463
-0.038466866176760206
0.020083040980136246
-0.022821982956040543
0.045224792909892564
-0.022821982956040543
-0.01844849936066506
-0.007338419158481102
0.008505479129739868
-0.07212958518599066
0.06228267241298191
-0.0008948035361102669
-0.0549153461639893
-0.022622356364218277
0.049538360788050184
-0.04022536987465397
-0.051670301345440706
-0.049962429852048906
-0.0849833488167917
0.039209693040964666
-0.03270475340709922
0.02714223291166995
-0.07212958518599066
-0.0008948035361102669
-0.07465345378649157
0.05182100602750328
-0.002205271978588108
0.04920879849315085
-0.007338419158481102
-0.03173275161671363
0.018593646962060006
0.04827168718050601
-0.01686722086916248
0.012394543666532698
-0.049962429852048906
0.013040071944516285
-0.02243129284092049
-0.09570667993071069
0.06318283133468316
-0.027789787343500905
0.06994395962703592
0.01716964896203166
0.04590352204112591
0.05198789125700998
0.019778644828504
0.09718899306107964
-0.022898889969576786
0.008665176454019985
0.04799414960212012
-0.09359820865597968
0.045224792909892564
-0.02496648159475967
-0.004841918958801372
0.10240276235625068
0.06925574960452696
0.024801788304586125
0.0041948137923384365
0.04920879849315085
-0.0005187167995490682
-0.009588853389239205
-0.04022536987465397
-0.03695834061658587
0.014471610315426986
0.03443624877469453
-0.06226621690008294
-0.032259158022980294
-0.0636718542421022
0.039209693040964666
-0.06285634704832255
-0.05129888770798985
0.0027859037974478085
-0.09432889171755221
0.02520341309711238
0.08759468040243501
0.02432879134386301
-0.04022536987465397
-0.03997727574944321
0.08176108754913614
0.047513051758585334
0.06994395962703592
0.04391937482752173
0.04799414960212012
-0.017242733713295877
-0.12033949778566289
0.01579928711915457
-0.06285634704832255
0.08302714817478662
0.08302714817478662
-0.005818111085915234
0.06364954486786978
0.08302714817478662
-0.0011970474263076625
0.03208636570286316
0.11840346286310233
-0.010204897362879883
-0.08143178414826124
0.019778644828504
-0.01686722086916248
-0.007338419158481102
0.022821768641877682
-0.008416174423421019
0.02714223291166995
0.017908695057996304
0.0461992712042818
0.0461992712042818
-0.05416508205116166
0.007058852839625374
-0.01249170093178087
0.018593646962060006
0.04995452527457189
0.06316607709876365
0.012394543666532698
0.0025784297617263974
0.051344950513199095
-0.12033949778566289
0.012394543666532698
0.006143668794592827
0.023560334148108097
0.0216176650818376
0.0326533364262076
-0.022821982956040543
0.04995452527457189
0.026653357334457617
0.003822387934753202
0.049538360788050184
-0.08110299466350668
-0.04126132556270612
0.056736527751481525
0.01661350063361855
0.01699193585620762
0.15300088602597928
-0.06720056781523276
-0.019514789449790015
-0.03133707462365809
0.006265799221320201
0.030974972656109045
-0.008416174423421019
0.08121523150568599
0.039209693040964666
0.001954162314668828
0.048059232237648075
0.04665297339942498
-0.049962429852048906
-0.03458770640829023
0.04371378571481266
0.08799230776265521
-0.007882998007099573
-0.02243129284092049
0.04283497654615154
-0.007882998007099573
-0.06638125688640528
0.0027859037974478085
-0.03458770640829023
0.01046829599036414
0.13480548385110502
0.006265799221320201
-0.050143819123519506
0.025722681761052968
0.08080248335888918
-0.04126132556270612
-0.022368622754905587
0.01699193585620762
0.08105492908796386
-0.036421638107813514
0.04380656992791998
-0.021161035659430283
-0.04126132556270612
-0.09359820865597968
0.08383912323474085
-0.08285893181375492
-0.009357776553262198
0.047513051758585334
0.026458811902690726
0.006265799221320201
0.0165919313161762
-0.0002868205956847447
0.17000938109242547
0.04048653167530425
-0.022622356364218277
-0.015144140805206874
0.005082074600808895
0.04333086414918519
-0.01956931117570271
-0.04126132556270612
-0.06258250876081561
0.06569838178769771
-0.0357902826629255
-0.2546008091448053
0.17000938109242547
0.04469322213864224
0.020567585268201682
-0.041376638974308655
0.0276177252845331
-0.013771885982464482
0.023512429278589764
-0.03458770640829023
0.0576314646823306
-0.17661184642248884
0.01046829599036414
-0.07075486294590672
-0.007338419158481102
-0.004841918958801372
-0.03270475340709922
0.0512476844333456
0.01347000313241331
0.06316607709876365
0.04135586741642605
0.02520341309711238
-0.04126132556270612
-0.0008948035361102669
-0.0002868205956847447
-0.06285634704832255
0.04299886054755575
-0.06109953281700342
-0.028034859824940028
-0.013771885982464482
-0.04022536987465397
-0.0002868205956847447
0.04380656992791998
-0.010204897362879883
