-0.017136936568830308
0.0041948137923384365
-0.017136936568830308
0.04665297339942498
0.04283497654615154
0.08732358904095427
0.022194058573782982
-0.019514789449790015
0.03861575224405023
-0.017136936568830308
-0.007338419158481102
-0.08110299466350668
-0.03997727574944321
-0.009357776553262198
0.02432879134386301
-0.0013205999854228878
0.020446479141682516
0.01035787819304268
-0.019391257313081667
0.01716964896203166
0.018593646962060006
0.06925574960452696
-0.05129888770798985
-0.037433866920196124
-0.050143819123519506
0.022821768641877682
0.02773636562208104
0.1399333926158075
-0.013771885982464482
0.04371378571481266
-0.07414653786004877
0.07060672059698447
0.006143668794592827
0.0461992712042818
-0.09432889171755221
-0.022348210496932808
-0.06638125688640528
-0.09432889171755221
0.014780240742707562
-0.032340875642459466
0.013040071944516285
-0.027788545411032928
0.022194058573782982
-0.018864353824572078
-0.019391257313081667
0.039209693040964666
0.09718899306107964
0.04790976101641675
-0.07414653786004877
0.04469322213864224
0.02927401578257438
-0.06053051312501001
-0.013771885982464482
-0.018864353824572078
-0.06053051312501001
-0.060513028914405353
-0.005818111085915234
-0.007882998007099573
0.02714223291166995
-0.0002868205956847447
-0.07465345378649157
-0.0636718542421022
-0.022368622754905587
0.06605801367827979
0.014471610315426986
0.1399333926158075
0.04995452527457189
0.009856619194733796
0.0016709762031741349
-0.012372140541780041
-0.0011970474263076625
-0.010204897362879883
-0.05699148198311299
0.04380656992791998
-0.041376638974308655
-0.0002868205956847447
0.013065356771912562
0.04823967565580034
-0.07212958518599066
-0.05464289541014722
0.03861575224405023
-0.07414653786004877
-0.022348210496932808
0.04371378571481266
-0.0489237727198617
-0.02862716582831837
0.047513051758585334
-0.050143819123519506
-0.0002868205956847447
-0.05586089089844393
0.04299886054755575
0.01347000313241331
0.0344322264021244
0.04665297339942498
-0.15702055781469149
0.051344950513199095
0.056736527751481525
-0.02243129284092049
0.08759468040243501
0.034283772423341574
-0.09570667993071069
0.0688088340488946
0.011999720455214913
0.041840431302949455
-0.007882998007099573
0.01579928711915457
-0.027788545411032928
-0.07212958518599066
0.024801788304586125
-0.0008948035361102669
0.006265799221320201
-0.04126132556270612
0.02451643163530548
-0.017136936568830308
0.03994035520780326
0.0276177252845331
0.031017376704207678
-0.008416174423421019
-0.1218059774124729
0.04920879849315085
-0.011743957061684185
0.08080248335888918
0.02432879134386301
-0.06053051312501001
-0.07212958518599066
-0.17661184642248884
0.08383912323474085
-0.045496030668886966
-0.028034859824940028
-0.04126132556270612
-0.06226621690008294
0.04790976101641675
0.08632977574364098
0.020446479141682516
-0.005818111085915234
0.019778644828504
-0.09432889171755221
0.06925574960452696
-0.06109953281700342
-0.08721982612879486
0.039209693040964666
-0.004841918958801372
0.08653619008305125
0.06292625909621563
0.02708189422255458
0.037453479113841226
-0.09570667993071069
0.014471610315426986
0.0278028767684102
0.03973066370480538
-0.002647647860884561
-0.05416508205116166
0.08799230776265521
0.08383912323474085
-0.028034859824940028
0.04590352204112591
0.15300088602597928
0.008505479129739868
0.045224792909892564
0.04823967565580034
-0.004841918958801372
0.05168531023255696
0.037107507807760065
0.01347000313241331
0.045224792909892564
0.03643980545838055
-0.06053051312501001
-0.03917887174705115
0.05198789125700998
-0.05464289541014722
-0.005818111085915234
0.025649122658425227
-0.0007657730469858848
0.029794720012301212
0.1417808980890598
0.07060672059698447
0.001954162314668828
-0.09570667993071069
0.06569838178769771
0.06605801367827979
0.08302714817478662
-0.08814864178677073
0.01035787819304268
0.006143668794592827
-0.10013006587302442
0.018593646962060006
-0.06109953281700342
0.0276177252845331
0.005173534568482907
-0.02243129284092049
-0.07724758378448726
0.051344950513199095
0.08759468040243501
-0.017242733713295877
-0.22146034456414654
0.08732358904095427
-0.007882998007099573
0.08759468040243501
-0.15702055781469149
-0.005818111085915234
0.11522232211929584
-0.0636718542421022
0.11840346286310233
0.08080248335888918
0.03994035520780326
0.0326533364262076
-0.06226621690008294
-0.022821982956040543
0.0025784297617263974
0.04729149119249154
0.01046829599036414
0.0022689688502968153
-0.08110299466350668
-0.007882998007099573
-0.08721982612879486
-0.05654058267968054
0.06318283133468316
-0.06464003578883037
0.017908695057996304
0.07586149829868472
0.02927401578257438
0.013040071944516285
0.028713620756199987
-0.011743957061684185
0.017908695057996304
0.06605801367827979
0.06806350229329183
0.005173534568482907
0.01347000313241331
0.025722681761052968
-0.024170822975695394
-0.036421638107813514
-0.0549153461639893
-0.049962429852048906
0.06925574960452696
-0.02243129284092049
-0.007338419158481102
0.0016709762031741349
-0.07892951287026762
0.02708189422255458
-0.03458770640829023
-0.007882998007099573
0.031017376704207678
-0.17661184642248884
-0.01956931117570271
0.07518071596092746
0.04729149119249154
-0.06109953281700342
0.04299886054755575
0.06292625909621563
0.13204555949274965
0.04995452527457189
-0.08126108737944548
-0.15702055781469149
0.04048653167530425
0.0515617796937029
-0.027788545411032928
0.0276177252845331
0.06761705055254463
0.04995452527457189
-0.02375973362478856
0.06316607709876365
0.025524068456756588
-0.024170822975695394
0.020446479141682516
-0.032259158022980294
0.039209693040964666
-0.0357902826629255
-0.017136936568830308
0.08383912323474085
-0.06226621690008294
-0.05699148198311299
-0.03458770640829023
-0.01844849936066506
-0.08110299466350668
-0.06720056781523276
-0.07892951287026762
-0.06464003578883037
-0.017242733713295877
-0.13034379599603163
-0.0636718542421022
0.04048653167530425
0.012394543666532698
0.020567585268201682
0.06316607709876365
0.04995452527457189
0.0688088340488946
0.01661350063361855
0.006746455834750975
-0.06053051312501001
-0.005105231073404326
0.03973066370480538
-0.028034859824940028
0.026005039289207943
0.0512476844333456
-0.010204897362879883
0.13204555949274965
-0.06193714350214741
0.07060672059698447
