-0.08185437715547383
0.05425453554333082
0.01716964896203166
0.03882682382156144
-0.0005187167995490682
-0.06720056781523276
0.018593646962060006
0.07518071596092746
0.037107507807760065
-0.019391257313081667
0.006746455834750975
0.029794720012301212
0.04823967565580034
-0.0002495311402075373
0.04995452527457189
-0.036421638107813514
0.08176108754913614
0.01035787819304268
0.0344322264021244
-0.22146034456414654
0.05425453554333082
-0.060513028914405353
-0.037433866920196124
0.1417808980890598
0.012390402416693647
0.0344322264021244
-0.015144140805206874
0.0041948137923384365
0.005082074600808895
-0.008416174423421019
0.014780240742707562
-0.0549153461639893
-0.0357902826629255
0.048059232237648075
0.056736527751481525
0.02773636562208104
0.03443624877469453
-0.028034859824940028
-0.07465345378649157
0.01699193585620762
0.03208636570286316
-0.022368622754905587
0.03643980545838055
-0.06720056781523276
0.03882682382156144
-0.009357776553262198
-0.002647647860884561
-0.0002868205956847447
0.01579928711915457
0.01661350063361855
-0.06109953281700342
-0.06720056781523276
0.029794720012301212
0.007058852839625374
0.08105492908796386
-0.05586089089844393
-0.013878349100881593
0.056736527751481525
0.02773636562208104
-0.09570667993071069
-0.08285893181375492
0.0512476844333456
0.0016709762031741349
0.05799658946616226
0.013040071944516285
0.1417808980890598
0.026653357334457617
0.06806350229329183
0.06806350229329183
0.012394543666532698
0.0461992712042818
-0.05464289541014722
0.04590352204112591
0.05436809318039337
0.014780240742707562
0.005082074600808895
0.04790976101641675
0.04380656992791998
0.08176108754913614
-0.01686722086916248
0.012299756912504733
-0.05654058267968054
-0.038466866176760206
0.013040071944516285
-0.024170822975695394
0.01724199139330551
0.020567585268201682
0.04790976101641675
0.03443624877469453
0.013040071944516285
0.013065356771912562
0.07382421435571018
0.07060672059698447
-0.009357776553262198
-0.03173275161671363
-0.027393577402978764
0.06925574960452696
0.020446479141682516
0.034283772423341574
-0.03695834061658587
-0.0011970474263076625
-0.10013006587302442
0.01724199139330551
-0.047644828679283435
0.05425453554333082
0.05799658946616226
0.013065356771912562
0.047513051758585334
-0.03520416182162833
-0.10819102148647719
0.0025784297617263974
-0.06226621690008294
-0.027789787343500905
-0.022348210496932808
0.0844852260058202
-0.02862716582831837
-0.022368622754905587
-0.0002495311402075373
0.043334141200254805
-0.01686722086916248
0.02714223291166995
-0.07724758378448726
-0.05282848588680089
0.02773636562208104
0.014780240742707562
0.13204555949274965
0.045224792909892564
0.0326533364262076
-0.08721982612879486
0.01724199139330551
0.04380656992791998
0.02708189422255458
0.018593646962060006
0.011999720455214913
-0.08721982612879486
0.014471610315426986
0.07382421435571018
0.012394543666532698
0.012394543666532698
-0.0489237727198617
-0.007338419158481102
0.04371378571481266
0.06567138145123597
0.01046829599036414
0.013109728048770641
0.0344322264021244
-0.22146034456414654
-0.06109953281700342
0.04283497654615154
-0.060513028914405353
-0.08285893181375492
-0.0002495311402075373
0.04665297339942498
0.0461992712042818
-0.007543661478351282
-0.032259158022980294
-0.022622356364218277
0.09718899306107964
0.01579928711915457
0.006746455834750975
0.06228267241298191
0.017908695057996304
0.04590352204112591
-0.06285634704832255
-0.032340875642459466
0.04665297339942498
0.02451643163530548
-0.0549153461639893
-0.010204897362879883
-0.032340875642459466
-0.012150300762606037
-0.022622356364218277
0.0576314646823306
0.1417808980890598
0.08653619008305125
0.04823967565580034
0.05799658946616226
0.02451643163530548
0.01579928711915457
0.01716964896203166
-0.0005187167995490682
0.025722681761052968
0.030122729138618354
-0.05129888770798985
0.05168531023255696
-0.010204897362879883
0.08105492908796386
0.048059232237648075
-0.0002868205956847447
0.013109728048770641
-0.027788545411032928
0.04606131559255999
0.06925574960452696
-0.017136936568830308
0.022821768641877682
-0.007720686875989813
0.06761705055254463
0.001954162314668828
-0.03045002278091502
0.0022689688502968153
-0.0357902826629255
0.04590352204112591
-0.017136936568830308
0.07586149829868472
-0.0005187167995490682
-0.009357776553262198
0.0461992712042818
0.034283772423341574
0.06228267241298191
-0.02496648159475967
0.039209693040964666
0.0461992712042818
-0.06053051312501001
0.012390402416693647
-0.01844849936066506
0.06228267241298191
0.06994395962703592
-0.032259158022980294
0.07586149829868472
-0.002205271978588108
0.1399333926158075
0.0025784297617263974
0.03863378364598535
0.026005039289207943
0.012394543666532698
-0.022898889969576786
-0.0007657730469858848
-0.02862716582831837
0.026005039289207943
0.062467374718552904
0.08759468040243501
0.07586149829868472
0.08080248335888918
0.047513051758585334
0.08176108754913614
0.0688088340488946
-0.022348210496932808
-0.050143819123519506
-0.01686722086916248
-0.007338419158481102
0.1399333926158075
0.049538360788050184
0.01347000313241331
0.034283772423341574
-0.05586089089844393
-0.15702055781469149
-0.017136936568830308
0.17000938109242547
-0.03173275161671363
0.0016709762031741349
-0.07892951287026762
0.014471610315426986
0.01724199139330551
-0.032259158022980294
0.03994035520780326
-0.014438989348697362
0.023512429278589764
0.017908695057996304
0.08653619008305125
0.06806350229329183
0.01579928711915457
0.10240276235625068
0.06567138145123597
0.041840431302949455
0.0461992712042818
0.11522232211929584
-0.032259158022980294
0.011999720455214913
-0.0357902826629255
0.02432879134386301
0.013040071944516285
-0.037433866920196124
-0.047644828679283435
-0.014438989348697362
0.045224792909892564
0.012390402416693647
0.0216176650818376
-0.017136936568830308
0.006746455834750975
-0.010204897362879883
0.0515617796937029
0.04333086414918519
0.015089270086424023
0.05182100602750328
0.07518071596092746
0.11840346286310233
0.020083040980136246
0.04799414960212012
0.08632977574364098
0.049538360788050184
-0.01844849936066506
0.06994395962703592
0.031017376704207678
0.006746455834750975
0.05182100602750328
0.07382421435571018
0.013065356771912562
-0.007882998007099573
0.0515617796937029
