0.03994035520780326
-0.041376638974308655
-0.06193714350214741
-0.02862716582831837
0.006143668794592827
0.051344950513199095
0.02432879134386301
-0.08814864178677073
0.0203593980283987
-0.008416174423421019
0.02714223291166995
0.0041948137923384365
0.0022689688502968153
0.06569838178769771
-0.045496030668886966
0.022194058573782982
0.04665297339942498
-0.22146034456414654
-0.015144140805206874
0.018593646962060006
0.0165919313161762
-0.10819102148647719
-0.022821982956040543
0.0326533364262076
0.014780240742707562
0.019778644828504
-0.09570667993071069
-0.02375973362478856
-0.011743957061684185
-0.009588853389239205
-0.09359820865597968
-0.07414653786004877
-0.011743957061684185
0.022194058573782982
-0.007882998007099573
0.06292625909621563
0.01046829599036414
0.06761705055254463
0.03643980545838055
-0.02496648159475967
0.0016709762031741349
-0.03270475340709922
-0.012372140541780041
-0.002647647860884561
0.008505479129739868
-0.027789787343500905
0.029794720012301212
0.01661350063361855
-0.06226621690008294
0.05168531023255696
0.06761705055254463
0.04995452527457189
0.019778644828504
0.09718899306107964
0.10109672394520075
0.04799414960212012
0.028713620756199987
-0.008416174423421019
-0.02375973362478856
-0.010204897362879883
-0.03520416182162833
0.06994395962703592
0.04048653167530425
0.02714223291166995
0.012394543666532698
0.037107507807760065
0.05799658946616226
0.043334141200254805
-0.051670301345440706
-0.10013006587302442
-0.012150300762606037
-0.01956931117570271
0.01579928711915457
0.0203593980283987
-0.013771885982464482
0.030974972656109045
-0.007338419158481102
-0.03563356684104946
0.11522232211929584
0.06806350229329183
0.0461992712042818
0.08653619008305125
-0.009588853389239205
0.04995452527457189
0.05425453554333082
0.030122729138618354
0.1399333926158075
0.0165919313161762
0.06994395962703592
-0.060513028914405353
-0.022348210496932808
0.04135586741642605
0.06228267241298191
-0.09570667993071069
0.04606131559255999
0.029794720012301212
0.028713620756199987
0.02432879134386301
-0.021161035659430283
-0.10819102148647719
-0.022821982956040543
0.062467374718552904
-0.05699148198311299
0.08732358904095427
0.008505479129739868
0.007058852839625374
0.11840346286310233
0.0025784297617263974
-0.007720686875989813
0.04283497654615154
-0.2546008091448053
-0.027462288324585415
0.026458811902690726
0.09718899306107964
0.03973066370480538
-0.008416174423421019
-0.13034379599603163
-0.08126108737944548
0.051344950513199095
-0.019391257313081667
0.0461992712042818
0.020567585268201682
0.030122729138618354
0.03861575224405023
0.025722681761052968
0.007058852839625374
0.01724199139330551
0.01724199139330551
-0.032340875642459466
0.017908695057996304
-0.021161035659430283
-0.03133707462365809
-0.0851300246174862
0.04799414960212012
0.0326533364262076
-0.09359820865597968
0.04729149119249154
0.020446479141682516
0.05182100602750328
0.04729149119249154
-0.15702055781469149
0.06316607709876365
-0.05464289541014722
-0.002647647860884561
0.06292625909621563
-0.03133707462365809
0.04380656992791998
0.051344950513199095
0.04606131559255999
-0.007338419158481102
-0.024170822975695394
-0.027788545411032928
0.012299756912504733
0.05436809318039337
0.02708189422255458
0.06318283133468316
0.025722681761052968
0.01347000313241331
0.04371378571481266
0.039209693040964666
0.051344950513199095
-0.2546008091448053
0.06292625909621563
0.001954162314668828
-0.08721982612879486
-0.07075486294590672
0.008665176454019985
-0.021161035659430283
0.039209693040964666
-0.018864353824572078
0.07060672059698447
-0.012150300762606037
0.008665176454019985
-0.01844849936066506
-0.022348210496932808
0.03861575224405023
-0.03917887174705115
0.06569838178769771
0.01579928711915457
-0.03270475340709922
-0.08126108737944548
0.01579928711915457
-0.05699148198311299
0.0844852260058202
-0.05464289541014722
0.04665297339942498
-0.014438989348697362
-0.08143178414826124
0.06605801367827979
-0.036421638107813514
0.05436809318039337
-0.10013006587302442
-0.0002495311402075373
-0.013878349100881593
0.15300088602597928
-0.06053051312501001
0.025722681761052968
-0.05282848588680089
-0.12033949778566289
-0.05586089089844393
-0.10819102148647719
-0.01844849936066506
0.04799414960212012
-0.019514789449790015
0.0276177252845331
-0.027789787343500905
0.045224792909892564
-0.08721982612879486
0.04135586741642605
0.06318283133468316
-0.08143178414826124
-0.05654058267968054
0.0276177252845331
0.08799230776265521
-0.022348210496932808
-0.08126108737944548
-0.022821982956040543
-0.06464003578883037
0.013040071944516285
-0.049962429852048906
0.07586149829868472
-0.06109953281700342
0.06994395962703592
0.026005039289207943
-0.060513028914405353
0.041840431302949455
0.0461992712042818
0.01716964896203166
0.06925574960452696
0.08653619008305125
0.08759468040243501
0.008505479129739868
-0.027789787343500905
0.08653619008305125
0.04799414960212012
-0.02243129284092049
-0.051670301345440706
-0.10819102148647719
0.045224792909892564
-0.012372140541780041
-0.04126132556270612
-0.06464003578883037
0.049538360788050184
-0.010532567714866659
-0.007543661478351282
0.05168531023255696
0.06292625909621563
0.08759468040243501
0.03863378364598535
0.015089270086424023
0.05182100602750328
0.025524068456756588
0.05182100602750328
-0.010532567714866659
0.06925574960452696
0.031017376704207678
0.03973066370480538
-0.022348210496932808
-0.017136936568830308
-0.007882998007099573
-0.009357776553262198
0.043334141200254805
0.17000938109242547
-0.09570667993071069
-0.03270475340709922
0.04333086414918519
0.08732358904095427
0.08632977574364098
0.020567585268201682
-0.03997727574944321
0.030122729138618354
0.034283772423341574
0.02927401578257438
0.06925574960452696
-0.01956931117570271
0.05198789125700998
-0.08110299466350668
0.043334141200254805
0.08653619008305125
0.025524068456756588
0.11840346286310233
0.06761705055254463
0.01613403625846388
0.1399333926158075
0.04827168718050601
-0.017136936568830308
0.0278028767684102
0.0025784297617263974
0.012299756912504733
-0.0007657730469858848
0.04823967565580034
0.026653357334457617
0.026458811902690726
-0.050143819123519506
0.06316607709876365
0.01724199139330551
0.03208636570286316
0.01347000313241331
-0.03173275161671363
