0.01347000313241331
-0.06285634704832255
-0.07075486294590672
-0.1218059774124729
-0.17661184642248884
-0.08143178414826124
-0.07212958518599066
0.04790976101641675
0.05425453554333082
0.07586149829868472
0.06806350229329183
0.015089270086424023
-0.036421638107813514
-0.007882998007099573
-0.2546008091448053
-0.027462288324585415
-0.009357776553262198
0.01661350063361855
-0.06226621690008294
-0.027788545411032928
0.04283497654615154
0.026458811902690726
0.02451643163530548
-0.01956931117570271
0.0027859037974478085
0.025649122658425227
-0.03045002278091502
0.04048653167530425
0.015089270086424023
0.04048653167530425
-0.08110299466350668
0.03643980545838055
0.015089270086424023
0.020083040980136246
-0.05416508205116166
0.04469322213864224
-0.049962429852048906
-0.06638125688640528
0.02927401578257438
-0.06720056781523276
0.03861575224405023
-0.03270475340709922
0.01347000313241331
0.003822387934753202
0.05425453554333082
-0.010532567714866659
-0.06053051312501001
-0.045496030668886966
0.025524068456756588
0.023560334148108097
0.030974972656109045
-0.007543661478351282
0.025649122658425227
0.01661350063361855
-0.03563356684104946
0.0326533364262076
0.06228267241298191
0.06316607709876365
0.04995452527457189
-0.04466517994807795
0.0027859037974478085
-0.0002868205956847447
0.015089270086424023
-0.02375973362478856
0.008665176454019985
0.0512476844333456
0.019778644828504
-0.06285634704832255
0.04590352204112591
0.034283772423341574
0.03208636570286316
0.06925574960452696
-0.027462288324585415
0.11840346286310233
-0.02496648159475967
0.017908695057996304
-0.02375973362478856
-0.08721982612879486
0.04391937482752173
-0.03520416182162833
0.026005039289207943
0.03973066370480538
-0.017136936568830308
0.08080248335888918
0.023560334148108097
0.018593646962060006
0.031017376704207678
0.04391937482752173
0.08632977574364098
-0.08110299466350668
0.0576314646823306
0.0025784297617263974
-0.027393577402978764
0.03861575224405023
0.030974972656109045
0.025722681761052968
0.007058852839625374
0.06228267241298191
0.0025784297617263974
0.0276177252845331
-0.005818111085915234
0.051344950513199095
-0.05586089089844393
-0.002647647860884561
-0.01686722086916248
-0.06258250876081561
-0.08814864178677073
-0.05586089089844393
0.019778644828504
0.0512476844333456
0.03208636570286316
-0.027462288324585415
0.0022689688502968153
-0.03997727574944321
-0.032259158022980294
0.02927401578257438
0.08383912323474085
0.04665297339942498
0.020446479141682516
-0.02496648159475967
0.026458811902690726
0.015089270086424023
-0.09570667993071069
0.05425453554333082
0.04590352204112591
0.04371378571481266
0.017908695057996304
-0.05129888770798985
-0.08814864178677073
0.014471610315426986
-0.03695834061658587
-0.047644828679283435
-0.007317237093852569
-0.0038562351615762935
-0.01844849936066506
0.037453479113841226
-0.0636718542421022
0.07586149829868472
0.10109672394520075
0.05182100602750328
-0.037433866920196124
-0.0011970474263076625
0.012394543666532698
-0.02496648159475967
0.03973066370480538
-0.01956931117570271
0.0216176650818376
0.05799658946616226
-0.06258250876081561
-0.0002495311402075373
0.08121523150568599
0.0025784297617263974
-0.047644828679283435
0.0203593980283987
0.02773636562208104
-0.060513028914405353
0.03208636570286316
-0.02243129284092049
0.04823967565580034
0.01347000313241331
-0.045496030668886966
0.06228267241298191
0.028713620756199987
-0.022348210496932808
0.01046829599036414
0.011553574399841615
0.014780240742707562
0.049538360788050184
-0.0549153461639893
0.01699193585620762
-0.06464003578883037
0.017908695057996304
0.030974972656109045
0.0216176650818376
0.08732358904095427
0.04729149119249154
0.01347000313241331
0.13480548385110502
-0.0002868205956847447
-0.051670301345440706
0.029794720012301212
0.04391937482752173
-0.01956931117570271
-0.007720686875989813
0.0461992712042818
0.06569838178769771
0.04823967565580034
0.0278028767684102
0.062467374718552904
-0.010532567714866659
0.08632977574364098
0.01046829599036414
0.014471610315426986
0.1399333926158075
0.09718899306107964
-0.04466517994807795
0.08383912323474085
0.08632977574364098
-0.04466517994807795
0.01035787819304268
0.09718899306107964
-0.07414653786004877
0.15300088602597928
0.009856619194733796
-0.06285634704832255
-0.014438989348697362
0.02773636562208104
-0.007543661478351282
-0.049962429852048906
0.08383912323474085
-0.08110299466350668
0.022194058573782982
0.011999720455214913
-0.011743957061684185
-0.027462288324585415
-0.041376638974308655
0.01579928711915457
-0.013878349100881593
0.10240276235625068
0.028713620756199987
-0.01249170093178087
0.07060672059698447
-0.1218059774124729
0.012299756912504733
0.02714223291166995
0.062467374718552904
0.01347000313241331
0.037453479113841226
-0.03520416182162833
0.10240276235625068
-0.07075486294590672
-0.22146034456414654
-0.0011970474263076625
-0.0002495311402075373
-0.08126108737944548
-0.08110299466350668
0.029794720012301212
-0.02375973362478856
-0.032259158022980294
-0.012372140541780041
0.05168531023255696
-0.051670301345440706
0.041840431302949455
-0.09570667993071069
-0.03917887174705115
-0.05586089089844393
-0.05464289541014722
-0.0489237727198617
-0.019514789449790015
0.10109672394520075
-0.01844849936066506
0.020567585268201682
0.030974972656109045
0.025722681761052968
-0.010204897362879883
0.007058852839625374
-0.008416174423421019
-0.015144140805206874
-0.017136936568830308
-0.015144140805206874
0.019778644828504
0.0027859037974478085
-0.01844849936066506
-0.013878349100881593
-0.027462288324585415
0.01613403625846388
0.0326533364262076
-0.050143819123519506
-0.07465345378649157
-0.03173275161671363
0.04665297339942498
0.011999720455214913
-0.03133707462365809
0.0278028767684102
0.025722681761052968
0.022821768641877682
0.037453479113841226
0.06994395962703592
0.04333086414918519
0.05168531023255696
-0.050143819123519506
-0.06226621690008294
0.008505479129739868
0.04729149119249154
0.041840431302949455
-0.009357776553262198
-0.027789787343500905
0.008665176454019985
0.008665176454019985
0.08176108754913614
0.0278028767684102
-0.08678886069673908
-0.08126108737944548
0.11840346286310233
-0.03045002278091502
0.11840346286310233
-0.07212958518599066
-0.060513028914405353
0.02773636562208104
