0.030122729138618354
-0.05416508205116166
0.04995452527457189
0.05198789125700998
0.011553574399841615
-0.03917887174705115
-0.027788545411032928
0.026005039289207943
0.04299886054755575
0.030974972656109045
0.026005039289207943
-0.06258250876081561
-0.019514789449790015
0.013065356771912562
0.08121523150568599
0.005173534568482907
-0.0851300246174862
-0.013878349100881593
0.026653357334457617
0.06316607709876365
0.006265799221320201
-0.008416174423421019
0.017908695057996304
0.07382421435571018
0.04135586741642605
0.024801788304586125
0.08176108754913614
0.08121523150568599
-0.017136936568830308
0.051344950513199095
-0.03133707462365809
0.011553574399841615
-0.0849833488167917
0.012299756912504733
-0.07892951287026762
-0.08721982612879486
-0.051670301345440706
0.014471610315426986
0.06364954486786978
0.05436809318039337
0.0216176650818376
0.037453479113841226
-0.02243129284092049
-0.03563356684104946
0.04606131559255999
0.003822387934753202
0.043334141200254805
0.018593646962060006
0.0016709762031741349
0.0461992712042818
0.009856619194733796
-0.036421638107813514
-0.06053051312501001
0.012390402416693647
0.08653619008305125
0.08759468040243501
-0.05586089089844393
0.01699193585620762
-0.02862716582831837
-0.06638125688640528
-0.017136936568830308
-0.019391257313081667
-0.049962429852048906
-0.021161035659430283
0.17000938109242547
0.01661350063361855
-0.03563356684104946
0.03861575224405023
-0.03917887174705115
0.01661350063361855
0.028713620756199987
-0.08143178414826124
-0.03997727574944321
-0.03173275161671363
-0.036421638107813514
0.018593646962060006
0.0165919313161762
0.08732358904095427
0.025722681761052968
0.0576314646823306
-0.014438989348697362
-0.017242733713295877
-0.04022536987465397
-0.02862716582831837
0.02451643163530548
0.0016709762031741349
0.0025784297617263974
0.043334141200254805
0.06569838178769771
-0.036421638107813514
0.08653619008305125
0.006265799221320201
0.04371378571481266
0.02773636562208104
-0.021161035659430283
-0.03270475340709922
0.037107507807760065
0.0216176650818376
-0.0002868205956847447
-0.022348210496932808
0.012299756912504733
0.012390402416693647
0.0165919313161762
0.06318283133468316
-0.08285893181375492
-0.027788545411032928
0.04606131559255999
0.0016709762031741349
0.039209693040964666
0.04283497654615154
-0.0005187167995490682
0.06318283133468316
0.0326533364262076
0.03208636570286316
0.07382421435571018
0.05198789125700998
-0.024170822975695394
0.01347000313241331
0.08105492908796386
-0.08110299466350668
-0.06193714350214741
-0.011743957061684185
0.013040071944516285
0.062467374718552904
0.11840346286310233
0.037453479113841226
0.11522232211929584
0.07060672059698447
0.0576314646823306
-0.017242733713295877
0.024801788304586125
0.0203593980283987
-0.04126132556270612
0.013065356771912562
-0.014438989348697362
0.026458811902690726
-0.05282848588680089
0.08653619008305125
-0.019514789449790015
0.0165919313161762
0.007058852839625374
0.0216176650818376
0.06228267241298191
0.04606131559255999
-0.004841918958801372
0.0165919313161762
0.07518071596092746
0.04371378571481266
0.028713620756199987
0.0844852260058202
0.007058852839625374
-0.022898889969576786
0.04048653167530425
0.020567585268201682
0.012390402416693647
-0.03270475340709922
0.04135586741642605
0.07586149829868472
-0.05120330655862837
0.03863378364598535
0.02520341309711238
-0.010204897362879883
0.04995452527457189
0.07518071596092746
0.01613403625846388
-0.10013006587302442
-0.041376638974308655
-0.03520416182162833
-0.027393577402978764
0.013065356771912562
-0.01844849936066506
0.08302714817478662
0.030122729138618354
-0.1218059774124729
-0.007338419158481102
-0.013771885982464482
-0.010204897362879883
0.022821768641877682
0.11840346286310233
-0.0038562351615762935
0.01724199139330551
-0.0011970474263076625
-0.005818111085915234
-0.08814864178677073
0.0344322264021244
-0.009357776553262198
0.037107507807760065
0.06318283133468316
0.04333086414918519
-0.04126132556270612
0.006746455834750975
-0.0007657730469858848
0.013040071944516285
0.01613403625846388
0.0844852260058202
-0.0851300246174862
-0.021161035659430283
0.025524068456756588
0.08121523150568599
0.10109672394520075
0.020567585268201682
0.04469322213864224
-0.0636718542421022
0.05198789125700998
0.15300088602597928
0.022821768641877682
-0.05129888770798985
0.08632977574364098
0.049538360788050184
-0.007543661478351282
-0.0011970474263076625
-0.01956931117570271
0.0276177252845331
-0.05129888770798985
0.06364954486786978
-0.019514789449790015
0.08383912323474085
-0.1218059774124729
0.013109728048770641
-0.06193714350214741
-0.017242733713295877
0.02451643163530548
-0.012150300762606037
0.0515617796937029
-0.050143819123519506
0.0276177252845331
0.0461992712042818
0.0025784297617263974
-0.01686722086916248
0.03882682382156144
-0.032259158022980294
-0.028034859824940028
0.08080248335888918
-0.0851300246174862
0.04333086414918519
0.17000938109242547
0.07586149829868472
-0.005105231073404326
0.04469322213864224
0.0022689688502968153
0.04135586741642605
-0.0357902826629255
-0.027462288324585415
-0.17661184642248884
-0.013878349100881593
-0.08110299466350668
-0.032259158022980294
-0.03917887174705115
0.023512429278589764
0.020446479141682516
0.08653619008305125
0.02927401578257438
-0.15702055781469149
-0.04022536987465397
0.0016709762031741349
-0.019391257313081667
0.009856619194733796
0.08176108754913614
-0.007317237093852569
0.0165919313161762
0.026653357334457617
-0.03997727574944321
0.026653357334457617
-0.04022536987465397
-0.049962429852048906
0.0022689688502968153
0.1399333926158075
-0.02862716582831837
0.05425453554333082
0.029794720012301212
-0.03695834061658587
0.0688088340488946
0.06318283133468316
-0.06285634704832255
0.0512476844333456
0.0844852260058202
0.03643980545838055
0.15300088602597928
0.009856619194733796
-0.0002868205956847447
0.0027859037974478085
0.025524068456756588
0.06318283133468316
-0.0038562351615762935
0.03994035520780326
0.013109728048770641
0.08653619008305125
0.04283497654615154
0.03208636570286316
0.020083040980136246
-0.08143178414826124
-0.021161035659430283
-0.1218059774124729
-0.028034859824940028
-0.0007657730469858848
0.019778644828504
0.0025784297617263974
0.003822387934753202
-0.022348210496932808
