-0.01686722086916248
0.026458811902690726
-0.036421638107813514
-0.06285634704832255
-0.12033949778566289
0.02432879134386301
0.10109672394520075
0.0344322264021244
0.1399333926158075
0.039209693040964666
0.013040071944516285
0.0276177252845331
0.018593646962060006
0.01347000313241331
-0.04126132556270612
-0.06285634704832255
0.03863378364598535
0.0025784297617263974
0.04469322213864224
0.02708189422255458
-0.022821982956040543
0.04135586741642605
-0.08285893181375492
-0.0013205999854228878
-0.012150300762606037
0.17000938109242547
0.04590352204112591
-0.08721982612879486
0.04729149119249154
-0.09570667993071069
0.06569838178769771
-0.08110299466350668
0.05182100602750328
-0.03173275161671363
-0.007720686875989813
0.001954162314668828
-0.002205271978588108
-0.013878349100881593
0.04920879849315085
0.02520341309711238
-0.02496648159475967
-0.013771885982464482
0.003822387934753202
-0.08678886069673908
0.04283497654615154
-0.03917887174705115
0.049538360788050184
-0.011743957061684185
0.15300088602597928
0.02708189422255458
0.02451643163530548
0.001954162314668828
0.023560334148108097
-0.024170822975695394
0.003822387934753202
0.05198789125700998
0.02708189422255458
0.008505479129739868
0.11840346286310233
0.13480548385110502
0.01699193585620762
0.0326533364262076
-0.007543661478351282
-0.010204897362879883
0.030122729138618354
-0.049962429852048906
0.04995452527457189
-0.005105231073404326
-0.08110299466350668
0.014471610315426986
-0.02496648159475967
-0.08285893181375492
-0.08721982612879486
-0.07212958518599066
0.049538360788050184
0.04283497654615154
0.0344322264021244
0.024801788304586125
0.043334141200254805
0.08632977574364098
-0.038466866176760206
0.011553574399841615
-0.007882998007099573
0.006746455834750975
-0.05416508205116166
-0.04126132556270612
-0.0357902826629255
0.037107507807760065
0.003822387934753202
0.02927401578257438
0.008505479129739868
0.07586149829868472
0.08080248335888918
0.020567585268201682
-0.010204897362879883
0.01699193585620762
0.026653357334457617
0.013065356771912562
0.04590352204112591
-0.010204897362879883
0.045224792909892564
-0.027788545411032928
0.04590352204112591
0.0278028767684102
0.012394543666532698
0.06567138145123597
-0.038466866176760206
-0.03520416182162833
-0.005105231073404326
-0.02243129284092049
0.01579928711915457
0.04469322213864224
-0.051670301345440706
0.062467374718552904
-0.017242733713295877
-0.0357902826629255
0.017908695057996304
-0.10819102148647719
-0.007317237093852569
-0.028034859824940028
-0.17661184642248884
-0.050143819123519506
-0.08678886069673908
-0.10013006587302442
-0.021161035659430283
-0.022821982956040543
-0.0636718542421022
0.014471610315426986
0.022194058573782982
0.06318283133468316
-0.0489237727198617
0.047513051758585334
-0.013878349100881593
-0.10013006587302442
-0.08814864178677073
0.03863378364598535
-0.05464289541014722
0.04799414960212012
0.03443624877469453
0.04391937482752173
-0.0007657730469858848
-0.050143819123519506
0.031017376704207678
0.02714223291166995
0.06761705055254463
0.011553574399841615
0.03973066370480538
-0.002205271978588108
-0.004841918958801372
0.028713620756199987
-0.09570667993071069
0.06925574960452696
0.08653619008305125
0.023512429278589764
-0.05654058267968054
0.005082074600808895
-0.01844849936066506
0.0041948137923384365
0.0576314646823306
0.037107507807760065
0.05182100602750328
0.04665297339942498
-0.13034379599603163
0.06292625909621563
-0.05983064969141072
0.019778644828504
-0.011743957061684185
0.08799230776265521
0.051344950513199095
0.008665176454019985
0.02714223291166995
0.04920879849315085
0.06925574960452696
-0.08110299466350668
0.08799230776265521
0.026653357334457617
-0.07892951287026762
-0.022622356364218277
-0.008416174423421019
-0.03133707462365809
0.037453479113841226
0.028713620756199987
0.04827168718050601
0.0844852260058202
0.04283497654615154
-0.03173275161671363
0.025722681761052968
-0.050143819123519506
0.01699193585620762
-0.03045002278091502
0.02773636562208104
0.0515617796937029
0.06806350229329183
0.03643980545838055
-0.002205271978588108
0.06806350229329183
-0.07724758378448726
0.04380656992791998
0.02520341309711238
-0.02243129284092049
0.06567138145123597
-0.009357776553262198
-0.047644828679283435
0.04135586741642605
0.041840431302949455
-0.049962429852048906
-0.037433866920196124
0.026458811902690726
0.08302714817478662
0.08653619008305125
-0.014438989348697362
0.03863378364598535
-0.007317237093852569
0.006265799221320201
-0.032259158022980294
0.023560334148108097
-0.17661184642248884
0.01579928711915457
-0.002647647860884561
0.04665297339942498
-0.018864353824572078
0.041840431302949455
0.04590352204112591
0.04380656992791998
-0.041376638974308655
-0.08285893181375492
0.013040071944516285
-0.005818111085915234
0.0041948137923384365
-0.022622356364218277
0.04799414960212012
-0.032340875642459466
0.04799414960212012
-0.03458770640829023
-0.024170822975695394
0.006746455834750975
0.005173534568482907
0.0844852260058202
0.02714223291166995
0.05182100602750328
-0.08143178414826124
-0.037433866920196124
0.08632977574364098
0.04391937482752173
-0.017136936568830308
0.03973066370480538
-0.028034859824940028
0.13480548385110502
-0.03520416182162833
0.0461992712042818
0.026653357334457617
-0.0636718542421022
-0.17661184642248884
0.15300088602597928
0.0344322264021244
-0.12033949778566289
-0.008416174423421019
0.04135586741642605
-0.002647647860884561
-0.06109953281700342
0.051344950513199095
-0.03045002278091502
0.0165919313161762
0.17000938109242547
-0.005818111085915234
0.043334141200254805
0.04048653167530425
-0.018864353824572078
-0.0636718542421022
0.041840431302949455
-0.022898889969576786
0.0344322264021244
-0.03458770640829023
0.06567138145123597
0.04827168718050601
-0.04466517994807795
0.051344950513199095
-0.08814864178677073
0.031017376704207678
0.06318283133468316
-0.005105231073404326
0.06316607709876365
0.030122729138618354
-0.049962429852048906
0.0461992712042818
-0.005105231073404326
-0.0636718542421022
0.06316607709876365
0.006746455834750975
0.02714223291166995
0.03994035520780326
0.07060672059698447
-0.09359820865597968
-0.022368622754905587
0.012390402416693647
0.13480548385110502
0.04790976101641675
-0.08285893181375492
-0.0636718542421022
