-0.015144140805206874
0.03208636570286316
0.047513051758585334
-0.06053051312501001
0.04606131559255999
-0.04022536987465397
-0.12033949778566289
0.0461992712042818
0.06994395962703592
-0.03045002278091502
-0.010532567714866659
-0.07465345378649157
0.06806350229329183
-0.017136936568830308
-0.0549153461639893
0.09718899306107964
-0.05416508205116166
0.026653357334457617
0.01035787819304268
0.08121523150568599
0.005082074600808895
-0.0357902826629255
0.012299756912504733
0.06605801367827979
-0.06638125688640528
-0.0013205999854228878
0.02927401578257438
-0.032340875642459466
-0.0038562351615762935
0.1399333926158075
0.019778644828504
0.03208636570286316
0.011553574399841615
0.08105492908796386
-0.027789787343500905
0.03994035520780326
-0.012150300762606037
-0.0002868205956847447
-0.0489237727198617
0.02708189422255458
-0.08814864178677073
0.04995452527457189
0.0512476844333456
0.022194058573782982
0.01661350063361855
0.02714223291166995
0.012390402416693647
0.01579928711915457
-0.047644828679283435
-0.002205271978588108
0.006265799221320201
-0.2546008091448053
-0.060513028914405353
-0.07724758378448726
-0.007720686875989813
0.05425453554333082
0.0276177252845331
0.08759468040243501
0.02451643163530548
0.02927401578257438
-0.06464003578883037
-0.021161035659430283
0.005082074600808895
-0.05699148198311299
0.03443624877469453
0.04995452527457189
0.06228267241298191
0.056736527751481525
0.011553574399841615
0.0165919313161762
-0.051670301345440706
0.03208636570286316
-0.04022536987465397
-0.015144140805206874
0.014471610315426986
0.02773636562208104
0.03861575224405023
0.047513051758585334
0.06925574960452696
0.0216176650818376
-0.08814864178677073
-0.004841918958801372
-0.06258250876081561
0.05198789125700998
0.11522232211929584
0.03973066370480538
0.06318283133468316
0.022821768641877682
0.08121523150568599
-0.013771885982464482
-0.06258250876081561
0.06318283133468316
0.026005039289207943
0.02432879134386301
0.15300088602597928
0.03443624877469453
0.013065356771912562
0.0512476844333456
0.0165919313161762
0.0688088340488946
0.012390402416693647
0.007058852839625374
0.04048653167530425
-0.05120330655862837
0.08759468040243501
0.04135586741642605
0.0515617796937029
-0.012150300762606037
-0.13034379599603163
0.03994035520780326
0.020446479141682516
0.013065356771912562
0.006746455834750975
0.04380656992791998
0.08080248335888918
-0.009588853389239205
-0.013771885982464482
0.06316607709876365
0.01613403625846388
0.04469322213864224
-0.03458770640829023
-0.06226621690008294
0.02714223291166995
0.018593646962060006
0.039209693040964666
0.09718899306107964
-0.009588853389239205
-0.022622356364218277
-0.02243129284092049
-0.06720056781523276
0.04391937482752173
-0.007543661478351282
-0.1218059774124729
-0.012150300762606037
0.05198789125700998
-0.005818111085915234
0.03994035520780326
-0.009588853389239205
-0.0002868205956847447
0.08383912323474085
-0.12033949778566289
0.09718899306107964
-0.03695834061658587
0.03208636570286316
0.04048653167530425
-0.047644828679283435
0.0276177252845331
0.0844852260058202
-0.027788545411032928
0.0025784297617263974
0.08732358904095427
-0.04022536987465397
0.014471610315426986
-0.0489237727198617
0.0203593980283987
-0.007317237093852569
0.07060672059698447
0.0276177252845331
-0.002647647860884561
-0.0357902826629255
0.04469322213864224
0.02773636562208104
-0.032340875642459466
0.039209693040964666
0.06605801367827979
0.03863378364598535
-0.013771885982464482
-0.038466866176760206
-0.027462288324585415
0.048059232237648075
-0.022348210496932808
0.04920879849315085
0.022821768641877682
-0.05464289541014722
0.0515617796937029
-0.08285893181375492
0.026653357334457617
0.0041948137923384365
0.03443624877469453
0.051344950513199095
-0.03695834061658587
0.022821768641877682
0.04371378571481266
0.02520341309711238
0.017908695057996304
-0.0002495311402075373
0.0515617796937029
0.018593646962060006
0.04380656992791998
0.13204555949274965
-0.013878349100881593
0.030122729138618354
0.08080248335888918
0.017908695057996304
0.022194058573782982
0.10240276235625068
0.025649122658425227
0.018593646962060006
0.029794720012301212
-0.05983064969141072
0.029794720012301212
-0.03458770640829023
0.15300088602597928
-0.019514789449790015
-0.06464003578883037
0.0326533364262076
-0.027393577402978764
0.026005039289207943
-0.03917887174705115
0.0016709762031741349
-0.02862716582831837
0.08653619008305125
0.08383912323474085
0.045224792909892564
0.029794720012301212
0.01716964896203166
0.0216176650818376
-0.022368622754905587
0.08302714817478662
0.05799658946616226
0.03973066370480538
0.05198789125700998
-0.0357902826629255
0.0276177252845331
-0.013771885982464482
-0.03270475340709922
0.07060672059698447
0.029794720012301212
-0.09570667993071069
-0.07465345378649157
0.06567138145123597
0.04333086414918519
0.0041948137923384365
0.001954162314668828
0.06605801367827979
0.0216176650818376
0.04135586741642605
0.037453479113841226
0.0016709762031741349
0.03208636570286316
0.024801788304586125
0.013040071944516285
0.07518071596092746
0.04790976101641675
0.03861575224405023
-0.05983064969141072
-0.05416508205116166
0.045224792909892564
-0.07465345378649157
0.03882682382156144
0.04790976101641675
0.006265799221320201
0.08302714817478662
0.08176108754913614
-0.010204897362879883
0.048059232237648075
0.06318283133468316
0.005082074600808895
0.0461992712042818
0.13480548385110502
-0.037433866920196124
0.01724199139330551
0.04135586741642605
0.01716964896203166
-0.0489237727198617
0.17000938109242547
0.013040071944516285
0.08732358904095427
-0.0008948035361102669
0.04790976101641675
0.001954162314668828
-0.09432889171755221
0.0203593980283987
-0.01249170093178087
-0.06193714350214741
-0.0007657730469858848
-0.03045002278091502
0.0025784297617263974
0.04995452527457189
0.01724199139330551
0.023512429278589764
0.017908695057996304
0.022194058573782982
0.04827168718050601
-0.027462288324585415
0.0512476844333456
0.03643980545838055
-0.1218059774124729
-0.10013006587302442
-0.005105231073404326
0.01347000313241331
0.08653619008305125
-0.08126108737944548
0.0576314646823306
0.008505479129739868
-0.008416174423421019
0.0276177252845331
0.005082074600808895
0.05436809318039337
