0.023560334148108097
-0.05586089089844393
-0.045496030668886966
0.04995452527457189
0.06292625909621563
-0.07465345378649157
0.008665176454019985
0.02927401578257438
-0.01249170093178087
0.06567138145123597
0.06228267241298191
-0.06638125688640528
-0.03173275161671363
-0.03695834061658587
0.09718899306107964
-0.019514789449790015
0.006746455834750975
0.05436809318039337
0.04920879849315085
-0.05586089089844393
-0.12033949778566289
0.0276177252845331
-0.007317237093852569
0.028713620756199987
0.06925574960452696
-0.05282848588680089
-0.06053051312501001
-0.2546008091448053
0.04371378571481266
0.07060672059698447
0.01724199139330551
-0.06285634704832255
-0.0636718542421022
-0.050143819123519506
0.022821768641877682
0.023560334148108097
0.06316607709876365
0.01661350063361855
0.01347000313241331
0.10109672394520075
0.03973066370480538
0.04380656992791998
0.06605801367827979
-0.022368622754905587
0.04827168718050601
0.0216176650818376
-0.06464003578883037
-0.0013205999854228878
-0.03520416182162833
0.04469322213864224
0.015089270086424023
0.04823967565580034
0.08799230776265521
-0.09432889171755221
0.08383912323474085
-0.013878349100881593
0.02708189422255458
-0.022821982956040543
0.04371378571481266
0.0276177252845331
-0.06720056781523276
-0.03695834061658587
-0.027462288324585415
0.037107507807760065
-0.019514789449790015
0.03208636570286316
-0.05983064969141072
0.011999720455214913
0.026005039289207943
0.0515617796937029
-0.15702055781469149
0.04665297339942498
0.012394543666532698
0.024801788304586125
0.04380656992791998
0.06316607709876365
-0.017136936568830308
-0.03917887174705115
-0.06226621690008294
0.06605801367827979
-0.002205271978588108
0.041840431302949455
-0.09432889171755221
0.011553574399841615
0.006265799221320201
0.0512476844333456
-0.09359820865597968
-0.04022536987465397
-0.06258250876081561
0.04283497654615154
-0.07892951287026762
0.04920879849315085
-0.06638125688640528
-0.07724758378448726
-0.01956931117570271
-0.013878349100881593
0.03208636570286316
-0.037433866920196124
0.04135586741642605
-0.027789787343500905
0.008665176454019985
0.07382421435571018
0.04823967565580034
0.006143668794592827
0.026005039289207943
-0.012372140541780041
0.0025784297617263974
0.07382421435571018
0.049538360788050184
-0.09570667993071069
0.04799414960212012
-0.019391257313081667
-0.019514789449790015
0.017908695057996304
0.07586149829868472
-0.07892951287026762
-0.019391257313081667
0.026653357334457617
0.01716964896203166
0.01716964896203166
0.0016709762031741349
0.037453479113841226
-0.010204897362879883
-0.0851300246174862
-0.22146034456414654
0.034283772423341574
0.0344322264021244
-0.011743957061684185
0.05182100602750328
0.05436809318039337
0.08302714817478662
-0.045496030668886966
0.08121523150568599
0.056736527751481525
0.05182100602750328
-0.012150300762606037
0.006143668794592827
0.08105492908796386
-0.013878349100881593
0.013109728048770641
-0.05586089089844393
0.06228267241298191
-0.0005187167995490682
-0.005818111085915234
0.019778644828504
0.034283772423341574
0.05182100602750328
-0.007338419158481102
0.006265799221320201
0.04729149119249154
0.025722681761052968
0.001954162314668828
-0.0636718542421022
-0.0849833488167917
-0.07212958518599066
0.08653619008305125
0.06567138145123597
-0.04466517994807795
-0.0357902826629255
0.04920879849315085
-0.032259158022980294
-0.17661184642248884
0.0512476844333456
0.022821768641877682
-0.032340875642459466
-0.008416174423421019
-0.0002495311402075373
0.0576314646823306
0.03861575224405023
-0.015144140805206874
0.023512429278589764
0.049538360788050184
-0.02243129284092049
-0.022821982956040543
0.006746455834750975
0.08383912323474085
0.025524068456756588
0.04665297339942498
0.08383912323474085
0.08176108754913614
0.0512476844333456
-0.027788545411032928
-0.0357902826629255
-0.005818111085915234
0.017908695057996304
0.03882682382156144
0.04790976101641675
-0.09359820865597968
-0.12033949778566289
-0.13034379599603163
0.10240276235625068
-0.013878349100881593
0.07586149829868472
0.04380656992791998
-0.021161035659430283
0.06364954486786978
-0.07414653786004877
-0.08814864178677073
0.01661350063361855
-0.036421638107813514
0.0016709762031741349
0.03882682382156144
0.1399333926158075
0.04995452527457189
0.01579928711915457
0.023512429278589764
-0.06720056781523276
-0.009357776553262198
-0.05464289541014722
-0.050143819123519506
-0.060513028914405353
0.06761705055254463
-0.02862716582831837
-0.021161035659430283
0.037107507807760065
0.0276177252845331
0.025649122658425227
0.011999720455214913
-0.021161035659430283
0.04729149119249154
-0.05586089089844393
-0.021161035659430283
0.048059232237648075
-0.09570667993071069
-0.04466517994807795
0.012390402416693647
0.01347000313241331
0.1399333926158075
-0.05129888770798985
-0.08721982612879486
-0.05282848588680089
-0.032259158022980294
0.017908695057996304
-0.009588853389239205
0.011553574399841615
0.04469322213864224
0.029794720012301212
-0.07724758378448726
-0.032259158022980294
-0.0005187167995490682
-0.02375973362478856
0.023560334148108097
0.022821768641877682
0.01347000313241331
-0.09570667993071069
0.020446479141682516
0.08105492908796386
-0.008416174423421019
0.13480548385110502
0.11840346286310233
0.01035787819304268
-0.04022536987465397
-0.08285893181375492
-0.03133707462365809
0.0216176650818376
-0.06109953281700342
-0.022368622754905587
0.04299886054755575
0.04371378571481266
0.047513051758585334
-0.08678886069673908
-0.04466517994807795
0.04665297339942498
0.045224792909892564
0.022194058573782982
0.045224792909892564
-0.013771885982464482
-0.038466866176760206
-0.05282848588680089
0.04590352204112591
-0.05586089089844393
-0.0007657730469858848
0.045224792909892564
-0.027393577402978764
-0.051670301345440706
0.08799230776265521
0.04665297339942498
-0.0038562351615762935
0.025649122658425227
0.06761705055254463
0.020567585268201682
0.025722681761052968
0.01046829599036414
0.04135586741642605
-0.05699148198311299
0.04827168718050601
-0.049962429852048906
-0.05983064969141072
-0.1218059774124729
0.01046829599036414
0.02714223291166995
0.07518071596092746
-0.022348210496932808
0.014471610315426986
0.01724199139330551
0.03208636570286316
0.008505479129739868
0.01661350063361855
-0.0489237727198617
