-0.022898889969576786
0.0344322264021244
-0.07212958518599066
0.01579928711915457
0.0512476844333456
0.028713620756199987
0.08759468040243501
0.028713620756199987
0.06605801367827979
0.026005039289207943
0.02708189422255458
-0.01249170093178087
0.0515617796937029
0.014780240742707562
-0.002647647860884561
0.017908695057996304
0.03443624877469453
-0.07465345378649157
0.06994395962703592
0.025524068456756588
0.0278028767684102
0.011553574399841615
0.0165919313161762
0.1399333926158075
0.04606131559255999
-0.007882998007099573
-0.03917887174705115
0.03861575224405023
0.08632977574364098
0.10109672394520075
-0.009357776553262198
0.020083040980136246
0.06316607709876365
-0.0357902826629255
0.06567138145123597
-0.04126132556270612
-0.0851300246174862
0.08121523150568599
0.023560334148108097
0.08653619008305125
-0.051670301345440706
-0.01844849936066506
-0.037433866920196124
0.10109672394520075
0.008505479129739868
-0.06053051312501001
-0.07465345378649157
-0.024170822975695394
0.04380656992791998
-0.0851300246174862
0.04391937482752173
0.04590352204112591
0.013040071944516285
-0.05282848588680089
-0.0851300246174862
-0.009588853389239205
0.0515617796937029
0.06318283133468316
-0.060513028914405353
0.008665176454019985
0.08121523150568599
-0.01686722086916248
-0.05282848588680089
0.017908695057996304
-0.08143178414826124
0.020567585268201682
0.02714223291166995
-0.013878349100881593
0.04380656992791998
-0.0636718542421022
-0.0038562351615762935
0.11840346286310233
0.01046829599036414
0.008505479129739868
0.013040071944516285
0.07382421435571018
0.06228267241298191
-0.049962429852048906
-0.08110299466350668
0.011999720455214913
-0.07414653786004877
0.04799414960212012
-0.0002495311402075373
-0.06638125688640528
0.012299756912504733
-0.011743957061684185
-0.06109953281700342
-0.03695834061658587
-0.038466866176760206
-0.08814864178677073
-0.022348210496932808
-0.0851300246174862
0.031017376704207678
-0.03270475340709922
0.013040071944516285
-0.022898889969576786
0.13480548385110502
-0.009588853389239205
0.05436809318039337
0.020446479141682516
-0.08721982612879486
0.04606131559255999
0.07586149829868472
-0.027788545411032928
0.13480548385110502
0.0203593980283987
0.15300088602597928
0.02451643163530548
0.023512429278589764
0.04920879849315085
-0.028034859824940028
0.026458811902690726
0.04729149119249154
-0.02375973362478856
0.06925574960452696
-0.02243129284092049
0.012390402416693647
0.023512429278589764
0.011999720455214913
0.026005039289207943
0.08105492908796386
0.003822387934753202
-0.06464003578883037
0.041840431302949455
-0.03997727574944321
-0.024170822975695394
-0.05464289541014722
-0.027788545411032928
-0.022368622754905587
0.0276177252845331
0.11522232211929584
0.011999720455214913
0.05198789125700998
-0.08285893181375492
0.13204555949274965
0.008505479129739868
0.02714223291166995
-0.010532567714866659
-0.007338419158481102
0.041840431302949455
0.01699193585620762
0.008665176454019985
0.020446479141682516
-0.08285893181375492
0.028713620756199987
0.019778644828504
0.041840431302949455
0.0276177252845331
-0.047644828679283435
0.011999720455214913
-0.2546008091448053
-0.015144140805206874
-0.04466517994807795
0.06318283133468316
-0.022622356364218277
-0.0002495311402075373
0.10240276235625068
-0.02496648159475967
0.0016709762031741349
-0.05120330655862837
-0.0549153461639893
0.04606131559255999
0.03208636570286316
0.013040071944516285
-0.010532567714866659
0.06316607709876365
0.0278028767684102
0.0576314646823306
0.012390402416693647
-0.024170822975695394
0.025524068456756588
-0.007338419158481102
0.11522232211929584
0.05182100602750328
0.020567585268201682
-0.011743957061684185
-0.22146034456414654
0.01046829599036414
-0.08721982612879486
-0.022368622754905587
-0.0636718542421022
0.0278028767684102
0.06318283133468316
0.026458811902690726
0.01046829599036414
0.03973066370480538
-0.03270475340709922
0.025524068456756588
0.013109728048770641
-0.05983064969141072
0.07518071596092746
-0.08126108737944548
0.08799230776265521
-0.06720056781523276
0.04606131559255999
-0.22146034456414654
0.018593646962060006
0.06605801367827979
-0.03045002278091502
0.04333086414918519
0.011553574399841615
0.023512429278589764
-0.03458770640829023
0.04283497654615154
0.0025784297617263974
0.11522232211929584
0.015089270086424023
0.07586149829868472
-0.03520416182162833
0.05198789125700998
0.030974972656109045
0.13204555949274965
0.04920879849315085
0.012299756912504733
-0.07465345378649157
-0.027393577402978764
0.05799658946616226
0.04283497654615154
-0.03563356684104946
-0.07724758378448726
0.07518071596092746
-0.0002495311402075373
0.009856619194733796
-0.0549153461639893
0.04920879849315085
-0.05983064969141072
-0.032259158022980294
-0.07724758378448726
-0.07212958518599066
-0.0007657730469858848
0.04665297339942498
-0.04022536987465397
-0.1218059774124729
0.05168531023255696
0.06605801367827979
-0.028034859824940028
-0.019514789449790015
0.005082074600808895
-0.0013205999854228878
0.09718899306107964
0.09718899306107964
-0.041376638974308655
-0.02862716582831837
-0.13034379599603163
0.014780240742707562
0.05799658946616226
0.0512476844333456
0.08176108754913614
-0.02243129284092049
-0.04466517994807795
0.024801788304586125
0.03882682382156144
-0.01844849936066506
-0.05983064969141072
0.06364954486786978
0.08383912323474085
-0.03045002278091502
0.023512429278589764
0.06605801367827979
-0.06258250876081561
-0.050143819123519506
-0.027788545411032928
-0.15702055781469149
-0.007543661478351282
0.017908695057996304
-0.005818111085915234
-0.07414653786004877
0.08632977574364098
0.0025784297617263974
0.06925574960452696
-0.01249170093178087
0.04823967565580034
0.02708189422255458
-0.012150300762606037
-0.06053051312501001
0.06567138145123597
-0.005818111085915234
-0.0038562351615762935
-0.01956931117570271
0.02432879134386301
-0.0549153461639893
0.08759468040243501
-0.08110299466350668
0.009856619194733796
0.008505479129739868
0.026653357334457617
-0.06109953281700342
0.08121523150568599
0.07586149829868472
0.0576314646823306
0.02520341309711238
-0.009588853389239205
-0.05129888770798985
0.0022689688502968153
-0.013771885982464482
-0.22146034456414654
0.043334141200254805
-0.03997727574944321
-0.01844849936066506
