0.03994035520780326
-0.04466517994807795
0.06364954486786978
0.03443624877469453
0.05182100602750328
0.014471610315426986
0.03973066370480538
0.08759468040243501
0.008505479129739868
0.0165919313161762
-0.0489237727198617
0.025722681761052968
-0.08678886069673908
0.10240276235625068
-0.01249170093178087
-0.05416508205116166
0.012390402416693647
0.02432879134386301
0.04823967565580034
0.017908695057996304
0.015089270086424023
-0.02496648159475967
0.08732358904095427
0.020083040980136246
0.037453479113841226
0.03882682382156144
-0.011743957061684185
-0.0636718542421022
-0.07075486294590672
-0.007543661478351282
0.08759468040243501
-0.012150300762606037
0.037453479113841226
-0.02862716582831837
-0.06258250876081561
0.09718899306107964
0.08383912323474085
0.034283772423341574
-0.08126108737944548
-0.07212958518599066
0.08759468040243501
0.11522232211929584
-0.03917887174705115
0.0576314646823306
-0.022898889969576786
0.025649122658425227
0.0278028767684102
0.01716964896203166
0.02773636562208104
0.1399333926158075
-0.022898889969576786
0.04380656992791998
-0.041376638974308655
0.019778644828504
0.01347000313241331
0.04799414960212012
-0.0851300246174862
0.06925574960452696
0.05198789125700998
0.01046829599036414
0.0576314646823306
-0.050143819123519506
0.08121523150568599
0.0844852260058202
-0.027462288324585415
0.01661350063361855
-0.10819102148647719
-0.13034379599603163
0.025722681761052968
-0.022368622754905587
0.006265799221320201
0.08632977574364098
0.012390402416693647
0.022821768641877682
-0.005105231073404326
-0.032259158022980294
-0.051670301345440706
0.0326533364262076
-0.03695834061658587
-0.019514789449790015
0.04827168718050601
0.08383912323474085
-0.049962429852048906
-0.07075486294590672
0.08653619008305125
-0.03520416182162833
0.037453479113841226
0.04590352204112591
-0.014438989348697362
0.012394543666532698
0.0844852260058202
-0.013771885982464482
0.07382421435571018
-0.032259158022980294
-0.06053051312501001
-0.005105231073404326
-0.0011970474263076625
-0.06258250876081561
-0.022821982956040543
-0.0489237727198617
-0.012372140541780041
-0.0357902826629255
0.0844852260058202
-0.08126108737944548
0.0025784297617263974
0.04469322213864224
-0.015144140805206874
-0.051670301345440706
0.04790976101641675
-0.07892951287026762
-0.008416174423421019
-0.018864353824572078
0.03863378364598535
-0.02375973362478856
0.020083040980136246
-0.03133707462365809
0.06605801367827979
0.06605801367827979
0.006265799221320201
-0.22146034456414654
0.04606131559255999
0.037453479113841226
0.08653619008305125
-0.12033949778566289
-0.050143819123519506
-0.0007657730469858848
0.09718899306107964
-0.008416174423421019
-0.011743957061684185
-0.10819102148647719
0.02927401578257438
-0.05983064969141072
0.013065356771912562
0.06605801367827979
0.05799658946616226
0.17000938109242547
-0.045496030668886966
-0.06285634704832255
0.0022689688502968153
-0.022898889969576786
-0.04022536987465397
0.06364954486786978
-0.03133707462365809
-0.024170822975695394
-0.05120330655862837
0.029794720012301212
0.0025784297617263974
0.011553574399841615
0.10240276235625068
0.06806350229329183
-0.10013006587302442
-0.019514789449790015
-0.01686722086916248
-0.08285893181375492
0.04469322213864224
0.049538360788050184
0.01613403625846388
0.06569838178769771
0.04827168718050601
-0.03695834061658587
-0.032259158022980294
-0.014438989348697362
-0.06109953281700342
0.018593646962060006
-0.06226621690008294
-0.05699148198311299
0.08121523150568599
0.031017376704207678
0.0025784297617263974
-0.04466517994807795
0.03882682382156144
0.04606131559255999
0.001954162314668828
-0.0008948035361102669
0.051344950513199095
0.0216176650818376
0.06569838178769771
-0.08143178414826124
0.013109728048770641
0.003822387934753202
0.041840431302949455
-0.022898889969576786
0.0027859037974478085
0.10240276235625068
-0.2546008091448053
0.04920879849315085
0.01699193585620762
-0.09432889171755221
0.012394543666532698
0.08105492908796386
0.009856619194733796
0.0016709762031741349
-0.021161035659430283
0.04590352204112591
-0.06720056781523276
-0.032259158022980294
0.025524068456756588
0.07518071596092746
0.037107507807760065
-0.045496030668886966
0.034283772423341574
-0.036421638107813514
0.03973066370480538
-0.07414653786004877
-0.0008948035361102669
0.008505479129739868
-0.0636718542421022
-0.06193714350214741
-0.017136936568830308
-0.03520416182162833
0.012394543666532698
-0.22146034456414654
0.03994035520780326
-0.0007657730469858848
-0.0008948035361102669
0.1417808980890598
-0.007317237093852569
-0.04466517994807795
-0.0549153461639893
0.048059232237648075
0.0576314646823306
0.06569838178769771
-0.037433866920196124
-0.032259158022980294
0.031017376704207678
0.006746455834750975
-0.02862716582831837
0.02708189422255458
0.056736527751481525
0.05425453554333082
-0.08110299466350668
0.03443624877469453
0.11522232211929584
0.08383912323474085
-0.03695834061658587
-0.007543661478351282
0.02714223291166995
-0.047644828679283435
-0.027789787343500905
-0.09432889171755221
0.08121523150568599
0.1399333926158075
0.022194058573782982
-0.08285893181375492
-0.01686722086916248
-0.04022536987465397
0.0025784297617263974
0.005173534568482907
-0.012372140541780041
-0.0008948035361102669
0.017908695057996304
-0.02496648159475967
0.05799658946616226
0.014471610315426986
0.03643980545838055
-0.007543661478351282
0.025722681761052968
-0.0636718542421022
-0.0011970474263076625
-0.05120330655862837
-0.09359820865597968
0.030974972656109045
0.026653357334457617
0.02773636562208104
-0.08285893181375492
0.006143668794592827
0.06316607709876365
-0.02243129284092049
-0.0007657730469858848
0.051344950513199095
0.01724199139330551
0.039209693040964666
-0.08110299466350668
0.0688088340488946
-0.06226621690008294
0.01035787819304268
0.04920879849315085
0.01035787819304268
-0.021161035659430283
0.0461992712042818
-0.03045002278091502
-0.0636718542421022
-0.047644828679283435
0.04590352204112591
0.06316607709876365
-0.007720686875989813
0.0216176650818376
-0.002205271978588108
0.04729149119249154
-0.009588853389239205
-0.036421638107813514
0.01613403625846388
0.031017376704207678
0.012299756912504733
-0.09359820865597968
0.04135586741642605
0.08121523150568599
0.01347000313241331
-0.17661184642248884
