-0.10819102148647719
0.02708189422255458
-0.0007657730469858848
0.04469322213864224
0.001954162314668828
-0.08814864178677073
-0.08814864178677073
0.03973066370480538
0.03643980545838055
-0.04022536987465397
0.045224792909892564
0.028713620756199987
0.01046829599036414
0.0025784297617263974
-0.03270475340709922
0.028713620756199987
-0.050143819123519506
0.07060672059698447
0.0688088340488946
0.01579928711915457
0.025524068456756588
0.009856619194733796
-0.03520416182162833
0.020083040980136246
-0.06193714350214741
0.008665176454019985
0.020446479141682516
-0.005105231073404326
0.06292625909621563
-0.07892951287026762
0.0344322264021244
0.03643980545838055
0.04823967565580034
-0.05416508205116166
0.025524068456756588
0.006265799221320201
-0.0549153461639893
-0.007720686875989813
0.051344950513199095
0.06567138145123597
0.10240276235625068
-0.04022536987465397
0.04299886054755575
-0.0005187167995490682
-0.13034379599603163
-0.01249170093178087
-0.03917887174705115
-0.0851300246174862
0.04371378571481266
-0.03520416182162833
0.008505479129739868
-0.007543661478351282
0.025722681761052968
-0.0038562351615762935
0.024801788304586125
0.04371378571481266
-0.06464003578883037
0.009856619194733796
-0.06720056781523276
0.039209693040964666
0.008665176454019985
-0.08721982612879486
0.022821768641877682
-0.05416508205116166
0.13204555949274965
0.07518071596092746
-0.009357776553262198
-0.049962429852048906
-0.005105231073404326
0.02451643163530548
-0.05416508205116166
-0.0002868205956847447
0.001954162314668828
-0.10819102148647719
0.026005039289207943
-0.06464003578883037
0.01046829599036414
0.037107507807760065
-0.015144140805206874
0.05799658946616226
0.02432879134386301
0.022821768641877682
-0.13034379599603163
-0.017136936568830308
-0.0002495311402075373
-0.060513028914405353
0.03643980545838055
0.01613403625846388
-0.050143819123519506
-0.027462288324585415
0.0022689688502968153
-0.09432889171755221
-0.032259158022980294
-0.022368622754905587
0.009856619194733796
0.01347000313241331
-0.009588853389239205
0.030122729138618354
-0.04466517994807795
-0.019391257313081667
-0.0849833488167917
-0.037433866920196124
-0.03520416182162833
0.006746455834750975
-0.0849833488167917
-0.0008948035361102669
0.031017376704207678
0.07382421435571018
-0.09359820865597968
-0.017136936568830308
-0.06226621690008294
-0.15702055781469149
-0.010204897362879883
0.0576314646823306
-0.0011970474263076625
-0.02862716582831837
0.013065356771912562
-0.04022536987465397
-0.02496648159475967
-0.06193714350214741
0.04380656992791998
0.08799230776265521
-0.010532567714866659
0.01035787819304268
-0.0011970474263076625
0.06605801367827979
-0.02243129284092049
-0.037433866920196124
0.04333086414918519
0.04799414960212012
-0.03520416182162833
0.08799230776265521
0.03643980545838055
0.022821768641877682
0.04665297339942498
0.019778644828504
-0.019514789449790015
-0.03563356684104946
0.08302714817478662
0.03863378364598535
-0.08126108737944548
-0.09570667993071069
0.11840346286310233
0.06318283133468316
-0.051670301345440706
0.04799414960212012
-0.022622356364218277
0.006746455834750975
-0.0002495311402075373
-0.050143819123519506
-0.038466866176760206
0.014780240742707562
0.06569838178769771
0.047513051758585334
-0.05654058267968054
0.04995452527457189
-0.022348210496932808
0.0512476844333456
0.0461992712042818
-0.08814864178677073
0.02520341309711238
0.08632977574364098
-0.009357776553262198
-0.009357776553262198
-0.022368622754905587
-0.021161035659430283
0.04920879849315085
0.019778644828504
0.02708189422255458
-0.009357776553262198
-0.017242733713295877
0.06292625909621563
-0.03520416182162833
-0.01844849936066506
0.025524068456756588
0.049538360788050184
0.013040071944516285
-0.04126132556270612
-0.0007657730469858848
0.015089270086424023
0.0326533364262076
0.017908695057996304
-0.03917887174705115
-0.037433866920196124
0.06605801367827979
0.05799658946616226
-0.09570667993071069
-0.06464003578883037
0.1417808980890598
0.030974972656109045
-0.028034859824940028
0.04380656992791998
-0.051670301345440706
0.0344322264021244
-0.027462288324585415
-0.0002868205956847447
0.0844852260058202
0.05799658946616226
0.026005039289207943
-0.03695834061658587
-0.05129888770798985
0.014780240742707562
0.023512429278589764
-0.03045002278091502
-0.008416174423421019
0.10240276235625068
0.08121523150568599
0.06925574960452696
0.030974972656109045
-0.04466517994807795
-0.08110299466350668
-0.03695834061658587
-0.08143178414826124
-0.024170822975695394
0.0027859037974478085
-0.022348210496932808
-0.045496030668886966
0.020083040980136246
-0.05120330655862837
-0.03917887174705115
-0.05120330655862837
0.1417808980890598
-0.06258250876081561
0.0276177252845331
0.06605801367827979
-0.027393577402978764
-0.017136936568830308
0.02520341309711238
0.08799230776265521
0.022821768641877682
-0.07212958518599066
0.01613403625846388
0.020567585268201682
-0.08814864178677073
0.03973066370480538
-0.03695834061658587
-0.07892951287026762
0.012299756912504733
0.011553574399841615
-0.0489237727198617
-0.010532567714866659
0.024801788304586125
0.13204555949274965
0.04823967565580034
0.02520341309711238
0.022194058573782982
0.043334141200254805
0.02432879134386301
0.06316607709876365
0.08302714817478662
-0.06109953281700342
-0.1218059774124729
-0.027393577402978764
0.04665297339942498
0.13204555949274965
-0.01686722086916248
-0.0002495311402075373
0.005173534568482907
-0.0489237727198617
0.013065356771912562
0.0688088340488946
0.013109728048770641
-0.038466866176760206
0.0041948137923384365
0.04920879849315085
0.023512429278589764
0.003822387934753202
-0.03133707462365809
0.034283772423341574
-0.06109953281700342
-0.13034379599603163
0.020446479141682516
-0.02862716582831837
0.034283772423341574
-0.032259158022980294
-0.07465345378649157
0.007058852839625374
-0.0005187167995490682
-0.005105231073404326
0.013065356771912562
-0.007720686875989813
-0.06720056781523276
0.04135586741642605
0.0344322264021244
0.05799658946616226
-0.008416174423421019
0.005173534568482907
0.04823967565580034
0.062467374718552904
0.006143668794592827
-0.07465345378649157
-0.06053051312501001
0.0326533364262076
0.04920879849315085
-0.05464289541014722
0.025649122658425227
0.04469322213864224
0.003822387934753202
0.08121523150568599
