-0.01686722086916248
0.007058852839625374
0.031017376704207678
-0.018864353824572078
0.04823967565580034
-0.027789787343500905
0.08121523150568599
0.03643980545838055
0.0326533364262076
-0.032340875642459466
0.01579928711915457
0.05198789125700998
-0.08721982612879486
0.003822387934753202
0.04048653167530425
-0.17661184642248884
-0.12033949778566289
0.025649122658425227
0.07060672059698447
0.03973066370480538
0.028713620756199987
-0.005818111085915234
-0.06258250876081561
-0.09570667993071069
0.04283497654615154
-0.06464003578883037
-0.01844849936066506
0.0025784297617263974
0.014780240742707562
0.015089270086424023
0.11522232211929584
0.03208636570286316
0.07586149829868472
0.06994395962703592
0.06292625909621563
-0.03045002278091502
0.023512429278589764
-0.1218059774124729
-0.022898889969576786
-0.06193714350214741
0.04729149119249154
-0.02243129284092049
-0.0005187167995490682
-0.027393577402978764
-0.04466517994807795
-0.027789787343500905
-0.09359820865597968
0.0844852260058202
0.05182100602750328
-0.022368622754905587
-0.047644828679283435
-0.06638125688640528
0.04469322213864224
-0.07724758378448726
0.0022689688502968153
-0.03563356684104946
0.034283772423341574
0.06292625909621563
0.08176108754913614
0.08732358904095427
-0.0549153461639893
0.020567585268201682
-0.024170822975695394
-0.037433866920196124
-0.032259158022980294
0.037107507807760065
0.01579928711915457
-0.014438989348697362
-0.041376638974308655
0.0203593980283987
0.08121523150568599
-0.027788545411032928
-0.07465345378649157
-0.027789787343500905
0.03973066370480538
-0.007543661478351282
0.02773636562208104
-0.014438989348697362
-0.002205271978588108
0.0688088340488946
0.01046829599036414
-0.022622356364218277
-0.05586089089844393
0.08383912323474085
-0.007317237093852569
0.04790976101641675
0.019778644828504
0.0515617796937029
-0.0849833488167917
0.04333086414918519
0.008505479129739868
-0.15702055781469149
0.04371378571481266
0.13204555949274965
-0.027789787343500905
0.08176108754913614
0.04391937482752173
-0.051670301345440706
-0.06285634704832255
-0.002647647860884561
0.025722681761052968
-0.0008948035361102669
-0.024170822975695394
0.10109672394520075
-0.04466517994807795
-0.06053051312501001
0.022194058573782982
0.0326533364262076
0.012299756912504733
0.01579928711915457
-0.08721982612879486
0.15300088602597928
0.01724199139330551
0.04799414960212012
-0.015144140805206874
0.05182100602750328
0.0041948137923384365
-0.013878349100881593
0.03443624877469453
-0.022348210496932808
0.0278028767684102
0.012390402416693647
0.008505479129739868
0.04333086414918519
-0.009588853389239205
0.0344322264021244
-0.02496648159475967
0.023560334148108097
-0.15702055781469149
-0.038466866176760206
0.029794720012301212
-0.045496030668886966
0.04665297339942498
0.030122729138618354
0.05182100602750328
-0.08143178414826124
0.0165919313161762
0.045224792909892564
-0.0007657730469858848
-0.024170822975695394
-0.007317237093852569
0.04799414960212012
-0.014438989348697362
-0.22146034456414654
-0.02243129284092049
0.06806350229329183
0.08080248335888918
-0.0005187167995490682
-0.08110299466350668
0.06925574960452696
0.006746455834750975
0.15300088602597928
-0.022348210496932808
-0.022368622754905587
-0.013771885982464482
0.08105492908796386
-0.05654058267968054
0.04823967565580034
0.0027859037974478085
0.013065356771912562
-0.049962429852048906
-0.007317237093852569
0.11840346286310233
0.06925574960452696
-0.05464289541014722
-0.012372140541780041
-0.007317237093852569
-0.012372140541780041
-0.005818111085915234
-0.07212958518599066
0.06318283133468316
0.10240276235625068
-0.010532567714866659
0.04283497654615154
0.04729149119249154
-0.007720686875989813
0.02773636562208104
-0.07075486294590672
-0.010204897362879883
0.0022689688502968153
-0.0849833488167917
-0.049962429852048906
0.04299886054755575
-0.09570667993071069
-0.05983064969141072
-0.06464003578883037
0.019778644828504
0.047513051758585334
0.013065356771912562
0.031017376704207678
0.022194058573782982
0.013109728048770641
-0.017242733713295877
0.03861575224405023
0.05168531023255696
-0.06258250876081561
0.013109728048770641
0.06292625909621563
0.062467374718552904
0.08302714817478662
0.020446479141682516
-0.0002495311402075373
-0.08721982612879486
-0.05416508205116166
0.028713620756199987
-0.002647647860884561
-0.013771885982464482
-0.02862716582831837
0.04995452527457189
0.0515617796937029
0.030974972656109045
-0.036421638107813514
-0.02375973362478856
-0.014438989348697362
-0.05416508205116166
0.06605801367827979
0.04729149119249154
0.02520341309711238
0.008665176454019985
0.03882682382156144
0.03994035520780326
-0.06285634704832255
0.04371378571481266
0.04827168718050601
0.041840431302949455
-0.04126132556270612
0.0276177252845331
0.0326533364262076
-0.1218059774124729
0.026005039289207943
0.06994395962703592
-0.002647647860884561
-0.032259158022980294
-0.05416508205116166
0.0203593980283987
0.07382421435571018
-0.012150300762606037
0.01613403625846388
-0.017242733713295877
0.0022689688502968153
-0.05586089089844393
-0.005818111085915234
-0.15702055781469149
0.03643980545838055
-0.007317237093852569
-0.022622356364218277
0.10240276235625068
-0.014438989348697362
-0.007543661478351282
-0.009588853389239205
0.04790976101641675
-0.04022536987465397
-0.10013006587302442
0.03863378364598535
0.01046829599036414
0.04920879849315085
-0.07724758378448726
0.0576314646823306
0.02432879134386301
-0.0008948035361102669
0.09718899306107964
-0.0357902826629255
0.014780240742707562
-0.018864353824572078
0.0027859037974478085
0.06316607709876365
0.056736527751481525
0.06567138145123597
-0.007720686875989813
0.049538360788050184
0.01613403625846388
-0.03917887174705115
0.04590352204112591
0.04790976101641675
0.005082074600808895
-0.08126108737944548
-0.10013006587302442
0.013040071944516285
0.005173534568482907
0.007058852839625374
-0.0636718542421022
-0.013878349100881593
-0.002647647860884561
0.04299886054755575
0.04823967565580034
-0.0851300246174862
-0.03270475340709922
-0.019514789449790015
-0.022898889969576786
-0.022821982956040543
0.011553574399841615
0.05799658946616226
0.043334141200254805
-0.047644828679283435
-0.022821982956040543
0.02708189422255458
-0.007317237093852569
0.0025784297617263974
0.10240276235625068
