0.005173534568482907
0.0165919313161762
0.009856619194733796
0.04665297339942498
-0.08721982612879486
0.041840431302949455
-0.05129888770798985
0.0344322264021244
-0.051670301345440706
0.01724199139330551
-0.08678886069673908
-0.032340875642459466
0.023560334148108097
0.07518071596092746
-0.027788545411032928
0.022194058573782982
0.0278028767684102
-0.027789787343500905
-0.027462288324585415
-0.01844849936066506
-0.0007657730469858848
0.034283772423341574
-0.08126108737944548
-0.009588853389239205
-0.013771885982464482
0.0216176650818376
0.006746455834750975
0.03994035520780326
0.0576314646823306
0.06806350229329183
0.01035787819304268
0.018593646962060006
0.012299756912504733
-0.0849833488167917
-0.03458770640829023
-0.017136936568830308
0.01035787819304268
-0.008416174423421019
0.04380656992791998
0.08759468040243501
-0.014438989348697362
0.025722681761052968
-0.05654058267968054
0.012394543666532698
0.08383912323474085
0.022194058573782982
0.013109728048770641
0.05425453554333082
-0.02862716582831837
-0.012372140541780041
-0.024170822975695394
0.005173534568482907
-0.08678886069673908
0.0216176650818376
0.019778644828504
0.1417808980890598
0.06364954486786978
-0.07414653786004877
0.003822387934753202
0.0203593980283987
0.03882682382156144
0.0203593980283987
0.049538360788050184
0.0278028767684102
-0.03270475340709922
-0.01844849936066506
0.0461992712042818
0.04729149119249154
0.08799230776265521
0.018593646962060006
-0.17661184642248884
0.01035787819304268
-0.1218059774124729
-0.07212958518599066
0.05425453554333082
-0.0013205999854228878
-0.06285634704832255
0.034283772423341574
0.024801788304586125
0.06316607709876365
0.06925574960452696
0.020567585268201682
-0.05654058267968054
0.04827168718050601
-0.005105231073404326
0.006265799221320201
0.01699193585620762
0.17000938109242547
-0.022821982956040543
0.024801788304586125
0.023560334148108097
0.04790976101641675
0.014471610315426986
-0.027393577402978764
0.04827168718050601
-0.0011970474263076625
-0.022368622754905587
0.05168531023255696
0.0844852260058202
0.056736527751481525
0.0016709762031741349
-0.005105231073404326
-0.05464289541014722
0.04995452527457189
0.08121523150568599
-0.05129888770798985
-0.008416174423421019
-0.0013205999854228878
-0.007720686875989813
-0.005105231073404326
0.0165919313161762
-0.03045002278091502
0.02451643163530548
0.0041948137923384365
-0.017136936568830308
0.08732358904095427
-0.03173275161671363
0.0461992712042818
0.0203593980283987
0.01699193585620762
-0.0011970474263076625
0.0276177252845331
-0.005818111085915234
-0.03520416182162833
0.01046829599036414
0.04606131559255999
-0.004841918958801372
-0.0851300246174862
0.0027859037974478085
-0.05282848588680089
-0.002647647860884561
0.04371378571481266
-0.05282848588680089
0.05198789125700998
-0.05282848588680089
0.025649122658425227
0.06569838178769771
0.10109672394520075
0.05799658946616226
0.025524068456756588
0.02927401578257438
-0.2546008091448053
-0.0038562351615762935
0.056736527751481525
0.043334141200254805
0.08653619008305125
0.031017376704207678
-0.07724758378448726
-0.009357776553262198
0.020446479141682516
0.023512429278589764
-0.03997727574944321
0.006746455834750975
-0.021161035659430283
0.025722681761052968
0.0022689688502968153
0.026653357334457617
-0.032259158022980294
-0.05282848588680089
0.006143668794592827
0.0027859037974478085
0.05198789125700998
0.022194058573782982
-0.004841918958801372
0.08732358904095427
0.05436809318039337
0.018593646962060006
0.006143668794592827
-0.08721982612879486
0.04995452527457189
0.023512429278589764
0.02927401578257438
0.031017376704207678
-0.0008948035361102669
0.007058852839625374
0.008505479129739868
-0.041376638974308655
-0.007338419158481102
-0.13034379599603163
0.018593646962060006
-0.013878349100881593
0.0025784297617263974
0.005173534568482907
0.15300088602597928
-0.09570667993071069
0.037453479113841226
-0.019514789449790015
0.0278028767684102
0.0326533364262076
0.04665297339942498
-0.08285893181375492
0.04048653167530425
-0.0013205999854228878
0.08105492908796386
0.07382421435571018
-0.03563356684104946
-0.05654058267968054
-0.010204897362879883
0.023560334148108097
0.04380656992791998
-0.13034379599603163
0.030974972656109045
0.0022689688502968153
0.08759468040243501
-0.037433866920196124
-0.06464003578883037
0.014780240742707562
-0.007338419158481102
0.01579928711915457
0.0041948137923384365
0.03443624877469453
0.04799414960212012
-0.032340875642459466
0.034283772423341574
0.0326533364262076
0.012394543666532698
0.0461992712042818
-0.022898889969576786
-0.03133707462365809
-0.03695834061658587
-0.024170822975695394
-0.002647647860884561
0.037107507807760065
0.026005039289207943
-0.036421638107813514
0.04469322213864224
0.020446479141682516
-0.22146034456414654
-0.02375973362478856
-0.08143178414826124
-0.027788545411032928
0.04333086414918519
0.04299886054755575
-0.06464003578883037
0.026458811902690726
0.08105492908796386
0.1417808980890598
0.04606131559255999
0.005082074600808895
0.014780240742707562
-0.013878349100881593
0.011999720455214913
-0.06258250876081561
-0.007882998007099573
0.1417808980890598
0.01613403625846388
-0.07892951287026762
-0.0002868205956847447
-0.049962429852048906
-0.0013205999854228878
-0.08678886069673908
-0.004841918958801372
0.023512429278589764
0.13480548385110502
0.003822387934753202
0.019778644828504
-0.0007657730469858848
-0.0002495311402075373
-0.03045002278091502
0.0512476844333456
-0.02496648159475967
0.11522232211929584
0.017908695057996304
0.08632977574364098
-0.05282848588680089
-0.019514789449790015
-0.022622356364218277
0.037107507807760065
0.01716964896203166
0.03861575224405023
0.012394543666532698
0.006746455834750975
0.02520341309711238
0.04606131559255999
-0.018864353824572078
0.024801788304586125
-0.06720056781523276
0.0025784297617263974
0.012299756912504733
-0.032259158022980294
0.03208636570286316
0.0576314646823306
0.0844852260058202
0.022821768641877682
-0.007543661478351282
0.0278028767684102
0.03994035520780326
-0.08126108737944548
-0.012150300762606037
-0.0002495311402075373
0.04380656992791998
0.029794720012301212
0.09718899306107964
-0.011743957061684185
-0.002647647860884561
-0.010532567714866659
0.01613403625846388
0.013040071944516285
0.04283497654615154
