-0.03133707462365809
-0.011743957061684185
0.0041948137923384365
-0.05129888770798985
-0.027788545411032928
-0.06285634704832255
0.04048653167530425
0.030122729138618354
-0.06109953281700342
0.03861575224405023
0.01661350063361855
0.03443624877469453
0.0515617796937029
0.07586149829868472
-0.07892951287026762
0.011553574399841615
0.023560334148108097
0.011553574399841615
0.0278028767684102
-0.2546008091448053
-0.028034859824940028
0.04590352204112591
0.037453479113841226
0.020083040980136246
-0.002647647860884561
-0.012150300762606037
0.04048653167530425
-0.021161035659430283
0.049538360788050184
-0.02862716582831837
-0.01956931117570271
-0.09359820865597968
-0.017242733713295877
0.025524068456756588
0.013040071944516285
-0.05129888770798985
0.08302714817478662
0.029794720012301212
-0.009588853389239205
0.007058852839625374
0.02520341309711238
-0.032340875642459466
0.041840431302949455
0.03443624877469453
-0.0851300246174862
-0.04022536987465397
0.008505479129739868
-0.09432889171755221
-0.02375973362478856
0.06228267241298191
0.02714223291166995
-0.06226621690008294
0.005082074600808895
-0.05129888770798985
0.0515617796937029
0.04299886054755575
0.06316607709876365
-0.045496030668886966
-0.03695834061658587
-0.037433866920196124
0.04729149119249154
0.03882682382156144
-0.07465345378649157
-0.03695834061658587
-0.0851300246174862
-0.05416508205116166
-0.08110299466350668
-0.15702055781469149
0.025722681761052968
-0.022348210496932808
0.04283497654615154
-0.051670301345440706
-0.009357776553262198
-0.027462288324585415
-0.0849833488167917
0.045224792909892564
0.06567138145123597
0.051344950513199095
-0.08678886069673908
-0.007720686875989813
-0.008416174423421019
0.01716964896203166
-0.06193714350214741
0.013040071944516285
-0.007543661478351282
0.043334141200254805
0.008665176454019985
0.04380656992791998
0.08080248335888918
0.01699193585620762
-0.06193714350214741
-0.06638125688640528
-0.038466866176760206
-0.010204897362879883
0.04333086414918519
-0.036421638107813514
0.022194058573782982
-0.007317237093852569
0.04823967565580034
-0.009588853389239205
0.03863378364598535
-0.10819102148647719
0.06761705055254463
-0.019514789449790015
-0.007882998007099573
0.018593646962060006
-0.04466517994807795
0.01661350063361855
0.15300088602597928
-0.03045002278091502
-0.22146034456414654
-0.03695834061658587
0.0025784297617263974
-0.027393577402978764
0.013109728048770641
0.01347000313241331
-0.04126132556270612
0.10240276235625068
0.07382421435571018
-0.01844849936066506
0.056736527751481525
0.048059232237648075
-0.1218059774124729
0.0326533364262076
0.04590352204112591
0.005173534568482907
-0.07724758378448726
-0.07212958518599066
-0.0489237727198617
-0.007543661478351282
0.03863378364598535
-0.051670301345440706
-0.10013006587302442
-0.021161035659430283
0.07586149829868472
-0.06053051312501001
0.025722681761052968
-0.008416174423421019
0.04920879849315085
-0.06258250876081561
0.06567138145123597
0.043334141200254805
0.06364954486786978
0.07586149829868472
-0.10013006587302442
-0.0849833488167917
0.049538360788050184
0.09718899306107964
-0.0005187167995490682
-0.02375973362478856
-0.04466517994807795
0.06567138145123597
-0.08285893181375492
-0.0013205999854228878
0.006265799221320201
0.030974972656109045
0.08105492908796386
0.024801788304586125
0.013040071944516285
0.03994035520780326
0.0461992712042818
0.0326533364262076
-0.009357776553262198
-0.019514789449790015
-0.027393577402978764
0.034283772423341574
-0.022821982956040543
-0.002647647860884561
0.02520341309711238
0.08121523150568599
0.02520341309711238
0.0344322264021244
-0.047644828679283435
0.005082074600808895
-0.0849833488167917
0.047513051758585334
-0.002205271978588108
0.006143668794592827
0.012394543666532698
0.013065356771912562
0.011553574399841615
-0.005105231073404326
-0.0013205999854228878
-0.022368622754905587
0.023512429278589764
0.026458811902690726
0.047513051758585334
0.04333086414918519
-0.03045002278091502
0.06318283133468316
-0.05282848588680089
-0.027789787343500905
-0.08721982612879486
0.012394543666532698
0.08383912323474085
0.04606131559255999
0.10109672394520075
-0.05129888770798985
-0.010204897362879883
-0.007543661478351282
0.03863378364598535
0.02714223291166995
-0.022348210496932808
0.08080248335888918
-0.0549153461639893
-0.022368622754905587
0.07586149829868472
0.04799414960212012
0.11840346286310233
-0.008416174423421019
0.018593646962060006
0.0515617796937029
-0.002205271978588108
0.04299886054755575
0.07060672059698447
0.06318283133468316
0.04469322213864224
0.020083040980136246
0.09718899306107964
-0.002205271978588108
0.04790976101641675
-0.0007657730469858848
-0.047644828679283435
0.026005039289207943
0.06605801367827979
-0.05416508205116166
-0.06285634704832255
-0.03458770640829023
-0.03133707462365809
0.02927401578257438
-0.007338419158481102
-0.021161035659430283
0.08121523150568599
0.005082074600808895
-0.08721982612879486
-0.0002868205956847447
0.001954162314668828
0.08799230776265521
0.026005039289207943
0.06925574960452696
0.034283772423341574
0.062467374718552904
0.026653357334457617
-0.07414653786004877
0.05436809318039337
-0.007338419158481102
0.030122729138618354
0.05436809318039337
0.012299756912504733
0.06569838178769771
-0.02375973362478856
-0.007882998007099573
0.1417808980890598
0.028713620756199987
-0.03695834061658587
0.006143668794592827
-0.22146034456414654
0.07382421435571018
0.028713620756199987
-0.037433866920196124
0.025722681761052968
0.02432879134386301
0.04823967565580034
0.018593646962060006
-0.09570667993071069
0.07518071596092746
0.0276177252845331
0.11840346286310233
0.0027859037974478085
-0.012372140541780041
0.024801788304586125
-0.07075486294590672
0.02432879134386301
-0.05282848588680089
-0.014438989348697362
0.0688088340488946
0.04827168718050601
-0.03458770640829023
-0.011743957061684185
-0.022821982956040543
0.06569838178769771
0.03443624877469453
-0.051670301345440706
0.03443624877469453
-0.007338419158481102
0.0041948137923384365
0.04790976101641675
-0.027789787343500905
0.11840346286310233
0.04048653167530425
0.04283497654615154
-0.002205271978588108
0.02708189422255458
-0.08143178414826124
0.049538360788050184
0.08176108754913614
0.04729149119249154
-0.01956931117570271
-0.10819102148647719
