0.08383912323474085
-0.01686722086916248
0.011553574399841615
0.051344950513199095
0.05799658946616226
-0.05699148198311299
-0.032259158022980294
-0.022622356364218277
-0.045496030668886966
0.0022689688502968153
-0.09570667993071069
0.056736527751481525
0.045224792909892564
0.005082074600808895
0.02708189422255458
-0.019391257313081667
0.043334141200254805
0.051344950513199095
-0.08678886069673908
-0.0005187167995490682
0.025722681761052968
0.014780240742707562
-0.050143819123519506
0.017908695057996304
-0.07414653786004877
-0.060513028914405353
0.01699193585620762
-0.011743957061684185
-0.08126108737944548
0.0844852260058202
0.028713620756199987
-0.05654058267968054
-0.06193714350214741
-0.05983064969141072
-0.03270475340709922
-0.018864353824572078
-0.005105231073404326
0.08105492908796386
0.01046829599036414
0.06994395962703592
0.03973066370480538
-0.04126132556270612
0.048059232237648075
0.022194058573782982
-0.05282848588680089
0.04048653167530425
-0.007882998007099573
0.06316607709876365
-0.04126132556270612
-0.03695834061658587
-0.05699148198311299
0.01716964896203166
-0.049962429852048906
-0.02375973362478856
0.047513051758585334
-0.10013006587302442
-0.06638125688640528
0.08176108754913614
0.045224792909892564
-0.011743957061684185
0.01046829599036414
0.041840431302949455
0.04995452527457189
-0.04022536987465397
0.06364954486786978
-0.051670301345440706
-0.03270475340709922
-0.04022536987465397
-0.05129888770798985
0.023512429278589764
-0.045496030668886966
0.04920879849315085
-0.010204897362879883
-0.08143178414826124
-0.09432889171755221
0.04606131559255999
0.11840346286310233
0.06567138145123597
-0.01249170093178087
-0.022368622754905587
-0.05120330655862837
0.020446479141682516
0.043334141200254805
-0.005818111085915234
-0.06109953281700342
0.06569838178769771
-0.05120330655862837
-0.03133707462365809
-0.010204897362879883
-0.024170822975695394
0.07060672059698447
0.05425453554333082
-0.013878349100881593
-0.007720686875989813
0.04391937482752173
0.02708189422255458
-0.0011970474263076625
0.006265799221320201
0.02520341309711238
0.06994395962703592
0.005082074600808895
0.020567585268201682
-0.22146034456414654
0.05168531023255696
0.01579928711915457
0.04827168718050601
0.013040071944516285
0.07518071596092746
0.02432879134386301
-0.02243129284092049
0.04823967565580034
0.01046829599036414
-0.014438989348697362
0.11840346286310233
-0.03458770640829023
0.025524068456756588
0.056736527751481525
-0.03563356684104946
0.023512429278589764
0.06605801367827979
0.1417808980890598
-0.027788545411032928
-0.027788545411032928
-0.0002868205956847447
-0.05120330655862837
-0.06285634704832255
-0.018864353824572078
0.025649122658425227
-0.022348210496932808
-0.0002868205956847447
-0.013771885982464482
0.08653619008305125
0.041840431302949455
0.048059232237648075
-0.13034379599603163
0.023512429278589764
-0.07724758378448726
0.0512476844333456
0.10109672394520075
-0.024170822975695394
0.06292625909621563
-0.04466517994807795
-0.017242733713295877
-0.05282848588680089
0.06569838178769771
0.007058852839625374
-0.07212958518599066
-0.08143178414826124
-0.0489237727198617
0.025649122658425227
-0.022821982956040543
0.08176108754913614
-0.0549153461639893
-0.007720686875989813
0.006265799221320201
0.08105492908796386
0.02714223291166995
0.023512429278589764
-0.002647647860884561
-0.03520416182162833
0.023560334148108097
-0.007882998007099573
0.02773636562208104
0.0041948137923384365
-0.007317237093852569
-0.08721982612879486
0.05425453554333082
0.020083040980136246
0.01046829599036414
0.056736527751481525
-0.0357902826629255
0.034283772423341574
0.009856619194733796
-0.08678886069673908
0.012394543666532698
0.031017376704207678
-0.03045002278091502
0.026458811902690726
0.051344950513199095
-0.0636718542421022
-0.07414653786004877
-0.027788545411032928
0.014780240742707562
0.04283497654615154
-0.09570667993071069
0.051344950513199095
-0.007882998007099573
0.049538360788050184
0.02451643163530548
0.015089270086424023
-0.03917887174705115
0.006746455834750975
0.049538360788050184
-0.06720056781523276
-0.08721982612879486
-0.005105231073404326
-0.09432889171755221
0.051344950513199095
-0.0002868205956847447
0.06994395962703592
-0.05120330655862837
-0.005105231073404326
0.0576314646823306
0.03863378364598535
-0.02862716582831837
-0.0013205999854228878
0.049538360788050184
-0.22146034456414654
-0.012150300762606037
0.006746455834750975
-0.02862716582831837
-0.005818111085915234
0.05425453554333082
-0.0357902826629255
0.04371378571481266
-0.010532567714866659
-0.08110299466350668
-0.10013006587302442
0.0016709762031741349
-0.17661184642248884
0.011999720455214913
-0.009588853389239205
0.011553574399841615
0.019778644828504
0.0203593980283987
-0.08143178414826124
0.007058852839625374
0.015089270086424023
0.006143668794592827
-0.07414653786004877
-0.05983064969141072
0.037453479113841226
0.08732358904095427
0.008505479129739868
0.01579928711915457
-0.02375973362478856
-0.022622356364218277
0.02708189422255458
0.0515617796937029
0.07518071596092746
-0.13034379599603163
0.03973066370480538
0.025722681761052968
-0.03270475340709922
0.08632977574364098
0.025649122658425227
0.08732358904095427
-0.03563356684104946
-0.05129888770798985
-0.08678886069673908
0.014780240742707562
-0.08721982612879486
-0.007543661478351282
-0.0002495311402075373
0.04590352204112591
0.02520341309711238
0.06569838178769771
0.014471610315426986
0.04995452527457189
-0.09570667993071069
-0.05699148198311299
0.051344950513199095
0.062467374718552904
-0.03045002278091502
-0.09359820865597968
-0.04126132556270612
0.026458811902690726
0.04469322213864224
-0.08721982612879486
-0.019391257313081667
-0.0002495311402075373
0.03443624877469453
-0.08143178414826124
0.022821768641877682
-0.09432889171755221
0.011553574399841615
-0.0851300246174862
0.0278028767684102
0.06318283133468316
0.025524068456756588
-0.0636718542421022
-0.03458770640829023
0.045224792909892564
-0.0008948035361102669
-0.02862716582831837
-0.0038562351615762935
0.08799230776265521
0.037107507807760065
-0.007338419158481102
-0.07212958518599066
-0.022368622754905587
0.04799414960212012
-0.022898889969576786
-0.05129888770798985
0.04469322213864224
-0.049962429852048906
0.08632977574364098
-0.17661184642248884
0.01035787819304268
