0.0576314646823306
0.04729149119249154
0.08732358904095427
0.037453479113841226
0.048059232237648075
0.05182100602750328
-0.0489237727198617
-0.0549153461639893
0.013109728048770641
-0.032340875642459466
0.10109672394520075
-0.024170822975695394
0.011553574399841615
-0.005818111085915234
-0.007720686875989813
0.011553574399841615
0.045224792909892564
0.009856619194733796
0.014471610315426986
-0.050143819123519506
-0.010532567714866659
-0.0849833488167917
0.04380656992791998
0.0326533364262076
0.062467374718552904
0.04299886054755575
0.08176108754913614
-0.04022536987465397
0.0022689688502968153
-0.03563356684104946
-0.022622356364218277
-0.06193714350214741
-0.17661184642248884
0.13480548385110502
0.04380656992791998
0.05425453554333082
-0.022348210496932808
0.08383912323474085
-0.03133707462365809
0.01613403625846388
0.04283497654615154
0.037453479113841226
-0.05464289541014722
-0.06638125688640528
-0.03270475340709922
-0.02243129284092049
-0.002647647860884561
-0.027788545411032928
0.020446479141682516
0.06292625909621563
-0.009588853389239205
0.006265799221320201
0.01699193585620762
-0.0002868205956847447
-0.03173275161671363
-0.022821982956040543
-0.038466866176760206
-0.0549153461639893
0.023512429278589764
0.04995452527457189
0.0216176650818376
0.04590352204112591
-0.021161035659430283
0.031017376704207678
0.017908695057996304
-0.07075486294590672
-0.032259158022980294
0.03861575224405023
-0.15702055781469149
0.003822387934753202
-0.07075486294590672
0.06806350229329183
0.029794720012301212
-0.002205271978588108
-0.017136936568830308
0.07518071596092746
-0.027788545411032928
0.013040071944516285
-0.012372140541780041
0.01613403625846388
0.03443624877469453
0.008665176454019985
0.01613403625846388
0.02714223291166995
0.025524068456756588
0.03973066370480538
-0.02243129284092049
-0.12033949778566289
0.0515617796937029
0.003822387934753202
0.04391937482752173
0.062467374718552904
0.02714223291166995
0.08799230776265521
0.02451643163530548
-0.01956931117570271
0.11840346286310233
0.034283772423341574
-0.0636718542421022
0.08799230776265521
-0.03458770640829023
-0.0002868205956847447
0.056736527751481525
0.05436809318039337
0.023560334148108097
-0.007317237093852569
0.07586149829868472
0.03994035520780326
-0.0357902826629255
-0.0357902826629255
-0.027393577402978764
0.04799414960212012
-0.03458770640829023
-0.03563356684104946
0.04469322213864224
-0.004841918958801372
-0.060513028914405353
0.07382421435571018
0.003822387934753202
0.07518071596092746
-0.007882998007099573
0.013065356771912562
0.04391937482752173
0.015089270086424023
0.062467374718552904
0.01613403625846388
0.023560334148108097
-0.009357776553262198
-0.06285634704832255
-0.02862716582831837
0.0203593980283987
0.07060672059698447
0.031017376704207678
0.030122729138618354
0.17000938109242547
0.013065356771912562
0.0027859037974478085
0.01046829599036414
-0.019391257313081667
0.014780240742707562
-0.06193714350214741
-0.013771885982464482
-0.004841918958801372
0.015089270086424023
0.07382421435571018
0.1399333926158075
-0.09359820865597968
-0.03997727574944321
0.019778644828504
-0.0007657730469858848
-0.08110299466350668
-0.06720056781523276
0.08105492908796386
0.04299886054755575
-0.010204897362879883
-0.06109953281700342
0.011553574399841615
0.030122729138618354
0.05168531023255696
-0.045496030668886966
-0.005105231073404326
0.03973066370480538
0.023560334148108097
0.08176108754913614
-0.0851300246174862
-0.10819102148647719
0.0344322264021244
-0.06226621690008294
-0.03270475340709922
0.02432879134386301
0.1399333926158075
-0.027789787343500905
0.013040071944516285
-0.05699148198311299
-0.0489237727198617
0.13204555949274965
0.03863378364598535
0.037453479113841226
-0.049962429852048906
0.0688088340488946
0.02451643163530548
0.04827168718050601
0.02773636562208104
0.049538360788050184
0.048059232237648075
0.04920879849315085
-0.07212958518599066
-0.02862716582831837
-0.002205271978588108
0.01716964896203166
0.03443624877469453
-0.09432889171755221
0.025649122658425227
0.06925574960452696
0.030974972656109045
0.031017376704207678
-0.0357902826629255
0.04299886054755575
-0.037433866920196124
0.03994035520780326
-0.027788545411032928
-0.013771885982464482
0.03861575224405023
0.001954162314668828
0.06806350229329183
0.06994395962703592
0.11840346286310233
0.01046829599036414
0.045224792909892564
-0.1218059774124729
-0.22146034456414654
-0.038466866176760206
-0.05983064969141072
0.11522232211929584
0.022821768641877682
0.01613403625846388
0.041840431302949455
-0.03997727574944321
-0.03458770640829023
0.020083040980136246
0.06316607709876365
-0.038466866176760206
0.08632977574364098
-0.17661184642248884
-0.07212958518599066
-0.027462288324585415
0.013040071944516285
-0.014438989348697362
-0.050143819123519506
0.04048653167530425
-0.0636718542421022
-0.04022536987465397
0.03973066370480538
0.13204555949274965
-0.022821982956040543
0.06925574960452696
0.10240276235625068
-0.022622356364218277
0.10109672394520075
-0.02862716582831837
-0.05282848588680089
0.07518071596092746
-0.050143819123519506
-0.07212958518599066
0.01716964896203166
-0.005818111085915234
-0.0007657730469858848
0.06364954486786978
-0.0002495311402075373
0.043334141200254805
0.07382421435571018
-0.02375973362478856
0.04827168718050601
-0.05983064969141072
0.034283772423341574
-0.06258250876081561
0.04333086414918519
0.0576314646823306
-0.022368622754905587
-0.011743957061684185
-0.0851300246174862
0.06292625909621563
-0.007720686875989813
-0.12033949778566289
-0.07075486294590672
-0.06285634704832255
0.04048653167530425
-0.037433866920196124
0.08732358904095427
0.01035787819304268
-0.02496648159475967
-0.0549153461639893
0.06318283133468316
0.048059232237648075
-0.037433866920196124
0.06364954486786978
-0.05464289541014722
0.1399333926158075
-0.004841918958801372
-0.002205271978588108
0.0027859037974478085
0.031017376704207678
-0.022348210496932808
-0.07414653786004877
0.018593646962060006
-0.028034859824940028
0.06567138145123597
0.04333086414918519
-0.0038562351615762935
0.04827168718050601
0.0016709762031741349
0.0022689688502968153
0.03443624877469453
0.04371378571481266
0.08732358904095427
0.02773636562208104
0.0844852260058202
-0.06285634704832255
0.0276177252845331
