0.041840431302949455
0.04380656992791998
0.022821768641877682
0.045224792909892564
0.0344322264021244
0.01661350063361855
0.08176108754913614
0.012394543666532698
-0.038466866176760206
0.005173534568482907
0.003822387934753202
0.05182100602750328
0.0278028767684102
0.01716964896203166
-0.045496030668886966
-0.0013205999854228878
-0.049962429852048906
-0.014438989348697362
-0.0549153461639893
0.08732358904095427
-0.06053051312501001
0.011999720455214913
0.01613403625846388
0.056736527751481525
0.030974972656109045
-0.007882998007099573
0.08759468040243501
-0.013878349100881593
-0.022348210496932808
-0.06285634704832255
0.025524068456756588
0.04729149119249154
0.11840346286310233
-0.13034379599603163
-0.022368622754905587
-0.13034379599603163
0.018593646962060006
0.0576314646823306
0.045224792909892564
-0.08126108737944548
0.02432879134386301
0.037107507807760065
0.020567585268201682
0.0203593980283987
0.062467374718552904
0.0688088340488946
0.05799658946616226
-0.027462288324585415
-0.13034379599603163
-0.07075486294590672
-0.002205271978588108
0.051344950513199095
-0.05129888770798985
0.03863378364598535
-0.004841918958801372
-0.019391257313081667
0.03973066370480538
0.08759468040243501
-0.019514789449790015
0.05425453554333082
0.06806350229329183
0.04920879849315085
-0.2546008091448053
-0.22146034456414654
0.0025784297617263974
0.025722681761052968
-0.019391257313081667
-0.01956931117570271
-0.0636718542421022
-0.08814864178677073
0.1399333926158075
-0.12033949778566289
0.006143668794592827
-0.17661184642248884
0.0461992712042818
-0.06638125688640528
0.0216176650818376
-0.01686722086916248
0.11840346286310233
-0.007882998007099573
0.0041948137923384365
0.1399333926158075
0.08632977574364098
0.031017376704207678
-0.019514789449790015
-0.02375973362478856
0.015089270086424023
-0.22146034456414654
-0.024170822975695394
-0.004841918958801372
-0.06193714350214741
-0.022368622754905587
-0.013878349100881593
0.02432879134386301
-0.07892951287026762
-0.06464003578883037
0.08383912323474085
0.04048653167530425
0.0278028767684102
0.013065356771912562
0.04799414960212012
0.003822387934753202
0.04283497654615154
-0.036421638107813514
-0.04466517994807795
0.041840431302949455
-0.019391257313081667
0.04333086414918519
0.04827168718050601
0.022821768641877682
-0.051670301345440706
0.025649122658425227
0.025649122658425227
0.08759468040243501
0.02773636562208104
-0.08678886069673908
-0.06109953281700342
0.05425453554333082
-0.015144140805206874
-0.027462288324585415
0.0515617796937029
0.04469322213864224
0.04391937482752173
0.06316607709876365
-0.051670301345440706
0.0041948137923384365
0.01661350063361855
0.07060672059698447
0.0041948137923384365
0.018593646962060006
0.03863378364598535
0.06567138145123597
0.03994035520780326
-0.045496030668886966
0.03973066370480538
-0.09359820865597968
0.0022689688502968153
0.0203593980283987
-0.036421638107813514
-0.02496648159475967
-0.08721982612879486
0.005082074600808895
-0.007317237093852569
0.009856619194733796
-0.15702055781469149
0.07518071596092746
0.013040071944516285
0.041840431302949455
0.024801788304586125
-0.007543661478351282
0.04391937482752173
0.03443624877469453
0.056736527751481525
0.07382421435571018
0.06292625909621563
0.005173534568482907
-0.002205271978588108
0.0576314646823306
0.08632977574364098
-0.0005187167995490682
0.013040071944516285
-0.027462288324585415
0.03882682382156144
0.03863378364598535
0.04823967565580034
-0.03270475340709922
-0.07724758378448726
-0.0005187167995490682
0.02432879134386301
-0.05416508205116166
-0.07075486294590672
0.05425453554333082
0.020567585268201682
0.02520341309711238
0.026005039289207943
0.051344950513199095
-0.06464003578883037
0.08759468040243501
0.08383912323474085
0.04920879849315085
-0.0007657730469858848
-0.007317237093852569
-0.07465345378649157
-0.038466866176760206
0.06806350229329183
-0.022348210496932808
-0.09359820865597968
0.0576314646823306
-0.1218059774124729
0.012390402416693647
-0.0636718542421022
-0.03458770640829023
0.04920879849315085
0.02432879134386301
-0.060513028914405353
0.008665176454019985
0.031017376704207678
0.022194058573782982
-0.07724758378448726
0.07060672059698447
0.020446479141682516
0.048059232237648075
0.022194058573782982
-0.014438989348697362
0.1417808980890598
0.012299756912504733
0.10109672394520075
0.03861575224405023
0.08732358904095427
0.03443624877469453
0.07518071596092746
0.02773636562208104
0.023512429278589764
-0.06109953281700342
0.06994395962703592
0.01724199139330551
-0.08814864178677073
-0.019514789449790015
-0.1218059774124729
-0.08721982612879486
-0.032259158022980294
0.05168531023255696
-0.09570667993071069
0.015089270086424023
-0.05129888770798985
-0.008416174423421019
0.01347000313241331
-0.005105231073404326
0.0165919313161762
-0.05586089089844393
-0.013771885982464482
-0.02496648159475967
0.04729149119249154
0.01699193585620762
0.06292625909621563
-0.047644828679283435
0.037453479113841226
0.08080248335888918
-0.0002495311402075373
0.13480548385110502
0.0027859037974478085
-0.017136936568830308
-0.09570667993071069
-0.15702055781469149
0.031017376704207678
-0.03045002278091502
-0.02496648159475967
-0.01686722086916248
0.022821768641877682
-0.022821982956040543
0.02708189422255458
-0.15702055781469149
0.0165919313161762
0.04469322213864224
-0.06720056781523276
-0.005105231073404326
0.014780240742707562
0.03861575224405023
-0.07892951287026762
0.006746455834750975
0.0326533364262076
0.03443624877469453
-0.07212958518599066
0.01046829599036414
-0.0549153461639893
-0.05120330655862837
-0.022622356364218277
-0.15702055781469149
-0.007543661478351282
0.017908695057996304
0.013065356771912562
0.06567138145123597
0.03994035520780326
0.001954162314668828
-0.07212958518599066
-0.2546008091448053
-0.013771885982464482
0.011999720455214913
0.062467374718552904
0.06569838178769771
0.13480548385110502
-0.022368622754905587
-0.008416174423421019
0.09718899306107964
0.01699193585620762
0.06925574960452696
-0.019514789449790015
-0.06720056781523276
0.08799230776265521
-0.03045002278091502
-0.0851300246174862
0.04823967565580034
0.006265799221320201
-0.008416174423421019
-0.06193714350214741
0.01716964896203166
-0.038466866176760206
-0.08143178414826124
0.06567138145123597
