0.04665297339942498
-0.05416508205116166
0.031017376704207678
0.03443624877469453
-0.047644828679283435
0.026653357334457617
0.02714223291166995
0.03973066370480538
0.04333086414918519
-0.010204897362879883
-0.014438989348697362
-0.021161035659430283
-0.005818111085915234
0.01699193585620762
-0.08143178414826124
-0.019391257313081667
0.029794720012301212
-0.010532567714866659
0.08121523150568599
0.04823967565580034
0.09718899306107964
-0.049962429852048906
-0.0851300246174862
0.0326533364262076
0.022821768641877682
-0.0636718542421022
0.012299756912504733
0.05425453554333082
-0.05416508205116166
-0.05464289541014722
-0.03458770640829023
0.04590352204112591
0.025649122658425227
0.03443624877469453
-0.03997727574944321
0.04827168718050601
-0.0002495311402075373
-0.13034379599603163
0.03973066370480538
-0.018864353824572078
-0.08721982612879486
0.08799230776265521
-0.012372140541780041
0.017908695057996304
-0.08126108737944548
0.018593646962060006
0.01724199139330551
0.025524068456756588
0.04799414960212012
0.04135586741642605
0.0025784297617263974
-0.09570667993071069
0.06994395962703592
0.008505479129739868
-0.013878349100881593
0.08759468040243501
-0.05654058267968054
-0.05699148198311299
0.08732358904095427
-0.0007657730469858848
-0.04022536987465397
-0.08814864178677073
0.047513051758585334
0.04048653167530425
0.025649122658425227
-0.022348210496932808
-0.17661184642248884
-0.005818111085915234
-0.017136936568830308
0.013065356771912562
0.06292625909621563
0.10109672394520075
-0.027788545411032928
-0.024170822975695394
0.01579928711915457
-0.05129888770798985
0.0027859037974478085
0.0216176650818376
0.05182100602750328
-0.04466517994807795
0.08121523150568599
-0.03458770640829023
-0.09359820865597968
-0.0013205999854228878
-0.06720056781523276
0.04371378571481266
0.04380656992791998
-0.019391257313081667
0.008665176454019985
-0.0489237727198617
0.15300088602597928
-0.03173275161671363
-0.022368622754905587
-0.17661184642248884
0.04606131559255999
-0.05654058267968054
-0.010204897362879883
0.08632977574364098
-0.03563356684104946
0.008665176454019985
0.06567138145123597
-0.0013205999854228878
0.01579928711915457
0.03443624877469453
-0.0636718542421022
0.03861575224405023
-0.008416174423421019
0.025649122658425227
0.037453479113841226
0.01613403625846388
0.0041948137923384365
0.034283772423341574
-0.08110299466350668
0.1417808980890598
0.014471610315426986
-0.050143819123519506
0.06994395962703592
-0.03563356684104946
-0.024170822975695394
0.006143668794592827
-0.004841918958801372
-0.007338419158481102
-0.045496030668886966
0.04391937482752173
-0.08814864178677073
-0.022898889969576786
-0.019391257313081667
-0.022348210496932808
-0.007317237093852569
-0.032340875642459466
0.001954162314668828
0.041840431302949455
0.025524068456756588
-0.09432889171755221
0.041840431302949455
-0.03458770640829023
0.025722681761052968
-0.15702055781469149
0.020567585268201682
-0.032340875642459466
-0.032340875642459466
0.04790976101641675
-0.08721982612879486
-0.06258250876081561
0.01035787819304268
0.041840431302949455
-0.022821982956040543
-0.05282848588680089
0.037453479113841226
-0.002205271978588108
0.04995452527457189
0.023512429278589764
-0.012372140541780041
0.02708189422255458
0.026653357334457617
-0.05416508205116166
0.06806350229329183
0.0844852260058202
0.020567585268201682
0.04729149119249154
-0.05129888770798985
0.05436809318039337
0.04371378571481266
0.006265799221320201
0.0165919313161762
-0.013771885982464482
0.030974972656109045
-0.022821982956040543
0.008505479129739868
-0.03133707462365809
-0.007338419158481102
-0.08678886069673908
0.037107507807760065
-0.15702055781469149
-0.0008948035361102669
0.0844852260058202
-0.03045002278091502
-0.032340875642459466
0.01035787819304268
0.13480548385110502
0.04729149119249154
0.06806350229329183
-0.012150300762606037
0.06292625909621563
0.01699193585620762
0.08383912323474085
-0.05464289541014722
-0.013878349100881593
0.08383912323474085
-0.022898889969576786
0.015089270086424023
0.020567585268201682
0.023560334148108097
0.04799414960212012
0.022194058573782982
0.025649122658425227
-0.027393577402978764
0.022194058573782982
0.10109672394520075
-0.02375973362478856
-0.05983064969141072
-0.007720686875989813
0.02708189422255458
-0.06053051312501001
-0.03997727574944321
-0.032340875642459466
-0.009588853389239205
0.04371378571481266
-0.01844849936066506
0.0165919313161762
-0.022368622754905587
0.01579928711915457
0.019778644828504
0.07382421435571018
-0.045496030668886966
0.020083040980136246
0.005173534568482907
0.013040071944516285
0.014780240742707562
-0.0013205999854228878
-0.03133707462365809
0.020083040980136246
-0.0038562351615762935
-0.060513028914405353
-0.037433866920196124
0.01579928711915457
-0.06464003578883037
0.01046829599036414
0.0025784297617263974
-0.01844849936066506
-0.22146034456414654
0.02451643163530548
0.05168531023255696
-0.05120330655862837
0.03863378364598535
0.06567138145123597
0.08383912323474085
0.025649122658425227
0.045224792909892564
0.012394543666532698
0.039209693040964666
0.04371378571481266
-0.04466517994807795
0.08080248335888918
0.06228267241298191
0.030974972656109045
-0.03695834061658587
0.026653357334457617
0.04665297339942498
0.056736527751481525
0.04048653167530425
0.028713620756199987
0.0216176650818376
0.020083040980136246
-0.05464289541014722
0.025649122658425227
0.06364954486786978
0.006746455834750975
-0.01956931117570271
0.030122729138618354
-0.03133707462365809
0.023512429278589764
0.0025784297617263974
0.05799658946616226
-0.022368622754905587
-0.07724758378448726
-0.027393577402978764
0.04299886054755575
0.04995452527457189
-0.047644828679283435
0.030974972656109045
-0.037433866920196124
0.025722681761052968
0.020446479141682516
0.04606131559255999
-0.06720056781523276
-0.03270475340709922
0.034283772423341574
0.03208636570286316
0.03863378364598535
0.001954162314668828
-0.060513028914405353
-0.10013006587302442
-0.06285634704832255
-0.02862716582831837
-0.007882998007099573
-0.019391257313081667
0.02520341309711238
-0.0549153461639893
-0.06053051312501001
0.13204555949274965
0.020567585268201682
0.0512476844333456
-0.0011970474263076625
-0.010532567714866659
-0.05983064969141072
0.026458811902690726
-0.07075486294590672
0.026653357334457617
