-0.05699148198311299
0.06228267241298191
0.019778644828504
0.013040071944516285
0.062467374718552904
0.0512476844333456
-0.037433866920196124
-0.005818111085915234
0.04135586741642605
-0.09432889171755221
0.03208636570286316
0.01035787819304268
-0.04022536987465397
-0.05129888770798985
0.01046829599036414
0.0326533364262076
-0.010204897362879883
0.045224792909892564
0.01347000313241331
-0.05464289541014722
-0.06193714350214741
0.006143668794592827
0.04665297339942498
0.006265799221320201
-0.06053051312501001
0.005173534568482907
0.08080248335888918
0.030122729138618354
0.03643980545838055
-0.0008948035361102669
0.04920879849315085
0.031017376704207678
-0.06464003578883037
0.05425453554333082
-0.045496030668886966
0.10109672394520075
0.1417808980890598
-0.2546008091448053
0.04827168718050601
0.04665297339942498
0.0276177252845331
0.025722681761052968
0.011999720455214913
0.06318283133468316
0.07382421435571018
0.05425453554333082
0.10109672394520075
-0.012372140541780041
0.01699193585620762
0.028713620756199987
-0.009357776553262198
0.06994395962703592
-0.027462288324585415
0.029794720012301212
0.0688088340488946
-0.0549153461639893
0.08732358904095427
0.03861575224405023
-0.04126132556270612
-0.03997727574944321
-0.005105231073404326
-0.008416174423421019
-0.06258250876081561
-0.014438989348697362
0.0461992712042818
-0.03997727574944321
-0.07414653786004877
-0.060513028914405353
0.01699193585620762
-0.027393577402978764
0.08121523150568599
-0.0549153461639893
-0.06720056781523276
-0.01956931117570271
-0.06053051312501001
-0.022898889969576786
0.09718899306107964
0.020567585268201682
0.02773636562208104
-0.10819102148647719
-0.019514789449790015
0.03973066370480538
0.04790976101641675
0.0276177252845331
-0.027393577402978764
0.006746455834750975
0.022821768641877682
0.04590352204112591
0.0016709762031741349
0.10109672394520075
0.01724199139330551
0.062467374718552904
-0.15702055781469149
-0.0636718542421022
-0.06285634704832255
0.15300088602597928
-0.038466866176760206
0.03882682382156144
0.0016709762031741349
-0.01686722086916248
-0.049962429852048906
0.04283497654615154
-0.011743957061684185
-0.05129888770798985
-0.005818111085915234
-0.07724758378448726
-0.04466517994807795
-0.009588853389239205
-0.022348210496932808
0.06318283133468316
-0.009357776553262198
-0.0005187167995490682
0.11840346286310233
-0.22146034456414654
-0.019391257313081667
-0.05129888770798985
0.023512429278589764
0.07586149829868472
0.06761705055254463
-0.024170822975695394
-0.021161035659430283
-0.013771885982464482
-0.015144140805206874
0.025722681761052968
-0.05654058267968054
-0.0549153461639893
-0.005818111085915234
0.07518071596092746
0.005082074600808895
-0.032340875642459466
0.06316607709876365
0.007058852839625374
0.01613403625846388
-0.01686722086916248
-0.004841918958801372
0.01724199139330551
0.08121523150568599
-0.04126132556270612
-0.07892951287026762
-0.007720686875989813
0.05198789125700998
0.012299756912504733
-0.018864353824572078
0.025524068456756588
0.03208636570286316
0.0512476844333456
0.023560334148108097
0.08653619008305125
-0.005818111085915234
-0.06193714350214741
-0.060513028914405353
0.1417808980890598
-0.07414653786004877
-0.005105231073404326
0.09718899306107964
0.04729149119249154
-0.06720056781523276
0.08176108754913614
0.17000938109242547
-0.019391257313081667
0.024801788304586125
0.022194058573782982
-0.002647647860884561
-0.019391257313081667
0.030122729138618354
-0.01844849936066506
0.049538360788050184
-0.17661184642248884
0.019778644828504
-0.022348210496932808
0.08121523150568599
0.0276177252845331
-0.07724758378448726
0.06316607709876365
-0.08814864178677073
-0.15702055781469149
0.17000938109242547
0.08799230776265521
-0.049962429852048906
0.019778644828504
0.04590352204112591
0.0165919313161762
0.04299886054755575
-0.01844849936066506
0.0326533364262076
0.01699193585620762
-0.004841918958801372
-0.0357902826629255
0.025649122658425227
0.0344322264021244
-0.10013006587302442
0.06567138145123597
-0.022622356364218277
-0.06109953281700342
0.04729149119249154
0.005173534568482907
-0.022348210496932808
-0.05586089089844393
-0.022821982956040543
0.03643980545838055
-0.06258250876081561
0.05425453554333082
-0.03917887174705115
-0.0636718542421022
0.0216176650818376
-0.017136936568830308
-0.009588853389239205
0.011999720455214913
0.037453479113841226
0.020446479141682516
-0.014438989348697362
0.01661350063361855
-0.005105231073404326
-0.0849833488167917
-0.051670301345440706
0.1399333926158075
0.07060672059698447
-0.13034379599603163
0.0515617796937029
-0.03173275161671363
0.03443624877469453
0.062467374718552904
0.022821768641877682
0.01661350063361855
-0.0851300246174862
0.05182100602750328
-0.1218059774124729
0.05182100602750328
-0.0038562351615762935
0.13204555949274965
0.025524068456756588
0.022821768641877682
-0.0005187167995490682
-0.037433866920196124
0.04469322213864224
0.04920879849315085
0.08105492908796386
0.04823967565580034
0.04827168718050601
0.04590352204112591
-0.047644828679283435
-0.0549153461639893
0.04391937482752173
0.07518071596092746
0.006143668794592827
0.17000938109242547
0.024801788304586125
0.04665297339942498
0.03994035520780326
-0.07212958518599066
-0.06258250876081561
0.034283772423341574
0.07060672059698447
-0.007882998007099573
-0.021161035659430283
-0.08143178414826124
-0.15702055781469149
0.017908695057996304
0.08080248335888918
0.1417808980890598
-0.032340875642459466
0.041840431302949455
-0.032259158022980294
0.04048653167530425
0.009856619194733796
-0.17661184642248884
0.006143668794592827
0.04823967565580034
0.034283772423341574
0.005173534568482907
0.05198789125700998
0.025524068456756588
-0.08126108737944548
0.025524068456756588
0.0326533364262076
0.06569838178769771
0.08799230776265521
-0.05129888770798985
0.06925574960452696
-0.01956931117570271
-0.0007657730469858848
0.07586149829868472
0.022821768641877682
0.003822387934753202
-0.019391257313081667
0.06806350229329183
0.06569838178769771
-0.09432889171755221
0.06605801367827979
0.1399333926158075
-0.032340875642459466
0.06316607709876365
-0.022898889969576786
0.05425453554333082
-0.017136936568830308
0.06318283133468316
0.11522232211929584
-0.10819102148647719
-0.06053051312501001
