-0.06464003578883037
0.0203593980283987
-0.03458770640829023
0.0515617796937029
0.06925574960452696
0.0016709762031741349
0.04283497654615154
0.03861575224405023
0.025524068456756588
0.01613403625846388
-0.022348210496932808
0.019778644828504
0.04799414960212012
0.022194058573782982
0.06567138145123597
0.056736527751481525
0.05168531023255696
0.008665176454019985
-0.015144140805206874
0.04799414960212012
-0.06053051312501001
0.049538360788050184
0.06318283133468316
-0.028034859824940028
0.11522232211929584
-0.007882998007099573
-0.06258250876081561
0.04283497654615154
-0.0489237727198617
0.05168531023255696
-0.01686722086916248
-0.02862716582831837
-0.08110299466350668
0.006143668794592827
-0.007338419158481102
-0.022368622754905587
0.05436809318039337
-0.012372140541780041
-0.08721982612879486
0.04799414960212012
0.04048653167530425
0.01579928711915457
0.05182100602750328
0.06994395962703592
-0.050143819123519506
0.02432879134386301
-0.007882998007099573
-0.06720056781523276
-0.05120330655862837
0.01613403625846388
-0.07892951287026762
0.0344322264021244
-0.022821982956040543
0.04590352204112591
-0.02496648159475967
-0.2546008091448053
0.11522232211929584
0.0576314646823306
-0.08285893181375492
-0.06285634704832255
-0.06720056781523276
-0.06638125688640528
0.0326533364262076
-0.03520416182162833
-0.012150300762606037
-0.03173275161671363
0.02451643163530548
0.07586149829868472
-0.051670301345440706
-0.038466866176760206
-0.004841918958801372
-0.041376638974308655
0.041840431302949455
0.06316607709876365
-0.22146034456414654
0.06925574960452696
0.011553574399841615
0.01046829599036414
0.02773636562208104
-0.10819102148647719
-0.01249170093178087
0.04283497654615154
0.04790976101641675
-0.0038562351615762935
-0.019514789449790015
-0.07892951287026762
0.0216176650818376
-0.22146034456414654
-0.019514789449790015
0.06569838178769771
0.047513051758585334
0.015089270086424023
0.0276177252845331
0.051344950513199095
0.06318283133468316
0.047513051758585334
0.047513051758585334
0.04920879849315085
0.10109672394520075
-0.027462288324585415
-0.045496030668886966
0.006746455834750975
0.014471610315426986
0.10240276235625068
-0.027393577402978764
0.11840346286310233
0.0576314646823306
0.02451643163530548
0.02708189422255458
0.006746455834750975
0.001954162314668828
-0.06638125688640528
0.03994035520780326
0.014471610315426986
0.005173534568482907
-0.0851300246174862
0.04823967565580034
0.04333086414918519
-0.017136936568830308
-0.05699148198311299
0.04380656992791998
-0.03563356684104946
-0.005105231073404326
0.03443624877469453
0.01347000313241331
0.043334141200254805
-0.08143178414826124
-0.010204897362879883
-0.05120330655862837
-0.06258250876081561
0.04380656992791998
0.008505479129739868
0.062467374718552904
0.01724199139330551
-0.041376638974308655
0.06228267241298191
0.13204555949274965
-0.06193714350214741
-0.036421638107813514
0.04920879849315085
-0.06638125688640528
0.11840346286310233
0.07060672059698447
-0.02862716582831837
0.04391937482752173
-0.037433866920196124
0.023560334148108097
0.0344322264021244
0.005082074600808895
0.04590352204112591
0.04590352204112591
-0.022821982956040543
-0.022368622754905587
0.01046829599036414
-0.07465345378649157
0.012299756912504733
0.014780240742707562
-0.06464003578883037
-0.08678886069673908
-0.08110299466350668
0.05182100602750328
-0.22146034456414654
0.02432879134386301
0.013065356771912562
-0.07465345378649157
0.04283497654615154
0.02520341309711238
-0.009357776553262198
-0.027788545411032928
0.0022689688502968153
0.08080248335888918
0.0276177252845331
0.04371378571481266
0.06228267241298191
0.02927401578257438
0.1399333926158075
-0.045496030668886966
-0.02862716582831837
-0.06464003578883037
-0.036421638107813514
-0.0002868205956847447
0.02773636562208104
-0.027462288324585415
-0.014438989348697362
-0.02862716582831837
-0.07465345378649157
0.04048653167530425
0.06292625909621563
0.030974972656109045
0.011999720455214913
-0.0549153461639893
-0.004841918958801372
-0.014438989348697362
-0.04466517994807795
0.06364954486786978
-0.05586089089844393
-0.07892951287026762
-0.014438989348697362
0.11522232211929584
-0.017136936568830308
-0.051670301345440706
-0.05464289541014722
-0.02496648159475967
0.0326533364262076
0.04790976101641675
-0.10013006587302442
0.02520341309711238
0.04799414960212012
-0.04466517994807795
-0.027462288324585415
0.03994035520780326
0.04823967565580034
-0.06193714350214741
-0.017136936568830308
-0.08678886069673908
-0.0013205999854228878
-0.08814864178677073
0.030122729138618354
-0.009357776553262198
0.01724199139330551
0.02773636562208104
0.08653619008305125
-0.03133707462365809
0.0278028767684102
-0.17661184642248884
0.04371378571481266
-0.0489237727198617
-0.017136936568830308
-0.0549153461639893
0.06605801367827979
-0.022622356364218277
0.023512429278589764
-0.05654058267968054
-0.011743957061684185
0.037107507807760065
-0.09359820865597968
-0.0851300246174862
0.08105492908796386
0.01699193585620762
0.030974972656109045
-0.011743957061684185
-0.0038562351615762935
-0.037433866920196124
0.025524068456756588
0.10240276235625068
0.0688088340488946
0.01613403625846388
0.10109672394520075
-0.06226621690008294
-0.08678886069673908
-0.01686722086916248
-0.08678886069673908
0.0278028767684102
0.0165919313161762
0.0027859037974478085
0.02708189422255458
0.009856619194733796
0.045224792909892564
0.06925574960452696
0.05168531023255696
-0.05129888770798985
-0.0007657730469858848
0.01035787819304268
-0.08143178414826124
-0.021161035659430283
-0.013771885982464482
-0.022898889969576786
0.08759468040243501
-0.01686722086916248
-0.0849833488167917
0.06806350229329183
0.0326533364262076
-0.012372140541780041
-0.09570667993071069
0.049538360788050184
-0.02243129284092049
0.0512476844333456
-0.0849833488167917
-0.03458770640829023
-0.019514789449790015
-0.0038562351615762935
-0.010532567714866659
-0.05120330655862837
-0.09570667993071069
-0.0008948035361102669
-0.002205271978588108
-0.07075486294590672
0.0576314646823306
0.06925574960452696
-0.0008948035361102669
0.049538360788050184
0.031017376704207678
0.022821768641877682
-0.05654058267968054
-0.13034379599603163
0.04469322213864224
0.04469322213864224
-0.021161035659430283
-0.04466517994807795
