0.051344950513199095
0.0216176650818376
0.07382421435571018
0.006265799221320201
-0.07212958518599066
0.020567585268201682
-0.06720056781523276
-0.08721982612879486
0.08732358904095427
0.08653619008305125
0.04299886054755575
0.05198789125700998
0.0515617796937029
0.04283497654615154
0.0016709762031741349
0.04135586741642605
-0.012150300762606037
0.06318283133468316
-0.022368622754905587
0.022821768641877682
0.030974972656109045
-0.06226621690008294
0.02451643163530548
-0.010532567714866659
-0.007720686875989813
0.03643980545838055
0.05168531023255696
-0.0007657730469858848
-0.05129888770798985
0.06292625909621563
-0.012372140541780041
0.043334141200254805
0.05182100602750328
0.005173534568482907
0.04823967565580034
-0.04126132556270612
-0.03695834061658587
-0.005818111085915234
-0.0013205999854228878
0.08176108754913614
0.10109672394520075
0.006143668794592827
0.06292625909621563
-0.08678886069673908
0.0576314646823306
-0.008416174423421019
0.008665176454019985
-0.004841918958801372
-0.007317237093852569
-0.01686722086916248
0.04995452527457189
-0.05654058267968054
-0.06464003578883037
0.05198789125700998
-0.07212958518599066
-0.032259158022980294
0.006746455834750975
0.04665297339942498
-0.051670301345440706
-0.009588853389239205
0.014780240742707562
0.006143668794592827
0.008505479129739868
0.049538360788050184
0.06605801367827979
-0.005818111085915234
0.0844852260058202
-0.041376638974308655
0.011999720455214913
-0.050143819123519506
0.025649122658425227
-0.022821982956040543
-0.019514789449790015
0.026005039289207943
-0.03917887174705115
0.06994395962703592
-0.05282848588680089
-0.032340875642459466
-0.01686722086916248
0.08383912323474085
-0.05129888770798985
0.006143668794592827
0.05198789125700998
0.03208636570286316
-0.010532567714866659
-0.03997727574944321
0.023512429278589764
-0.08721982612879486
0.0216176650818376
0.026653357334457617
-0.050143819123519506
0.020446479141682516
0.0025784297617263974
0.08732358904095427
-0.017242733713295877
-0.007720686875989813
-0.060513028914405353
0.045224792909892564
0.006746455834750975
0.0216176650818376
0.062467374718552904
0.04469322213864224
-0.01844849936066506
-0.022368622754905587
0.1399333926158075
0.05182100602750328
0.04790976101641675
-0.04126132556270612
0.022194058573782982
0.02714223291166995
-0.024170822975695394
0.03443624877469453
0.08799230776265521
-0.06464003578883037
-0.08721982612879486
0.02773636562208104
-0.03917887174705115
0.030974972656109045
-0.051670301345440706
0.05182100602750328
0.005173534568482907
0.012299756912504733
0.018593646962060006
-0.08814864178677073
-0.0038562351615762935
-0.05120330655862837
-0.07892951287026762
0.05168531023255696
0.049538360788050184
0.008665176454019985
-0.05129888770798985
-0.08110299466350668
-0.06720056781523276
0.001954162314668828
-0.15702055781469149
0.006746455834750975
0.1399333926158075
-0.01686722086916248
0.049538360788050184
0.05182100602750328
-0.05129888770798985
0.08080248335888918
-0.08110299466350668
0.0041948137923384365
-0.049962429852048906
0.02927401578257438
0.0203593980283987
0.13480548385110502
-0.019514789449790015
-0.03563356684104946
-0.01844849936066506
-0.0002868205956847447
-0.02862716582831837
-0.04022536987465397
-0.017242733713295877
0.08759468040243501
0.01035787819304268
0.020446479141682516
0.037453479113841226
-0.0002868205956847447
-0.019391257313081667
-0.0005187167995490682
-0.005818111085915234
-0.019391257313081667
-0.09359820865597968
-0.017242733713295877
-0.007882998007099573
-0.05464289541014722
0.0216176650818376
0.045224792909892564
-0.010204897362879883
-0.0357902826629255
0.05436809318039337
0.037453479113841226
0.0027859037974478085
0.13480548385110502
0.07518071596092746
0.03861575224405023
0.0344322264021244
0.001954162314668828
-0.0038562351615762935
0.022194058573782982
-0.0636718542421022
-0.009357776553262198
-0.09359820865597968
0.011999720455214913
0.0844852260058202
0.04823967565580034
-0.09432889171755221
0.06228267241298191
-0.05129888770798985
0.06994395962703592
0.039209693040964666
0.037453479113841226
-0.013878349100881593
0.01661350063361855
0.02451643163530548
-0.12033949778566289
0.008665176454019985
-0.0851300246174862
-0.08110299466350668
-0.08814864178677073
0.025722681761052968
0.06364954486786978
-0.009588853389239205
-0.007720686875989813
-0.04126132556270612
-0.22146034456414654
0.04333086414918519
-0.0549153461639893
0.04665297339942498
0.049538360788050184
0.06569838178769771
-0.012150300762606037
-0.022898889969576786
0.0203593980283987
-0.007720686875989813
0.0515617796937029
0.02773636562208104
0.04135586741642605
0.03994035520780326
-0.08285893181375492
0.001954162314668828
-0.05129888770798985
-0.009588853389239205
-0.007882998007099573
-0.06285634704832255
0.008505479129739868
0.05168531023255696
-0.0549153461639893
0.0216176650818376
0.0016709762031741349
0.0461992712042818
-0.0002495311402075373
0.0203593980283987
-0.10013006587302442
-0.08143178414826124
-0.027462288324585415
-0.024170822975695394
0.06228267241298191
-0.0002495311402075373
0.062467374718552904
-0.06638125688640528
-0.06720056781523276
-0.04466517994807795
0.0278028767684102
-0.009357776553262198
0.015089270086424023
0.0203593980283987
0.028713620756199987
-0.06720056781523276
0.019778644828504
0.05168531023255696
0.08799230776265521
-0.050143819123519506
0.09718899306107964
0.018593646962060006
0.13204555949274965
-0.007882998007099573
-0.06053051312501001
0.13204555949274965
0.13480548385110502
0.0165919313161762
0.029794720012301212
0.04823967565580034
-0.13034379599603163
-0.032340875642459466
0.012299756912504733
-0.012150300762606037
0.022821768641877682
0.02520341309711238
0.04729149119249154
-0.019514789449790015
0.08302714817478662
0.08653619008305125
0.03994035520780326
0.037453479113841226
0.043334141200254805
0.009856619194733796
-0.028034859824940028
0.0027859037974478085
-0.01686722086916248
-0.06720056781523276
-0.06285634704832255
-0.027788545411032928
-0.06638125688640528
-0.05129888770798985
-0.08814864178677073
-0.024170822975695394
0.04920879849315085
0.06605801367827979
0.0203593980283987
0.013109728048770641
0.030974972656109045
0.10240276235625068
-0.037433866920196124
0.0576314646823306
-0.05699148198311299
0.028713620756199987
