0.0165919313161762
-0.06464003578883037
0.05198789125700998
-0.0489237727198617
-0.02375973362478856
-0.03997727574944321
0.17000938109242547
0.11522232211929584
-0.049962429852048906
-0.032340875642459466
0.08799230776265521
0.05168531023255696
0.03208636570286316
0.02520341309711238
-0.005818111085915234
-0.0013205999854228878
-0.02375973362478856
-0.05120330655862837
0.011553574399841615
-0.049962429852048906
0.0844852260058202
0.02714223291166995
-0.02375973362478856
0.07518071596092746
-0.03917887174705115
-0.009357776553262198
0.04790976101641675
-0.0357902826629255
0.06318283133468316
0.08732358904095427
-0.03133707462365809
0.014780240742707562
-0.06053051312501001
-0.03997727574944321
-0.007338419158481102
-0.027788545411032928
-0.027393577402978764
-0.012150300762606037
-0.024170822975695394
0.013065356771912562
0.05436809318039337
-0.01956931117570271
0.11522232211929584
-0.06464003578883037
-0.0549153461639893
-0.015144140805206874
0.043334141200254805
0.04827168718050601
0.0844852260058202
0.029794720012301212
0.02714223291166995
0.11522232211929584
0.023560334148108097
0.041840431302949455
0.06605801367827979
0.07382421435571018
0.0016709762031741349
-0.0636718542421022
0.001954162314668828
-0.04466517994807795
0.04590352204112591
-0.010204897362879883
0.012299756912504733
-0.002205271978588108
0.02451643163530548
-0.013771885982464482
-0.0549153461639893
-0.051670301345440706
0.013040071944516285
0.031017376704207678
-0.012150300762606037
0.04135586741642605
0.056736527751481525
0.08080248335888918
-0.05464289541014722
0.01613403625846388
-0.04466517994807795
-0.09570667993071069
0.0022689688502968153
0.01035787819304268
-0.021161035659430283
-0.0849833488167917
0.051344950513199095
-0.07212958518599066
0.02451643163530548
0.13480548385110502
0.037453479113841226
-0.06258250876081561
0.01613403625846388
0.02714223291166995
0.03994035520780326
0.031017376704207678
-0.05464289541014722
0.0165919313161762
-0.0038562351615762935
0.01724199139330551
0.022194058573782982
0.02432879134386301
-0.09432889171755221
0.020083040980136246
0.008665176454019985
0.006143668794592827
-0.0007657730469858848
0.04371378571481266
-0.018864353824572078
0.06569838178769771
0.041840431302949455
0.06316607709876365
-0.01249170093178087
-0.05983064969141072
-0.06258250876081561
-0.07724758378448726
-0.007720686875989813
-0.05129888770798985
0.056736527751481525
0.039209693040964666
0.07060672059698447
-0.02862716582831837
-0.051670301345440706
0.03643980545838055
0.03208636570286316
-0.03458770640829023
-0.01686722086916248
0.013065356771912562
-0.05699148198311299
-0.06053051312501001
-0.15702055781469149
-0.018864353824572078
0.04135586741642605
-0.002647647860884561
0.0576314646823306
-0.0849833488167917
0.043334141200254805
0.03863378364598535
0.025649122658425227
0.0025784297617263974
0.019778644828504
-0.015144140805206874
-0.011743957061684185
0.003822387934753202
0.006265799221320201
0.026005039289207943
0.048059232237648075
0.11840346286310233
0.07382421435571018
-0.014438989348697362
-0.005105231073404326
-0.027788545411032928
0.026005039289207943
0.03861575224405023
0.01661350063361855
-0.0636718542421022
0.06567138145123597
0.024801788304586125
-0.12033949778566289
-0.024170822975695394
0.020083040980136246
-0.022348210496932808
0.0041948137923384365
0.031017376704207678
0.04299886054755575
0.009856619194733796
0.02927401578257438
-0.019514789449790015
-0.028034859824940028
-0.0636718542421022
-0.01249170093178087
0.02714223291166995
0.030974972656109045
0.04606131559255999
0.0278028767684102
-0.0008948035361102669
0.062467374718552904
0.01661350063361855
0.024801788304586125
-0.05416508205116166
-0.021161035659430283
-0.07414653786004877
-0.05464289541014722
0.05198789125700998
0.06316607709876365
0.06806350229329183
0.012394543666532698
-0.022821982956040543
0.045224792909892564
0.0326533364262076
0.041840431302949455
-0.07414653786004877
0.08080248335888918
0.034283772423341574
0.06316607709876365
0.041840431302949455
-0.05282848588680089
-0.03458770640829023
0.056736527751481525
0.03863378364598535
-0.0002868205956847447
-0.021161035659430283
0.039209693040964666
-0.03917887174705115
-0.0013205999854228878
-0.032340875642459466
-0.07075486294590672
-0.041376638974308655
0.0344322264021244
-0.0849833488167917
0.026005039289207943
0.039209693040964666
0.04371378571481266
-0.0008948035361102669
0.01661350063361855
-0.06285634704832255
0.04469322213864224
0.13204555949274965
-0.05699148198311299
0.05425453554333082
-0.015144140805206874
-0.01844849936066506
-0.06285634704832255
0.008665176454019985
-0.047644828679283435
0.04823967565580034
0.04283497654615154
0.048059232237648075
0.026653357334457617
-0.007317237093852569
-0.047644828679283435
0.01046829599036414
0.01716964896203166
0.02432879134386301
0.08383912323474085
-0.027462288324585415
0.05799658946616226
0.08653619008305125
0.02432879134386301
-0.022898889969576786
-0.032259158022980294
0.04665297339942498
0.034283772423341574
0.012394543666532698
0.01716964896203166
-0.05120330655862837
-0.009588853389239205
0.08080248335888918
-0.032340875642459466
-0.1218059774124729
0.017908695057996304
0.04606131559255999
0.04665297339942498
-0.05699148198311299
-0.02862716582831837
-0.004841918958801372
0.017908695057996304
0.06364954486786978
-0.05120330655862837
0.02432879134386301
-0.0005187167995490682
0.03208636570286316
0.04729149119249154
0.0025784297617263974
-0.02375973362478856
-0.014438989348697362
0.05436809318039337
0.008665176454019985
-0.0357902826629255
0.0016709762031741349
0.037107507807760065
-0.027462288324585415
-0.002205271978588108
0.02432879134386301
0.012390402416693647
0.0203593980283987
0.0512476844333456
0.08121523150568599
-0.051670301345440706
0.0041948137923384365
0.022194058573782982
-0.0849833488167917
-0.07212958518599066
-0.04126132556270612
0.13204555949274965
0.08302714817478662
0.006143668794592827
-0.13034379599603163
-0.01844849936066506
-0.03270475340709922
0.10240276235625068
0.17000938109242547
0.045224792909892564
-0.03563356684104946
-0.007338419158481102
-0.007882998007099573
0.13204555949274965
0.03861575224405023
0.0165919313161762
0.04729149119249154
-0.08143178414826124
0.04827168718050601
-0.01249170093178087
