-0.09570667993071069
0.05436809318039337
-0.07414653786004877
-0.036421638107813514
-0.03458770640829023
-0.022898889969576786
-0.03045002278091502
0.0278028767684102
-0.0849833488167917
-0.0636718542421022
-0.15702055781469149
0.011999720455214913
-0.17661184642248884
0.014780240742707562
0.0022689688502968153
-0.0038562351615762935
-0.03917887174705115
0.022821768641877682
-0.0489237727198617
0.13204555949274965
0.13480548385110502
-0.15702055781469149
0.0688088340488946
-0.03520416182162833
-0.05654058267968054
0.007058852839625374
0.039209693040964666
-0.06720056781523276
-0.22146034456414654
-0.041376638974308655
0.014471610315426986
-0.0011970474263076625
0.026458811902690726
-0.08721982612879486
0.03973066370480538
0.04469322213864224
-0.010204897362879883
0.008505479129739868
0.03643980545838055
0.01699193585620762
0.01699193585620762
0.030122729138618354
-0.021161035659430283
0.03882682382156144
0.15300088602597928
0.05198789125700998
0.0461992712042818
0.022821768641877682
-0.17661184642248884
0.0515617796937029
-0.0849833488167917
0.02714223291166995
0.06569838178769771
-0.07724758378448726
-0.050143819123519506
0.01579928711915457
0.11522232211929584
0.01699193585620762
0.13480548385110502
-0.05120330655862837
0.04920879849315085
-0.06285634704832255
0.007058852839625374
0.013065356771912562
-0.013771885982464482
0.01613403625846388
0.023512429278589764
0.04606131559255999
0.01035787819304268
0.007058852839625374
-0.06464003578883037
-0.06193714350214741
0.0688088340488946
0.06569838178769771
-0.0849833488167917
0.0016709762031741349
0.005173534568482907
0.04665297339942498
-0.002647647860884561
0.06567138145123597
-0.0636718542421022
0.01716964896203166
0.05436809318039337
0.08121523150568599
0.0016709762031741349
0.030974972656109045
-0.004841918958801372
0.0844852260058202
0.019778644828504
-0.07212958518599066
-0.047644828679283435
0.041840431302949455
0.08383912323474085
-0.005818111085915234
0.04995452527457189
0.01347000313241331
-0.010204897362879883
-0.038466866176760206
-0.0549153461639893
0.025649122658425227
0.04790976101641675
0.012390402416693647
0.04920879849315085
0.08121523150568599
-0.05129888770798985
0.10240276235625068
-0.01249170093178087
0.009856619194733796
0.026458811902690726
-0.041376638974308655
0.06292625909621563
-0.036421638107813514
0.04606131559255999
0.06569838178769771
0.03861575224405023
-0.09432889171755221
0.005173534568482907
-0.0002495311402075373
0.01035787819304268
0.09718899306107964
0.04299886054755575
0.005082074600808895
-0.049962429852048906
-0.08285893181375492
-0.015144140805206874
-0.041376638974308655
-0.03045002278091502
0.06761705055254463
-0.022821982956040543
0.02451643163530548
0.05182100602750328
0.008505479129739868
0.06806350229329183
-0.2546008091448053
-0.027788545411032928
0.10240276235625068
-0.05416508205116166
0.04790976101641675
-0.015144140805206874
0.0278028767684102
-0.06464003578883037
0.017908695057996304
0.02714223291166995
-0.09432889171755221
0.07060672059698447
-0.03563356684104946
-0.07465345378649157
0.03643980545838055
0.17000938109242547
0.05799658946616226
-0.036421638107813514
0.013040071944516285
0.006265799221320201
0.06761705055254463
0.037107507807760065
0.02708189422255458
-0.17661184642248884
0.023512429278589764
0.05425453554333082
0.04469322213864224
0.03882682382156144
0.0016709762031741349
0.015089270086424023
-0.03133707462365809
-0.02496648159475967
-0.05282848588680089
0.037107507807760065
0.03443624877469453
-0.04126132556270612
0.04380656992791998
0.04371378571481266
-0.0636718542421022
0.04823967565580034
0.005173534568482907
-0.027393577402978764
-0.10013006587302442
0.03994035520780326
0.04048653167530425
-0.0038562351615762935
0.11522232211929584
0.01661350063361855
-0.01956931117570271
-0.02375973362478856
-0.015144140805206874
-0.036421638107813514
0.037107507807760065
0.08302714817478662
-0.028034859824940028
-0.018864353824572078
-0.0636718542421022
0.026653357334457617
0.0515617796937029
0.06994395962703592
-0.08126108737944548
-0.1218059774124729
0.04333086414918519
0.022821768641877682
0.04995452527457189
0.01579928711915457
-0.13034379599603163
-0.09359820865597968
0.13480548385110502
0.08302714817478662
0.025649122658425227
0.014471610315426986
-0.015144140805206874
-0.0851300246174862
0.07060672059698447
0.04827168718050601
0.043334141200254805
0.05182100602750328
-0.08285893181375492
-0.009588853389239205
-0.08126108737944548
-0.0849833488167917
-0.15702055781469149
-0.0005187167995490682
0.01046829599036414
-0.06053051312501001
0.04283497654615154
0.06228267241298191
-0.0038562351615762935
-0.0002868205956847447
-0.10819102148647719
0.03863378364598535
0.17000938109242547
0.04606131559255999
0.0844852260058202
0.0025784297617263974
0.08383912323474085
-0.027788545411032928
0.06925574960452696
0.01613403625846388
-0.03563356684104946
0.012394543666532698
0.0165919313161762
-0.1218059774124729
-0.005105231073404326
-0.019391257313081667
-0.038466866176760206
0.018593646962060006
0.018593646962060006
0.043334141200254805
0.039209693040964666
-0.0007657730469858848
0.049538360788050184
0.02714223291166995
-0.011743957061684185
-0.07414653786004877
-0.05416508205116166
0.020446479141682516
0.014471610315426986
0.06364954486786978
-0.022898889969576786
0.006746455834750975
0.01035787819304268
0.10109672394520075
-0.03563356684104946
-0.027462288324585415
-0.018864353824572078
0.048059232237648075
0.037453479113841226
0.0844852260058202
0.06925574960452696
0.07382421435571018
-0.027788545411032928
0.08176108754913614
0.04333086414918519
0.003822387934753202
-0.17661184642248884
0.006746455834750975
0.0165919313161762
0.005082074600808895
0.06569838178769771
0.0326533364262076
0.0025784297617263974
0.006143668794592827
-0.02375973362478856
0.04333086414918519
0.03863378364598535
-0.03997727574944321
0.03882682382156144
-0.03563356684104946
-0.05464289541014722
0.06228267241298191
-0.010204897362879883
0.013040071944516285
-0.09432889171755221
-0.01249170093178087
0.023512429278589764
-0.0851300246174862
-0.07465345378649157
0.04823967565580034
0.05799658946616226
0.023560334148108097
0.15300088602597928
0.02773636562208104
0.03973066370480538
-0.06464003578883037
