0.014780240742707562
0.01347000313241331
-0.15702055781469149
-0.03520416182162833
-0.027788545411032928
0.03443624877469453
0.015089270086424023
0.001954162314668828
0.0027859037974478085
0.01661350063361855
-0.01686722086916248
0.0025784297617263974
-0.07414653786004877
-0.06285634704832255
0.031017376704207678
0.11522232211929584
0.007058852839625374
0.08653619008305125
0.025722681761052968
0.1399333926158075
0.026653357334457617
0.009856619194733796
0.05436809318039337
-0.03133707462365809
-0.007543661478351282
-0.051670301345440706
-0.07212958518599066
0.13480548385110502
-0.047644828679283435
0.03861575224405023
0.04823967565580034
-0.06053051312501001
0.013109728048770641
-0.014438989348697362
0.001954162314668828
0.023512429278589764
-0.05983064969141072
0.13204555949274965
0.0027859037974478085
0.02708189422255458
0.051344950513199095
-0.007317237093852569
0.008505479129739868
0.06605801367827979
-0.02375973362478856
0.028713620756199987
0.007058852839625374
-0.05120330655862837
0.0844852260058202
-0.032259158022980294
0.051344950513199095
0.04823967565580034
-0.0038562351615762935
0.05198789125700998
-0.01844849936066506
-0.06193714350214741
0.0203593980283987
-0.037433866920196124
0.014471610315426986
-0.0002495311402075373
0.026653357334457617
0.01613403625846388
0.08632977574364098
-0.0038562351615762935
-0.08143178414826124
0.01347000313241331
0.03208636570286316
0.04371378571481266
-0.007720686875989813
0.06806350229329183
0.04606131559255999
0.022194058573782982
-0.08814864178677073
-0.09432889171755221
-0.03695834061658587
-0.02243129284092049
-0.005105231073404326
0.007058852839625374
-0.01956931117570271
-0.05983064969141072
0.0844852260058202
0.06567138145123597
-0.10819102148647719
0.020567585268201682
0.018593646962060006
-0.01686722086916248
0.043334141200254805
0.04729149119249154
0.11522232211929584
0.17000938109242547
0.013109728048770641
-0.0357902826629255
0.1399333926158075
0.04823967565580034
0.013040071944516285
0.11522232211929584
0.06761705055254463
-0.03270475340709922
0.009856619194733796
-0.010204897362879883
-0.09570667993071069
0.009856619194733796
0.04380656992791998
0.026005039289207943
0.03882682382156144
-0.22146034456414654
0.06605801367827979
0.03208636570286316
0.012390402416693647
0.02451643163530548
0.030122729138618354
-0.047644828679283435
-0.08110299466350668
-0.06285634704832255
0.17000938109242547
0.04665297339942498
-0.041376638974308655
0.08732358904095427
0.03882682382156144
-0.03045002278091502
-0.03563356684104946
0.034283772423341574
-0.007543661478351282
-0.05983064969141072
0.001954162314668828
0.06605801367827979
-0.06720056781523276
0.02927401578257438
-0.03133707462365809
0.006746455834750975
-0.019391257313081667
-0.041376638974308655
-0.08814864178677073
-0.1218059774124729
0.013040071944516285
-0.004841918958801372
0.01661350063361855
0.037453479113841226
0.026005039289207943
0.05799658946616226
0.06318283133468316
0.030122729138618354
0.026653357334457617
0.02520341309711238
-0.04466517994807795
0.022194058573782982
-0.1218059774124729
0.014780240742707562
0.04380656992791998
-0.017242733713295877
0.15300088602597928
0.01035787819304268
0.11522232211929584
-0.004841918958801372
-0.08285893181375492
-0.027788545411032928
0.06925574960452696
-0.004841918958801372
0.04790976101641675
-0.007882998007099573
-0.06193714350214741
0.022194058573782982
-0.10819102148647719
0.01613403625846388
0.039209693040964666
0.04665297339942498
-0.024170822975695394
0.07518071596092746
-0.0636718542421022
-0.010532567714866659
-0.0851300246174862
0.03443624877469453
-0.15702055781469149
-0.02496648159475967
0.001954162314668828
0.15300088602597928
0.11522232211929584
-0.027788545411032928
0.06806350229329183
0.013040071944516285
-0.007338419158481102
-0.032340875642459466
0.06228267241298191
0.11522232211929584
-0.05416508205116166
-0.02375973362478856
0.026005039289207943
0.005173534568482907
0.006265799221320201
0.003822387934753202
0.005173534568482907
0.012394543666532698
-0.011743957061684185
0.08121523150568599
0.05425453554333082
-0.047644828679283435
0.014471610315426986
-0.022622356364218277
-0.08814864178677073
-0.05120330655862837
0.04729149119249154
0.037453479113841226
-0.06464003578883037
0.06994395962703592
0.04823967565580034
0.01716964896203166
0.07518071596092746
-0.05129888770798985
-0.0002495311402075373
0.05198789125700998
0.03861575224405023
-0.06464003578883037
0.06316607709876365
-0.015144140805206874
0.04333086414918519
0.06228267241298191
-0.049962429852048906
-0.045496030668886966
-0.047644828679283435
-0.007338419158481102
0.0326533364262076
-0.002205271978588108
0.0016709762031741349
-0.03458770640829023
-0.0038562351615762935
0.013040071944516285
-0.0007657730469858848
-0.022368622754905587
-0.002647647860884561
0.05425453554333082
0.04823967565580034
0.0512476844333456
-0.03173275161671363
-0.05416508205116166
0.028713620756199987
-0.06638125688640528
0.08080248335888918
0.026005039289207943
-0.07075486294590672
0.13204555949274965
-0.0489237727198617
-0.01956931117570271
0.011553574399841615
0.017908695057996304
0.06292625909621563
0.1399333926158075
0.03643980545838055
0.08176108754913614
-0.08285893181375492
0.037107507807760065
0.04283497654615154
0.08632977574364098
0.01347000313241331
-0.01844849936066506
0.08732358904095427
-0.007338419158481102
-0.03270475340709922
-0.06285634704832255
-0.07414653786004877
0.06364954486786978
0.06228267241298191
-0.0489237727198617
0.04048653167530425
0.009856619194733796
0.0276177252845331
0.06292625909621563
-0.06053051312501001
-0.01249170093178087
-0.06464003578883037
-0.03270475340709922
0.043334141200254805
0.0276177252845331
-0.05120330655862837
0.08105492908796386
-0.027462288324585415
-0.02375973362478856
0.07586149829868472
0.003822387934753202
0.03973066370480538
-0.03695834061658587
0.026653357334457617
-0.045496030668886966
0.0276177252845331
0.011999720455214913
-0.0636718542421022
-0.04022536987465397
-0.036421638107813514
-0.014438989348697362
-0.08126108737944548
0.0326533364262076
-0.014438989348697362
0.0515617796937029
-0.03520416182162833
0.025524068456756588
0.028713620756199987
0.04606131559255999
-0.10013006587302442
0.047513051758585334
0.04048653167530425
