0.10240276235625068
0.01347000313241331
-0.0636718542421022
-0.0002868205956847447
-0.0005187167995490682
0.08080248335888918
-0.022821982956040543
0.018593646962060006
0.08799230776265521
0.04371378571481266
0.062467374718552904
0.0844852260058202
0.06318283133468316
0.025722681761052968
0.028713620756199987
0.014471610315426986
0.05198789125700998
0.06925574960452696
0.07586149829868472
0.04827168718050601
0.10240276235625068
0.02708189422255458
0.01046829599036414
-0.017242733713295877
0.022194058573782982
0.007058852839625374
0.05198789125700998
-0.007338419158481102
-0.08721982612879486
0.07060672059698447
0.04391937482752173
0.04135586741642605
0.04469322213864224
-0.007882998007099573
0.0276177252845331
0.005173534568482907
0.0344322264021244
0.015089270086424023
0.020083040980136246
-0.009588853389239205
-0.03270475340709922
-0.060513028914405353
-0.02243129284092049
0.020446479141682516
0.020567585268201682
0.02451643163530548
-0.008416174423421019
0.08105492908796386
-0.04466517994807795
-0.051670301345440706
-0.06053051312501001
0.01035787819304268
0.07518071596092746
-0.0549153461639893
-0.02862716582831837
0.03443624877469453
-0.027789787343500905
0.08732358904095427
0.13480548385110502
-0.2546008091448053
0.039209693040964666
0.0216176650818376
0.01035787819304268
-0.08814864178677073
-0.08678886069673908
0.06569838178769771
0.05799658946616226
0.011553574399841615
0.04606131559255999
-0.051670301345440706
0.04606131559255999
-0.07465345378649157
0.06761705055254463
-0.036421638107813514
0.03643980545838055
-0.08285893181375492
0.009856619194733796
-0.01249170093178087
-0.07212958518599066
0.06994395962703592
-0.06720056781523276
0.023512429278589764
0.029794720012301212
0.04299886054755575
-0.08285893181375492
-0.07892951287026762
0.11522232211929584
0.04790976101641675
-0.038466866176760206
0.10109672394520075
-0.05464289541014722
0.08080248335888918
-0.06464003578883037
-0.013878349100881593
-0.013878349100881593
-0.15702055781469149
0.03443624877469453
-0.022622356364218277
0.022821768641877682
0.009856619194733796
0.08732358904095427
0.04299886054755575
0.04823967565580034
-0.08285893181375492
-0.07465345378649157
0.05198789125700998
-0.06258250876081561
-0.15702055781469149
-0.15702055781469149
-0.06109953281700342
-0.03045002278091502
0.08302714817478662
0.08176108754913614
-0.0013205999854228878
-0.0636718542421022
-0.06464003578883037
-0.008416174423421019
-0.005818111085915234
-0.045496030668886966
-0.04126132556270612
-0.004841918958801372
-0.0489237727198617
0.007058852839625374
-0.06285634704832255
0.0022689688502968153
0.04823967565580034
0.0461992712042818
0.0027859037974478085
-0.0002868205956847447
-0.03458770640829023
0.07382421435571018
-0.027789787343500905
-0.010532567714866659
0.0844852260058202
-0.005818111085915234
0.08080248335888918
-0.007543661478351282
-0.03458770640829023
0.08080248335888918
0.056736527751481525
-0.07465345378649157
-0.03917887174705115
-0.08126108737944548
0.04371378571481266
-0.0002495311402075373
0.0027859037974478085
0.04333086414918519
0.06316607709876365
-0.037433866920196124
-0.0002868205956847447
-0.08110299466350668
0.13204555949274965
0.011999720455214913
0.04380656992791998
0.008505479129739868
-0.005105231073404326
-0.0038562351615762935
0.05799658946616226
0.011553574399841615
0.01724199139330551
-0.06285634704832255
0.10240276235625068
0.007058852839625374
0.07060672059698447
0.04283497654615154
-0.0549153461639893
0.025524068456756588
0.02714223291166995
0.08302714817478662
0.08121523150568599
0.08383912323474085
0.01579928711915457
0.01661350063361855
0.10109672394520075
-0.050143819123519506
0.0027859037974478085
-0.012150300762606037
0.06994395962703592
0.02714223291166995
0.026458811902690726
-0.0005187167995490682
-0.03520416182162833
-0.01956931117570271
0.08759468040243501
-0.010204897362879883
-0.09570667993071069
-0.0849833488167917
-0.002205271978588108
0.08176108754913614
0.025722681761052968
0.030974972656109045
-0.0007657730469858848
0.04827168718050601
0.0461992712042818
-0.01844849936066506
-0.024170822975695394
0.048059232237648075
0.0688088340488946
-0.028034859824940028
0.01661350063361855
0.11840346286310233
0.0461992712042818
-0.027789787343500905
-0.007317237093852569
-0.15702055781469149
-0.012150300762606037
-0.07724758378448726
-0.04126132556270612
0.08383912323474085
0.13204555949274965
-0.0549153461639893
-0.008416174423421019
0.011553574399841615
0.13480548385110502
0.014471610315426986
0.03973066370480538
-0.02375973362478856
0.020446479141682516
0.11840346286310233
0.04995452527457189
0.056736527751481525
0.05436809318039337
0.01716964896203166
-0.08285893181375492
0.011999720455214913
0.08383912323474085
0.030122729138618354
-0.06720056781523276
0.041840431302949455
0.06569838178769771
-0.07892951287026762
0.08080248335888918
0.08302714817478662
0.03994035520780326
0.026653357334457617
-0.005105231073404326
-0.032259158022980294
0.05425453554333082
0.01035787819304268
-0.15702055781469149
0.04391937482752173
0.05425453554333082
-0.08126108737944548
0.003822387934753202
0.04299886054755575
0.0512476844333456
0.03994035520780326
0.02520341309711238
-0.0002868205956847447
0.0203593980283987
0.047513051758585334
0.03863378364598535
0.10109672394520075
0.02451643163530548
0.0461992712042818
-0.013878349100881593
0.03882682382156144
-0.018864353824572078
0.031017376704207678
0.06567138145123597
0.08732358904095427
-0.05416508205116166
0.037453479113841226
-0.05120330655862837
-0.011743957061684185
0.01579928711915457
-0.01956931117570271
0.014780240742707562
0.030974972656109045
0.006746455834750975
-0.007543661478351282
-0.0011970474263076625
0.04380656992791998
-0.08721982612879486
0.0278028767684102
0.06569838178769771
-0.037433866920196124
-0.15702055781469149
0.04283497654615154
0.06994395962703592
0.11522232211929584
-0.08110299466350668
0.01716964896203166
-0.05282848588680089
-0.0007657730469858848
0.01613403625846388
-0.08721982612879486
-0.009357776553262198
-0.07892951287026762
0.0512476844333456
-0.08721982612879486
0.007058852839625374
0.006746455834750975
0.011999720455214913
0.04299886054755575
-0.024170822975695394
0.012394543666532698
0.009856619194733796
0.10240276235625068
