-0.01956931117570271
-0.04126132556270612
0.026005039289207943
0.012299756912504733
0.11840346286310233
-0.0489237727198617
-0.03133707462365809
0.056736527751481525
0.043334141200254805
0.03208636570286316
0.03863378364598535
-0.07414653786004877
-0.002205271978588108
-0.011743957061684185
-0.17661184642248884
-0.022898889969576786
0.017908695057996304
0.01579928711915457
0.034283772423341574
-0.010204897362879883
-0.09432889171755221
-0.012150300762606037
-0.05464289541014722
0.0515617796937029
0.13204555949274965
-0.08126108737944548
0.015089270086424023
0.04920879849315085
0.012390402416693647
0.08176108754913614
-0.007720686875989813
0.08121523150568599
-0.03458770640829023
0.007058852839625374
0.03882682382156144
0.04590352204112591
0.003822387934753202
-0.0636718542421022
0.06316607709876365
0.043334141200254805
0.08105492908796386
0.03643980545838055
0.04333086414918519
-0.0002495311402075373
0.04827168718050601
-0.07465345378649157
-0.012150300762606037
0.04469322213864224
0.017908695057996304
-0.0489237727198617
0.018593646962060006
-0.014438989348697362
0.05425453554333082
-0.0549153461639893
0.03861575224405023
-0.08814864178677073
0.04590352204112591
-0.10819102148647719
-0.07414653786004877
0.022821768641877682
0.03643980545838055
-0.12033949778566289
0.011553574399841615
-0.02496648159475967
-0.1218059774124729
0.06364954486786978
-0.03695834061658587
0.049538360788050184
0.0041948137923384365
0.07586149829868472
-0.08678886069673908
0.04827168718050601
0.08732358904095427
0.04665297339942498
-0.05416508205116166
0.04799414960212012
0.06994395962703592
-0.022368622754905587
0.07518071596092746
-0.002205271978588108
0.003822387934753202
0.06228267241298191
-0.0636718542421022
-0.007338419158481102
-0.0851300246174862
0.08080248335888918
0.022821768641877682
-0.0549153461639893
-0.01844849936066506
0.0203593980283987
0.03994035520780326
-0.007882998007099573
0.0203593980283987
-0.06258250876081561
-0.05120330655862837
0.05198789125700998
0.04371378571481266
-0.01956931117570271
-0.05282848588680089
0.008665176454019985
0.009856619194733796
0.05198789125700998
-0.10819102148647719
0.017908695057996304
-0.1218059774124729
0.08176108754913614
-0.0851300246174862
0.06228267241298191
0.04995452527457189
-0.022898889969576786
-0.008416174423421019
0.025524068456756588
0.006746455834750975
-0.038466866176760206
0.007058852839625374
-0.0636718542421022
0.0216176650818376
-0.0851300246174862
0.047513051758585334
0.029794720012301212
-0.027788545411032928
-0.017136936568830308
0.0022689688502968153
0.030974972656109045
0.1399333926158075
0.012299756912504733
0.06806350229329183
0.05436809318039337
0.13204555949274965
0.048059232237648075
-0.07892951287026762
0.07060672059698447
0.014780240742707562
-0.17661184642248884
0.03994035520780326
0.06567138145123597
0.11840346286310233
0.048059232237648075
0.04920879849315085
0.025722681761052968
-0.0008948035361102669
-0.019514789449790015
0.003822387934753202
-0.0013205999854228878
-0.07075486294590672
-0.011743957061684185
-0.08110299466350668
-0.02862716582831837
0.01035787819304268
-0.03270475340709922
0.014471610315426986
-0.09359820865597968
0.03208636570286316
0.01347000313241331
0.01035787819304268
0.06316607709876365
0.024801788304586125
-0.014438989348697362
-0.07465345378649157
0.13480548385110502
0.06994395962703592
-0.013771885982464482
0.0844852260058202
0.006265799221320201
0.020567585268201682
-0.051670301345440706
0.0512476844333456
0.04920879849315085
0.043334141200254805
0.029794720012301212
-0.047644828679283435
0.014780240742707562
0.01579928711915457
-0.047644828679283435
-0.022368622754905587
0.0344322264021244
-0.0007657730469858848
0.014780240742707562
0.045224792909892564
0.017908695057996304
-0.08110299466350668
-0.06285634704832255
-0.007543661478351282
0.0512476844333456
-0.06720056781523276
-0.013878349100881593
0.08799230776265521
0.03208636570286316
0.051344950513199095
0.012299756912504733
0.08653619008305125
-0.038466866176760206
-0.0002868205956847447
0.15300088602597928
0.014471610315426986
-0.01249170093178087
-0.0011970474263076625
0.08105492908796386
0.10109672394520075
-0.032259158022980294
0.03208636570286316
0.02708189422255458
-0.22146034456414654
-0.01956931117570271
-0.0038562351615762935
-0.012150300762606037
-0.0011970474263076625
0.06994395962703592
0.02451643163530548
0.04048653167530425
0.08080248335888918
-0.0636718542421022
0.011553574399841615
0.02451643163530548
-0.010204897362879883
0.01613403625846388
-0.022898889969576786
0.03643980545838055
0.0688088340488946
0.05182100602750328
-0.027462288324585415
0.01699193585620762
-0.06464003578883037
0.06605801367827979
-0.06720056781523276
-0.08721982612879486
0.04995452527457189
0.03443624877469453
0.02520341309711238
-0.045496030668886966
0.005082074600808895
0.0216176650818376
-0.019391257313081667
-0.05416508205116166
0.011553574399841615
-0.08143178414826124
0.06228267241298191
-0.02375973362478856
-0.07724758378448726
-0.027789787343500905
-0.017136936568830308
0.06567138145123597
0.08653619008305125
0.007058852839625374
-0.024170822975695394
0.0515617796937029
-0.04022536987465397
-0.04126132556270612
0.01046829599036414
0.013065356771912562
0.014471610315426986
-0.024170822975695394
0.03443624877469453
0.06316607709876365
0.0278028767684102
-0.051670301345440706
-0.07414653786004877
-0.009357776553262198
0.02714223291166995
0.0512476844333456
0.011553574399841615
0.026005039289207943
-0.05282848588680089
-0.08678886069673908
0.013065356771912562
-0.03045002278091502
-0.02375973362478856
0.04606131559255999
0.06292625909621563
-0.015144140805206874
0.10109672394520075
-0.06720056781523276
0.04799414960212012
-0.012372140541780041
0.051344950513199095
0.08732358904095427
-0.06258250876081561
-0.03458770640829023
-0.06109953281700342
-0.038466866176760206
0.001954162314668828
-0.09359820865597968
0.09718899306107964
-0.060513028914405353
0.025722681761052968
-0.08285893181375492
0.09718899306107964
-0.0851300246174862
0.05436809318039337
0.003822387934753202
0.03863378364598535
0.005082074600808895
0.014780240742707562
0.0025784297617263974
0.04590352204112591
0.06364954486786978
0.01661350063361855
0.02708189422255458
-0.027788545411032928
