-0.007338419158481102
-0.06720056781523276
0.11840346286310233
-0.02496648159475967
-0.028034859824940028
0.04920879849315085
0.04283497654615154
0.08759468040243501
-0.06464003578883037
0.02520341309711238
0.03443624877469453
-0.019391257313081667
0.017908695057996304
0.0027859037974478085
0.04371378571481266
0.11522232211929584
-0.04022536987465397
0.006143668794592827
-0.02243129284092049
0.028713620756199987
-0.08110299466350668
-0.0002868205956847447
-0.014438989348697362
-0.15702055781469149
-0.022368622754905587
-0.007338419158481102
0.08759468040243501
0.04371378571481266
-0.06720056781523276
0.023560334148108097
0.10109672394520075
-0.15702055781469149
0.04920879849315085
0.025649122658425227
0.0041948137923384365
0.01613403625846388
-0.15702055781469149
0.048059232237648075
-0.0013205999854228878
0.06228267241298191
0.10109672394520075
0.01347000313241331
0.0576314646823306
-0.009588853389239205
0.02773636562208104
-0.06464003578883037
0.06569838178769771
-0.051670301345440706
0.020446479141682516
-0.04126132556270612
0.04995452527457189
0.0515617796937029
-0.038466866176760206
0.04799414960212012
-0.0357902826629255
-0.0011970474263076625
0.017908695057996304
0.06925574960452696
-0.07724758378448726
0.02773636562208104
-0.013771885982464482
0.056736527751481525
0.06567138145123597
0.06605801367827979
-0.017136936568830308
-0.022821982956040543
-0.05120330655862837
0.0276177252845331
0.01699193585620762
-0.022821982956040543
0.001954162314668828
0.019778644828504
-0.03695834061658587
0.01347000313241331
0.01699193585620762
-0.011743957061684185
-0.08721982612879486
0.024801788304586125
0.026653357334457617
-0.01844849936066506
0.04333086414918519
-0.06720056781523276
-0.007317237093852569
0.037107507807760065
0.0844852260058202
0.08732358904095427
0.011553574399841615
0.04333086414918519
0.043334141200254805
0.02520341309711238
0.01724199139330551
-0.017136936568830308
-0.05129888770798985
0.049538360788050184
-0.009357776553262198
-0.007543661478351282
-0.050143819123519506
-0.050143819123519506
-0.041376638974308655
0.04823967565580034
0.0025784297617263974
0.04283497654615154
0.0022689688502968153
0.03994035520780326
0.0326533364262076
-0.06638125688640528
0.006143668794592827
-0.0636718542421022
0.026005039289207943
-0.014438989348697362
0.05436809318039337
0.030974972656109045
0.0025784297617263974
0.11522232211929584
-0.06464003578883037
0.06364954486786978
0.01579928711915457
0.02432879134386301
0.009856619194733796
-0.02862716582831837
-0.1218059774124729
0.041840431302949455
-0.050143819123519506
-0.05129888770798985
0.01579928711915457
0.001954162314668828
0.041840431302949455
0.02708189422255458
0.014780240742707562
-0.03997727574944321
0.03863378364598535
-0.03997727574944321
0.02432879134386301
0.008665176454019985
0.08121523150568599
0.026005039289207943
0.0278028767684102
0.0326533364262076
-0.0013205999854228878
-0.051670301345440706
0.056736527751481525
-0.013878349100881593
-0.08285893181375492
0.02451643163530548
-0.011743957061684185
-0.03045002278091502
-0.07414653786004877
-0.03520416182162833
0.02714223291166995
0.018593646962060006
0.01035787819304268
0.04827168718050601
-0.0489237727198617
-0.009357776553262198
0.08632977574364098
0.11522232211929584
0.007058852839625374
0.01661350063361855
-0.07892951287026762
0.04469322213864224
0.022194058573782982
0.04333086414918519
0.022194058573782982
-0.06258250876081561
-0.04466517994807795
0.0216176650818376
-0.09432889171755221
-0.045496030668886966
-0.032259158022980294
0.06806350229329183
0.01347000313241331
0.06569838178769771
-0.050143819123519506
0.037453479113841226
-0.07212958518599066
0.049538360788050184
-0.027462288324585415
0.04135586741642605
0.037107507807760065
-0.0549153461639893
-0.03997727574944321
0.04790976101641675
-0.004841918958801372
0.05436809318039337
0.03643980545838055
-0.032340875642459466
0.0278028767684102
0.06605801367827979
-0.06285634704832255
0.15300088602597928
-0.03045002278091502
-0.03458770640829023
-0.0008948035361102669
0.11840346286310233
-0.0008948035361102669
-0.022348210496932808
0.008505479129739868
0.06605801367827979
-0.060513028914405353
-0.041376638974308655
0.03882682382156144
-0.019514789449790015
0.04729149119249154
0.05182100602750328
-0.09359820865597968
0.0576314646823306
-0.07075486294590672
0.0022689688502968153
-0.022348210496932808
0.003822387934753202
0.04790976101641675
-0.002205271978588108
0.03863378364598535
0.02773636562208104
0.011553574399841615
0.01661350063361855
0.08383912323474085
-0.0002868205956847447
-0.028034859824940028
0.0344322264021244
-0.08678886069673908
-0.03173275161671363
0.011999720455214913
-0.007882998007099573
0.0576314646823306
0.04827168718050601
0.0041948137923384365
-0.04126132556270612
0.04799414960212012
-0.01956931117570271
-0.0002868205956847447
0.04469322213864224
-0.022622356364218277
0.08799230776265521
-0.012150300762606037
0.01613403625846388
-0.022821982956040543
0.03643980545838055
0.08732358904095427
0.005082074600808895
-0.02496648159475967
-0.060513028914405353
0.026005039289207943
-0.010532567714866659
0.012299756912504733
-0.05464289541014722
0.022821768641877682
0.08302714817478662
0.02432879134386301
0.0844852260058202
-0.06285634704832255
0.03643980545838055
0.11840346286310233
0.011999720455214913
0.09718899306107964
-0.06226621690008294
-0.049962429852048906
0.0025784297617263974
0.02451643163530548
-0.013771885982464482
0.15300088602597928
0.04299886054755575
0.0022689688502968153
-0.0357902826629255
-0.15702055781469149
0.003822387934753202
-0.05699148198311299
0.020567585268201682
0.0461992712042818
0.02708189422255458
-0.05586089089844393
-0.0002868205956847447
-0.027789787343500905
0.037107507807760065
-0.014438989348697362
0.04371378571481266
-0.17661184642248884
-0.03045002278091502
-0.06258250876081561
0.17000938109242547
0.013065356771912562
0.030122729138618354
0.06605801367827979
-0.01956931117570271
0.005173534568482907
0.006746455834750975
0.007058852839625374
0.020083040980136246
0.020083040980136246
0.009856619194733796
0.014780240742707562
0.04790976101641675
-0.01844849936066506
0.049538360788050184
-0.017136936568830308
-0.01686722086916248
0.01661350063361855
0.04790976101641675
-0.0002868205956847447
