-0.036421638107813514
-0.002205271978588108
-0.011743957061684185
-0.08721982612879486
-0.018864353824572078
-0.051670301345440706
-0.04126132556270612
-0.007882998007099573
0.04995452527457189
-0.007720686875989813
0.0022689688502968153
0.0041948137923384365
0.17000938109242547
0.0203593980283987
0.0344322264021244
0.0326533364262076
0.1399333926158075
-0.005818111085915234
0.09718899306107964
0.013109728048770641
0.0326533364262076
0.0041948137923384365
0.01613403625846388
-0.0011970474263076625
0.04827168718050601
-0.10819102148647719
-0.012372140541780041
-0.027462288324585415
-0.15702055781469149
0.019778644828504
0.04823967565580034
-0.047644828679283435
-0.007720686875989813
-0.05120330655862837
-0.04466517994807795
-0.08814864178677073
-0.06258250876081561
-0.002647647860884561
0.025722681761052968
-0.05586089089844393
-0.022368622754905587
0.03443624877469453
0.17000938109242547
0.026005039289207943
-0.05120330655862837
0.017908695057996304
-0.05120330655862837
-0.017242733713295877
-0.007338419158481102
-0.0007657730469858848
0.05425453554333082
-0.019514789449790015
-0.019391257313081667
-0.010204897362879883
-0.05464289541014722
0.08383912323474085
-0.027789787343500905
-0.014438989348697362
0.020567585268201682
0.11840346286310233
-0.005818111085915234
-0.004841918958801372
0.05182100602750328
0.01035787819304268
-0.047644828679283435
-0.09432889171755221
-0.022821982956040543
0.007058852839625374
-0.041376638974308655
0.013065356771912562
-0.005818111085915234
-0.004841918958801372
-0.02862716582831837
-0.03695834061658587
0.05168531023255696
-0.051670301345440706
-0.018864353824572078
-0.028034859824940028
0.018593646962060006
0.051344950513199095
0.048059232237648075
0.023512429278589764
0.049538360788050184
0.04135586741642605
-0.07075486294590672
-0.05120330655862837
-0.01956931117570271
-0.009588853389239205
-0.15702055781469149
-0.060513028914405353
0.0276177252845331
0.08653619008305125
0.026458811902690726
-0.03458770640829023
0.014780240742707562
0.02773636562208104
0.04469322213864224
0.06292625909621563
-0.032259158022980294
0.009856619194733796
-0.07724758378448726
0.037453479113841226
-0.060513028914405353
0.03994035520780326
0.05198789125700998
-0.03133707462365809
0.08121523150568599
-0.05416508205116166
0.006265799221320201
-0.041376638974308655
-0.05654058267968054
0.04283497654615154
-0.013878349100881593
-0.017136936568830308
0.05198789125700998
0.056736527751481525
-0.024170822975695394
0.020567585268201682
0.008505479129739868
0.03994035520780326
-0.012372140541780041
0.034283772423341574
0.007058852839625374
0.03643980545838055
0.04823967565580034
-0.08814864178677073
-0.008416174423421019
0.022194058573782982
0.04380656992791998
0.01347000313241331
-0.022821982956040543
0.003822387934753202
0.0844852260058202
0.17000938109242547
-0.012150300762606037
-0.007543661478351282
0.03863378364598535
-0.01249170093178087
-0.06464003578883037
-0.15702055781469149
-0.12033949778566289
0.013065356771912562
0.04995452527457189
0.04790976101641675
-0.024170822975695394
-0.0002868205956847447
0.11840346286310233
-0.036421638107813514
-0.008416174423421019
0.08759468040243501
0.017908695057996304
0.014780240742707562
0.022194058573782982
0.02927401578257438
0.04827168718050601
0.01724199139330551
0.04299886054755575
-0.022348210496932808
-0.06053051312501001
0.005173534568482907
-0.022368622754905587
-0.03045002278091502
0.08799230776265521
-0.012372140541780041
-0.08285893181375492
-0.022348210496932808
-0.04126132556270612
0.06569838178769771
-0.09570667993071069
-0.027789787343500905
0.07382421435571018
0.01724199139330551
0.0165919313161762
0.029794720012301212
0.01035787819304268
0.01724199139330551
0.06292625909621563
-0.022348210496932808
0.01347000313241331
-0.01844849936066506
-0.007317237093852569
-0.005105231073404326
0.04371378571481266
0.04391937482752173
0.08759468040243501
-0.012372140541780041
0.15300088602597928
0.07518071596092746
0.04048653167530425
0.04135586741642605
0.025722681761052968
-0.06226621690008294
0.02708189422255458
0.11522232211929584
0.17000938109242547
-0.027789787343500905
0.02773636562208104
-0.036421638107813514
0.08080248335888918
0.030122729138618354
-0.0851300246174862
0.06569838178769771
0.01716964896203166
-0.010532567714866659
-0.049962429852048906
-0.017136936568830308
-0.12033949778566289
0.04920879849315085
0.08632977574364098
0.003822387934753202
-0.028034859824940028
0.04135586741642605
0.012299756912504733
0.0326533364262076
0.012394543666532698
0.022821768641877682
0.006143668794592827
-0.06109953281700342
-0.06464003578883037
-0.018864353824572078
0.07060672059698447
0.017908695057996304
0.03973066370480538
0.08383912323474085
-0.06285634704832255
0.08302714817478662
-0.05129888770798985
0.0276177252845331
-0.07075486294590672
0.05436809318039337
0.02714223291166995
0.03643980545838055
0.011999720455214913
0.015089270086424023
0.04799414960212012
-0.05129888770798985
0.014471610315426986
0.017908695057996304
-0.05282848588680089
-0.021161035659430283
-0.03270475340709922
-0.0005187167995490682
0.10109672394520075
0.02432879134386301
0.056736527751481525
-0.009588853389239205
0.005082074600808895
0.0515617796937029
0.08632977574364098
-0.013771885982464482
-0.019391257313081667
0.030122729138618354
-0.041376638974308655
-0.04022536987465397
0.09718899306107964
-0.0851300246174862
-0.045496030668886966
-0.051670301345440706
0.07382421435571018
-0.027789787343500905
-0.013878349100881593
0.15300088602597928
-0.06258250876081561
-0.15702055781469149
0.01724199139330551
0.13480548385110502
-0.05699148198311299
0.06364954486786978
0.02708189422255458
-0.002205271978588108
-0.06638125688640528
-0.005105231073404326
0.01579928711915457
0.08759468040243501
-0.02862716582831837
-0.022898889969576786
-0.08814864178677073
0.001954162314668828
0.07382421435571018
0.014471610315426986
0.0027859037974478085
-0.049962429852048906
0.011553574399841615
-0.009588853389239205
0.04799414960212012
0.008505479129739868
0.11840346286310233
-0.049962429852048906
-0.0011970474263076625
-0.06720056781523276
0.03208636570286316
-0.01249170093178087
0.06364954486786978
0.08176108754913614
-0.0849833488167917
-0.03045002278091502
-0.04022536987465397
0.06806350229329183
0.07518071596092746
