0.04790976101641675
-0.015144140805206874
-0.03270475340709922
0.011999720455214913
0.03973066370480538
0.06994395962703592
-0.0636718542421022
0.08121523150568599
-0.017242733713295877
-0.10013006587302442
-0.007720686875989813
0.011553574399841615
0.0576314646823306
-0.07414653786004877
-0.017242733713295877
0.17000938109242547
0.06228267241298191
-0.05129888770798985
-0.08721982612879486
-0.07212958518599066
0.01716964896203166
0.03443624877469453
0.043334141200254805
-0.05416508205116166
-0.0549153461639893
-0.002647647860884561
0.008665176454019985
-0.0007657730469858848
0.08799230776265521
0.05182100602750328
0.025722681761052968
0.030122729138618354
-0.2546008091448053
0.031017376704207678
0.037453479113841226
0.01716964896203166
-0.08721982612879486
-0.0011970474263076625
-0.007720686875989813
0.025524068456756588
0.0278028767684102
-0.0357902826629255
0.024801788304586125
-0.09570667993071069
0.008505479129739868
0.03882682382156144
0.06569838178769771
0.043334141200254805
0.02773636562208104
0.04790976101641675
-0.019514789449790015
-0.06285634704832255
0.06994395962703592
-0.060513028914405353
0.023560334148108097
0.08080248335888918
0.01579928711915457
0.0276177252845331
0.037453479113841226
-0.012372140541780041
0.017908695057996304
-0.05654058267968054
0.06292625909621563
0.007058852839625374
0.012394543666532698
-0.038466866176760206
-0.050143819123519506
-0.07892951287026762
0.04283497654615154
-0.028034859824940028
-0.22146034456414654
0.012299756912504733
-0.028034859824940028
-0.007317237093852569
0.014471610315426986
0.07518071596092746
0.08383912323474085
-0.013878349100881593
0.04995452527457189
0.043334141200254805
0.024801788304586125
-0.011743957061684185
0.04827168718050601
-0.05120330655862837
-0.05282848588680089
0.005173534568482907
0.03208636570286316
-0.10819102148647719
-0.06226621690008294
0.06925574960452696
0.11840346286310233
-0.0008948035361102669
-0.06464003578883037
-0.0005187167995490682
0.013065356771912562
0.005082074600808895
0.06292625909621563
0.0041948137923384365
0.07382421435571018
0.17000938109242547
0.01347000313241331
0.014471610315426986
0.02451643163530548
0.01347000313241331
0.006746455834750975
-0.03458770640829023
-0.06053051312501001
0.04729149119249154
-0.021161035659430283
-0.07075486294590672
-0.08814864178677073
0.08302714817478662
0.0326533364262076
0.062467374718552904
-0.019391257313081667
-0.0357902826629255
-0.022348210496932808
0.07518071596092746
0.04283497654615154
0.01716964896203166
0.049538360788050184
-0.032259158022980294
-0.004841918958801372
0.024801788304586125
0.003822387934753202
0.04665297339942498
0.029794720012301212
-0.051670301345440706
0.062467374718552904
0.009856619194733796
-0.05983064969141072
0.007058852839625374
0.0022689688502968153
-0.019391257313081667
0.01347000313241331
0.013109728048770641
-0.09570667993071069
-0.028034859824940028
0.03863378364598535
-0.03563356684104946
0.17000938109242547
-0.06109953281700342
0.08121523150568599
0.025649122658425227
0.0016709762031741349
-0.007543661478351282
-0.09359820865597968
-0.047644828679283435
-0.03917887174705115
-0.08678886069673908
0.006143668794592827
0.03994035520780326
-0.04126132556270612
0.0512476844333456
0.07518071596092746
0.04823967565580034
-0.05654058267968054
0.04590352204112591
0.03994035520780326
0.10240276235625068
-0.021161035659430283
0.0203593980283987
-0.005105231073404326
0.04995452527457189
0.01579928711915457
-0.010532567714866659
0.0203593980283987
-0.07724758378448726
0.034283772423341574
0.07060672059698447
0.009856619194733796
-0.02496648159475967
0.012299756912504733
-0.0636718542421022
0.013065356771912562
0.048059232237648075
-0.010532567714866659
0.039209693040964666
0.02927401578257438
-0.02375973362478856
-0.027462288324585415
0.013065356771912562
-0.002647647860884561
0.04391937482752173
-0.08678886069673908
-0.0038562351615762935
0.047513051758585334
-0.018864353824572078
0.0022689688502968153
-0.021161035659430283
0.013109728048770641
0.04606131559255999
0.04799414960212012
-0.002205271978588108
0.05425453554333082
0.01046829599036414
-0.019514789449790015
-0.022368622754905587
-0.06193714350214741
0.014780240742707562
-0.0013205999854228878
0.06605801367827979
-0.0008948035361102669
-0.0007657730469858848
0.0688088340488946
0.04371378571481266
-0.06053051312501001
-0.021161035659430283
0.047513051758585334
-0.0489237727198617
0.019778644828504
0.020083040980136246
-0.019514789449790015
0.01579928711915457
-0.036421638107813514
-0.022821982956040543
0.024801788304586125
0.06806350229329183
0.006143668794592827
0.04333086414918519
-0.005105231073404326
-0.04126132556270612
0.08302714817478662
0.014471610315426986
0.047513051758585334
-0.08110299466350668
0.017908695057996304
0.023560334148108097
0.01724199139330551
-0.041376638974308655
-0.007720686875989813
-0.019391257313081667
-0.02375973362478856
0.06994395962703592
0.020446479141682516
-0.012372140541780041
-0.0038562351615762935
0.01613403625846388
-0.0007657730469858848
0.03443624877469453
0.009856619194733796
0.02432879134386301
0.011999720455214913
0.022821768641877682
0.031017376704207678
0.0326533364262076
0.06364954486786978
-0.06193714350214741
0.0515617796937029
-0.007338419158481102
-0.007882998007099573
0.026458811902690726
-0.03173275161671363
0.0515617796937029
0.08759468040243501
-0.018864353824572078
0.01035787819304268
0.08759468040243501
0.034283772423341574
0.06567138145123597
0.02432879134386301
0.08759468040243501
0.006746455834750975
-0.09570667993071069
0.03861575224405023
0.024801788304586125
0.03643980545838055
-0.0013205999854228878
0.012390402416693647
-0.022622356364218277
0.047513051758585334
-0.036421638107813514
0.01724199139330551
-0.0002495311402075373
-0.07075486294590672
0.08080248335888918
-0.0489237727198617
0.012299756912504733
0.019778644828504
-0.007882998007099573
0.04606131559255999
0.008665176454019985
0.06994395962703592
0.08080248335888918
0.04371378571481266
0.04590352204112591
-0.019391257313081667
0.030122729138618354
-0.0489237727198617
0.0041948137923384365
0.0512476844333456
-0.2546008091448053
-0.06109953281700342
0.034283772423341574
-0.03520416182162833
-0.04466517994807795
0.037453479113841226
0.03994035520780326
-0.004841918958801372
