-0.0849833488167917
-0.05654058267968054
0.04823967565580034
0.08383912323474085
-0.17661184642248884
0.06569838178769771
0.04590352204112591
0.04283497654615154
0.0022689688502968153
-0.036421638107813514
-0.011743957061684185
0.06806350229329183
0.04920879849315085
-0.017136936568830308
0.06316607709876365
-0.06109953281700342
-0.05699148198311299
0.028713620756199987
0.026653357334457617
0.013065356771912562
-0.03133707462365809
0.0276177252845331
-0.06720056781523276
0.029794720012301212
0.03863378364598535
-0.02496648159475967
0.005173534568482907
-0.010204897362879883
0.07586149829868472
0.05436809318039337
0.03994035520780326
0.01347000313241331
-0.0002495311402075373
-0.02243129284092049
0.041840431302949455
-0.05282848588680089
0.026653357334457617
-0.018864353824572078
-0.04022536987465397
-0.05464289541014722
-0.017136936568830308
0.07382421435571018
0.0027859037974478085
-0.0011970474263076625
0.01724199139330551
0.013040071944516285
0.039209693040964666
-0.045496030668886966
-0.027788545411032928
-0.038466866176760206
-0.047644828679283435
-0.007720686875989813
0.02520341309711238
-0.0008948035361102669
-0.008416174423421019
-0.013878349100881593
0.05168531023255696
-0.01249170093178087
0.08799230776265521
-0.09570667993071069
-0.03563356684104946
-0.07724758378448726
-0.028034859824940028
-0.12033949778566289
-0.06109953281700342
-0.014438989348697362
0.007058852839625374
0.020567585268201682
0.03994035520780326
0.08759468040243501
-0.005818111085915234
0.01046829599036414
0.047513051758585334
0.13480548385110502
0.026458811902690726
0.030974972656109045
0.005173534568482907
0.0027859037974478085
0.06569838178769771
0.048059232237648075
-0.0002495311402075373
0.08632977574364098
0.08302714817478662
0.03863378364598535
-0.07414653786004877
-0.027789787343500905
0.03973066370480538
-0.1218059774124729
0.008505479129739868
-0.03563356684104946
-0.0011970474263076625
0.0165919313161762
-0.09432889171755221
0.0276177252845331
0.006265799221320201
-0.05416508205116166
0.06925574960452696
-0.007543661478351282
-0.007720686875989813
0.0344322264021244
-0.011743957061684185
0.1417808980890598
-0.07465345378649157
-0.014438989348697362
0.030974972656109045
-0.02375973362478856
0.06364954486786978
0.06316607709876365
0.01347000313241331
-0.12033949778566289
0.05198789125700998
-0.019514789449790015
0.02520341309711238
-0.06226621690008294
0.03994035520780326
0.04995452527457189
0.03973066370480538
0.01613403625846388
0.051344950513199095
-0.036421638107813514
0.01716964896203166
0.0025784297617263974
-0.03458770640829023
0.029794720012301212
0.06569838178769771
-0.07075486294590672
-0.002647647860884561
-0.036421638107813514
-0.010532567714866659
0.06994395962703592
0.048059232237648075
-0.07465345378649157
0.06569838178769771
0.04790976101641675
-0.012150300762606037
-0.03173275161671363
-0.037433866920196124
-0.06638125688640528
-0.0489237727198617
-0.013878349100881593
-0.002647647860884561
-0.008416174423421019
-0.07724758378448726
0.013109728048770641
-0.007720686875989813
-0.01249170093178087
-0.027462288324585415
0.007058852839625374
0.031017376704207678
0.04333086414918519
-0.007543661478351282
0.01613403625846388
-0.03270475340709922
0.014471610315426986
0.037107507807760065
0.04135586741642605
-0.010204897362879883
0.04665297339942498
-0.07465345378649157
0.08653619008305125
0.06925574960452696
-0.0002868205956847447
0.005173534568482907
0.17000938109242547
0.08759468040243501
-0.10013006587302442
-0.2546008091448053
0.026653357334457617
0.1399333926158075
-0.037433866920196124
-0.013771885982464482
-0.03458770640829023
0.008505479129739868
0.04048653167530425
0.04995452527457189
-0.027789787343500905
0.001954162314668828
0.06567138145123597
-0.027393577402978764
-0.060513028914405353
-0.012372140541780041
-0.051670301345440706
0.04729149119249154
0.04729149119249154
0.06761705055254463
-0.06109953281700342
0.01035787819304268
-0.015144140805206874
-0.0549153461639893
0.01716964896203166
-0.06285634704832255
0.05799658946616226
0.03208636570286316
0.08176108754913614
0.06806350229329183
0.005082074600808895
-0.0489237727198617
-0.08143178414826124
0.025649122658425227
0.006746455834750975
-0.13034379599603163
-0.0489237727198617
0.008505479129739868
-0.0002868205956847447
0.012299756912504733
-0.04126132556270612
-0.03917887174705115
-0.05983064969141072
0.02714223291166995
0.06806350229329183
-0.06258250876081561
-0.05654058267968054
-0.05120330655862837
0.020567585268201682
-0.0002868205956847447
-0.01844849936066506
-0.08814864178677073
0.06292625909621563
-0.015144140805206874
-0.13034379599603163
-0.027789787343500905
-0.03173275161671363
0.03882682382156144
-0.05699148198311299
-0.004841918958801372
-0.03133707462365809
-0.05654058267968054
0.0512476844333456
0.06292625909621563
-0.018864353824572078
-0.03563356684104946
-0.06464003578883037
0.005173534568482907
0.04823967565580034
0.023512429278589764
-0.013878349100881593
-0.0007657730469858848
0.0203593980283987
-0.0851300246174862
0.08732358904095427
-0.0005187167995490682
-0.009357776553262198
0.045224792909892564
-0.0002868205956847447
-0.013771885982464482
0.025649122658425227
0.026005039289207943
-0.028034859824940028
0.06994395962703592
0.049538360788050184
-0.0849833488167917
-0.05654058267968054
-0.007543661478351282
0.039209693040964666
-0.06285634704832255
0.043334141200254805
-0.08814864178677073
0.0326533364262076
0.08302714817478662
0.048059232237648075
0.04823967565580034
0.0326533364262076
0.012394543666532698
0.003822387934753202
-0.047644828679283435
0.04590352204112591
-0.017242733713295877
0.028713620756199987
0.0022689688502968153
-0.08814864178677073
-0.051670301345440706
-0.07075486294590672
0.06605801367827979
0.11522232211929584
-0.018864353824572078
0.07518071596092746
-0.0636718542421022
-0.05129888770798985
0.07518071596092746
-0.01686722086916248
0.023512429278589764
0.04299886054755575
-0.05282848588680089
0.04299886054755575
0.07382421435571018
-0.060513028914405353
-0.03917887174705115
-0.02862716582831837
0.04920879849315085
-0.032340875642459466
0.02451643163530548
-0.0489237727198617
-0.049962429852048906
-0.06109953281700342
-0.012150300762606037
-0.04466517994807795
0.045224792909892564
-0.022368622754905587
0.01613403625846388
