-0.03173275161671363
0.07586149829868472
0.0461992712042818
-0.028034859824940028
0.05182100602750328
0.022821768641877682
0.024801788304586125
0.028713620756199987
0.08799230776265521
0.019778644828504
-0.038466866176760206
0.007058852839625374
0.011553574399841615
-0.08285893181375492
-0.022622356364218277
0.005082074600808895
0.05799658946616226
-0.01956931117570271
-0.1218059774124729
-0.06193714350214741
-0.0007657730469858848
-0.06053051312501001
-0.013878349100881593
-0.13034379599603163
-0.08678886069673908
0.011553574399841615
0.030122729138618354
0.05182100602750328
0.043334141200254805
-0.0851300246174862
0.047513051758585334
0.062467374718552904
0.02520341309711238
-0.028034859824940028
-0.03458770640829023
0.02432879134386301
0.02708189422255458
0.005173534568482907
-0.032259158022980294
-0.04022536987465397
-0.05282848588680089
0.025649122658425227
-0.0851300246174862
-0.02862716582831837
-0.08143178414826124
-0.06109953281700342
0.008505479129739868
-0.13034379599603163
-0.0007657730469858848
-0.07892951287026762
0.08799230776265521
-0.028034859824940028
0.0027859037974478085
-0.05120330655862837
0.0576314646823306
-0.019514789449790015
0.009856619194733796
-0.007882998007099573
0.0027859037974478085
0.045224792909892564
-0.08126108737944548
0.0203593980283987
0.04371378571481266
0.05182100602750328
0.003822387934753202
-0.018864353824572078
0.005082074600808895
-0.07075486294590672
-0.03997727574944321
0.04299886054755575
-0.024170822975695394
-0.03917887174705115
0.0576314646823306
0.0515617796937029
-0.0008948035361102669
-0.011743957061684185
-0.04022536987465397
0.0216176650818376
-0.06720056781523276
0.06318283133468316
0.005173534568482907
0.006265799221320201
0.008665176454019985
-0.01844849936066506
0.0515617796937029
0.0027859037974478085
-0.06053051312501001
-0.05586089089844393
-0.0011970474263076625
-0.07892951287026762
-0.060513028914405353
-0.0851300246174862
-0.03045002278091502
0.03643980545838055
0.026458811902690726
-0.22146034456414654
-0.08678886069673908
0.049538360788050184
0.04606131559255999
-0.019514789449790015
0.04590352204112591
0.04391937482752173
0.11522232211929584
0.02432879134386301
0.06761705055254463
0.0027859037974478085
0.006265799221320201
0.0041948137923384365
0.048059232237648075
0.0165919313161762
0.11522232211929584
0.03208636570286316
0.04590352204112591
-0.02862716582831837
0.017908695057996304
0.03861575224405023
0.003822387934753202
-0.06226621690008294
0.05799658946616226
-0.0005187167995490682
0.08799230776265521
-0.07414653786004877
0.06567138145123597
0.05198789125700998
-0.02496648159475967
0.014780240742707562
-0.047644828679283435
0.06228267241298191
-0.03695834061658587
-0.17661184642248884
0.020083040980136246
-0.08285893181375492
-0.019514789449790015
-0.0002495311402075373
-0.08285893181375492
-0.027393577402978764
-0.002647647860884561
-0.03695834061658587
0.006265799221320201
0.014471610315426986
0.02432879134386301
0.08632977574364098
0.015089270086424023
-0.03458770640829023
-0.07724758378448726
-0.022368622754905587
-0.03270475340709922
0.05425453554333082
-0.007882998007099573
-0.032259158022980294
-0.06258250876081561
0.041840431302949455
-0.05699148198311299
-0.017242733713295877
0.02520341309711238
0.014780240742707562
-0.022821982956040543
-0.07414653786004877
-0.09359820865597968
0.01046829599036414
0.06994395962703592
-0.08110299466350668
0.005173534568482907
0.026653357334457617
-0.022348210496932808
0.026653357334457617
0.037453479113841226
-0.03133707462365809
0.06761705055254463
0.051344950513199095
0.013040071944516285
0.0041948137923384365
-0.05282848588680089
-0.0489237727198617
-0.022622356364218277
0.01347000313241331
-0.036421638107813514
-0.07075486294590672
0.014780240742707562
0.04048653167530425
0.006746455834750975
-0.07724758378448726
0.1417808980890598
0.025649122658425227
-0.13034379599603163
0.08653619008305125
0.041840431302949455
-0.05120330655862837
0.012299756912504733
-0.005818111085915234
-0.027393577402978764
-0.0038562351615762935
0.09718899306107964
0.0461992712042818
0.08759468040243501
0.06925574960452696
0.009856619194733796
-0.01249170093178087
-0.009357776553262198
0.014471610315426986
-0.06464003578883037
0.037453479113841226
0.07060672059698447
-0.027789787343500905
0.051344950513199095
-0.032259158022980294
-0.07212958518599066
-0.02243129284092049
0.15300088602597928
0.034283772423341574
0.031017376704207678
-0.038466866176760206
0.008505479129739868
0.031017376704207678
0.06605801367827979
0.014780240742707562
-0.024170822975695394
0.0216176650818376
-0.0357902826629255
0.012394543666532698
0.020567585268201682
0.02773636562208104
-0.2546008091448053
-0.06638125688640528
0.0025784297617263974
0.015089270086424023
0.019778644828504
0.006746455834750975
0.0016709762031741349
0.05425453554333082
0.02451643163530548
-0.0357902826629255
-0.0038562351615762935
-0.05654058267968054
0.02451643163530548
0.08632977574364098
0.0576314646823306
0.0165919313161762
0.06605801367827979
0.019778644828504
-0.037433866920196124
-0.011743957061684185
-0.051670301345440706
-0.0008948035361102669
-0.08143178414826124
-0.0013205999854228878
0.1417808980890598
0.005082074600808895
-0.06464003578883037
-0.022348210496932808
-0.01956931117570271
0.03863378364598535
0.1417808980890598
0.024801788304586125
-0.004841918958801372
-0.03045002278091502
-0.1218059774124729
0.04371378571481266
0.05182100602750328
0.06761705055254463
0.08732358904095427
-0.08285893181375492
0.014471610315426986
0.11840346286310233
0.04790976101641675
0.013065356771912562
-0.08126108737944548
0.018593646962060006
-0.005818111085915234
-0.018864353824572078
-0.0038562351615762935
-0.005818111085915234
0.026653357334457617
-0.032340875642459466
0.022194058573782982
-0.022348210496932808
0.017908695057996304
-0.005818111085915234
0.08632977574364098
-0.07724758378448726
0.07382421435571018
-0.08721982612879486
0.04799414960212012
0.020446479141682516
-0.06053051312501001
0.06605801367827979
0.04590352204112591
0.006265799221320201
-0.03133707462365809
-0.017136936568830308
0.04729149119249154
0.05182100602750328
-0.022622356364218277
-0.022622356364218277
0.04920879849315085
-0.0489237727198617
0.025524068456756588
0.10240276235625068
0.005173534568482907
