-0.05282848588680089
0.08302714817478662
0.01716964896203166
0.01661350063361855
0.08759468040243501
0.025649122658425227
-0.002647647860884561
-0.08721982612879486
-0.013878349100881593
0.02714223291166995
0.02773636562208104
0.026005039289207943
0.0512476844333456
0.028713620756199987
-0.012372140541780041
0.08176108754913614
0.0016709762031741349
-0.06193714350214741
-0.07892951287026762
0.01699193585620762
0.023512429278589764
0.030974972656109045
-0.07724758378448726
0.1399333926158075
-0.13034379599603163
0.04665297339942498
-0.07414653786004877
0.014780240742707562
-0.17661184642248884
-0.021161035659430283
0.048059232237648075
0.009856619194733796
0.01035787819304268
0.037453479113841226
-0.015144140805206874
0.0276177252845331
0.05198789125700998
0.001954162314668828
-0.01249170093178087
0.013109728048770641
-0.0849833488167917
-0.0489237727198617
0.031017376704207678
0.030974972656109045
0.02520341309711238
-0.032259158022980294
0.037453479113841226
0.015089270086424023
-0.036421638107813514
0.02432879134386301
0.06806350229329183
0.009856619194733796
0.0326533364262076
-0.10013006587302442
0.04135586741642605
0.029794720012301212
-0.05282848588680089
-0.02243129284092049
-0.04022536987465397
-0.002647647860884561
0.012299756912504733
0.031017376704207678
0.05182100602750328
-0.045496030668886966
-0.0002495311402075373
-0.01956931117570271
0.0515617796937029
0.06364954486786978
-0.08126108737944548
-0.027788545411032928
-0.0849833488167917
0.08653619008305125
0.01661350063361855
0.05436809318039337
0.019778644828504
0.04799414960212012
0.011999720455214913
-0.0002868205956847447
0.01661350063361855
-0.027462288324585415
0.012394543666532698
-0.07075486294590672
0.005082074600808895
0.06292625909621563
-0.022368622754905587
0.07060672059698447
0.1399333926158075
-0.01956931117570271
0.04371378571481266
0.022821768641877682
0.026653357334457617
0.006143668794592827
0.03973066370480538
0.08632977574364098
-0.0489237727198617
-0.015144140805206874
0.08653619008305125
-0.17661184642248884
-0.0002495311402075373
-0.22146034456414654
-0.03563356684104946
0.030122729138618354
-0.060513028914405353
0.0022689688502968153
0.07382421435571018
0.051344950513199095
-0.06109953281700342
0.01347000313241331
-0.036421638107813514
-0.050143819123519506
0.030974972656109045
0.029794720012301212
0.08653619008305125
0.02927401578257438
0.0216176650818376
-0.002205271978588108
-0.10013006587302442
-0.04466517994807795
-0.022622356364218277
-0.22146034456414654
0.013065356771912562
0.05182100602750328
0.005082074600808895
0.030974972656109045
0.1399333926158075
-0.049962429852048906
-0.10819102148647719
0.037107507807760065
0.005082074600808895
0.03882682382156144
-0.05120330655862837
-0.007338419158481102
-0.027393577402978764
-0.02375973362478856
0.056736527751481525
0.009856619194733796
-0.05120330655862837
-0.06053051312501001
0.1417808980890598
0.03861575224405023
0.005173534568482907
0.045224792909892564
-0.013771885982464482
-0.002647647860884561
0.06569838178769771
-0.049962429852048906
-0.04022536987465397
-0.10819102148647719
-0.08678886069673908
0.022821768641877682
-0.004841918958801372
0.0203593980283987
0.025524068456756588
-0.06226621690008294
0.07382421435571018
0.008505479129739868
0.026005039289207943
-0.049962429852048906
-0.032259158022980294
0.02708189422255458
-0.03997727574944321
-0.03997727574944321
-0.013771885982464482
0.06994395962703592
-0.047644828679283435
-0.06638125688640528
0.062467374718552904
-0.03133707462365809
0.026005039289207943
-0.08678886069673908
0.06569838178769771
-0.08126108737944548
0.041840431302949455
-0.004841918958801372
0.06318283133468316
0.026458811902690726
0.10109672394520075
-0.060513028914405353
0.04827168718050601
-0.027393577402978764
0.020567585268201682
0.1399333926158075
0.0278028767684102
0.08080248335888918
-0.012150300762606037
0.10240276235625068
0.11522232211929584
-0.1218059774124729
0.06364954486786978
-0.0005187167995490682
-0.024170822975695394
0.005082074600808895
-0.027788545411032928
-0.09359820865597968
0.03208636570286316
-0.027462288324585415
0.047513051758585334
0.0278028767684102
-0.032340875642459466
0.022821768641877682
0.08302714817478662
0.09718899306107964
0.018593646962060006
0.0016709762031741349
-0.12033949778566289
0.0276177252845331
-0.05699148198311299
-0.05699148198311299
0.0027859037974478085
0.03443624877469453
0.08632977574364098
-0.019391257313081667
-0.027788545411032928
-0.060513028914405353
0.045224792909892564
0.06318283133468316
-0.017242733713295877
-0.004841918958801372
-0.011743957061684185
0.026458811902690726
0.04665297339942498
-0.01956931117570271
-0.007317237093852569
0.01613403625846388
-0.051670301345440706
0.04590352204112591
0.01347000313241331
-0.01249170093178087
0.11840346286310233
-0.007338419158481102
0.13480548385110502
0.08759468040243501
-0.08143178414826124
0.03208636570286316
-0.007317237093852569
-0.0357902826629255
-0.02375973362478856
-0.007882998007099573
-0.005818111085915234
0.1399333926158075
-0.06193714350214741
0.13204555949274965
-0.027393577402978764
-0.12033949778566289
-0.01844849936066506
0.08080248335888918
0.0041948137923384365
0.04283497654615154
0.0576314646823306
0.014780240742707562
0.04790976101641675
0.04799414960212012
0.03973066370480538
0.008665176454019985
0.1417808980890598
0.08632977574364098
-0.010532567714866659
0.022821768641877682
0.05436809318039337
-0.005105231073404326
-0.022348210496932808
0.001954162314668828
-0.027462288324585415
0.08302714817478662
0.005082074600808895
-0.013771885982464482
0.006143668794592827
0.006143668794592827
-0.0489237727198617
0.011999720455214913
0.02773636562208104
0.07382421435571018
-0.05586089089844393
-0.02375973362478856
-0.038466866176760206
-0.017136936568830308
0.03643980545838055
0.07382421435571018
0.06806350229329183
-0.0005187167995490682
-0.08814864178677073
0.01661350063361855
0.047513051758585334
-0.007720686875989813
-0.03173275161671363
0.001954162314668828
-0.04126132556270612
-0.019391257313081667
-0.027462288324585415
0.0461992712042818
-0.012150300762606037
-0.15702055781469149
-0.0038562351615762935
0.03973066370480538
-0.08678886069673908
0.08632977574364098
-0.028034859824940028
-0.05416508205116166
0.02773636562208104
