-0.09570667993071069
0.04823967565580034
0.017908695057996304
-0.08678886069673908
0.02451643163530548
-0.1218059774124729
-0.015144140805206874
-0.041376638974308655
0.007058852839625374
0.06925574960452696
0.006143668794592827
0.0276177252845331
-0.03917887174705115
-0.06720056781523276
-0.2546008091448053
0.03208636570286316
0.06569838178769771
-0.08814864178677073
0.006265799221320201
0.10240276235625068
-0.028034859824940028
0.06994395962703592
-0.06258250876081561
0.025649122658425227
0.04823967565580034
0.02520341309711238
0.07586149829868472
-0.07724758378448726
-0.0002495311402075373
-0.009357776553262198
-0.05120330655862837
-0.07075486294590672
0.0165919313161762
-0.1218059774124729
0.04823967565580034
0.04995452527457189
0.06228267241298191
-0.0002868205956847447
-0.047644828679283435
0.03994035520780326
0.11840346286310233
-0.06464003578883037
-0.041376638974308655
-0.06109953281700342
-0.03133707462365809
0.02927401578257438
0.04606131559255999
-0.06109953281700342
0.01613403625846388
0.06292625909621563
-0.02496648159475967
0.01699193585620762
-0.0002495311402075373
0.017908695057996304
-0.027462288324585415
0.030974972656109045
-0.08143178414826124
0.04823967565580034
0.03882682382156144
0.030122729138618354
0.013109728048770641
-0.0002495311402075373
0.0216176650818376
-0.04022536987465397
0.005082074600808895
0.017908695057996304
0.009856619194733796
-0.047644828679283435
0.08383912323474085
0.0025784297617263974
-0.06638125688640528
-0.010204897362879883
0.03994035520780326
0.048059232237648075
-0.15702055781469149
0.029794720012301212
0.01699193585620762
-0.08285893181375492
-0.02862716582831837
0.01347000313241331
-0.007338419158481102
0.02773636562208104
-0.010204897362879883
0.011553574399841615
0.056736527751481525
0.0326533364262076
-0.010204897362879883
0.015089270086424023
0.030122729138618354
-0.08285893181375492
-0.010532567714866659
0.04590352204112591
0.006746455834750975
0.07060672059698447
0.025524068456756588
0.02451643163530548
0.014780240742707562
-0.017242733713295877
0.0326533364262076
0.08121523150568599
0.0344322264021244
-0.027462288324585415
0.13480548385110502
0.005082074600808895
0.045224792909892564
-0.22146034456414654
0.009856619194733796
0.048059232237648075
0.02451643163530548
-0.0002495311402075373
-0.036421638107813514
0.10240276235625068
0.04299886054755575
-0.022622356364218277
-0.015144140805206874
-0.07465345378649157
0.02451643163530548
-0.024170822975695394
-0.06193714350214741
0.06806350229329183
0.026458811902690726
-0.05129888770798985
0.013109728048770641
0.01035787819304268
0.047513051758585334
-0.005105231073404326
0.005173534568482907
-0.09432889171755221
0.025722681761052968
0.06316607709876365
0.026653357334457617
-0.028034859824940028
-0.04126132556270612
-0.06638125688640528
-0.027393577402978764
0.04469322213864224
-0.017136936568830308
-0.01686722086916248
0.056736527751481525
0.0688088340488946
-0.013878349100881593
0.030974972656109045
0.026458811902690726
0.06605801367827979
0.025649122658425227
-0.0357902826629255
-0.03458770640829023
0.011999720455214913
-0.12033949778566289
0.011999720455214913
0.026005039289207943
0.023560334148108097
0.0326533364262076
0.020446479141682516
0.062467374718552904
0.08176108754913614
0.006143668794592827
-0.013771885982464482
-0.027789787343500905
-0.0636718542421022
0.06569838178769771
0.05436809318039337
0.0027859037974478085
-0.04022536987465397
0.11522232211929584
-0.0002495311402075373
0.07382421435571018
-0.013878349100881593
0.06761705055254463
-0.0011970474263076625
-0.0489237727198617
-0.0011970474263076625
0.04371378571481266
-0.02862716582831837
-0.0849833488167917
0.04799414960212012
-0.08678886069673908
0.06605801367827979
0.04590352204112591
0.03208636570286316
-0.022821982956040543
-0.021161035659430283
0.020083040980136246
0.013065356771912562
-0.05699148198311299
0.01699193585620762
-0.08126108737944548
-0.05586089089844393
0.006746455834750975
0.03443624877469453
-0.010204897362879883
0.013065356771912562
0.062467374718552904
-0.04022536987465397
0.04048653167530425
0.0027859037974478085
0.0688088340488946
0.05198789125700998
0.020446479141682516
0.025722681761052968
0.04380656992791998
0.06228267241298191
0.08302714817478662
-0.10013006587302442
0.041840431302949455
-0.007317237093852569
0.013065356771912562
0.04995452527457189
-0.007317237093852569
0.08302714817478662
0.13480548385110502
-0.08143178414826124
-0.011743957061684185
-0.028034859824940028
0.05182100602750328
-0.03917887174705115
0.04469322213864224
-0.050143819123519506
-0.012372140541780041
0.0344322264021244
0.04333086414918519
0.04790976101641675
-0.050143819123519506
0.020567585268201682
0.0515617796937029
-0.06258250876081561
0.013065356771912562
0.056736527751481525
0.07586149829868472
-0.01249170093178087
-0.07414653786004877
0.039209693040964666
0.01613403625846388
-0.009588853389239205
-0.049962429852048906
0.04799414960212012
-0.08143178414826124
0.0203593980283987
0.08302714817478662
0.022194058573782982
0.031017376704207678
-0.028034859824940028
-0.0636718542421022
0.04391937482752173
-0.06109953281700342
0.048059232237648075
-0.04466517994807795
0.07060672059698447
-0.0636718542421022
0.04391937482752173
0.06761705055254463
-0.06193714350214741
-0.036421638107813514
-0.03997727574944321
0.008665176454019985
-0.17661184642248884
0.03643980545838055
0.01347000313241331
0.01579928711915457
0.003822387934753202
0.023560334148108097
-0.0005187167995490682
0.04371378571481266
-0.027462288324585415
-0.03563356684104946
0.08383912323474085
0.08383912323474085
-0.1218059774124729
0.009856619194733796
-0.07892951287026762
-0.06638125688640528
0.04790976101641675
-0.017242733713295877
0.037453479113841226
0.0027859037974478085
0.013040071944516285
-0.021161035659430283
0.08383912323474085
0.043334141200254805
-0.05699148198311299
0.04299886054755575
-0.10013006587302442
0.026653357334457617
-0.050143819123519506
-0.005105231073404326
0.06567138145123597
0.006265799221320201
-0.0002868205956847447
0.056736527751481525
-0.06226621690008294
0.17000938109242547
0.0326533364262076
0.05436809318039337
-0.045496030668886966
-0.03917887174705115
-0.028034859824940028
0.008505479129739868
0.07060672059698447
0.022821768641877682
