0.07382421435571018
0.08080248335888918
0.05198789125700998
0.04606131559255999
-0.007338419158481102
-0.15702055781469149
-0.022622356364218277
-0.004841918958801372
0.04827168718050601
0.01035787819304268
-0.01249170093178087
0.011553574399841615
-0.05654058267968054
0.13204555949274965
-0.08721982612879486
-0.009357776553262198
0.049538360788050184
0.037453479113841226
-0.018864353824572078
0.0025784297617263974
0.006265799221320201
0.0203593980283987
0.0512476844333456
0.022194058573782982
0.01716964896203166
0.043334141200254805
-0.008416174423421019
-0.06226621690008294
-0.015144140805206874
0.022194058573782982
0.026653357334457617
-0.028034859824940028
0.02927401578257438
-0.05699148198311299
0.08799230776265521
0.07060672059698447
-0.05699148198311299
0.022821768641877682
0.043334141200254805
-0.010204897362879883
-0.0849833488167917
0.011999720455214913
-0.0007657730469858848
-0.08110299466350668
-0.02862716582831837
-0.032340875642459466
0.0025784297617263974
-0.07075486294590672
-0.04466517994807795
-0.0489237727198617
0.012299756912504733
-0.022622356364218277
-0.03695834061658587
0.0025784297617263974
-0.011743957061684185
0.0278028767684102
-0.05699148198311299
0.0461992712042818
-0.05699148198311299
-0.15702055781469149
-0.08285893181375492
-0.01686722086916248
-0.007720686875989813
0.026005039289207943
-0.060513028914405353
0.022821768641877682
-0.051670301345440706
0.011999720455214913
-0.010204897362879883
0.08302714817478662
-0.05464289541014722
0.029794720012301212
0.0326533364262076
0.02773636562208104
0.024801788304586125
-0.0011970474263076625
0.02773636562208104
-0.0851300246174862
0.048059232237648075
0.043334141200254805
-0.038466866176760206
0.04590352204112591
0.08653619008305125
0.024801788304586125
0.006746455834750975
0.06605801367827979
-0.03133707462365809
0.0278028767684102
-0.005105231073404326
-0.019514789449790015
0.03443624877469453
-0.09432889171755221
0.001954162314668828
-0.0002495311402075373
0.008665176454019985
0.08383912323474085
0.019778644828504
0.006746455834750975
0.020083040980136246
0.06806350229329183
-0.0002868205956847447
0.04371378571481266
-0.051670301345440706
0.024801788304586125
-0.03520416182162833
-0.050143819123519506
0.02451643163530548
-0.07465345378649157
-0.09570667993071069
0.08799230776265521
-0.019514789449790015
0.05425453554333082
0.0576314646823306
-0.0005187167995490682
0.08105492908796386
0.014471610315426986
0.05436809318039337
0.006143668794592827
-0.1218059774124729
0.013040071944516285
0.06364954486786978
0.11840346286310233
0.17000938109242547
0.006746455834750975
0.026005039289207943
-0.01686722086916248
-0.03173275161671363
0.02451643163530548
0.06605801367827979
-0.02243129284092049
0.012299756912504733
-0.045496030668886966
0.04590352204112591
-0.022368622754905587
0.031017376704207678
0.04299886054755575
0.06228267241298191
-0.022622356364218277
-0.011743957061684185
0.003822387934753202
0.028713620756199987
0.0326533364262076
0.008505479129739868
-0.027789787343500905
-0.05120330655862837
0.08105492908796386
-0.08678886069673908
-0.03173275161671363
0.0203593980283987
-0.02375973362478856
-0.021161035659430283
0.005173534568482907
0.011999720455214913
-0.0849833488167917
-0.007317237093852569
0.04995452527457189
0.037107507807760065
0.11840346286310233
0.06806350229329183
-0.002647647860884561
0.03882682382156144
-0.007720686875989813
-0.07465345378649157
0.01035787819304268
-0.022368622754905587
-0.0038562351615762935
-0.06258250876081561
0.013065356771912562
0.023560334148108097
-0.008416174423421019
0.08759468040243501
0.17000938109242547
0.022821768641877682
0.049538360788050184
-0.022348210496932808
-0.0549153461639893
-0.013878349100881593
0.08759468040243501
0.011553574399841615
0.041840431302949455
0.023560334148108097
0.0326533364262076
0.02451643163530548
-0.08126108737944548
-0.0011970474263076625
-0.0851300246174862
0.014780240742707562
-0.08721982612879486
-0.05120330655862837
0.15300088602597928
0.005173534568482907
-0.05464289541014722
0.05182100602750328
-0.06226621690008294
0.09718899306107964
-0.12033949778566289
0.0276177252845331
0.049538360788050184
0.043334141200254805
0.0515617796937029
-0.008416174423421019
-0.005818111085915234
-0.17661184642248884
0.04391937482752173
0.025524068456756588
-0.0008948035361102669
0.011553574399841615
-0.07724758378448726
-0.002647647860884561
0.17000938109242547
-0.027789787343500905
0.04920879849315085
0.043334141200254805
-0.014438989348697362
0.08799230776265521
0.006746455834750975
-0.03458770640829023
-0.0549153461639893
0.04827168718050601
-0.011743957061684185
-0.0005187167995490682
0.06316607709876365
0.01579928711915457
0.07518071596092746
-0.060513028914405353
0.0216176650818376
-0.011743957061684185
-0.012372140541780041
-0.05464289541014722
0.08383912323474085
0.02773636562208104
-0.019514789449790015
-0.038466866176760206
0.0041948137923384365
0.03863378364598535
0.001954162314668828
0.0515617796937029
0.0278028767684102
-0.027788545411032928
-0.05586089089844393
-0.0007657730469858848
-0.08721982612879486
-0.08126108737944548
-0.047644828679283435
-0.03045002278091502
-0.03270475340709922
-0.06109953281700342
-0.03173275161671363
-0.07465345378649157
0.020567585268201682
0.011553574399841615
0.037107507807760065
0.0025784297617263974
0.020567585268201682
-0.004841918958801372
0.10240276235625068
0.08080248335888918
0.11840346286310233
-0.027788545411032928
0.06228267241298191
0.03208636570286316
-0.009588853389239205
-0.022898889969576786
0.023560334148108097
0.047513051758585334
-0.01249170093178087
-0.06226621690008294
0.03882682382156144
0.047513051758585334
-0.08126108737944548
-0.03563356684104946
0.07382421435571018
0.04333086414918519
0.05799658946616226
0.043334141200254805
0.0203593980283987
0.02520341309711238
-0.051670301345440706
-0.002647647860884561
0.0022689688502968153
-0.021161035659430283
0.03973066370480538
-0.021161035659430283
-0.015144140805206874
0.05425453554333082
0.051344950513199095
0.023560334148108097
-0.007317237093852569
0.0165919313161762
0.0844852260058202
-0.08143178414826124
0.11522232211929584
0.04135586741642605
-0.019514789449790015
-0.06109953281700342
-0.01249170093178087
-0.07892951287026762
-0.022622356364218277
0.020083040980136246
