-0.060513028914405353
0.02773636562208104
-0.004841918958801372
0.02432879134386301
-0.018864353824572078
-0.010204897362879883
0.0278028767684102
0.01724199139330551
0.06569838178769771
-0.011743957061684185
0.025524068456756588
0.029794720012301212
0.04995452527457189
0.06316607709876365
-0.002205271978588108
0.034283772423341574
0.15300088602597928
-0.005818111085915234
-0.014438989348697362
0.03443624877469453
0.05436809318039337
-0.06258250876081561
0.0016709762031741349
0.05799658946616226
-0.0038562351615762935
0.08176108754913614
-0.10819102148647719
0.03863378364598535
0.04729149119249154
-0.007720686875989813
-0.04126132556270612
-0.013878349100881593
-0.011743957061684185
0.039209693040964666
0.1417808980890598
0.03643980545838055
-0.01686722086916248
-0.011743957061684185
0.04590352204112591
0.08759468040243501
-0.05654058267968054
0.03208636570286316
0.006143668794592827
-0.017136936568830308
-0.032259158022980294
0.01613403625846388
-0.007338419158481102
-0.0002868205956847447
0.02773636562208104
0.04048653167530425
-0.004841918958801372
0.012394543666532698
0.01046829599036414
0.026005039289207943
0.048059232237648075
0.02708189422255458
-0.017242733713295877
0.04380656992791998
-0.012150300762606037
0.0165919313161762
-0.011743957061684185
0.028713620756199987
0.02708189422255458
-0.0851300246174862
-0.15702055781469149
-0.022821982956040543
0.011999720455214913
0.08732358904095427
-0.03133707462365809
0.029794720012301212
0.08799230776265521
-0.008416174423421019
-0.009588853389239205
0.08632977574364098
-0.02375973362478856
-0.07414653786004877
-0.018864353824572078
-0.05983064969141072
0.008505479129739868
0.013040071944516285
0.07586149829868472
0.01046829599036414
0.0016709762031741349
0.11840346286310233
-0.047644828679283435
-0.02243129284092049
0.04371378571481266
-0.022348210496932808
-0.007882998007099573
0.03208636570286316
-0.014438989348697362
0.017908695057996304
-0.0489237727198617
0.01661350063361855
-0.0489237727198617
0.01716964896203166
0.03861575224405023
0.013065356771912562
-0.032340875642459466
0.062467374718552904
0.03861575224405023
-0.024170822975695394
0.07586149829868472
0.022821768641877682
-0.011743957061684185
0.026653357334457617
-0.007317237093852569
0.13480548385110502
-0.022368622754905587
-0.0011970474263076625
0.04333086414918519
-0.06720056781523276
-0.05983064969141072
0.01724199139330551
-0.007882998007099573
0.022821768641877682
-0.0005187167995490682
-0.05416508205116166
0.008665176454019985
0.026458811902690726
-0.06053051312501001
0.0515617796937029
0.10240276235625068
0.01661350063361855
0.03863378364598535
0.04391937482752173
-0.007338419158481102
-0.0005187167995490682
0.01661350063361855
-0.08285893181375492
0.041840431302949455
-0.07465345378649157
0.03643980545838055
-0.03997727574944321
-0.018864353824572078
0.08759468040243501
-0.07414653786004877
0.03973066370480538
0.025649122658425227
-0.0357902826629255
0.08632977574364098
0.014780240742707562
0.025722681761052968
-0.08721982612879486
-0.22146034456414654
0.03861575224405023
-0.021161035659430283
0.0016709762031741349
0.04729149119249154
-0.019391257313081667
0.007058852839625374
-0.027789787343500905
-0.060513028914405353
-0.03997727574944321
-0.05282848588680089
0.006265799221320201
-0.06053051312501001
-0.02375973362478856
-0.17661184642248884
-0.02496648159475967
-0.1218059774124729
-0.10819102148647719
0.04590352204112591
0.03973066370480538
0.005082074600808895
0.04920879849315085
0.062467374718552904
-0.10819102148647719
-0.027788545411032928
0.01716964896203166
-0.03520416182162833
-0.07465345378649157
0.11840346286310233
0.026458811902690726
-0.05282848588680089
0.15300088602597928
-0.06193714350214741
0.06228267241298191
0.029794720012301212
0.04391937482752173
-0.015144140805206874
0.0025784297617263974
-0.017242733713295877
0.11840346286310233
0.025649122658425227
-0.10013006587302442
-0.02243129284092049
-0.02496648159475967
-0.014438989348697362
-0.04126132556270612
0.04920879849315085
-0.028034859824940028
0.023512429278589764
0.030122729138618354
-0.010532567714866659
-0.03997727574944321
0.0515617796937029
0.0016709762031741349
0.04729149119249154
-0.041376638974308655
0.15300088602597928
0.0276177252845331
0.005173534568482907
-0.005105231073404326
0.041840431302949455
0.04299886054755575
-0.03173275161671363
0.06316607709876365
0.030974972656109045
-0.049962429852048906
-0.04466517994807795
0.02520341309711238
0.01716964896203166
-0.03133707462365809
0.08759468040243501
-0.05120330655862837
-0.06109953281700342
0.0576314646823306
-0.01686722086916248
0.006265799221320201
-0.032340875642459466
0.04790976101641675
0.023512429278589764
-0.06638125688640528
-0.03133707462365809
0.03208636570286316
0.05799658946616226
0.04590352204112591
0.03882682382156144
0.03643980545838055
0.006746455834750975
-0.06638125688640528
0.06569838178769771
-0.032340875642459466
0.03861575224405023
0.0165919313161762
0.08302714817478662
-0.06464003578883037
0.039209693040964666
-0.0636718542421022
0.04333086414918519
-0.05416508205116166
0.10240276235625068
0.0016709762031741349
0.06316607709876365
0.08105492908796386
0.026653357334457617
0.08176108754913614
-0.0636718542421022
0.11840346286310233
0.045224792909892564
-0.03133707462365809
0.012299756912504733
0.037453479113841226
-0.036421638107813514
-0.07724758378448726
0.05168531023255696
-0.027789787343500905
0.08383912323474085
-0.05416508205116166
0.04135586741642605
-0.06258250876081561
0.04391937482752173
0.030974972656109045
-0.0357902826629255
0.04333086414918519
0.0515617796937029
0.0515617796937029
-0.05983064969141072
0.03863378364598535
-0.03458770640829023
-0.032259158022980294
-0.021161035659430283
-0.22146034456414654
-0.03563356684104946
0.006143668794592827
0.045224792909892564
-0.04126132556270612
0.04283497654615154
-0.007882998007099573
0.08759468040243501
0.062467374718552904
-0.08814864178677073
0.024801788304586125
0.0276177252845331
-0.05416508205116166
-0.007543661478351282
-0.060513028914405353
0.03643980545838055
0.08653619008305125
0.048059232237648075
-0.12033949778566289
0.17000938109242547
-0.018864353824572078
0.13204555949274965
0.03861575224405023
-0.03045002278091502
0.006265799221320201
-0.17661184642248884
