0.039209693040964666
0.05182100602750328
0.08632977574364098
0.1417808980890598
-0.04126132556270612
0.023512429278589764
-0.022368622754905587
-0.0011970474263076625
-0.02243129284092049
-0.0636718542421022
0.03994035520780326
-0.05282848588680089
0.003822387934753202
-0.03695834061658587
0.08383912323474085
0.03861575224405023
0.025722681761052968
0.01699193585620762
-0.007317237093852569
0.01661350063361855
0.056736527751481525
-0.08721982612879486
0.11522232211929584
-0.018864353824572078
-0.05586089089844393
0.0344322264021244
0.04391937482752173
-0.019391257313081667
0.0844852260058202
0.034283772423341574
0.01716964896203166
0.06316607709876365
0.009856619194733796
0.08176108754913614
-0.015144140805206874
0.01347000313241331
0.04606131559255999
0.06567138145123597
0.041840431302949455
0.06761705055254463
0.05198789125700998
-0.13034379599603163
0.06994395962703592
-0.02243129284092049
0.013065356771912562
-0.03045002278091502
0.0326533364262076
0.04729149119249154
0.043334141200254805
0.018593646962060006
-0.009588853389239205
0.043334141200254805
0.023560334148108097
-0.06193714350214741
0.007058852839625374
-0.06258250876081561
-0.013771885982464482
0.022194058573782982
0.01716964896203166
-0.027462288324585415
-0.007317237093852569
-0.022622356364218277
0.02773636562208104
0.013065356771912562
0.0688088340488946
0.06605801367827979
0.17000938109242547
0.0278028767684102
0.022821768641877682
0.030974972656109045
0.026653357334457617
0.08653619008305125
-0.06464003578883037
-0.03045002278091502
0.08653619008305125
0.06567138145123597
-0.08814864178677073
-0.027789787343500905
-0.013771885982464482
-0.08126108737944548
0.11840346286310233
-0.09432889171755221
0.04469322213864224
0.0326533364262076
-0.012372140541780041
-0.13034379599603163
-0.005818111085915234
0.05436809318039337
-0.0013205999854228878
0.05168531023255696
0.023512429278589764
0.1417808980890598
0.04823967565580034
0.030974972656109045
-0.047644828679283435
0.04469322213864224
-0.03997727574944321
0.04333086414918519
0.08105492908796386
0.020446479141682516
0.06364954486786978
0.04827168718050601
0.039209693040964666
0.025649122658425227
0.0688088340488946
0.11840346286310233
-0.0011970474263076625
0.06316607709876365
-0.12033949778566289
-0.027462288324585415
-0.051670301345440706
-0.019391257313081667
0.07518071596092746
0.1417808980890598
-0.010204897362879883
0.07518071596092746
-0.03133707462365809
-0.027788545411032928
0.11840346286310233
-0.051670301345440706
-0.012150300762606037
-0.22146034456414654
0.02773636562208104
0.005173534568482907
0.06994395962703592
-0.028034859824940028
0.02927401578257438
0.022194058573782982
-0.08721982612879486
0.06569838178769771
0.03643980545838055
-0.019391257313081667
0.0278028767684102
0.08105492908796386
0.007058852839625374
-0.028034859824940028
0.06569838178769771
0.01699193585620762
0.029794720012301212
0.04048653167530425
0.062467374718552904
-0.0489237727198617
0.012390402416693647
-0.032340875642459466
0.08302714817478662
-0.02375973362478856
0.01046829599036414
0.020567585268201682
0.01035787819304268
0.04283497654615154
-0.03270475340709922
-0.05120330655862837
-0.027789787343500905
0.014780240742707562
-0.022622356364218277
-0.060513028914405353
0.07382421435571018
0.034283772423341574
-0.08814864178677073
0.02773636562208104
0.014471610315426986
0.030974972656109045
-0.04126132556270612
0.001954162314668828
-0.004841918958801372
0.04729149119249154
0.04729149119249154
0.006746455834750975
0.008505479129739868
0.018593646962060006
-0.027462288324585415
0.04823967565580034
-0.05983064969141072
-0.13034379599603163
-0.041376638974308655
0.04380656992791998
0.04371378571481266
0.019778644828504
0.0278028767684102
-0.08721982612879486
0.13204555949274965
0.04371378571481266
0.01716964896203166
-0.017242733713295877
-0.06226621690008294
-0.007317237093852569
0.05799658946616226
-0.022368622754905587
-0.0002868205956847447
0.0041948137923384365
0.03994035520780326
0.06925574960452696
-0.005105231073404326
-0.012372140541780041
0.05799658946616226
0.045224792909892564
-0.01249170093178087
0.039209693040964666
-0.0002868205956847447
-0.038466866176760206
0.01347000313241331
0.07586149829868472
0.02773636562208104
0.01046829599036414
0.043334141200254805
-0.021161035659430283
0.0016709762031741349
0.01724199139330551
0.11522232211929584
-0.02496648159475967
0.03882682382156144
0.0512476844333456
0.02432879134386301
0.06925574960452696
-0.09570667993071069
-0.0011970474263076625
-0.017242733713295877
0.047513051758585334
0.025649122658425227
-0.02243129284092049
-0.045496030668886966
-0.009357776553262198
0.0461992712042818
0.01035787819304268
-0.011743957061684185
0.0576314646823306
-0.04022536987465397
0.01046829599036414
0.029794720012301212
0.11840346286310233
-0.032340875642459466
-0.03133707462365809
0.025722681761052968
-0.027789787343500905
-0.06285634704832255
0.10240276235625068
-0.014438989348697362
0.13480548385110502
0.013040071944516285
0.025722681761052968
-0.028034859824940028
-0.019391257313081667
0.0203593980283987
0.03208636570286316
-0.02243129284092049
-0.08678886069673908
-0.037433866920196124
-0.0002495311402075373
0.02451643163530548
0.023560334148108097
0.11522232211929584
-0.03997727574944321
-0.07724758378448726
0.0022689688502968153
-0.028034859824940028
-0.051670301345440706
0.0326533364262076
0.04995452527457189
-0.0007657730469858848
-0.04126132556270612
0.07586149829868472
-0.08285893181375492
-0.06226621690008294
0.025649122658425227
-0.03520416182162833
-0.012372140541780041
0.04995452527457189
-0.17661184642248884
-0.009588853389239205
-0.01686722086916248
-0.038466866176760206
0.08176108754913614
-0.038466866176760206
-0.024170822975695394
-0.07212958518599066
-0.007543661478351282
0.06569838178769771
0.08759468040243501
-0.06258250876081561
-0.03458770640829023
0.01347000313241331
0.0025784297617263974
-0.051670301345440706
-0.03563356684104946
-0.02243129284092049
-0.05282848588680089
-0.019514789449790015
-0.08285893181375492
-0.15702055781469149
0.023560334148108097
0.0203593980283987
-0.03563356684104946
-0.03520416182162833
-0.02375973362478856
-0.05464289541014722
0.10240276235625068
0.005173534568482907
0.11840346286310233
-0.02243129284092049
