0.020446479141682516
0.0576314646823306
-0.011743957061684185
0.06316607709876365
-0.05464289541014722
0.025649122658425227
-0.06226621690008294
0.06925574960452696
0.029794720012301212
0.06806350229329183
-0.07892951287026762
0.056736527751481525
0.07382421435571018
0.0216176650818376
0.01724199139330551
0.01716964896203166
-0.0011970474263076625
0.0216176650818376
0.13204555949274965
0.06228267241298191
0.008505479129739868
0.011999720455214913
-0.06720056781523276
-0.07212958518599066
0.008505479129739868
-0.08678886069673908
0.029794720012301212
0.030122729138618354
0.01716964896203166
0.04995452527457189
-0.05120330655862837
0.04665297339942498
-0.0008948035361102669
-0.010532567714866659
0.06292625909621563
0.05799658946616226
0.07060672059698447
0.047513051758585334
-0.07075486294590672
0.01716964896203166
-0.008416174423421019
-0.03173275161671363
-0.07212958518599066
0.012394543666532698
-0.08126108737944548
-0.010204897362879883
-0.06285634704832255
0.04299886054755575
-0.03173275161671363
-0.2546008091448053
-0.06109953281700342
0.06228267241298191
0.04299886054755575
0.08302714817478662
0.08732358904095427
0.043334141200254805
0.03994035520780326
-0.08285893181375492
0.06292625909621563
-0.08143178414826124
-0.0357902826629255
0.02432879134386301
-0.05586089089844393
0.0576314646823306
0.001954162314668828
0.018593646962060006
-0.06109953281700342
-0.07465345378649157
-0.0002868205956847447
0.013040071944516285
-0.01844849936066506
-0.08285893181375492
0.04729149119249154
-0.024170822975695394
-0.04126132556270612
0.047513051758585334
0.049538360788050184
-0.022898889969576786
-0.013771885982464482
0.012394543666532698
0.028713620756199987
0.08632977574364098
-0.0008948035361102669
-0.032259158022980294
0.04823967565580034
0.02520341309711238
-0.04022536987465397
-0.049962429852048906
-0.027462288324585415
0.06567138145123597
0.023560334148108097
0.001954162314668828
-0.060513028914405353
0.03973066370480538
0.07518071596092746
0.0216176650818376
-0.09570667993071069
-0.007882998007099573
0.08383912323474085
0.056736527751481525
0.08732358904095427
-0.02243129284092049
-0.0636718542421022
0.009856619194733796
-0.0849833488167917
0.013040071944516285
0.003822387934753202
0.07586149829868472
-0.22146034456414654
0.04048653167530425
0.04135586741642605
-0.08814864178677073
-0.07212958518599066
0.014471610315426986
0.06318283133468316
0.025649122658425227
-0.014438989348697362
0.0016709762031741349
-0.011743957061684185
0.003822387934753202
0.012390402416693647
0.029794720012301212
0.06316607709876365
-0.005105231073404326
0.07586149829868472
0.01661350063361855
-0.036421638107813514
0.08799230776265521
-0.22146034456414654
0.07060672059698447
-0.022368622754905587
-0.03173275161671363
0.041840431302949455
0.11840346286310233
-0.05282848588680089
0.01661350063361855
0.039209693040964666
-0.041376638974308655
-0.008416174423421019
0.04469322213864224
0.02520341309711238
0.04380656992791998
0.013065356771912562
0.009856619194733796
0.06318283133468316
-0.022368622754905587
-0.02375973362478856
-0.02375973362478856
0.025722681761052968
-0.0007657730469858848
0.045224792909892564
-0.07724758378448726
0.1399333926158075
0.0326533364262076
-0.05282848588680089
0.037453479113841226
0.017908695057996304
-0.02375973362478856
0.06318283133468316
0.17000938109242547
0.04469322213864224
0.0276177252845331
-0.04022536987465397
-0.03270475340709922
-0.03458770640829023
0.1399333926158075
-0.06053051312501001
0.01661350063361855
0.04995452527457189
-0.02496648159475967
0.0512476844333456
-0.0636718542421022
-0.011743957061684185
0.008505479129739868
0.01724199139330551
0.04380656992791998
-0.04466517994807795
0.013040071944516285
0.06994395962703592
0.04371378571481266
0.049538360788050184
0.020083040980136246
0.10109672394520075
0.11522232211929584
-0.05654058267968054
0.020567585268201682
0.05425453554333082
0.013040071944516285
-0.02243129284092049
0.04823967565580034
-0.0008948035361102669
0.07382421435571018
0.0025784297617263974
-0.01844849936066506
0.012394543666532698
0.05182100602750328
-0.05120330655862837
-0.01686722086916248
0.008505479129739868
0.0203593980283987
0.0165919313161762
-0.012150300762606037
0.07060672059698447
0.01035787819304268
-0.021161035659430283
0.04391937482752173
0.08302714817478662
-0.03563356684104946
0.005173534568482907
-0.01844849936066506
0.11522232211929584
0.012390402416693647
-0.04022536987465397
0.06925574960452696
-0.06053051312501001
-0.037433866920196124
0.019778644828504
0.06925574960452696
0.026458811902690726
0.020446479141682516
-0.02375973362478856
0.056736527751481525
0.04333086414918519
-0.0849833488167917
0.031017376704207678
0.013065356771912562
-0.03997727574944321
-0.06638125688640528
0.06567138145123597
0.06569838178769771
-0.013771885982464482
0.005082074600808895
0.025524068456756588
-0.02862716582831837
-0.0636718542421022
0.026653357334457617
-0.06464003578883037
0.008665176454019985
0.04920879849315085
-0.0038562351615762935
0.001954162314668828
-0.012150300762606037
-0.06109953281700342
0.1399333926158075
-0.010532567714866659
-0.0849833488167917
-0.009357776553262198
-0.019391257313081667
0.011553574399841615
0.02520341309711238
0.0461992712042818
-0.03695834061658587
0.026005039289207943
-0.012150300762606037
0.005082074600808895
0.08383912323474085
-0.007317237093852569
-0.007720686875989813
0.011999720455214913
-0.0357902826629255
-0.045496030668886966
-0.01686722086916248
-0.05586089089844393
-0.02862716582831837
0.026005039289207943
0.011999720455214913
0.06761705055254463
0.06605801367827979
-0.06464003578883037
-0.10819102148647719
-0.06226621690008294
0.047513051758585334
-0.008416174423421019
0.03208636570286316
-0.022622356364218277
-0.12033949778566289
-0.0008948035361102669
0.08632977574364098
0.04135586741642605
0.04333086414918519
-0.022368622754905587
-0.0005187167995490682
-0.010204897362879883
-0.032259158022980294
0.037107507807760065
-0.005105231073404326
0.08080248335888918
0.008665176454019985
-0.05699148198311299
0.04920879849315085
0.013109728048770641
-0.051670301345440706
-0.06464003578883037
-0.0013205999854228878
-0.032259158022980294
-0.15702055781469149
-0.027788545411032928
0.0278028767684102
0.04371378571481266
