0.04299886054755575
0.026653357334457617
-0.03133707462365809
0.04920879849315085
-0.03563356684104946
0.019778644828504
-0.0008948035361102669
-0.06464003578883037
0.04823967565580034
0.003822387934753202
0.06761705055254463
-0.06193714350214741
0.08080248335888918
0.10109672394520075
0.04790976101641675
0.011999720455214913
0.08383912323474085
-0.010532567714866659
0.0216176650818376
-0.027393577402978764
-0.03520416182162833
0.037453479113841226
0.03208636570286316
-0.0011970474263076625
-0.032340875642459466
-0.03520416182162833
-0.036421638107813514
0.008665176454019985
0.06569838178769771
0.0326533364262076
0.04380656992791998
-0.010532567714866659
-0.07465345378649157
0.012394543666532698
0.048059232237648075
-0.02862716582831837
0.026005039289207943
0.13204555949274965
0.0016709762031741349
0.020567585268201682
0.06567138145123597
-0.022821982956040543
-0.2546008091448053
-0.038466866176760206
-0.03563356684104946
0.047513051758585334
0.03863378364598535
-0.06226621690008294
0.003822387934753202
0.041840431302949455
-0.005818111085915234
-0.047644828679283435
0.03208636570286316
0.08302714817478662
-0.07892951287026762
0.01661350063361855
0.0016709762031741349
0.006143668794592827
0.07518071596092746
0.06925574960452696
-0.09359820865597968
-0.04022536987465397
-0.005818111085915234
0.0041948137923384365
-0.05654058267968054
-0.010204897362879883
-0.01249170093178087
0.05182100602750328
-0.01686722086916248
0.007058852839625374
-0.08678886069673908
0.02432879134386301
0.025524068456756588
-0.07414653786004877
0.08302714817478662
0.08653619008305125
0.06292625909621563
-0.06053051312501001
0.011999720455214913
-0.007882998007099573
-0.03917887174705115
-0.1218059774124729
-0.02375973362478856
0.08799230776265521
-0.0549153461639893
-0.007882998007099573
0.011999720455214913
-0.01956931117570271
0.04299886054755575
0.0203593980283987
0.0344322264021244
-0.06638125688640528
0.04135586741642605
0.031017376704207678
-0.009357776553262198
-0.03695834061658587
0.030974972656109045
-0.014438989348697362
0.015089270086424023
-0.038466866176760206
0.13204555949274965
0.1399333926158075
-0.007338419158481102
-0.007720686875989813
-0.0489237727198617
0.0844852260058202
-0.07414653786004877
0.05182100602750328
0.028713620756199987
-0.027789787343500905
-0.027789787343500905
-0.05282848588680089
-0.0005187167995490682
0.08799230776265521
-0.01686722086916248
-0.07414653786004877
-0.03045002278091502
0.06228267241298191
-0.0849833488167917
-0.060513028914405353
0.08383912323474085
-0.024170822975695394
0.08302714817478662
0.05198789125700998
0.0027859037974478085
-0.03997727574944321
0.009856619194733796
0.07586149829868472
-0.0849833488167917
-0.02243129284092049
-0.038466866176760206
-0.02862716582831837
-0.007543661478351282
0.01716964896203166
-0.008416174423421019
-0.03695834061658587
-0.03045002278091502
0.0461992712042818
0.04606131559255999
-0.010532567714866659
-0.05120330655862837
-0.013771885982464482
-0.06053051312501001
0.026653357334457617
-0.06226621690008294
-0.013878349100881593
0.029794720012301212
-0.05464289541014722
0.025649122658425227
-0.011743957061684185
0.11522232211929584
0.04048653167530425
0.05182100602750328
-0.018864353824572078
-0.024170822975695394
-0.06193714350214741
-0.060513028914405353
-0.06638125688640528
-0.010532567714866659
-0.03045002278091502
0.1417808980890598
-0.041376638974308655
-0.045496030668886966
0.10109672394520075
-0.012150300762606037
0.06605801367827979
0.04380656992791998
-0.009588853389239205
0.07060672059698447
0.08383912323474085
0.0022689688502968153
0.028713620756199987
-0.05282848588680089
0.1417808980890598
0.028713620756199987
0.02520341309711238
-0.12033949778566289
-0.0013205999854228878
-0.03458770640829023
0.02520341309711238
0.025524068456756588
0.04729149119249154
-0.03270475340709922
0.025524068456756588
0.04135586741642605
0.015089270086424023
0.0576314646823306
-0.007317237093852569
0.15300088602597928
0.1417808980890598
0.05168531023255696
0.062467374718552904
-0.01686722086916248
0.07586149829868472
0.04380656992791998
0.0278028767684102
0.030122729138618354
-0.013771885982464482
0.10109672394520075
-0.0357902826629255
0.05436809318039337
-0.08110299466350668
0.037107507807760065
-0.01956931117570271
0.02773636562208104
-0.08721982612879486
-0.007338419158481102
0.05799658946616226
0.09718899306107964
0.017908695057996304
0.051344950513199095
-0.019391257313081667
0.0688088340488946
0.034283772423341574
-0.05464289541014722
-0.07892951287026762
0.08732358904095427
0.012299756912504733
-0.05654058267968054
0.08121523150568599
0.006265799221320201
-0.01249170093178087
0.04048653167530425
0.08632977574364098
-0.012150300762606037
0.05799658946616226
0.05799658946616226
0.0576314646823306
-0.047644828679283435
0.031017376704207678
0.0025784297617263974
0.04665297339942498
0.11522232211929584
0.01661350063361855
-0.07465345378649157
-0.007882998007099573
0.07518071596092746
-0.0002495311402075373
-0.07724758378448726
0.06925574960452696
0.06364954486786978
0.10240276235625068
-0.09570667993071069
0.005082074600808895
-0.06285634704832255
0.02773636562208104
-0.08110299466350668
0.003822387934753202
-0.004841918958801372
-0.036421638107813514
0.10240276235625068
0.06569838178769771
0.05182100602750328
-0.013771885982464482
0.014471610315426986
0.04299886054755575
-0.06720056781523276
-0.07724758378448726
0.13480548385110502
-0.0002495311402075373
0.04391937482752173
0.030974972656109045
-0.021161035659430283
-0.01686722086916248
0.03643980545838055
0.024801788304586125
0.019778644828504
0.0326533364262076
0.06228267241298191
0.01046829599036414
0.0165919313161762
0.01613403625846388
0.05168531023255696
0.02520341309711238
0.003822387934753202
-0.002205271978588108
-0.0849833488167917
0.026653357334457617
0.15300088602597928
-0.0549153461639893
-0.051670301345440706
-0.018864353824572078
0.011999720455214913
0.06318283133468316
-0.08285893181375492
-0.04022536987465397
-0.022898889969576786
-0.007338419158481102
-0.017136936568830308
0.008505479129739868
0.031017376704207678
0.062467374718552904
-0.0489237727198617
0.04299886054755575
-0.019391257313081667
-0.022348210496932808
0.05182100602750328
0.04665297339942498
-0.0013205999854228878
