-0.007338419158481102
-0.045496030668886966
-0.013878349100881593
-0.15702055781469149
-0.08126108737944548
0.04283497654615154
0.01347000313241331
0.034283772423341574
0.024801788304586125
-0.05120330655862837
-0.06638125688640528
0.0688088340488946
0.026005039289207943
0.023560334148108097
-0.022622356364218277
0.045224792909892564
-0.027789787343500905
-0.010204897362879883
-0.02862716582831837
0.01347000313241331
0.04790976101641675
-0.08678886069673908
-0.017136936568830308
-0.013878349100881593
-0.0011970474263076625
0.062467374718552904
0.08632977574364098
0.1417808980890598
-0.060513028914405353
-0.04466517994807795
0.03861575224405023
-0.017136936568830308
0.06994395962703592
-0.09432889171755221
-0.05699148198311299
0.048059232237648075
-0.060513028914405353
-0.03045002278091502
0.04827168718050601
-0.0005187167995490682
0.06994395962703592
-0.005818111085915234
-0.027393577402978764
0.008665176454019985
0.02927401578257438
0.013109728048770641
-0.0013205999854228878
-0.008416174423421019
0.02451643163530548
0.0278028767684102
0.028713620756199987
-0.060513028914405353
-0.005818111085915234
-0.0013205999854228878
-0.03270475340709922
0.025722681761052968
0.15300088602597928
0.08105492908796386
0.026653357334457617
0.014780240742707562
-0.15702055781469149
0.0027859037974478085
-0.05464289541014722
-0.08678886069673908
-0.002205271978588108
-0.049962429852048906
0.1399333926158075
-0.007720686875989813
0.08732358904095427
0.07060672059698447
0.0278028767684102
0.0203593980283987
-0.01686722086916248
-0.06464003578883037
-0.06638125688640528
-0.07465345378649157
-0.06053051312501001
0.04391937482752173
0.005173534568482907
0.034283772423341574
0.006746455834750975
0.04333086414918519
-0.12033949778566289
0.023560334148108097
-0.01844849936066506
0.0515617796937029
0.1417808980890598
0.030974972656109045
0.006143668794592827
-0.015144140805206874
0.04799414960212012
0.11522232211929584
-0.04466517994807795
-0.0549153461639893
0.034283772423341574
0.04665297339942498
0.1417808980890598
0.030974972656109045
-0.05983064969141072
-0.0011970474263076625
-0.0357902826629255
0.0512476844333456
0.05182100602750328
-0.019514789449790015
0.01035787819304268
-0.08814864178677073
0.08383912323474085
0.006746455834750975
0.026005039289207943
0.0512476844333456
0.04283497654615154
0.056736527751481525
0.03443624877469453
-0.0005187167995490682
0.011999720455214913
-0.004841918958801372
-0.0008948035361102669
0.0344322264021244
-0.03458770640829023
-0.06638125688640528
-0.014438989348697362
0.06292625909621563
-0.03045002278091502
-0.06226621690008294
0.0512476844333456
-0.05654058267968054
-0.010204897362879883
0.028713620756199987
-0.06053051312501001
-0.03133707462365809
-0.08814864178677073
0.03643980545838055
-0.009357776553262198
-0.10013006587302442
0.020083040980136246
-0.03270475340709922
0.043334141200254805
-0.06193714350214741
-0.07465345378649157
-0.1218059774124729
-0.06109953281700342
0.07382421435571018
0.04920879849315085
0.034283772423341574
-0.05464289541014722
0.049538360788050184
-0.028034859824940028
0.001954162314668828
0.019778644828504
0.006746455834750975
-0.007338419158481102
0.04371378571481266
0.006265799221320201
0.045224792909892564
0.006746455834750975
0.05168531023255696
-0.008416174423421019
-0.051670301345440706
-0.007543661478351282
0.1417808980890598
0.015089270086424023
0.012394543666532698
0.06316607709876365
-0.004841918958801372
0.06567138145123597
0.0025784297617263974
0.06761705055254463
0.003822387934753202
0.041840431302949455
0.06925574960452696
0.009856619194733796
0.04371378571481266
0.0025784297617263974
-0.005105231073404326
0.007058852839625374
-0.032340875642459466
0.10240276235625068
-0.02862716582831837
0.020083040980136246
0.0025784297617263974
0.031017376704207678
0.041840431302949455
0.08302714817478662
0.0515617796937029
-0.012372140541780041
-0.08678886069673908
-0.018864353824572078
0.17000938109242547
-0.022348210496932808
-0.007317237093852569
-0.03133707462365809
-0.0851300246174862
0.07518071596092746
-0.05464289541014722
-0.10819102148647719
0.02520341309711238
-0.06053051312501001
0.08105492908796386
-0.041376638974308655
-0.05586089089844393
-0.050143819123519506
-0.017242733713295877
0.026653357334457617
0.04048653167530425
0.04790976101641675
0.06605801367827979
-0.02862716582831837
0.0025784297617263974
-0.027788545411032928
-0.13034379599603163
0.051344950513199095
0.06364954486786978
0.04995452527457189
-0.08126108737944548
0.020446479141682516
-0.05120330655862837
0.009856619194733796
0.03882682382156144
0.07382421435571018
-0.03045002278091502
0.08653619008305125
0.03973066370480538
-0.0011970474263076625
-0.08678886069673908
0.02520341309711238
0.06994395962703592
0.04729149119249154
0.06316607709876365
-0.002647647860884561
-0.0549153461639893
0.01613403625846388
0.06567138145123597
0.028713620756199987
0.006143668794592827
0.009856619194733796
-0.08721982612879486
0.045224792909892564
-0.08678886069673908
-0.01686722086916248
0.017908695057996304
0.0344322264021244
0.008665176454019985
-0.09432889171755221
0.020446479141682516
-0.09432889171755221
0.06364954486786978
-0.05699148198311299
0.06925574960452696
-0.027462288324585415
-0.03917887174705115
-0.047644828679283435
0.04299886054755575
0.04995452527457189
-0.01956931117570271
0.03443624877469453
0.0216176650818376
-0.019514789449790015
0.02773636562208104
-0.05699148198311299
0.012394543666532698
0.02708189422255458
-0.08678886069673908
0.028713620756199987
-0.027462288324585415
-0.007720686875989813
-0.027462288324585415
0.011999720455214913
-0.07414653786004877
-0.036421638107813514
0.006746455834750975
0.020446479141682516
-0.22146034456414654
-0.08721982612879486
0.020083040980136246
-0.0002868205956847447
0.013065356771912562
-0.08721982612879486
-0.02375973362478856
-0.022821982956040543
-0.017136936568830308
0.008665176454019985
-0.07075486294590672
0.030974972656109045
-0.08110299466350668
-0.0008948035361102669
0.015089270086424023
0.006143668794592827
-0.022348210496932808
-0.05699148198311299
0.013040071944516285
-0.047644828679283435
-0.022821982956040543
-0.05120330655862837
0.09718899306107964
-0.12033949778566289
-0.032259158022980294
0.026005039289207943
-0.08285893181375492
-0.08678886069673908
