0.0276177252845331
-0.06193714350214741
0.05182100602750328
-0.027393577402978764
0.056736527751481525
0.03994035520780326
-0.0357902826629255
-0.010204897362879883
0.06228267241298191
0.0326533364262076
0.08653619008305125
0.05799658946616226
-0.06109953281700342
0.014780240742707562
0.008665176454019985
0.018593646962060006
-0.06258250876081561
-0.07075486294590672
-0.08814864178677073
0.08632977574364098
0.08799230776265521
0.008505479129739868
0.06567138145123597
-0.03520416182162833
-0.024170822975695394
0.015089270086424023
0.01035787819304268
-0.024170822975695394
-0.014438989348697362
-0.06109953281700342
0.07060672059698447
-0.05416508205116166
0.07586149829868472
-0.022898889969576786
-0.009357776553262198
0.012394543666532698
0.01613403625846388
-0.12033949778566289
-0.05983064969141072
0.17000938109242547
-0.06193714350214741
0.03208636570286316
0.047513051758585334
0.02927401578257438
-0.08285893181375492
-0.06109953281700342
-0.12033949778566289
0.09718899306107964
0.039209693040964666
0.08732358904095427
-0.037433866920196124
0.014471610315426986
0.023512429278589764
-0.13034379599603163
0.0515617796937029
-0.0357902826629255
-0.017242733713295877
-0.022622356364218277
-0.0007657730469858848
0.008665176454019985
0.043334141200254805
-0.04466517994807795
-0.017136936568830308
-0.014438989348697362
0.01699193585620762
0.06364954486786978
0.06292625909621563
-0.06109953281700342
-0.041376638974308655
-0.028034859824940028
0.01724199139330551
-0.002205271978588108
-0.07892951287026762
-0.05282848588680089
-0.022368622754905587
-0.022368622754905587
0.0461992712042818
-0.2546008091448053
-0.036421638107813514
-0.10819102148647719
-0.06285634704832255
0.047513051758585334
0.047513051758585334
0.04729149119249154
0.0515617796937029
0.07518071596092746
0.0326533364262076
0.013040071944516285
0.04391937482752173
0.06318283133468316
0.06316607709876365
-0.002205271978588108
-0.060513028914405353
-0.007720686875989813
-0.036421638107813514
-0.05120330655862837
-0.0549153461639893
0.008505479129739868
0.013040071944516285
-0.03270475340709922
0.06994395962703592
0.025649122658425227
0.02927401578257438
-0.009588853389239205
0.011999720455214913
0.06806350229329183
0.05182100602750328
-0.12033949778566289
-0.0489237727198617
0.037453479113841226
0.05425453554333082
0.01716964896203166
0.04827168718050601
0.014471610315426986
-0.01956931117570271
-0.06258250876081561
-0.05282848588680089
0.05425453554333082
-0.01956931117570271
0.006265799221320201
0.03443624877469453
-0.07892951287026762
0.041840431302949455
0.031017376704207678
-0.10819102148647719
-0.07724758378448726
-0.0002868205956847447
0.0515617796937029
-0.011743957061684185
0.07382421435571018
0.01613403625846388
0.02520341309711238
0.026005039289207943
-0.06638125688640528
-0.032340875642459466
0.04048653167530425
0.02520341309711238
0.026653357334457617
0.04729149119249154
0.03861575224405023
0.05799658946616226
0.13480548385110502
-0.08721982612879486
0.06925574960452696
0.08105492908796386
0.17000938109242547
0.1399333926158075
-0.03997727574944321
0.011999720455214913
0.08080248335888918
-0.06109953281700342
-0.007720686875989813
0.03994035520780326
-0.03695834061658587
0.006746455834750975
-0.0007657730469858848
0.04729149119249154
-0.04022536987465397
0.024801788304586125
-0.047644828679283435
0.04729149119249154
0.037107507807760065
0.0203593980283987
0.018593646962060006
0.029794720012301212
0.02708189422255458
0.014780240742707562
0.09718899306107964
-0.06053051312501001
0.01699193585620762
0.03643980545838055
-0.08814864178677073
-0.09570667993071069
0.006143668794592827
0.012299756912504733
0.0344322264021244
0.0844852260058202
0.08732358904095427
0.04590352204112591
-0.06464003578883037
0.056736527751481525
0.04380656992791998
-0.03173275161671363
0.04729149119249154
0.04823967565580034
-0.03997727574944321
-0.032259158022980294
0.037107507807760065
0.0515617796937029
-0.027462288324585415
0.014471610315426986
-0.03270475340709922
0.11840346286310233
-0.01249170093178087
0.024801788304586125
-0.027789787343500905
-0.06053051312501001
-0.010204897362879883
-0.13034379599603163
0.04995452527457189
0.06605801367827979
0.05425453554333082
-0.011743957061684185
0.04827168718050601
0.08121523150568599
-0.038466866176760206
0.012390402416693647
-0.005105231073404326
0.041840431302949455
0.02708189422255458
0.026005039289207943
0.0216176650818376
0.013109728048770641
-0.01686722086916248
-0.019514789449790015
-0.007338419158481102
0.034283772423341574
-0.0549153461639893
0.07518071596092746
-0.08110299466350668
-0.03520416182162833
0.04283497654615154
-0.02496648159475967
0.06994395962703592
-0.060513028914405353
0.011999720455214913
0.030122729138618354
-0.04126132556270612
-0.0357902826629255
-0.0002868205956847447
0.06994395962703592
0.056736527751481525
0.0344322264021244
-0.02496648159475967
0.013109728048770641
-0.049962429852048906
0.018593646962060006
0.11840346286310233
0.05436809318039337
0.02708189422255458
0.023512429278589764
-0.022821982956040543
0.04283497654615154
-0.013878349100881593
-0.051670301345440706
-0.08678886069673908
-0.07075486294590672
-0.22146034456414654
0.08105492908796386
0.0576314646823306
-0.09570667993071069
-0.07724758378448726
0.025524068456756588
0.04606131559255999
-0.06720056781523276
0.03643980545838055
-0.015144140805206874
-0.08814864178677073
0.020567585268201682
-0.05129888770798985
-0.05129888770798985
-0.014438989348697362
-0.02375973362478856
-0.06109953281700342
0.01699193585620762
-0.01956931117570271
-0.017242733713295877
0.06605801367827979
-0.05129888770798985
0.01716964896203166
-0.036421638107813514
0.04391937482752173
-0.13034379599603163
0.025722681761052968
-0.0005187167995490682
-0.04126132556270612
0.03208636570286316
-0.07075486294590672
0.08653619008305125
0.011999720455214913
0.11522232211929584
-0.13034379599603163
-0.018864353824572078
0.06228267241298191
-0.036421638107813514
0.041840431302949455
0.0025784297617263974
0.018593646962060006
0.02773636562208104
0.08653619008305125
-0.05983064969141072
0.025722681761052968
-0.007317237093852569
-0.009588853389239205
-0.027393577402978764
0.04590352204112591
0.0165919313161762
0.034283772423341574
-0.010204897362879883
