-0.12033949778566289
0.01716964896203166
0.017908695057996304
0.025722681761052968
-0.007338419158481102
0.056736527751481525
0.08105492908796386
0.0016709762031741349
-0.027393577402978764
0.17000938109242547
0.0461992712042818
-0.07724758378448726
-0.022898889969576786
0.09718899306107964
-0.051670301345440706
0.020446479141682516
0.034283772423341574
0.02927401578257438
0.03861575224405023
0.04048653167530425
0.05799658946616226
-0.007720686875989813
-0.01956931117570271
-0.03173275161671363
0.011999720455214913
-0.03173275161671363
-0.032259158022980294
0.024801788304586125
0.0576314646823306
0.08080248335888918
0.025524068456756588
0.023560334148108097
0.015089270086424023
0.049538360788050184
0.014780240742707562
-0.060513028914405353
0.012394543666532698
-0.01249170093178087
0.001954162314668828
-0.051670301345440706
-0.0002868205956847447
0.06994395962703592
0.008665176454019985
0.06761705055254463
0.08632977574364098
0.08799230776265521
0.06228267241298191
-0.05699148198311299
0.02520341309711238
0.01579928711915457
-0.03270475340709922
0.017908695057996304
-0.01249170093178087
-0.22146034456414654
0.041840431302949455
-0.06193714350214741
0.062467374718552904
0.04333086414918519
-0.038466866176760206
0.028713620756199987
-0.013771885982464482
-0.08110299466350668
-0.03045002278091502
0.013040071944516285
0.0515617796937029
0.04380656992791998
0.007058852839625374
0.051344950513199095
0.03882682382156144
0.051344950513199095
0.020446479141682516
0.10109672394520075
-0.017242733713295877
0.013109728048770641
0.02714223291166995
-0.15702055781469149
0.0276177252845331
-0.002647647860884561
-0.0008948035361102669
0.04729149119249154
0.026458811902690726
0.051344950513199095
0.047513051758585334
0.06994395962703592
0.012394543666532698
-0.045496030668886966
-0.021161035659430283
-0.022348210496932808
0.07518071596092746
-0.022898889969576786
-0.011743957061684185
-0.08143178414826124
-0.004841918958801372
0.02773636562208104
-0.15702055781469149
-0.06464003578883037
0.03643980545838055
0.0461992712042818
0.01716964896203166
0.11840346286310233
-0.09570667993071069
0.04469322213864224
-0.12033949778566289
-0.03695834061658587
-0.17661184642248884
-0.08110299466350668
-0.09570667993071069
-0.03133707462365809
0.05182100602750328
0.07382421435571018
-0.08126108737944548
-0.06464003578883037
-0.041376638974308655
0.014780240742707562
0.08383912323474085
0.06316607709876365
0.06228267241298191
0.07060672059698447
-0.018864353824572078
0.014471610315426986
0.1417808980890598
0.08176108754913614
0.007058852839625374
-0.012150300762606037
0.009856619194733796
0.047513051758585334
-0.03917887174705115
-0.05586089089844393
0.017908695057996304
-0.03917887174705115
0.07586149829868472
-0.08126108737944548
0.049538360788050184
0.05182100602750328
0.05425453554333082
-0.051670301345440706
-0.0007657730469858848
-0.022368622754905587
-0.08143178414826124
-0.01956931117570271
-0.007338419158481102
0.051344950513199095
-0.0008948035361102669
0.06228267241298191
0.056736527751481525
-0.038466866176760206
0.01579928711915457
0.006746455834750975
0.03208636570286316
-0.05654058267968054
0.014471610315426986
-0.01686722086916248
0.0216176650818376
0.020446479141682516
0.008665176454019985
0.08632977574364098
0.04790976101641675
-0.012372140541780041
0.01661350063361855
0.029794720012301212
0.006746455834750975
-0.2546008091448053
0.04920879849315085
0.08632977574364098
-0.017136936568830308
-0.03270475340709922
0.13204555949274965
0.026653357334457617
-0.041376638974308655
0.025524068456756588
0.04790976101641675
0.0576314646823306
0.01347000313241331
0.04790976101641675
0.07518071596092746
-0.051670301345440706
0.01724199139330551
0.05436809318039337
0.003822387934753202
0.030122729138618354
-0.0002495311402075373
-0.022821982956040543
0.04048653167530425
-0.045496030668886966
-0.022368622754905587
-0.022368622754905587
-0.06226621690008294
0.009856619194733796
-0.017136936568830308
0.008665176454019985
0.03861575224405023
-0.019514789449790015
0.04665297339942498
0.045224792909892564
0.06228267241298191
-0.02243129284092049
-0.032340875642459466
0.08632977574364098
0.02520341309711238
0.062467374718552904
0.08759468040243501
0.13480548385110502
0.008505479129739868
-0.10013006587302442
0.06292625909621563
-0.060513028914405353
0.03643980545838055
0.0027859037974478085
0.01724199139330551
0.026653357334457617
0.08632977574364098
0.02927401578257438
0.008665176454019985
0.06364954486786978
0.06228267241298191
-0.007317237093852569
0.03443624877469453
0.01046829599036414
-0.0002868205956847447
0.008505479129739868
0.0276177252845331
0.0027859037974478085
0.04380656992791998
-0.015144140805206874
0.0461992712042818
0.02773636562208104
-0.012150300762606037
0.04380656992791998
-0.045496030668886966
0.15300088602597928
0.10240276235625068
0.06364954486786978
0.026005039289207943
0.04790976101641675
-0.03520416182162833
0.04299886054755575
-0.037433866920196124
0.009856619194733796
0.023560334148108097
0.05425453554333082
0.13480548385110502
0.005082074600808895
-0.049962429852048906
0.012394543666532698
-0.049962429852048906
-0.012150300762606037
0.0216176650818376
-0.036421638107813514
0.049538360788050184
-0.03997727574944321
-0.01844849936066506
-0.03520416182162833
-0.05586089089844393
-0.049962429852048906
0.04391937482752173
0.031017376704207678
0.03643980545838055
0.039209693040964666
-0.027788545411032928
-0.038466866176760206
-0.013771885982464482
0.01724199139330551
0.05182100602750328
-0.028034859824940028
0.04665297339942498
0.06925574960452696
-0.022368622754905587
-0.02496648159475967
-0.018864353824572078
-0.01686722086916248
-0.009357776553262198
0.03443624877469453
0.025722681761052968
-0.022348210496932808
0.08176108754913614
0.011999720455214913
0.018593646962060006
0.008505479129739868
-0.015144140805206874
0.06318283133468316
-0.0038562351615762935
0.08383912323474085
0.030122729138618354
-0.0849833488167917
0.030974972656109045
0.04135586741642605
0.04283497654615154
-0.03045002278091502
-0.15702055781469149
-0.07892951287026762
0.04790976101641675
0.048059232237648075
-0.01249170093178087
0.04283497654615154
0.0512476844333456
-0.027789787343500905
0.04729149119249154
-0.028034859824940028
0.023512429278589764
