-0.15702055781469149
0.04790976101641675
-0.036421638107813514
-0.0549153461639893
0.0844852260058202
0.01724199139330551
0.03863378364598535
0.0512476844333456
0.08799230776265521
0.11522232211929584
-0.03520416182162833
0.05436809318039337
0.07518071596092746
-0.032259158022980294
-0.010204897362879883
0.026005039289207943
0.06925574960452696
0.025649122658425227
-0.03458770640829023
0.02927401578257438
-0.007720686875989813
0.011999720455214913
0.011553574399841615
-0.0357902826629255
-0.036421638107813514
-0.008416174423421019
-0.017136936568830308
-0.02496648159475967
-0.15702055781469149
0.08080248335888918
0.04299886054755575
-0.0007657730469858848
-0.049962429852048906
-0.018864353824572078
-0.012150300762606037
0.1417808980890598
0.051344950513199095
0.0344322264021244
-0.007317237093852569
0.020567585268201682
-0.05586089089844393
-0.08110299466350668
0.03443624877469453
-0.06720056781523276
0.03994035520780326
0.03973066370480538
0.04590352204112591
0.04823967565580034
-0.06226621690008294
-0.06464003578883037
0.012390402416693647
-0.05282848588680089
-0.03563356684104946
0.06605801367827979
0.023512429278589764
0.062467374718552904
0.01724199139330551
0.0165919313161762
-0.12033949778566289
-0.06226621690008294
-0.0011970474263076625
-0.022348210496932808
0.013040071944516285
-0.002647647860884561
-0.06464003578883037
-0.06720056781523276
-0.06193714350214741
0.023512429278589764
0.1399333926158075
0.07586149829868472
-0.09570667993071069
0.0576314646823306
-0.017242733713295877
0.041840431302949455
0.13480548385110502
-0.008416174423421019
0.08105492908796386
-0.06109953281700342
0.005082074600808895
0.005082074600808895
0.02520341309711238
-0.05654058267968054
-0.0002495311402075373
0.018593646962060006
0.05198789125700998
-0.06109953281700342
-0.022348210496932808
0.04827168718050601
-0.0002495311402075373
-0.024170822975695394
0.06761705055254463
-0.08285893181375492
-0.03563356684104946
-0.028034859824940028
0.0216176650818376
-0.022348210496932808
0.0203593980283987
0.013040071944516285
0.007058852839625374
0.008665176454019985
0.0461992712042818
0.041840431302949455
0.0512476844333456
-0.007317237093852569
0.037453479113841226
-0.08143178414826124
0.0216176650818376
-0.049962429852048906
-0.009357776553262198
-0.02243129284092049
0.11840346286310233
-0.013771885982464482
0.030974972656109045
0.012394543666532698
0.07518071596092746
-0.007882998007099573
0.007058852839625374
0.041840431302949455
-0.06258250876081561
-0.0851300246174862
0.1399333926158075
-0.0002868205956847447
0.007058852839625374
0.028713620756199987
0.013109728048770641
-0.027789787343500905
0.0512476844333456
0.06318283133468316
0.037453479113841226
-0.0038562351615762935
-0.007720686875989813
0.06925574960452696
-0.005105231073404326
0.022194058573782982
0.06228267241298191
0.13480548385110502
0.02927401578257438
0.007058852839625374
0.009856619194733796
0.01724199139330551
0.04371378571481266
0.06228267241298191
0.0844852260058202
0.03861575224405023
0.08759468040243501
0.1417808980890598
0.0688088340488946
0.03863378364598535
-0.09570667993071069
0.06364954486786978
0.04380656992791998
-0.017136936568830308
-0.07892951287026762
0.05168531023255696
0.005082074600808895
0.006143668794592827
0.019778644828504
-0.002647647860884561
-0.12033949778566289
0.02773636562208104
0.024801788304586125
-0.005105231073404326
-0.05654058267968054
0.062467374718552904
-0.02375973362478856
0.06292625909621563
-0.004841918958801372
0.043334141200254805
0.008505479129739868
0.024801788304586125
-0.02862716582831837
-0.05983064969141072
0.04283497654615154
-0.015144140805206874
0.0165919313161762
-0.0038562351615762935
0.0022689688502968153
-0.013878349100881593
0.026458811902690726
0.04299886054755575
0.037453479113841226
-0.05699148198311299
-0.017136936568830308
0.09718899306107964
-0.12033949778566289
-0.09432889171755221
0.012299756912504733
-0.024170822975695394
0.037107507807760065
-0.01844849936066506
-0.027393577402978764
0.06761705055254463
-0.005818111085915234
0.0276177252845331
-0.019391257313081667
-0.1218059774124729
-0.08814864178677073
0.08302714817478662
0.15300088602597928
-0.07465345378649157
-0.005818111085915234
0.037453479113841226
-0.12033949778566289
-0.03997727574944321
0.014471610315426986
-0.010204897362879883
0.02520341309711238
0.0276177252845331
0.13480548385110502
0.17000938109242547
0.04135586741642605
0.08383912323474085
0.08759468040243501
0.07060672059698447
0.030974972656109045
-0.03695834061658587
0.04920879849315085
0.03882682382156144
0.025649122658425227
-0.0851300246174862
0.08653619008305125
0.04790976101641675
-0.02375973362478856
-0.060513028914405353
0.03882682382156144
-0.019514789449790015
-0.08814864178677073
-0.009588853389239205
-0.0851300246174862
0.013040071944516285
0.05436809318039337
-0.05464289541014722
-0.09432889171755221
0.08759468040243501
0.026005039289207943
0.1399333926158075
-0.027789787343500905
0.03973066370480538
0.01724199139330551
-0.0851300246174862
0.02708189422255458
0.04590352204112591
0.0025784297617263974
0.13480548385110502
0.11840346286310233
0.08383912323474085
0.04590352204112591
0.026653357334457617
0.02714223291166995
-0.0013205999854228878
-0.06193714350214741
0.06605801367827979
-0.0636718542421022
-0.007338419158481102
0.06364954486786978
-0.10013006587302442
0.022821768641877682
0.06761705055254463
-0.037433866920196124
0.011999720455214913
0.017908695057996304
-0.017136936568830308
0.04606131559255999
-0.024170822975695394
-0.02243129284092049
0.049538360788050184
0.0278028767684102
-0.012372140541780041
-0.1218059774124729
0.026653357334457617
0.06364954486786978
-0.027462288324585415
-0.05464289541014722
-0.0005187167995490682
-0.13034379599603163
0.011553574399841615
0.0022689688502968153
-0.019391257313081667
-0.05416508205116166
-0.018864353824572078
0.07586149829868472
0.04048653167530425
0.04920879849315085
-0.0011970474263076625
0.022821768641877682
0.08176108754913614
0.011999720455214913
-0.012150300762606037
-0.03045002278091502
-0.018864353824572078
-0.06226621690008294
-0.007317237093852569
-0.22146034456414654
0.11522232211929584
0.13204555949274965
0.007058852839625374
-0.019391257313081667
0.0025784297617263974
0.04790976101641675
