0.08759468040243501
0.0576314646823306
-0.032259158022980294
-0.013878349100881593
0.012394543666532698
0.01035787819304268
-0.03563356684104946
0.01046829599036414
-0.05282848588680089
-0.2546008091448053
0.023512429278589764
-0.07724758378448726
0.02708189422255458
-0.037433866920196124
-0.06285634704832255
-0.013771885982464482
-0.021161035659430283
0.028713620756199987
-0.13034379599603163
0.02927401578257438
-0.0002868205956847447
-0.08814864178677073
-0.05699148198311299
-0.017242733713295877
-0.036421638107813514
0.01347000313241331
-0.015144140805206874
-0.0357902826629255
0.03208636570286316
0.037453479113841226
-0.013878349100881593
0.06567138145123597
0.028713620756199987
0.018593646962060006
0.08176108754913614
-0.024170822975695394
0.06567138145123597
0.0344322264021244
-0.06193714350214741
0.008505479129739868
-0.0005187167995490682
-0.07212958518599066
-0.02243129284092049
-0.10819102148647719
0.10240276235625068
-0.10013006587302442
0.04371378571481266
0.014780240742707562
-0.06638125688640528
-0.0489237727198617
-0.045496030668886966
-0.08678886069673908
-0.05983064969141072
0.07586149829868472
0.08302714817478662
-0.04022536987465397
-0.05416508205116166
0.011999720455214913
0.01613403625846388
0.07586149829868472
-0.047644828679283435
0.07586149829868472
0.030974972656109045
-0.08285893181375492
0.056736527751481525
0.019778644828504
0.0025784297617263974
-0.0007657730469858848
-0.028034859824940028
-0.09570667993071069
-0.051670301345440706
-0.02375973362478856
-0.0007657730469858848
0.003822387934753202
0.041840431302949455
0.039209693040964666
-0.0011970474263076625
-0.022348210496932808
-0.012372140541780041
-0.060513028914405353
0.02708189422255458
0.011999720455214913
0.048059232237648075
0.026653357334457617
0.037453479113841226
-0.03458770640829023
-0.05654058267968054
0.04590352204112591
0.04333086414918519
0.02432879134386301
-0.060513028914405353
0.06364954486786978
0.05168531023255696
0.049538360788050184
-0.06464003578883037
0.014471610315426986
0.08653619008305125
0.06292625909621563
0.08653619008305125
0.020083040980136246
-0.06226621690008294
-0.05120330655862837
0.03882682382156144
0.02451643163530548
0.023560334148108097
0.04299886054755575
0.06605801367827979
0.0278028767684102
0.10240276235625068
-0.0011970474263076625
-0.060513028914405353
0.014780240742707562
-0.04126132556270612
0.0165919313161762
0.011553574399841615
0.041840431302949455
0.11522232211929584
-0.005105231073404326
-0.021161035659430283
0.045224792909892564
0.0022689688502968153
-0.12033949778566289
0.02773636562208104
0.09718899306107964
-0.06053051312501001
0.006746455834750975
0.01724199139330551
0.04590352204112591
-0.02243129284092049
-0.027788545411032928
-0.009357776553262198
-0.05282848588680089
0.014780240742707562
0.04790976101641675
0.013065356771912562
0.02927401578257438
-0.03695834061658587
0.02432879134386301
-0.045496030668886966
0.01716964896203166
-0.019391257313081667
-0.08126108737944548
0.030974972656109045
0.022821768641877682
-0.02243129284092049
0.02432879134386301
0.04299886054755575
0.012299756912504733
0.013065356771912562
-0.011743957061684185
0.07382421435571018
0.13480548385110502
0.007058852839625374
0.1399333926158075
-0.0489237727198617
-0.05983064969141072
0.011553574399841615
0.049538360788050184
-0.007543661478351282
0.045224792909892564
-0.0007657730469858848
-0.019514789449790015
0.005173534568482907
-0.09432889171755221
0.005082074600808895
0.0344322264021244
-0.027789787343500905
0.025649122658425227
-0.03270475340709922
-0.011743957061684185
-0.011743957061684185
0.05168531023255696
0.015089270086424023
0.0216176650818376
-0.06285634704832255
0.08121523150568599
-0.03270475340709922
-0.0013205999854228878
-0.028034859824940028
-0.0007657730469858848
-0.012372140541780041
0.015089270086424023
-0.03173275161671363
-0.05129888770798985
-0.032340875642459466
0.08105492908796386
-0.06226621690008294
0.08105492908796386
-0.06053051312501001
0.012299756912504733
0.08302714817478662
0.1399333926158075
0.1399333926158075
0.030974972656109045
0.04469322213864224
-0.032259158022980294
-0.03520416182162833
-0.004841918958801372
-0.007317237093852569
0.09718899306107964
-0.047644828679283435
-0.03173275161671363
0.08732358904095427
0.0025784297617263974
-0.049962429852048906
-0.22146034456414654
0.062467374718552904
-0.0636718542421022
-0.008416174423421019
0.006746455834750975
0.023560334148108097
0.01579928711915457
0.005173534568482907
-0.017136936568830308
-0.022821982956040543
0.005173534568482907
0.03882682382156144
0.01046829599036414
-0.08126108737944548
-0.22146034456414654
0.01579928711915457
-0.03695834061658587
0.0203593980283987
0.0025784297617263974
0.06569838178769771
-0.03133707462365809
-0.05586089089844393
-0.13034379599603163
-0.03917887174705115
0.06292625909621563
-0.04466517994807795
0.04333086414918519
-0.022368622754905587
0.04469322213864224
0.04920879849315085
-0.04022536987465397
0.03643980545838055
0.07586149829868472
0.03994035520780326
0.009856619194733796
0.03861575224405023
0.06318283133468316
-0.04466517994807795
0.022821768641877682
0.0844852260058202
0.10240276235625068
0.018593646962060006
-0.07465345378649157
0.028713620756199987
-0.0851300246174862
0.0344322264021244
0.01699193585620762
0.051344950513199095
-0.007543661478351282
-0.22146034456414654
0.026458811902690726
0.039209693040964666
0.049538360788050184
-0.0008948035361102669
-0.013771885982464482
0.008665176454019985
0.08732358904095427
0.06569838178769771
0.024801788304586125
-0.05416508205116166
0.0278028767684102
0.028713620756199987
0.03994035520780326
0.003822387934753202
-0.022821982956040543
0.020083040980136246
-0.02375973362478856
0.01661350063361855
-0.01249170093178087
0.018593646962060006
-0.05129888770798985
0.06228267241298191
-0.002205271978588108
0.01716964896203166
0.039209693040964666
0.043334141200254805
-0.0008948035361102669
0.0844852260058202
0.06292625909621563
-0.03917887174705115
-0.08814864178677073
-0.06109953281700342
-0.04022536987465397
0.13480548385110502
-0.06053051312501001
-0.0007657730469858848
0.04283497654615154
0.04995452527457189
-0.0002868205956847447
0.04469322213864224
-0.06464003578883037
0.014780240742707562
0.10109672394520075
0.0025784297617263974
