0.007058852839625374
-0.06258250876081561
0.049538360788050184
0.08105492908796386
0.05198789125700998
-0.05120330655862837
0.07518071596092746
0.0276177252845331
-0.02243129284092049
-0.037433866920196124
0.025649122658425227
-0.027788545411032928
-0.009588853389239205
-0.05699148198311299
0.0326533364262076
-0.007882998007099573
0.01035787819304268
0.0027859037974478085
0.037453479113841226
0.02773636562208104
0.08759468040243501
0.0203593980283987
0.01579928711915457
-0.045496030668886966
-0.060513028914405353
-0.015144140805206874
0.01579928711915457
0.02708189422255458
-0.027393577402978764
0.0041948137923384365
-0.019514789449790015
0.022194058573782982
0.025722681761052968
0.04823967565580034
-0.0549153461639893
0.0326533364262076
0.04790976101641675
-0.08285893181375492
0.041840431302949455
-0.0489237727198617
-0.022622356364218277
0.02432879134386301
0.037107507807760065
0.02708189422255458
0.06316607709876365
0.026653357334457617
-0.017136936568830308
0.15300088602597928
0.0344322264021244
-0.09570667993071069
-0.045496030668886966
0.02927401578257438
0.06228267241298191
0.041840431302949455
-0.15702055781469149
0.08653619008305125
-0.03695834061658587
-0.022622356364218277
0.0165919313161762
0.04920879849315085
0.06316607709876365
0.018593646962060006
-0.08126108737944548
-0.06053051312501001
0.0041948137923384365
0.04048653167530425
-0.002647647860884561
0.02708189422255458
-0.04126132556270612
0.08176108754913614
-0.06193714350214741
-0.07212958518599066
-0.002647647860884561
0.05168531023255696
0.013065356771912562
0.02432879134386301
-0.02496648159475967
0.01699193585620762
-0.022821982956040543
0.06761705055254463
-0.03045002278091502
-0.0007657730469858848
0.06806350229329183
0.01724199139330551
-0.022821982956040543
-0.02862716582831837
-0.03520416182162833
-0.05654058267968054
0.13480548385110502
-0.06720056781523276
-0.051670301345440706
-0.04022536987465397
0.0027859037974478085
-0.03458770640829023
0.04299886054755575
0.015089270086424023
-0.10819102148647719
0.08653619008305125
-0.03458770640829023
-0.15702055781469149
-0.06226621690008294
-0.15702055781469149
-0.036421638107813514
0.04920879849315085
0.024801788304586125
0.0344322264021244
-0.017242733713295877
0.04371378571481266
-0.03695834061658587
0.025722681761052968
-0.13034379599603163
0.03861575224405023
0.001954162314668828
0.01579928711915457
0.01724199139330551
-0.024170822975695394
0.15300088602597928
0.020083040980136246
-0.022622356364218277
-0.05654058267968054
0.04790976101641675
-0.03173275161671363
0.013109728048770641
-0.05282848588680089
0.011553574399841615
0.01716964896203166
0.04590352204112591
-0.036421638107813514
0.025722681761052968
0.019778644828504
-0.002205271978588108
0.08080248335888918
-0.09570667993071069
0.17000938109242547
-0.07075486294590672
-0.10013006587302442
-0.014438989348697362
0.041840431302949455
-0.028034859824940028
0.03863378364598535
0.04371378571481266
0.08653619008305125
0.022194058573782982
0.05436809318039337
0.024801788304586125
0.01716964896203166
0.049538360788050184
0.018593646962060006
0.0688088340488946
0.06318283133468316
-0.0011970474263076625
-0.02496648159475967
0.04823967565580034
0.04590352204112591
-0.05654058267968054
-0.01249170093178087
-0.060513028914405353
-0.037433866920196124
0.02451643163530548
0.04469322213864224
0.04606131559255999
-0.03695834061658587
0.04380656992791998
0.08105492908796386
-0.027393577402978764
-0.017242733713295877
0.07060672059698447
0.08383912323474085
-0.008416174423421019
0.05198789125700998
-0.0002868205956847447
-0.03563356684104946
-0.017242733713295877
0.039209693040964666
-0.06464003578883037
0.04380656992791998
0.04606131559255999
-0.02375973362478856
-0.10819102148647719
0.0326533364262076
-0.04126132556270612
-0.017242733713295877
-0.06638125688640528
-0.011743957061684185
0.013065356771912562
0.013040071944516285
-0.0002495311402075373
-0.01249170093178087
0.005082074600808895
0.04333086414918519
0.0844852260058202
-0.07075486294590672
-0.027788545411032928
-0.06226621690008294
-0.004841918958801372
-0.08678886069673908
0.0278028767684102
0.03863378364598535
-0.013878349100881593
0.0326533364262076
0.005082074600808895
0.04371378571481266
0.03973066370480538
0.006143668794592827
0.06228267241298191
-0.02862716582831837
-0.007543661478351282
-0.013771885982464482
-0.06285634704832255
0.11522232211929584
-0.0851300246174862
0.04333086414918519
-0.03563356684104946
0.006265799221320201
-0.13034379599603163
0.030122729138618354
0.06228267241298191
0.11522232211929584
0.01035787819304268
0.03863378364598535
0.023512429278589764
-0.05654058267968054
0.07060672059698447
0.03643980545838055
0.029794720012301212
-0.008416174423421019
-0.03045002278091502
0.06292625909621563
0.01347000313241331
0.051344950513199095
0.03643980545838055
-0.05464289541014722
-0.06638125688640528
-0.1218059774124729
-0.0636718542421022
-0.04126132556270612
0.05182100602750328
0.02451643163530548
0.04799414960212012
-0.015144140805206874
-0.02862716582831837
0.0512476844333456
-0.09432889171755221
-0.051670301345440706
-0.007882998007099573
0.1399333926158075
-0.047644828679283435
-0.024170822975695394
-0.0007657730469858848
-0.010204897362879883
0.06569838178769771
-0.049962429852048906
0.13204555949274965
-0.01249170093178087
0.030974972656109045
0.0278028767684102
0.01035787819304268
0.019778644828504
0.041840431302949455
-0.0489237727198617
-0.06109953281700342
0.05799658946616226
-0.05464289541014722
0.03208636570286316
-0.06258250876081561
0.013065356771912562
-0.007882998007099573
0.04827168718050601
0.034283772423341574
0.08105492908796386
-0.06193714350214741
-0.08126108737944548
-0.0011970474263076625
0.029794720012301212
0.013040071944516285
-0.005105231073404326
0.04333086414918519
0.0278028767684102
-0.0002495311402075373
-0.03133707462365809
0.020567585268201682
-0.07892951287026762
0.11840346286310233
-0.036421638107813514
0.07382421435571018
0.005082074600808895
0.03973066370480538
0.025649122658425227
0.0027859037974478085
-0.02375973362478856
0.03863378364598535
0.0515617796937029
0.04135586741642605
0.13480548385110502
-0.0011970474263076625
0.013109728048770641
0.07382421435571018
0.012390402416693647
-0.03270475340709922
