0.0027859037974478085
0.08653619008305125
-0.06226621690008294
0.04391937482752173
-0.08814864178677073
0.062467374718552904
0.009856619194733796
0.008665176454019985
0.0515617796937029
0.039209693040964666
0.10240276235625068
-0.027789787343500905
-0.04126132556270612
-0.002205271978588108
-0.03695834061658587
-0.08110299466350668
0.0326533364262076
-0.0549153461639893
-0.060513028914405353
-0.011743957061684185
0.0461992712042818
0.031017376704207678
0.01579928711915457
0.04827168718050601
0.009856619194733796
0.006265799221320201
0.037453479113841226
-0.028034859824940028
-0.027788545411032928
-0.060513028914405353
0.030974972656109045
0.023560334148108097
0.06761705055254463
0.08302714817478662
0.06292625909621563
-0.013771885982464482
-0.017242733713295877
0.012299756912504733
-0.06053051312501001
-0.08110299466350668
0.07518071596092746
0.03443624877469453
-0.007720686875989813
0.024801788304586125
-0.09359820865597968
-0.014438989348697362
0.08799230776265521
0.030974972656109045
0.041840431302949455
0.10240276235625068
0.0022689688502968153
0.04590352204112591
0.030122729138618354
-0.05464289541014722
0.08759468040243501
0.1399333926158075
-0.07212958518599066
0.17000938109242547
0.06806350229329183
0.018593646962060006
-0.0005187167995490682
-0.007720686875989813
0.012394543666532698
0.1417808980890598
-0.08143178414826124
0.05182100602750328
0.13204555949274965
-0.022622356364218277
-0.009357776553262198
-0.041376638974308655
-0.027462288324585415
0.03643980545838055
0.0515617796937029
-0.0849833488167917
0.15300088602597928
0.06567138145123597
0.041840431302949455
0.10240276235625068
0.08105492908796386
0.02520341309711238
0.022194058573782982
0.0844852260058202
-0.05654058267968054
0.0512476844333456
0.01699193585620762
0.05799658946616226
0.015089270086424023
0.04333086414918519
0.11522232211929584
0.006746455834750975
-0.03458770640829023
0.0688088340488946
0.04995452527457189
0.04790976101641675
0.047513051758585334
0.012299756912504733
0.1399333926158075
0.0576314646823306
-0.045496030668886966
0.015089270086424023
0.024801788304586125
0.06761705055254463
-0.03458770640829023
-0.050143819123519506
-0.002647647860884561
0.17000938109242547
0.13480548385110502
0.014780240742707562
-0.007338419158481102
0.04391937482752173
0.03861575224405023
0.06925574960452696
-0.018864353824572078
-0.03997727574944321
-0.015144140805206874
0.04048653167530425
-0.0013205999854228878
-0.05129888770798985
0.049538360788050184
0.025722681761052968
0.02520341309711238
0.006265799221320201
-0.015144140805206874
-0.019514789449790015
-0.005105231073404326
0.06925574960452696
0.022821768641877682
0.07382421435571018
0.17000938109242547
-0.004841918958801372
0.025722681761052968
0.013109728048770641
0.04469322213864224
-0.010204897362879883
-0.022898889969576786
0.02927401578257438
0.08105492908796386
0.01699193585620762
-0.027393577402978764
0.0203593980283987
-0.019514789449790015
0.01661350063361855
-0.12033949778566289
-0.032259158022980294
0.012390402416693647
-0.22146034456414654
0.015089270086424023
0.07518071596092746
-0.022622356364218277
0.06364954486786978
-0.09359820865597968
-0.09359820865597968
-0.0849833488167917
0.0576314646823306
-0.007317237093852569
-0.01956931117570271
-0.002647647860884561
-0.08285893181375492
0.026005039289207943
-0.032340875642459466
-0.050143819123519506
0.17000938109242547
-0.05464289541014722
0.01347000313241331
-0.05282848588680089
-0.1218059774124729
0.10240276235625068
0.04920879849315085
0.02451643163530548
0.005173534568482907
0.005082074600808895
-0.010204897362879883
0.020446479141682516
-0.004841918958801372
0.02714223291166995
-0.050143819123519506
0.0512476844333456
-0.049962429852048906
-0.05120330655862837
-0.037433866920196124
-0.2546008091448053
0.0016709762031741349
0.08105492908796386
-0.06226621690008294
0.0344322264021244
-0.22146034456414654
0.030974972656109045
-0.17661184642248884
-0.06109953281700342
0.037107507807760065
0.0203593980283987
0.01716964896203166
0.034283772423341574
0.0041948137923384365
0.0016709762031741349
-0.04126132556270612
-0.017242733713295877
0.0278028767684102
-0.02243129284092049
0.043334141200254805
-0.002647647860884561
-0.07724758378448726
-0.05586089089844393
-0.09570667993071069
0.012394543666532698
0.026005039289207943
0.014780240742707562
-0.08285893181375492
-0.022821982956040543
0.022821768641877682
0.03973066370480538
0.014471610315426986
-0.05464289541014722
0.07060672059698447
-0.032259158022980294
-0.06638125688640528
-0.022348210496932808
-0.03458770640829023
-0.06638125688640528
-0.027789787343500905
-0.007882998007099573
-0.060513028914405353
-0.007882998007099573
0.015089270086424023
0.062467374718552904
-0.05129888770798985
0.08121523150568599
0.014471610315426986
0.05436809318039337
0.05425453554333082
-0.03997727574944321
-0.047644828679283435
-0.012372140541780041
-0.03270475340709922
0.0041948137923384365
0.08105492908796386
0.0216176650818376
-0.06464003578883037
0.04135586741642605
0.08176108754913614
0.0461992712042818
0.020446479141682516
-0.06258250876081561
-0.15702055781469149
-0.022821982956040543
-0.03173275161671363
0.15300088602597928
-0.08721982612879486
0.025649122658425227
0.011999720455214913
0.04729149119249154
-0.027393577402978764
0.04135586741642605
-0.03133707462365809
0.03643980545838055
-0.05983064969141072
0.009856619194733796
-0.03173275161671363
0.01716964896203166
-0.06285634704832255
0.025722681761052968
0.03994035520780326
0.02708189422255458
-0.013771885982464482
0.0203593980283987
0.04333086414918519
-0.02862716582831837
0.04135586741642605
0.022821768641877682
0.0278028767684102
-0.09359820865597968
-0.0007657730469858848
-0.06464003578883037
-0.027393577402978764
-0.02243129284092049
-0.04466517994807795
-0.0636718542421022
0.0688088340488946
0.012299756912504733
-0.06720056781523276
0.013065356771912562
-0.022622356364218277
0.04380656992791998
0.013065356771912562
-0.011743957061684185
-0.022622356364218277
0.04333086414918519
0.031017376704207678
-0.0005187167995490682
0.03208636570286316
0.08799230776265521
-0.027462288324585415
-0.007317237093852569
0.020567585268201682
0.037107507807760065
-0.0549153461639893
0.025649122658425227
-0.04466517994807795
0.08799230776265521
