-0.03695834061658587
0.030122729138618354
0.034283772423341574
-0.07075486294590672
0.08732358904095427
0.0216176650818376
0.025722681761052968
-0.04022536987465397
-0.021161035659430283
-0.0849833488167917
0.02451643163530548
0.043334141200254805
-0.007720686875989813
-0.05282848588680089
-0.02496648159475967
0.03643980545838055
0.07382421435571018
0.04995452527457189
0.014471610315426986
0.10240276235625068
0.04469322213864224
-0.04466517994807795
-0.07465345378649157
0.024801788304586125
0.014471610315426986
0.03973066370480538
0.08653619008305125
-0.08285893181375492
-0.10819102148647719
-0.027462288324585415
0.05198789125700998
0.026005039289207943
0.08080248335888918
0.07060672059698447
-0.03173275161671363
0.04827168718050601
-0.05464289541014722
-0.01249170093178087
-0.02862716582831837
0.04823967565580034
0.0203593980283987
0.030122729138618354
0.1417808980890598
0.049538360788050184
0.0844852260058202
0.026458811902690726
-0.0489237727198617
-0.049962429852048906
0.0688088340488946
0.026653357334457617
0.006143668794592827
0.024801788304586125
-0.0357902826629255
0.049538360788050184
-0.08126108737944548
0.007058852839625374
0.02927401578257438
0.006746455834750975
-0.0005187167995490682
-0.017136936568830308
-0.022821982956040543
0.0576314646823306
0.05198789125700998
0.01699193585620762
0.006265799221320201
-0.03695834061658587
0.0461992712042818
-0.028034859824940028
0.13480548385110502
-0.05282848588680089
0.08759468040243501
-0.060513028914405353
0.041840431302949455
0.08105492908796386
0.08732358904095427
0.01579928711915457
0.037107507807760065
-0.0849833488167917
-0.019391257313081667
-0.09359820865597968
0.06567138145123597
0.08176108754913614
-0.07075486294590672
0.07586149829868472
-0.0002868205956847447
0.019778644828504
-0.007882998007099573
0.05436809318039337
0.03882682382156144
0.1417808980890598
0.0165919313161762
0.08653619008305125
0.022821768641877682
0.05436809318039337
-0.0005187167995490682
0.006143668794592827
-0.05586089089844393
0.048059232237648075
-0.022898889969576786
-0.051670301345440706
-0.08814864178677073
-0.03045002278091502
-0.10819102148647719
0.03443624877469453
0.05198789125700998
0.07518071596092746
0.0016709762031741349
-0.03520416182162833
-0.05282848588680089
0.041840431302949455
0.08759468040243501
-0.02375973362478856
0.018593646962060006
0.06567138145123597
0.03443624877469453
-0.06464003578883037
-0.022368622754905587
0.17000938109242547
0.020083040980136246
-0.05983064969141072
0.04920879849315085
-0.060513028914405353
-0.05983064969141072
0.05198789125700998
0.001954162314668828
0.025524068456756588
-0.019391257313081667
-0.05282848588680089
-0.06285634704832255
0.005173534568482907
0.008665176454019985
0.026005039289207943
0.11522232211929584
0.0688088340488946
0.039209693040964666
-0.028034859824940028
0.01699193585620762
0.0688088340488946
0.023560334148108097
0.06364954486786978
0.0326533364262076
0.01579928711915457
0.01579928711915457
0.04380656992791998
0.0025784297617263974
0.034283772423341574
0.05436809318039337
-0.08126108737944548
0.034283772423341574
0.006265799221320201
0.15300088602597928
0.01579928711915457
-0.032259158022980294
0.008665176454019985
0.029794720012301212
0.06567138145123597
-0.07075486294590672
-0.032340875642459466
0.013109728048770641
0.045224792909892564
0.06994395962703592
0.020083040980136246
0.03973066370480538
-0.027789787343500905
0.014471610315426986
-0.05282848588680089
0.041840431302949455
0.11840346286310233
0.014471610315426986
0.019778644828504
-0.17661184642248884
-0.06226621690008294
-0.022348210496932808
-0.07892951287026762
-0.027462288324585415
0.023512429278589764
-0.0002495311402075373
-0.09570667993071069
-0.002205271978588108
-0.05654058267968054
0.022194058573782982
0.05799658946616226
-0.06285634704832255
-0.027462288324585415
0.02773636562208104
-0.15702055781469149
-0.04022536987465397
0.04333086414918519
0.01046829599036414
-0.0549153461639893
-0.06638125688640528
-0.04022536987465397
-0.027788545411032928
-0.007720686875989813
-0.0011970474263076625
0.07518071596092746
0.08383912323474085
0.01347000313241331
0.17000938109242547
0.007058852839625374
0.1399333926158075
0.018593646962060006
0.05168531023255696
0.04391937482752173
-0.010204897362879883
0.10109672394520075
-0.0002868205956847447
-0.051670301345440706
0.01035787819304268
0.06364954486786978
0.07518071596092746
-0.04466517994807795
0.0016709762031741349
0.11522232211929584
0.0027859037974478085
0.05425453554333082
0.020446479141682516
-0.009588853389239205
0.047513051758585334
-0.007338419158481102
-0.005818111085915234
-0.04022536987465397
-0.014438989348697362
0.13480548385110502
0.062467374718552904
-0.02375973362478856
-0.0849833488167917
0.026653357334457617
-0.05282848588680089
0.04823967565580034
0.03443624877469453
-0.0849833488167917
-0.022368622754905587
-0.05654058267968054
-0.0002868205956847447
0.025649122658425227
0.012394543666532698
-0.06464003578883037
0.026458811902690726
0.0276177252845331
0.051344950513199095
0.06567138145123597
0.011553574399841615
-0.0489237727198617
0.06761705055254463
-0.0357902826629255
0.11840346286310233
-0.06109953281700342
-0.01844849936066506
-0.015144140805206874
0.019778644828504
0.02432879134386301
0.08121523150568599
0.07518071596092746
0.045224792909892564
0.04606131559255999
0.01046829599036414
0.031017376704207678
-0.02862716582831837
-0.007543661478351282
-0.019514789449790015
-0.022368622754905587
0.05198789125700998
0.008505479129739868
0.04469322213864224
-0.022622356364218277
-0.08143178414826124
0.013040071944516285
-0.05699148198311299
-0.010532567714866659
-0.05416508205116166
-0.03173275161671363
-0.03270475340709922
0.08176108754913614
0.07382421435571018
0.07586149829868472
0.06228267241298191
0.08080248335888918
0.009856619194733796
-0.007338419158481102
0.02714223291166995
0.012390402416693647
0.01046829599036414
0.009856619194733796
0.03208636570286316
-0.007543661478351282
0.04665297339942498
0.04606131559255999
-0.060513028914405353
0.04665297339942498
0.03863378364598535
-0.06193714350214741
0.0025784297617263974
-0.07724758378448726
0.037107507807760065
-0.0005187167995490682
-0.0849833488167917
0.0278028767684102
0.0512476844333456
