-0.049962429852048906
0.005082074600808895
0.05168531023255696
0.039209693040964666
0.08302714817478662
0.006265799221320201
-0.004841918958801372
-0.06285634704832255
0.011999720455214913
-0.03917887174705115
0.04995452527457189
-0.017136936568830308
-0.02496648159475967
-0.022898889969576786
-0.06464003578883037
-0.007720686875989813
0.0025784297617263974
0.06806350229329183
-0.0002495311402075373
-0.005105231073404326
-0.0357902826629255
0.0041948137923384365
-0.027393577402978764
-0.0851300246174862
0.04391937482752173
0.011553574399841615
-0.0005187167995490682
0.0512476844333456
0.001954162314668828
0.06292625909621563
-0.05586089089844393
-0.1218059774124729
-0.013771885982464482
0.011553574399841615
-0.03045002278091502
0.04606131559255999
0.01035787819304268
0.01661350063361855
-0.06258250876081561
0.022821768641877682
-0.03695834061658587
0.01579928711915457
-0.01956931117570271
0.06567138145123597
0.08632977574364098
-0.0002868205956847447
0.024801788304586125
-0.0357902826629255
0.029794720012301212
-0.0851300246174862
-0.027788545411032928
0.0512476844333456
-0.02243129284092049
0.06364954486786978
0.08383912323474085
-0.03173275161671363
0.023560334148108097
-0.038466866176760206
-0.05416508205116166
0.06316607709876365
-0.08126108737944548
0.0844852260058202
0.023512429278589764
-0.10819102148647719
-0.051670301345440706
-0.009588853389239205
0.025649122658425227
0.02451643163530548
-0.022368622754905587
0.02927401578257438
-0.027789787343500905
0.0203593980283987
0.025649122658425227
-0.018864353824572078
0.0278028767684102
0.001954162314668828
0.08080248335888918
0.02432879134386301
0.018593646962060006
0.003822387934753202
0.03863378364598535
-0.045496030668886966
-0.05282848588680089
0.04048653167530425
-0.05464289541014722
0.04799414960212012
0.07382421435571018
0.03863378364598535
0.04590352204112591
-0.0636718542421022
0.01046829599036414
0.04469322213864224
0.04995452527457189
-0.05129888770798985
0.08759468040243501
0.02714223291166995
0.05198789125700998
-0.02243129284092049
0.06925574960452696
0.041840431302949455
-0.05282848588680089
-0.05654058267968054
0.01724199139330551
-0.018864353824572078
-0.018864353824572078
-0.2546008091448053
-0.007720686875989813
-0.009588853389239205
-0.049962429852048906
0.01613403625846388
-0.0007657730469858848
0.005082074600808895
-0.08678886069673908
-0.10819102148647719
0.08759468040243501
-0.0007657730469858848
0.025649122658425227
0.07518071596092746
0.008665176454019985
0.03861575224405023
0.08632977574364098
-0.019514789449790015
-0.049962429852048906
0.049538360788050184
0.04665297339942498
0.011999720455214913
0.006265799221320201
0.0576314646823306
0.008505479129739868
-0.028034859824940028
0.008505479129739868
0.041840431302949455
-0.0005187167995490682
-0.0549153461639893
-0.004841918958801372
-0.07212958518599066
-0.08110299466350668
-0.05654058267968054
-0.03173275161671363
0.020083040980136246
-0.05464289541014722
-0.041376638974308655
0.0515617796937029
0.0016709762031741349
0.026653357334457617
-0.08285893181375492
0.0278028767684102
0.02708189422255458
0.05799658946616226
0.012390402416693647
0.06806350229329183
-0.22146034456414654
-0.06053051312501001
0.04299886054755575
0.1417808980890598
-0.009357776553262198
0.11522232211929584
0.04048653167530425
0.08799230776265521
0.08653619008305125
-0.07212958518599066
-0.007720686875989813
0.031017376704207678
0.062467374718552904
-0.007543661478351282
0.025649122658425227
0.013065356771912562
-0.09359820865597968
-0.08678886069673908
0.04135586741642605
-0.06638125688640528
-0.0002495311402075373
0.11522232211929584
0.043334141200254805
-0.004841918958801372
-0.06285634704832255
-0.01686722086916248
-0.07892951287026762
0.04469322213864224
0.04606131559255999
-0.03045002278091502
0.020446479141682516
-0.05654058267968054
-0.049962429852048906
-0.0011970474263076625
0.06925574960452696
0.0216176650818376
0.04606131559255999
-0.0851300246174862
0.04729149119249154
-0.009357776553262198
-0.047644828679283435
-0.03173275161671363
0.06569838178769771
0.02927401578257438
-0.024170822975695394
-0.08814864178677073
0.029794720012301212
0.018593646962060006
-0.005818111085915234
0.048059232237648075
-0.04022536987465397
-0.22146034456414654
0.018593646962060006
0.034283772423341574
0.008665176454019985
-0.024170822975695394
0.02432879134386301
-0.024170822975695394
0.013065356771912562
0.13480548385110502
0.06925574960452696
-0.0005187167995490682
0.10240276235625068
0.02708189422255458
-0.05416508205116166
0.013040071944516285
0.045224792909892564
-0.06720056781523276
0.0278028767684102
0.023512429278589764
0.011553574399841615
0.025524068456756588
0.030122729138618354
-0.024170822975695394
0.04371378571481266
-0.05416508205116166
0.026005039289207943
-0.024170822975695394
0.025649122658425227
0.01046829599036414
-0.0549153461639893
-0.03270475340709922
0.062467374718552904
0.08799230776265521
0.024801788304586125
0.020083040980136246
-0.08143178414826124
0.06316607709876365
0.07586149829868472
0.011553574399841615
0.008665176454019985
-0.06638125688640528
-0.06285634704832255
-0.06720056781523276
0.0688088340488946
0.03994035520780326
0.04995452527457189
-0.07212958518599066
0.034283772423341574
0.062467374718552904
-0.02375973362478856
-0.02243129284092049
-0.022348210496932808
-0.005818111085915234
0.08759468040243501
-0.022348210496932808
0.015089270086424023
0.01724199139330551
0.008665176454019985
0.006265799221320201
-0.007720686875989813
-0.009588853389239205
-0.05464289541014722
-0.03270475340709922
-0.03520416182162833
-0.036421638107813514
0.008505479129739868
0.0515617796937029
-0.009588853389239205
-0.10819102148647719
-0.060513028914405353
0.05436809318039337
0.020446479141682516
0.025722681761052968
-0.007543661478351282
-0.007720686875989813
0.02927401578257438
-0.05654058267968054
-0.005105231073404326
-0.060513028914405353
-0.06109953281700342
-0.07892951287026762
0.01661350063361855
-0.051670301345440706
-0.013878349100881593
0.020567585268201682
-0.01844849936066506
0.08121523150568599
0.017908695057996304
-0.013771885982464482
0.04135586741642605
-0.0005187167995490682
0.04048653167530425
0.015089270086424023
0.051344950513199095
0.006746455834750975
-0.007543661478351282
0.045224792909892564
