0.05425453554333082
-0.013771885982464482
0.04729149119249154
0.02451643163530548
0.09718899306107964
-0.041376638974308655
0.11840346286310233
-0.06226621690008294
-0.01956931117570271
-0.022368622754905587
-0.03563356684104946
0.005082074600808895
0.0022689688502968153
-0.08678886069673908
-0.0549153461639893
0.0576314646823306
0.07518071596092746
0.02773636562208104
-0.06226621690008294
-0.03270475340709922
0.08302714817478662
0.062467374718552904
-0.051670301345440706
0.009856619194733796
0.013040071944516285
-0.03520416182162833
-0.01956931117570271
-0.03563356684104946
-0.012150300762606037
-0.022821982956040543
0.0041948137923384365
-0.0002868205956847447
0.04135586741642605
0.06318283133468316
0.009856619194733796
0.0016709762031741349
-0.0549153461639893
0.048059232237648075
0.04995452527457189
0.17000938109242547
0.08080248335888918
-0.17661184642248884
-0.013878349100881593
0.04283497654615154
-0.03270475340709922
0.056736527751481525
-0.04466517994807795
0.020567585268201682
0.07060672059698447
0.04283497654615154
0.1399333926158075
-0.0013205999854228878
-0.015144140805206874
-0.03520416182162833
0.008505479129739868
0.03994035520780326
-0.013878349100881593
-0.010204897362879883
-0.07465345378649157
-0.04126132556270612
0.0326533364262076
-0.013878349100881593
0.022821768641877682
0.037453479113841226
-0.05699148198311299
0.02520341309711238
-0.08143178414826124
0.0461992712042818
0.0326533364262076
0.02451643163530548
-0.045496030668886966
0.013065356771912562
-0.09570667993071069
0.025524068456756588
-0.03917887174705115
-0.049962429852048906
0.09718899306107964
0.006746455834750975
0.07382421435571018
-0.07075486294590672
0.02708189422255458
-0.08285893181375492
-0.028034859824940028
0.04799414960212012
0.03994035520780326
0.0844852260058202
0.03994035520780326
0.056736527751481525
0.0016709762031741349
0.022821768641877682
-0.01249170093178087
0.037453479113841226
0.10109672394520075
-0.008416174423421019
-0.022821982956040543
0.05799658946616226
0.02773636562208104
0.13480548385110502
0.10109672394520075
0.025524068456756588
0.06318283133468316
0.03643980545838055
-0.03270475340709922
0.06806350229329183
-0.013878349100881593
0.020446479141682516
-0.013878349100881593
0.06292625909621563
-0.011743957061684185
0.03208636570286316
0.06569838178769771
0.06806350229329183
0.0461992712042818
-0.03695834061658587
-0.03270475340709922
0.0512476844333456
0.04135586741642605
-0.05699148198311299
-0.05983064969141072
-0.013878349100881593
-0.03045002278091502
0.026458811902690726
-0.06109953281700342
0.05182100602750328
0.019778644828504
-0.03458770640829023
-0.06053051312501001
-0.008416174423421019
-0.0357902826629255
0.04380656992791998
0.01661350063361855
0.07382421435571018
0.024801788304586125
-0.06109953281700342
0.030974972656109045
-0.04126132556270612
0.037453479113841226
0.05436809318039337
0.0016709762031741349
0.006265799221320201
-0.06285634704832255
0.056736527751481525
-0.0636718542421022
0.04799414960212012
-0.007338419158481102
0.0512476844333456
-0.03045002278091502
0.0515617796937029
0.008505479129739868
-0.007882998007099573
-0.009357776553262198
0.047513051758585334
0.01661350063361855
0.0203593980283987
0.03863378364598535
0.06318283133468316
0.08759468040243501
0.011553574399841615
0.02714223291166995
0.06925574960452696
0.0512476844333456
0.028713620756199987
-0.05416508205116166
0.02773636562208104
0.0016709762031741349
0.011553574399841615
0.020567585268201682
0.001954162314668828
0.04048653167530425
0.049538360788050184
0.03973066370480538
-0.017136936568830308
0.1417808980890598
-0.01956931117570271
0.024801788304586125
-0.01956931117570271
0.0165919313161762
-0.06226621690008294
-0.06226621690008294
-0.007720686875989813
0.03863378364598535
0.008505479129739868
-0.13034379599603163
0.020083040980136246
0.03973066370480538
0.001954162314668828
-0.007338419158481102
-0.08285893181375492
0.06761705055254463
-0.010204897362879883
-0.041376638974308655
-0.007720686875989813
-0.1218059774124729
0.018593646962060006
0.05436809318039337
0.0688088340488946
0.01699193585620762
-0.027789787343500905
0.1399333926158075
-0.005818111085915234
-0.027788545411032928
-0.012150300762606037
-0.09570667993071069
0.01699193585620762
-0.01844849936066506
0.02714223291166995
-0.032340875642459466
0.07518071596092746
-0.0549153461639893
0.04823967565580034
0.019778644828504
-0.06053051312501001
0.03863378364598535
-0.06258250876081561
0.0515617796937029
0.026653357334457617
-0.06193714350214741
0.01699193585620762
-0.02375973362478856
-0.015144140805206874
0.04799414960212012
-0.017136936568830308
-0.007338419158481102
-0.013771885982464482
-0.007543661478351282
0.028713620756199987
-0.06109953281700342
-0.007543661478351282
-0.0636718542421022
-0.07892951287026762
-0.0013205999854228878
-0.05416508205116166
0.04391937482752173
-0.01686722086916248
-0.0005187167995490682
0.0344322264021244
0.10109672394520075
-0.027789787343500905
0.023560334148108097
0.03973066370480538
-0.011743957061684185
0.045224792909892564
0.04380656992791998
0.0022689688502968153
0.10109672394520075
-0.032340875642459466
0.041840431302949455
0.04283497654615154
0.04469322213864224
0.026458811902690726
-0.0002868205956847447
0.06567138145123597
-0.03270475340709922
-0.027788545411032928
0.06318283133468316
0.0512476844333456
0.039209693040964666
-0.05120330655862837
-0.0851300246174862
0.043334141200254805
-0.07465345378649157
0.08302714817478662
-0.013771885982464482
0.013109728048770641
-0.0636718542421022
0.020083040980136246
-0.22146034456414654
0.04827168718050601
-0.05129888770798985
0.02432879134386301
0.04790976101641675
0.01716964896203166
-0.06638125688640528
0.051344950513199095
-0.03563356684104946
0.04920879849315085
0.13480548385110502
0.023512429278589764
0.17000938109242547
-0.022821982956040543
-0.0011970474263076625
0.039209693040964666
-0.06193714350214741
-0.07892951287026762
-0.06109953281700342
0.001954162314668828
0.04135586741642605
-0.015144140805206874
-0.07414653786004877
-0.03695834061658587
-0.0008948035361102669
0.020083040980136246
-0.06258250876081561
0.02520341309711238
0.04371378571481266
0.02773636562208104
0.08176108754913614
-0.05464289541014722
0.013109728048770641
