-0.014438989348697362
-0.0636718542421022
0.005173534568482907
0.0512476844333456
0.07060672059698447
0.011999720455214913
0.024801788304586125
-0.10819102148647719
-0.0357902826629255
0.07382421435571018
0.06806350229329183
0.003822387934753202
0.04391937482752173
0.08632977574364098
0.045224792909892564
0.06925574960452696
-0.019391257313081667
0.020567585268201682
-0.037433866920196124
-0.007720686875989813
-0.027393577402978764
-0.05654058267968054
-0.2546008091448053
-0.032340875642459466
-0.007317237093852569
0.06761705055254463
-0.011743957061684185
-0.08721982612879486
0.005173534568482907
-0.03270475340709922
0.005173534568482907
0.10240276235625068
0.05182100602750328
-0.05129888770798985
0.0027859037974478085
0.04283497654615154
-0.0002495311402075373
0.08799230776265521
0.02451643163530548
0.13204555949274965
0.06761705055254463
-0.06285634704832255
-0.027789787343500905
0.0216176650818376
0.01347000313241331
0.04729149119249154
-0.019514789449790015
0.008505479129739868
0.04606131559255999
-0.0549153461639893
-0.09359820865597968
0.07382421435571018
0.0515617796937029
0.04799414960212012
-0.013878349100881593
0.06316607709876365
-0.03133707462365809
0.04391937482752173
-0.012372140541780041
0.0344322264021244
0.10240276235625068
0.037107507807760065
0.04665297339942498
-0.0008948035361102669
0.01613403625846388
0.023512429278589764
0.08121523150568599
0.0216176650818376
-0.004841918958801372
0.026005039289207943
0.08383912323474085
-0.1218059774124729
0.023560334148108097
0.049538360788050184
-0.009357776553262198
0.012299756912504733
-0.0013205999854228878
0.08759468040243501
0.08121523150568599
-0.051670301345440706
0.024801788304586125
-0.012150300762606037
-0.012150300762606037
-0.02862716582831837
-0.07465345378649157
-0.07075486294590672
0.048059232237648075
-0.0002495311402075373
0.08632977574364098
-0.08126108737944548
-0.032340875642459466
-0.0008948035361102669
0.01661350063361855
0.01661350063361855
-0.013878349100881593
-0.10819102148647719
0.09718899306107964
-0.10013006587302442
0.03208636570286316
-0.08814864178677073
-0.0013205999854228878
-0.03458770640829023
0.026458811902690726
-0.22146034456414654
-0.22146034456414654
0.006265799221320201
-0.06193714350214741
0.04283497654615154
-0.007882998007099573
0.043334141200254805
-0.10819102148647719
0.06925574960452696
0.025649122658425227
0.001954162314668828
-0.007317237093852569
-0.04466517994807795
-0.0002868205956847447
0.07586149829868472
-0.07892951287026762
0.08176108754913614
0.025649122658425227
0.026458811902690726
-0.012372140541780041
0.014780240742707562
0.023560334148108097
0.04790976101641675
0.02927401578257438
-0.13034379599603163
0.041840431302949455
0.03863378364598535
0.023560334148108097
-0.05983064969141072
0.07586149829868472
-0.002205271978588108
-0.05464289541014722
-0.08814864178677073
-0.0038562351615762935
-0.0008948035361102669
-0.022821982956040543
0.0203593980283987
0.0165919313161762
0.034283772423341574
0.013065356771912562
0.06567138145123597
-0.1218059774124729
0.01716964896203166
-0.028034859824940028
0.17000938109242547
-0.03270475340709922
0.04823967565580034
-0.027788545411032928
0.05182100602750328
0.04380656992791998
-0.06720056781523276
0.025649122658425227
0.06806350229329183
-0.07414653786004877
-0.0849833488167917
0.018593646962060006
-0.0549153461639893
-0.005818111085915234
0.024801788304586125
-0.07724758378448726
-0.017136936568830308
0.008665176454019985
0.04048653167530425
-0.04022536987465397
0.01579928711915457
0.04606131559255999
0.056736527751481525
0.04469322213864224
0.04790976101641675
-0.0007657730469858848
-0.022348210496932808
-0.012372140541780041
0.03863378364598535
-0.05699148198311299
0.025722681761052968
0.009856619194733796
-0.06053051312501001
0.012299756912504733
-0.08721982612879486
0.034283772423341574
0.014780240742707562
-0.03458770640829023
-0.03045002278091502
-0.05654058267968054
0.025722681761052968
-0.007317237093852569
0.08383912323474085
0.011553574399841615
-0.037433866920196124
-0.08143178414826124
-0.07724758378448726
-0.01249170093178087
0.051344950513199095
-0.01956931117570271
-0.09570667993071069
0.03863378364598535
0.13480548385110502
0.0022689688502968153
0.025649122658425227
-0.007317237093852569
-0.022898889969576786
0.006265799221320201
0.020567585268201682
-0.022821982956040543
0.043334141200254805
0.1399333926158075
-0.07892951287026762
-0.051670301345440706
-0.01249170093178087
0.047513051758585334
0.030122729138618354
0.04665297339942498
0.06567138145123597
0.020446479141682516
-0.045496030668886966
-0.05129888770798985
0.014471610315426986
0.01347000313241331
0.009856619194733796
-0.007543661478351282
0.06292625909621563
0.04920879849315085
-0.05129888770798985
-0.02862716582831837
-0.009357776553262198
0.04665297339942498
0.024801788304586125
-0.08110299466350668
-0.008416174423421019
0.047513051758585334
0.0022689688502968153
0.04590352204112591
0.02520341309711238
-0.0038562351615762935
0.02714223291166995
-0.09432889171755221
0.08632977574364098
0.048059232237648075
-0.1218059774124729
-0.04022536987465397
0.0344322264021244
-0.07724758378448726
0.012299756912504733
-0.08721982612879486
-0.06053051312501001
0.03973066370480538
-0.08721982612879486
-0.08678886069673908
0.020083040980136246
-0.22146034456414654
0.08799230776265521
-0.09570667993071069
0.01661350063361855
0.01035787819304268
-0.007338419158481102
0.04333086414918519
0.09718899306107964
0.005173534568482907
0.10109672394520075
-0.0005187167995490682
0.08759468040243501
0.04380656992791998
0.02714223291166995
-0.02496648159475967
0.003822387934753202
-0.02375973362478856
0.025722681761052968
-0.08721982612879486
0.009856619194733796
0.015089270086424023
0.08653619008305125
0.026653357334457617
-0.007882998007099573
0.022194058573782982
0.012390402416693647
0.01035787819304268
-0.0013205999854228878
0.05436809318039337
-0.08678886069673908
-0.051670301345440706
0.030974972656109045
0.018593646962060006
-0.08110299466350668
-0.03563356684104946
-0.08110299466350668
-0.05129888770798985
-0.03563356684104946
-0.032340875642459466
-0.03133707462365809
-0.02375973362478856
0.02773636562208104
0.015089270086424023
0.011553574399841615
-0.010204897362879883
-0.07724758378448726
0.06994395962703592
