0.03863378364598535
0.06605801367827979
0.06292625909621563
0.04729149119249154
0.051344950513199095
-0.0008948035361102669
0.06806350229329183
0.023560334148108097
-0.08126108737944548
0.05168531023255696
0.02451643163530548
0.034283772423341574
0.03443624877469453
-0.005818111085915234
-0.049962429852048906
-0.03045002278091502
0.01724199139330551
0.026005039289207943
-0.032259158022980294
0.012394543666532698
-0.050143819123519506
0.04380656992791998
-0.032340875642459466
0.015089270086424023
0.03882682382156144
0.02773636562208104
-0.038466866176760206
-0.005105231073404326
-0.02496648159475967
0.011999720455214913
0.037107507807760065
-0.0038562351615762935
0.024801788304586125
0.02432879134386301
0.01035787819304268
0.1417808980890598
-0.22146034456414654
-0.03133707462365809
0.019778644828504
0.014471610315426986
-0.011743957061684185
0.023512429278589764
0.06994395962703592
0.05799658946616226
0.0278028767684102
0.006746455834750975
0.01046829599036414
-0.027393577402978764
-0.037433866920196124
0.0278028767684102
-0.012150300762606037
0.037107507807760065
0.1417808980890598
-0.0007657730469858848
0.034283772423341574
0.031017376704207678
-0.028034859824940028
-0.04466517994807795
-0.13034379599603163
0.008505479129739868
0.04048653167530425
-0.032340875642459466
0.037107507807760065
-0.09432889171755221
0.04135586741642605
-0.03917887174705115
-0.011743957061684185
0.06316607709876365
-0.02375973362478856
-0.06464003578883037
-0.012372140541780041
0.013040071944516285
-0.037433866920196124
-0.06720056781523276
-0.0008948035361102669
0.025524068456756588
0.08080248335888918
0.08653619008305125
-0.0851300246174862
0.019778644828504
0.017908695057996304
0.01716964896203166
0.07518071596092746
-0.05120330655862837
-0.019391257313081667
0.04135586741642605
-0.09432889171755221
0.0461992712042818
-0.06109953281700342
-0.22146034456414654
0.08105492908796386
0.05168531023255696
-0.05120330655862837
0.11840346286310233
-0.05464289541014722
0.039209693040964666
-0.08814864178677073
0.04799414960212012
-0.07212958518599066
0.015089270086424023
0.06761705055254463
-0.03997727574944321
-0.06258250876081561
-0.022622356364218277
-0.038466866176760206
0.014471610315426986
-0.05586089089844393
0.05436809318039337
-0.03173275161671363
0.048059232237648075
0.014780240742707562
-0.09570667993071069
0.11840346286310233
0.03863378364598535
-0.05654058267968054
-0.022898889969576786
0.023560334148108097
0.045224792909892564
-0.05983064969141072
0.0025784297617263974
0.04469322213864224
-0.07724758378448726
-0.07465345378649157
0.04391937482752173
-0.022898889969576786
0.009856619194733796
-0.007882998007099573
-0.0489237727198617
0.023512429278589764
0.005082074600808895
-0.06053051312501001
0.08383912323474085
0.04920879849315085
0.026458811902690726
0.08176108754913614
0.020446479141682516
0.01035787819304268
0.04823967565580034
-0.012150300762606037
0.11522232211929584
0.041840431302949455
0.003822387934753202
-0.03045002278091502
-0.08143178414826124
0.045224792909892564
-0.008416174423421019
0.034283772423341574
-0.024170822975695394
0.04827168718050601
0.06994395962703592
-0.03563356684104946
-0.07465345378649157
0.07382421435571018
-0.0636718542421022
-0.024170822975695394
0.02927401578257438
0.0576314646823306
0.014780240742707562
0.03863378364598535
0.10109672394520075
0.08176108754913614
0.019778644828504
0.03994035520780326
0.08105492908796386
0.056736527751481525
-0.03045002278091502
0.08302714817478662
0.04380656992791998
-0.011743957061684185
0.05182100602750328
0.006143668794592827
-0.03045002278091502
-0.05120330655862837
0.08105492908796386
0.04790976101641675
0.04729149119249154
0.08732358904095427
0.04283497654615154
-0.06285634704832255
0.013109728048770641
-0.05129888770798985
0.15300088602597928
-0.06053051312501001
-0.009357776553262198
-0.0011970474263076625
0.03443624877469453
-0.032340875642459466
-0.03133707462365809
-0.06226621690008294
0.006265799221320201
-0.05464289541014722
0.1399333926158075
0.0844852260058202
0.030122729138618354
-0.0636718542421022
0.009856619194733796
-0.036421638107813514
0.008505479129739868
-0.0636718542421022
0.01347000313241331
0.04606131559255999
-0.02375973362478856
0.06318283133468316
-0.060513028914405353
-0.022368622754905587
-0.012372140541780041
-0.02375973362478856
0.025649122658425227
-0.03458770640829023
0.012299756912504733
-0.06464003578883037
-0.0002868205956847447
-0.019514789449790015
0.0025784297617263974
0.04048653167530425
0.06806350229329183
0.04827168718050601
-0.06285634704832255
-0.06464003578883037
-0.022368622754905587
-0.12033949778566289
-0.15702055781469149
0.0688088340488946
0.02708189422255458
-0.09570667993071069
0.01579928711915457
-0.018864353824572078
0.07586149829868472
-0.022348210496932808
0.06994395962703592
0.015089270086424023
0.06994395962703592
0.06569838178769771
-0.03563356684104946
0.0025784297617263974
0.047513051758585334
-0.03458770640829023
-0.007338419158481102
0.04665297339942498
-0.007543661478351282
0.04823967565580034
-0.03133707462365809
0.006746455834750975
-0.03997727574944321
-0.050143819123519506
-0.02862716582831837
0.026458811902690726
-0.045496030668886966
0.030122729138618354
-0.06638125688640528
0.02520341309711238
0.025524068456756588
0.03863378364598535
-0.08126108737944548
0.022821768641877682
-0.10013006587302442
-0.051670301345440706
0.03443624877469453
0.028713620756199987
-0.0002868205956847447
0.0203593980283987
-0.05416508205116166
-0.007317237093852569
-0.0011970474263076625
-0.09570667993071069
-0.049962429852048906
-0.009588853389239205
0.02451643163530548
-0.024170822975695394
-0.0038562351615762935
-0.041376638974308655
0.0278028767684102
-0.12033949778566289
-0.027462288324585415
-0.038466866176760206
0.030122729138618354
0.11522232211929584
-0.08814864178677073
0.023560334148108097
-0.017136936568830308
-0.08678886069673908
-0.22146034456414654
0.02432879134386301
0.013065356771912562
-0.019514789449790015
0.04391937482752173
-0.0007657730469858848
0.04048653167530425
0.1417808980890598
0.0027859037974478085
0.08653619008305125
0.007058852839625374
-0.036421638107813514
-0.012372140541780041
0.020567585268201682
-0.05282848588680089
-0.04466517994807795
0.06567138145123597
-0.06285634704832255
