0.03973066370480538
-0.012150300762606037
-0.03173275161671363
0.05198789125700998
-0.0489237727198617
0.0344322264021244
0.01716964896203166
-0.012372140541780041
0.015089270086424023
-0.07414653786004877
0.05182100602750328
0.05168531023255696
0.07518071596092746
0.0025784297617263974
0.02927401578257438
0.03973066370480538
0.045224792909892564
-0.0849833488167917
0.013065356771912562
-0.08126108737944548
-0.06226621690008294
-0.05129888770798985
0.08759468040243501
-0.03520416182162833
-0.08814864178677073
0.13204555949274965
-0.005818111085915234
-0.03270475340709922
0.034283772423341574
0.06228267241298191
0.0461992712042818
-0.08721982612879486
-0.032340875642459466
0.07382421435571018
-0.007317237093852569
-0.05699148198311299
-0.027393577402978764
0.017908695057996304
0.05198789125700998
-0.022368622754905587
-0.060513028914405353
-0.005105231073404326
-0.0002868205956847447
-0.027789787343500905
0.0165919313161762
0.07586149829868472
0.04729149119249154
-0.06720056781523276
0.0025784297617263974
0.0016709762031741349
0.005173534568482907
0.03882682382156144
0.012394543666532698
0.024801788304586125
0.029794720012301212
0.05436809318039337
-0.03520416182162833
0.03443624877469453
0.06925574960452696
0.011553574399841615
-0.022821982956040543
0.15300088602597928
-0.06638125688640528
-0.027789787343500905
0.043334141200254805
0.039209693040964666
0.056736527751481525
-0.0007657730469858848
0.029794720012301212
0.025524068456756588
-0.05654058267968054
-0.09359820865597968
0.020446479141682516
-0.08126108737944548
0.05436809318039337
0.02432879134386301
0.04380656992791998
0.020446479141682516
-0.022348210496932808
0.041840431302949455
-0.07465345378649157
0.02520341309711238
0.0025784297617263974
-0.06638125688640528
0.008505479129739868
0.031017376704207678
-0.032340875642459466
0.03973066370480538
-0.010532567714866659
-0.049962429852048906
0.04371378571481266
-0.10013006587302442
0.04823967565580034
-0.0357902826629255
-0.022898889969576786
-0.018864353824572078
-0.008416174423421019
0.012299756912504733
0.0203593980283987
-0.011743957061684185
-0.09570667993071069
0.11840346286310233
0.045224792909892564
-0.022821982956040543
0.04048653167530425
0.11522232211929584
-0.027789787343500905
-0.024170822975695394
-0.017242733713295877
0.01716964896203166
0.03208636570286316
0.012394543666532698
-0.022348210496932808
0.011553574399841615
-0.050143819123519506
-0.013878349100881593
0.013065356771912562
0.02451643163530548
-0.021161035659430283
0.015089270086424023
-0.0008948035361102669
-0.005105231073404326
-0.036421638107813514
0.019778644828504
0.0165919313161762
-0.050143819123519506
-0.009357776553262198
0.012299756912504733
0.01699193585620762
-0.038466866176760206
-0.0489237727198617
-0.22146034456414654
0.10240276235625068
-0.01686722086916248
0.07382421435571018
0.04048653167530425
0.13204555949274965
-0.051670301345440706
-0.013771885982464482
0.09718899306107964
-0.03563356684104946
-0.010204897362879883
-0.05282848588680089
-0.08814864178677073
0.013109728048770641
0.03643980545838055
-0.060513028914405353
0.0276177252845331
-0.022368622754905587
0.08732358904095427
0.0025784297617263974
0.1417808980890598
0.045224792909892564
0.0576314646823306
-0.05586089089844393
-0.06464003578883037
-0.08285893181375492
-0.07892951287026762
0.15300088602597928
0.04380656992791998
0.014780240742707562
0.012394543666532698
0.05182100602750328
0.08653619008305125
0.02714223291166995
-0.03270475340709922
0.02432879134386301
0.08105492908796386
0.0512476844333456
0.003822387934753202
-0.02496648159475967
-0.012372140541780041
0.0515617796937029
0.06569838178769771
0.025524068456756588
0.0216176650818376
-0.027789787343500905
0.003822387934753202
-0.2546008091448053
-0.027789787343500905
0.08759468040243501
0.02714223291166995
-0.017242733713295877
-0.0002868205956847447
-0.0636718542421022
-0.05282848588680089
-0.038466866176760206
0.026005039289207943
-0.06720056781523276
-0.0357902826629255
-0.02496648159475967
-0.038466866176760206
-0.03045002278091502
-0.009588853389239205
-0.0038562351615762935
-0.03045002278091502
0.08732358904095427
0.02432879134386301
-0.06258250876081561
-0.022898889969576786
0.041840431302949455
0.011553574399841615
0.017908695057996304
0.003822387934753202
0.09718899306107964
-0.024170822975695394
0.05425453554333082
0.012394543666532698
0.017908695057996304
-0.005105231073404326
0.02708189422255458
0.001954162314668828
-0.027789787343500905
-0.06285634704832255
-0.08678886069673908
-0.05699148198311299
0.014471610315426986
0.06994395962703592
0.01035787819304268
0.08632977574364098
-0.12033949778566289
0.04590352204112591
0.04920879849315085
0.022194058573782982
-0.1218059774124729
0.0016709762031741349
-0.06638125688640528
-0.04466517994807795
0.05168531023255696
-0.037433866920196124
-0.021161035659430283
-0.05586089089844393
-0.03173275161671363
0.03994035520780326
-0.014438989348697362
0.08080248335888918
0.15300088602597928
0.003822387934753202
-0.07724758378448726
0.0016709762031741349
0.043334141200254805
0.10240276235625068
-0.03045002278091502
0.015089270086424023
-0.15702055781469149
0.07382421435571018
-0.018864353824572078
-0.002205271978588108
0.03994035520780326
0.003822387934753202
0.10240276235625068
0.08383912323474085
-0.06258250876081561
-0.010532567714866659
0.04380656992791998
0.04135586741642605
-0.0002495311402075373
0.014471610315426986
0.13480548385110502
-0.1218059774124729
0.07518071596092746
0.011999720455214913
0.024801788304586125
0.1399333926158075
-0.08110299466350668
0.012390402416693647
-0.08678886069673908
-0.08126108737944548
0.043334141200254805
0.08799230776265521
-0.1218059774124729
-0.027393577402978764
0.04729149119249154
-0.22146034456414654
0.0027859037974478085
0.02520341309711238
0.02927401578257438
0.028713620756199987
-0.007720686875989813
0.11840346286310233
-0.027393577402978764
0.03882682382156144
0.03973066370480538
-0.047644828679283435
0.05425453554333082
-0.002647647860884561
0.08632977574364098
0.007058852839625374
0.06761705055254463
0.012299756912504733
-0.019391257313081667
0.10240276235625068
-0.037433866920196124
0.0844852260058202
-0.0002868205956847447
0.030974972656109045
0.018593646962060006
0.02451643163530548
0.014780240742707562
