0.02520341309711238
-0.0038562351615762935
0.005082074600808895
-0.02862716582831837
0.08759468040243501
0.012299756912504733
0.028713620756199987
0.041840431302949455
0.03994035520780326
0.037107507807760065
-0.22146034456414654
0.01716964896203166
-0.02862716582831837
0.04606131559255999
-0.02496648159475967
0.0576314646823306
-0.02496648159475967
-0.036421638107813514
0.022194058573782982
-0.10819102148647719
-0.08285893181375492
-0.10013006587302442
0.11522232211929584
0.02451643163530548
0.030974972656109045
0.025524068456756588
-0.05586089089844393
0.0461992712042818
0.025649122658425227
-0.05416508205116166
0.022194058573782982
-0.009357776553262198
0.020446479141682516
-0.027788545411032928
-0.02862716582831837
0.04283497654615154
0.02773636562208104
-0.02375973362478856
0.0461992712042818
0.013109728048770641
-0.03270475340709922
0.039209693040964666
-0.03045002278091502
0.041840431302949455
0.006746455834750975
-0.08126108737944548
-0.018864353824572078
-0.012372140541780041
-0.010204897362879883
-0.0013205999854228878
-0.05129888770798985
-0.028034859824940028
-0.03695834061658587
0.04469322213864224
-0.0636718542421022
0.013109728048770641
-0.05464289541014722
-0.0357902826629255
0.0576314646823306
0.01035787819304268
0.04995452527457189
0.008505479129739868
0.026458811902690726
-0.037433866920196124
0.01347000313241331
-0.050143819123519506
-0.07212958518599066
-0.05282848588680089
0.04590352204112591
-0.018864353824572078
0.05198789125700998
-0.06053051312501001
0.03643980545838055
-0.007317237093852569
0.024801788304586125
0.06316607709876365
-0.019514789449790015
-0.047644828679283435
0.04299886054755575
0.06569838178769771
-0.15702055781469149
0.06806350229329183
0.034283772423341574
-0.032340875642459466
0.056736527751481525
0.020567585268201682
-0.05129888770798985
0.020567585268201682
-0.05654058267968054
0.13480548385110502
0.026005039289207943
-0.05464289541014722
-0.08110299466350668
-0.011743957061684185
-0.03133707462365809
0.0512476844333456
0.048059232237648075
-0.036421638107813514
-0.08143178414826124
0.02708189422255458
0.02708189422255458
0.06318283133468316
-0.007338419158481102
0.015089270086424023
-0.0013205999854228878
0.04135586741642605
-0.011743957061684185
-0.05416508205116166
-0.032259158022980294
-0.0013205999854228878
-0.2546008091448053
0.013065356771912562
-0.08721982612879486
0.04729149119249154
0.015089270086424023
-0.010532567714866659
0.047513051758585334
-0.009588853389239205
-0.027789787343500905
0.007058852839625374
-0.0549153461639893
-0.019391257313081667
-0.02496648159475967
-0.02375973362478856
0.01716964896203166
0.030974972656109045
0.01579928711915457
0.026005039289207943
0.01046829599036414
0.017908695057996304
0.0025784297617263974
0.06228267241298191
0.051344950513199095
0.04665297339942498
0.04299886054755575
-0.060513028914405353
0.1399333926158075
0.04606131559255999
0.025722681761052968
0.10109672394520075
-0.05699148198311299
0.05198789125700998
0.04469322213864224
-0.022898889969576786
-0.07724758378448726
-0.01956931117570271
0.03882682382156144
0.05436809318039337
0.02520341309711238
0.04299886054755575
-0.014438989348697362
0.03973066370480538
0.012394543666532698
0.04827168718050601
-0.014438989348697362
0.020446479141682516
-0.02862716582831837
-0.0005187167995490682
0.005082074600808895
-0.06053051312501001
0.05799658946616226
0.08632977574364098
0.020446479141682516
0.005082074600808895
0.04606131559255999
0.04665297339942498
-0.038466866176760206
0.015089270086424023
0.08799230776265521
-0.06464003578883037
-0.010204897362879883
0.06567138145123597
0.031017376704207678
0.01347000313241331
0.025649122658425227
0.0203593980283987
0.031017376704207678
-0.045496030668886966
-0.07465345378649157
-0.03917887174705115
0.06318283133468316
0.031017376704207678
0.056736527751481525
-0.004841918958801372
0.06994395962703592
0.006143668794592827
-0.03133707462365809
-0.0011970474263076625
0.012299756912504733
-0.009357776553262198
0.05198789125700998
-0.002205271978588108
-0.013771885982464482
0.06567138145123597
-0.0489237727198617
0.03863378364598535
0.028713620756199987
-0.07414653786004877
0.0025784297617263974
-0.047644828679283435
-0.08721982612879486
0.005082074600808895
0.04391937482752173
-0.013771885982464482
0.012394543666532698
-0.007317237093852569
0.02432879134386301
0.08732358904095427
0.04920879849315085
0.13480548385110502
-0.03520416182162833
0.04469322213864224
-0.004841918958801372
0.026458811902690726
0.025722681761052968
-0.009588853389239205
-0.0007657730469858848
-0.05654058267968054
0.07060672059698447
0.025722681761052968
0.028713620756199987
-0.019514789449790015
-0.007317237093852569
-0.012372140541780041
-0.0005187167995490682
0.026005039289207943
0.006265799221320201
0.09718899306107964
0.056736527751481525
0.01046829599036414
-0.01686722086916248
0.045224792909892564
0.0344322264021244
0.06316607709876365
-0.049962429852048906
0.048059232237648075
-0.03695834061658587
0.06806350229329183
0.041840431302949455
0.001954162314668828
0.02432879134386301
-0.05120330655862837
-0.049962429852048906
-0.08678886069673908
-0.08678886069673908
-0.007543661478351282
-0.03917887174705115
0.03863378364598535
-0.03997727574944321
-0.017242733713295877
0.018593646962060006
0.11522232211929584
0.05425453554333082
0.018593646962060006
0.06761705055254463
-0.032259158022980294
0.020567585268201682
0.15300088602597928
-0.05983064969141072
0.06761705055254463
-0.07465345378649157
0.0844852260058202
-0.027788545411032928
0.04823967565580034
-0.0357902826629255
-0.10819102148647719
0.01613403625846388
-0.09432889171755221
-0.017136936568830308
-0.05654058267968054
0.0512476844333456
-0.06638125688640528
-0.05129888770798985
-0.038466866176760206
-0.007720686875989813
0.05182100602750328
0.07518071596092746
0.06318283133468316
-0.0549153461639893
0.026458811902690726
0.04799414960212012
-0.05699148198311299
0.04469322213864224
0.0041948137923384365
-0.017242733713295877
-0.049962429852048906
0.008505479129739868
0.020567585268201682
-0.08110299466350668
-0.0011970474263076625
-0.10819102148647719
-0.0038562351615762935
0.01579928711915457
-0.051670301345440706
0.01347000313241331
0.02432879134386301
-0.05654058267968054
-0.15702055781469149
0.0515617796937029
