0.011553574399841615
0.10109672394520075
0.049538360788050184
-0.05464289541014722
0.04729149119249154
-0.05983064969141072
0.04333086414918519
0.030974972656109045
0.018593646962060006
-0.012150300762606037
-0.05464289541014722
0.05198789125700998
-0.005818111085915234
0.04380656992791998
0.006746455834750975
0.022194058573782982
0.04590352204112591
0.012299756912504733
-0.01844849936066506
0.039209693040964666
0.0276177252845331
0.15300088602597928
-0.13034379599603163
-0.05129888770798985
0.017908695057996304
0.022821768641877682
0.06806350229329183
-0.008416174423421019
0.03882682382156144
-0.017242733713295877
-0.06285634704832255
0.0276177252845331
-0.007338419158481102
0.045224792909892564
0.030122729138618354
0.08799230776265521
0.048059232237648075
0.024801788304586125
0.1417808980890598
0.04371378571481266
0.025649122658425227
-0.07414653786004877
0.005173534568482907
-0.05282848588680089
0.0216176650818376
0.09718899306107964
0.0016709762031741349
-0.07212958518599066
0.030974972656109045
-0.05983064969141072
-0.007338419158481102
-0.05416508205116166
-0.09570667993071069
0.08653619008305125
-0.012150300762606037
0.08080248335888918
0.01579928711915457
-0.017136936568830308
0.06761705055254463
-0.06258250876081561
-0.03997727574944321
0.043334141200254805
-0.17661184642248884
-0.06720056781523276
0.09718899306107964
0.012394543666532698
0.10109672394520075
0.01613403625846388
0.10240276235625068
0.02708189422255458
0.008505479129739868
-0.014438989348697362
-0.06464003578883037
0.001954162314668828
-0.013878349100881593
0.05799658946616226
-0.007720686875989813
-0.05699148198311299
0.017908695057996304
0.025722681761052968
-0.0011970474263076625
0.06994395962703592
-0.03133707462365809
-0.0549153461639893
0.04283497654615154
-0.05654058267968054
-0.07212958518599066
0.04995452527457189
0.17000938109242547
-0.03133707462365809
0.08176108754913614
0.13480548385110502
0.015089270086424023
-0.13034379599603163
-0.02862716582831837
-0.005105231073404326
-0.02243129284092049
-0.08814864178677073
0.0844852260058202
0.005082074600808895
0.08176108754913614
0.15300088602597928
0.04606131559255999
0.04665297339942498
0.013109728048770641
-0.05129888770798985
-0.009357776553262198
0.15300088602597928
-0.03520416182162833
0.045224792909892564
0.012299756912504733
-0.008416174423421019
0.006265799221320201
-0.05129888770798985
-0.022821982956040543
-0.0008948035361102669
0.05198789125700998
-0.013771885982464482
-0.08721982612879486
-0.02862716582831837
0.006746455834750975
0.04790976101641675
-0.02496648159475967
-0.060513028914405353
0.05799658946616226
-0.12033949778566289
0.06364954486786978
0.08653619008305125
0.1399333926158075
0.034283772423341574
0.019778644828504
0.08121523150568599
-0.012372140541780041
0.006143668794592827
0.019778644828504
-0.022898889969576786
0.06364954486786978
0.08759468040243501
-0.018864353824572078
-0.015144140805206874
-0.007317237093852569
0.048059232237648075
0.04729149119249154
0.02773636562208104
0.012394543666532698
0.06567138145123597
0.0278028767684102
-0.022622356364218277
0.011999720455214913
-0.08721982612879486
0.06318283133468316
0.05198789125700998
0.024801788304586125
0.0688088340488946
0.05168531023255696
-0.07414653786004877
-0.22146034456414654
0.034283772423341574
0.05799658946616226
-0.02862716582831837
0.012299756912504733
0.037107507807760065
0.020083040980136246
0.048059232237648075
-0.050143819123519506
0.13480548385110502
-0.060513028914405353
-0.032340875642459466
-0.008416174423421019
0.03973066370480538
-0.05699148198311299
0.07586149829868472
0.06806350229329183
0.07060672059698447
0.006265799221320201
0.0344322264021244
-0.027789787343500905
0.0016709762031741349
-0.0489237727198617
-0.012150300762606037
-0.051670301345440706
0.0576314646823306
0.04135586741642605
-0.049962429852048906
0.0512476844333456
0.03861575224405023
0.020446479141682516
-0.007720686875989813
0.047513051758585334
0.03994035520780326
-0.05416508205116166
0.019778644828504
-0.10013006587302442
-0.013771885982464482
0.045224792909892564
0.0203593980283987
-0.05120330655862837
0.0025784297617263974
0.011553574399841615
0.03994035520780326
-0.03997727574944321
-0.07892951287026762
0.08632977574364098
0.012390402416693647
-0.0008948035361102669
0.011553574399841615
0.0276177252845331
0.023512429278589764
0.020446479141682516
-0.04126132556270612
0.04380656992791998
-0.060513028914405353
-0.03045002278091502
0.06316607709876365
0.011553574399841615
-0.06109953281700342
-0.019391257313081667
0.01579928711915457
-0.02496648159475967
0.04590352204112591
-0.02243129284092049
-0.007543661478351282
-0.005818111085915234
-0.022348210496932808
0.0165919313161762
-0.22146034456414654
-0.012150300762606037
0.01613403625846388
0.0515617796937029
-0.005105231073404326
-0.05129888770798985
0.04371378571481266
-0.06109953281700342
0.011999720455214913
-0.09432889171755221
-0.004841918958801372
0.04790976101641675
-0.01686722086916248
-0.06720056781523276
0.08121523150568599
-0.007338419158481102
-0.06193714350214741
0.06316607709876365
-0.06464003578883037
0.006746455834750975
0.08121523150568599
0.01716964896203166
0.01579928711915457
-0.013878349100881593
0.008505479129739868
0.07060672059698447
0.01716964896203166
-0.12033949778566289
0.01613403625846388
0.06364954486786978
0.03882682382156144
0.014780240742707562
0.06292625909621563
0.023560334148108097
0.07060672059698447
-0.03695834061658587
0.06228267241298191
0.06228267241298191
0.03861575224405023
-0.007543661478351282
-0.07414653786004877
-0.01956931117570271
0.01046829599036414
0.04380656992791998
-0.022368622754905587
-0.08678886069673908
-0.022821982956040543
0.07060672059698447
0.011999720455214913
0.019778644828504
-0.01956931117570271
0.020083040980136246
0.03861575224405023
0.003822387934753202
-0.027462288324585415
-0.022821982956040543
0.03861575224405023
0.025649122658425227
0.15300088602597928
-0.017136936568830308
0.04135586741642605
-0.004841918958801372
0.017908695057996304
0.08105492908796386
0.008665176454019985
0.022821768641877682
0.01046829599036414
0.006746455834750975
-0.010204897362879883
-0.06226621690008294
0.013065356771912562
-0.05586089089844393
0.0576314646823306
-0.015144140805206874
