0.008665176454019985
0.05425453554333082
0.0344322264021244
0.039209693040964666
0.06925574960452696
0.037107507807760065
-0.010532567714866659
-0.07075486294590672
-0.013771885982464482
0.0278028767684102
-0.13034379599603163
-0.045496030668886966
0.04048653167530425
-0.028034859824940028
-0.009588853389239205
0.04283497654615154
-0.02496648159475967
-0.028034859824940028
0.10240276235625068
0.01724199139330551
-0.015144140805206874
-0.050143819123519506
-0.022821982956040543
-0.007882998007099573
0.01661350063361855
-0.038466866176760206
-0.050143819123519506
-0.09359820865597968
0.03443624877469453
0.020567585268201682
-0.0002868205956847447
0.020446479141682516
-0.027393577402978764
-0.12033949778566289
0.026458811902690726
-0.022348210496932808
-0.03520416182162833
0.05799658946616226
0.017908695057996304
-0.1218059774124729
-0.007338419158481102
-0.03458770640829023
-0.0013205999854228878
0.049538360788050184
-0.007882998007099573
0.01035787819304268
0.01613403625846388
-0.10819102148647719
-0.018864353824572078
0.06318283133468316
-0.06638125688640528
0.049538360788050184
0.03973066370480538
-0.10819102148647719
0.020567585268201682
0.026005039289207943
0.07518071596092746
0.04590352204112591
-0.07075486294590672
-0.032340875642459466
-0.03458770640829023
0.1399333926158075
-0.03917887174705115
-0.024170822975695394
0.11522232211929584
-0.04126132556270612
-0.0357902826629255
0.0041948137923384365
0.047513051758585334
-0.06109953281700342
-0.013878349100881593
0.026653357334457617
0.03882682382156144
0.07518071596092746
0.039209693040964666
-0.01956931117570271
0.014780240742707562
0.08759468040243501
-0.05654058267968054
0.05182100602750328
0.008505479129739868
-0.05416508205116166
0.03208636570286316
0.048059232237648075
-0.007338419158481102
0.08176108754913614
0.0022689688502968153
0.07586149829868472
-0.004841918958801372
-0.022898889969576786
0.02708189422255458
-0.007720686875989813
0.04380656992791998
-0.05129888770798985
0.03863378364598535
-0.08814864178677073
0.013040071944516285
0.05198789125700998
-0.09570667993071069
-0.05282848588680089
-0.0489237727198617
-0.017136936568830308
0.04665297339942498
-0.09570667993071069
0.0203593980283987
-0.05983064969141072
-0.024170822975695394
0.019778644828504
-0.051670301345440706
0.07518071596092746
0.06994395962703592
0.048059232237648075
0.0512476844333456
-0.08721982612879486
-0.1218059774124729
0.048059232237648075
-0.009588853389239205
0.1399333926158075
0.04920879849315085
-0.049962429852048906
0.04333086414918519
-0.03045002278091502
0.08176108754913614
0.039209693040964666
0.02927401578257438
0.03208636570286316
-0.027789787343500905
0.0844852260058202
0.08632977574364098
-0.01249170093178087
0.13204555949274965
0.03994035520780326
0.06925574960452696
-0.05699148198311299
0.0025784297617263974
0.023512429278589764
-0.05416508205116166
0.08302714817478662
-0.03173275161671363
-0.036421638107813514
-0.10013006587302442
0.01661350063361855
-0.012372140541780041
0.06569838178769771
-0.08814864178677073
-0.027789787343500905
0.0276177252845331
-0.17661184642248884
-0.022368622754905587
-0.08814864178677073
0.06318283133468316
-0.045496030668886966
0.006265799221320201
-0.005818111085915234
-0.05699148198311299
0.03861575224405023
-0.021161035659430283
0.08121523150568599
0.04371378571481266
-0.07212958518599066
-0.02862716582831837
0.0461992712042818
-0.0549153461639893
-0.018864353824572078
-0.05282848588680089
-0.08814864178677073
-0.22146034456414654
0.01661350063361855
0.08302714817478662
0.015089270086424023
0.0461992712042818
-0.03997727574944321
0.07586149829868472
0.0165919313161762
-0.027393577402978764
-0.07075486294590672
-0.012150300762606037
0.10109672394520075
0.029794720012301212
0.05198789125700998
0.01035787819304268
-0.08814864178677073
-0.08721982612879486
0.009856619194733796
-0.08678886069673908
-0.038466866176760206
0.04995452527457189
0.0016709762031741349
0.11522232211929584
-0.060513028914405353
-0.0002868205956847447
0.008505479129739868
-0.03270475340709922
0.005173534568482907
0.0276177252845331
-0.06193714350214741
-0.01956931117570271
-0.07075486294590672
0.01661350063361855
0.025524068456756588
0.02432879134386301
-0.007882998007099573
-0.0008948035361102669
-0.045496030668886966
-0.03917887174705115
0.008505479129739868
0.06228267241298191
0.062467374718552904
-0.05120330655862837
-0.032259158022980294
0.08302714817478662
-0.05120330655862837
0.028713620756199987
0.0844852260058202
-0.05586089089844393
0.1417808980890598
0.1417808980890598
-0.022368622754905587
0.026005039289207943
0.0041948137923384365
0.07382421435571018
0.005082074600808895
-0.03997727574944321
0.012390402416693647
0.01716964896203166
0.014471610315426986
0.05436809318039337
0.007058852839625374
-0.024170822975695394
-0.010532567714866659
-0.012150300762606037
-0.05129888770798985
0.0576314646823306
-0.05983064969141072
0.06925574960452696
0.0203593980283987
-0.03270475340709922
0.04790976101641675
-0.07892951287026762
0.001954162314668828
-0.05699148198311299
-0.019391257313081667
-0.021161035659430283
0.0025784297617263974
0.06316607709876365
-0.03695834061658587
0.04920879849315085
-0.03695834061658587
-0.0008948035361102669
-0.05654058267968054
0.0165919313161762
0.08302714817478662
0.09718899306107964
0.043334141200254805
0.043334141200254805
-0.03045002278091502
0.08302714817478662
0.06994395962703592
-0.06053051312501001
0.017908695057996304
0.006746455834750975
0.04827168718050601
0.026653357334457617
-0.03133707462365809
0.043334141200254805
-0.007338419158481102
-0.03045002278091502
-0.017242733713295877
0.025524068456756588
0.01046829599036414
-0.013878349100881593
-0.03045002278091502
-0.0489237727198617
0.0512476844333456
0.02451643163530548
0.04920879849315085
0.012394543666532698
0.07518071596092746
0.001954162314668828
-0.01249170093178087
0.06318283133468316
-0.021161035659430283
0.0326533364262076
-0.005818111085915234
0.11840346286310233
-0.01686722086916248
-0.032259158022980294
0.04827168718050601
0.062467374718552904
0.06318283133468316
-0.03917887174705115
0.04790976101641675
-0.22146034456414654
-0.009588853389239205
0.006265799221320201
-0.22146034456414654
0.1399333926158075
-0.002205271978588108
-0.045496030668886966
