0.011553574399841615
0.06994395962703592
-0.03270475340709922
-0.06109953281700342
-0.037433866920196124
0.056736527751481525
0.0688088340488946
-0.0489237727198617
0.17000938109242547
-0.010204897362879883
0.08732358904095427
0.06567138145123597
0.10240276235625068
0.047513051758585334
-0.07414653786004877
0.045224792909892564
-0.06226621690008294
-0.045496030668886966
-0.03133707462365809
0.05182100602750328
-0.06193714350214741
-0.024170822975695394
0.04799414960212012
0.022821768641877682
-0.03133707462365809
-0.027788545411032928
0.02708189422255458
0.02714223291166995
-0.06720056781523276
0.03443624877469453
-0.03045002278091502
-0.03563356684104946
0.05198789125700998
0.08080248335888918
-0.07724758378448726
-0.045496030668886966
0.03973066370480538
0.017908695057996304
0.023512429278589764
0.15300088602597928
0.01347000313241331
-0.08678886069673908
0.041840431302949455
0.03443624877469453
0.06316607709876365
0.13204555949274965
0.008665176454019985
0.01347000313241331
-0.05464289541014722
-0.05586089089844393
-0.032340875642459466
-0.03173275161671363
0.005173534568482907
-0.032340875642459466
-0.05416508205116166
-0.03270475340709922
0.062467374718552904
-0.008416174423421019
0.04048653167530425
-0.051670301345440706
0.03643980545838055
0.0576314646823306
0.020083040980136246
0.04729149119249154
0.06806350229329183
0.02773636562208104
0.049538360788050184
-0.06464003578883037
-0.05654058267968054
-0.018864353824572078
-0.012372140541780041
-0.011743957061684185
-0.03997727574944321
0.0027859037974478085
0.026653357334457617
-0.049962429852048906
-0.02862716582831837
-0.09432889171755221
0.06292625909621563
-0.01844849936066506
0.034283772423341574
-0.15702055781469149
0.04729149119249154
-0.04466517994807795
0.026458811902690726
0.01046829599036414
0.08080248335888918
0.0688088340488946
-0.019391257313081667
0.034283772423341574
0.01613403625846388
0.08653619008305125
0.006143668794592827
0.011553574399841615
0.0461992712042818
0.034283772423341574
0.041840431302949455
-0.05416508205116166
0.015089270086424023
-0.0549153461639893
0.10109672394520075
0.049538360788050184
0.09718899306107964
-0.0851300246174862
0.02927401578257438
-0.04466517994807795
-0.018864353824572078
0.0022689688502968153
-0.027462288324585415
0.06364954486786978
-0.022821982956040543
0.0326533364262076
-0.002205271978588108
0.006143668794592827
0.02773636562208104
0.05799658946616226
-0.06638125688640528
0.06994395962703592
0.015089270086424023
0.039209693040964666
-0.049962429852048906
-0.05282848588680089
-0.008416174423421019
0.056736527751481525
-0.0002868205956847447
0.06605801367827979
-0.027462288324585415
-0.05120330655862837
-0.008416174423421019
-0.009357776553262198
0.029794720012301212
-0.027462288324585415
-0.0011970474263076625
0.026653357334457617
0.06994395962703592
0.08653619008305125
0.04371378571481266
0.006143668794592827
0.06569838178769771
-0.0357902826629255
0.025524068456756588
-0.022622356364218277
0.05425453554333082
0.07586149829868472
-0.07465345378649157
0.08176108754913614
-0.17661184642248884
0.0278028767684102
0.08653619008305125
-0.022368622754905587
-0.017242733713295877
0.08383912323474085
0.043334141200254805
-0.050143819123519506
0.08105492908796386
-0.028034859824940028
-0.03695834061658587
-0.0005187167995490682
0.02927401578257438
0.048059232237648075
-0.07075486294590672
0.001954162314668828
-0.032340875642459466
0.07518071596092746
0.06806350229329183
0.08653619008305125
-0.002205271978588108
-0.005818111085915234
0.005173534568482907
0.07060672059698447
-0.01249170093178087
-0.010204897362879883
0.06994395962703592
-0.017242733713295877
-0.03045002278091502
-0.09359820865597968
-0.01844849936066506
-0.007720686875989813
-0.03133707462365809
0.15300088602597928
0.04823967565580034
-0.0489237727198617
-0.017136936568830308
-0.07414653786004877
0.06228267241298191
0.11522232211929584
0.041840431302949455
0.05799658946616226
0.039209693040964666
-0.0008948035361102669
0.04590352204112591
0.05425453554333082
0.029794720012301212
0.03643980545838055
0.011999720455214913
0.0576314646823306
0.08080248335888918
0.0278028767684102
-0.009588853389239205
-0.027462288324585415
-0.019391257313081667
0.018593646962060006
-0.022622356364218277
-0.02375973362478856
0.0461992712042818
0.03882682382156144
0.026005039289207943
-0.07892951287026762
-0.01249170093178087
-0.009588853389239205
-0.05464289541014722
0.043334141200254805
0.022194058573782982
0.034283772423341574
0.15300088602597928
0.03863378364598535
0.007058852839625374
-0.03520416182162833
0.0022689688502968153
0.07382421435571018
-0.02375973362478856
0.17000938109242547
0.0025784297617263974
0.006143668794592827
0.012390402416693647
-0.2546008091448053
0.02773636562208104
-0.04126132556270612
0.006265799221320201
-0.07212958518599066
-0.002205271978588108
0.0041948137923384365
0.043334141200254805
-0.07724758378448726
0.06761705055254463
0.01699193585620762
-0.041376638974308655
0.0027859037974478085
0.06567138145123597
0.0022689688502968153
-0.08285893181375492
0.02927401578257438
0.0027859037974478085
-0.022348210496932808
-0.014438989348697362
0.01699193585620762
-0.04022536987465397
0.049538360788050184
-0.0849833488167917
0.043334141200254805
0.03994035520780326
0.04469322213864224
-0.024170822975695394
-0.004841918958801372
-0.015144140805206874
-0.05654058267968054
0.017908695057996304
-0.22146034456414654
0.028713620756199987
0.15300088602597928
-0.036421638107813514
-0.009588853389239205
-0.03520416182162833
0.05799658946616226
0.06364954486786978
0.022194058573782982
0.012299756912504733
0.025722681761052968
-0.08678886069673908
-0.0007657730469858848
0.04920879849315085
-0.019391257313081667
-0.01249170093178087
0.028713620756199987
0.0276177252845331
0.023560334148108097
-0.022368622754905587
0.0216176650818376
0.0344322264021244
0.06316607709876365
0.11522232211929584
-0.014438989348697362
0.0203593980283987
0.030974972656109045
-0.08721982612879486
0.003822387934753202
0.07518071596092746
0.013109728048770641
0.005173534568482907
0.03973066370480538
0.02927401578257438
-0.03045002278091502
0.01579928711915457
-0.050143819123519506
0.07060672059698447
0.15300088602597928
0.025722681761052968
-0.05282848588680089
0.05198789125700998
