-0.08678886069673908
0.08653619008305125
-0.019514789449790015
0.06605801367827979
0.05799658946616226
-0.08143178414826124
0.06761705055254463
0.02451643163530548
0.02714223291166995
-0.04126132556270612
-0.03045002278091502
0.011553574399841615
0.045224792909892564
-0.0489237727198617
0.04048653167530425
-0.06109953281700342
0.0512476844333456
0.008665176454019985
-0.002205271978588108
0.025524068456756588
0.04590352204112591
0.043334141200254805
0.037453479113841226
0.018593646962060006
0.02927401578257438
0.11840346286310233
0.037107507807760065
-0.01844849936066506
-0.032259158022980294
0.02773636562208104
-0.027393577402978764
0.09718899306107964
0.07382421435571018
0.05198789125700998
0.04827168718050601
0.0688088340488946
0.03994035520780326
0.023512429278589764
-0.08143178414826124
-0.012372140541780041
-0.0851300246174862
-0.028034859824940028
0.01699193585620762
0.07586149829868472
0.15300088602597928
-0.0005187167995490682
0.0326533364262076
-0.002205271978588108
-0.017136936568830308
0.017908695057996304
-0.10819102148647719
0.011999720455214913
-0.09359820865597968
-0.0005187167995490682
0.06567138145123597
0.08632977574364098
0.06569838178769771
-0.05120330655862837
-0.050143819123519506
0.03443624877469453
-0.022348210496932808
0.06567138145123597
-0.04022536987465397
-0.12033949778566289
-0.014438989348697362
-0.013771885982464482
0.01724199139330551
0.030122729138618354
0.07382421435571018
0.023560334148108097
-0.06638125688640528
0.04790976101641675
0.0203593980283987
-0.028034859824940028
0.06569838178769771
0.041840431302949455
0.025649122658425227
-0.013878349100881593
-0.02862716582831837
0.011553574399841615
-0.07075486294590672
0.04135586741642605
-0.0357902826629255
0.04333086414918519
0.051344950513199095
0.15300088602597928
-0.017242733713295877
0.04469322213864224
0.0844852260058202
0.08632977574364098
0.009856619194733796
0.006746455834750975
0.048059232237648075
-0.0489237727198617
0.03643980545838055
0.006143668794592827
-0.06258250876081561
-0.017242733713295877
0.04391937482752173
-0.012372140541780041
0.02927401578257438
0.020083040980136246
-0.10819102148647719
0.01613403625846388
0.04299886054755575
-0.008416174423421019
0.04283497654615154
0.0344322264021244
0.05168531023255696
0.06994395962703592
0.01661350063361855
-0.022898889969576786
0.06318283133468316
0.01699193585620762
0.03973066370480538
0.005082074600808895
0.045224792909892564
-0.17661184642248884
-0.0002868205956847447
-0.05586089089844393
0.04729149119249154
0.04590352204112591
0.01046829599036414
-0.07892951287026762
0.015089270086424023
0.04135586741642605
0.012390402416693647
-0.07465345378649157
0.018593646962060006
0.0016709762031741349
0.011999720455214913
-0.032259158022980294
0.005173534568482907
0.062467374718552904
0.012299756912504733
-0.007543661478351282
-0.022821982956040543
0.08302714817478662
-0.03173275161671363
-0.01686722086916248
-0.10013006587302442
-0.021161035659430283
-0.022622356364218277
0.028713620756199987
0.04135586741642605
0.02520341309711238
-0.007338419158481102
0.005082074600808895
-0.0849833488167917
0.06316607709876365
0.0576314646823306
-0.022368622754905587
0.051344950513199095
-0.08110299466350668
-0.03270475340709922
0.11522232211929584
-0.02243129284092049
-0.022622356364218277
-0.032340875642459466
-0.05464289541014722
0.006265799221320201
-0.07465345378649157
-0.10819102148647719
-0.06258250876081561
0.041840431302949455
0.025722681761052968
0.04299886054755575
-0.0851300246174862
-0.05416508205116166
0.04283497654615154
-0.019514789449790015
0.007058852839625374
0.026653357334457617
-0.014438989348697362
-0.013771885982464482
0.020567585268201682
-0.06193714350214741
0.049538360788050184
-0.05282848588680089
0.08105492908796386
0.013040071944516285
0.04799414960212012
0.006746455834750975
0.01716964896203166
0.06228267241298191
0.06316607709876365
-0.041376638974308655
-0.06464003578883037
0.10240276235625068
0.04823967565580034
-0.09570667993071069
0.043334141200254805
0.06228267241298191
-0.0013205999854228878
-0.045496030668886966
-0.0011970474263076625
-0.07414653786004877
0.0461992712042818
-0.05282848588680089
-0.09359820865597968
-0.07892951287026762
-0.017136936568830308
0.0165919313161762
0.04371378571481266
0.08632977574364098
0.01347000313241331
-0.002205271978588108
0.08302714817478662
-0.08126108737944548
-0.06258250876081561
0.08383912323474085
-0.02862716582831837
0.0016709762031741349
0.06761705055254463
0.037453479113841226
0.006746455834750975
0.062467374718552904
0.028713620756199987
-0.01686722086916248
-0.0038562351615762935
-0.0549153461639893
0.07382421435571018
0.03443624877469453
-0.004841918958801372
0.04469322213864224
-0.007882998007099573
-0.045496030668886966
0.023512429278589764
-0.009357776553262198
0.006265799221320201
-0.08721982612879486
-0.022368622754905587
0.08632977574364098
0.1399333926158075
0.15300088602597928
-0.07465345378649157
0.013040071944516285
0.011999720455214913
0.005173534568482907
-0.15702055781469149
-0.013878349100881593
-0.03520416182162833
0.17000938109242547
0.08632977574364098
-0.05282848588680089
0.025524068456756588
0.025722681761052968
-0.02375973362478856
-0.07212958518599066
-0.06638125688640528
0.0344322264021244
-0.03045002278091502
0.0344322264021244
0.006746455834750975
0.04827168718050601
0.10109672394520075
-0.0002868205956847447
0.022821768641877682
-0.07724758378448726
-0.05282848588680089
-0.013878349100881593
0.06605801367827979
-0.0011970474263076625
0.005082074600808895
0.026005039289207943
-0.02862716582831837
-0.06053051312501001
-0.22146034456414654
0.020083040980136246
-0.03520416182162833
0.04283497654615154
0.026005039289207943
-0.07724758378448726
-0.01956931117570271
-0.0011970474263076625
-0.038466866176760206
0.04729149119249154
0.02451643163530548
-0.022368622754905587
0.039209693040964666
-0.03133707462365809
0.019778644828504
0.048059232237648075
-0.0002868205956847447
-0.012372140541780041
0.04823967565580034
-0.0549153461639893
-0.027788545411032928
0.04048653167530425
-0.004841918958801372
0.02432879134386301
0.02927401578257438
0.028713620756199987
0.0041948137923384365
-0.05120330655862837
0.04469322213864224
-0.007543661478351282
0.019778644828504
-0.06193714350214741
