0.08121523150568599
0.0016709762031741349
-0.007720686875989813
-0.01844849936066506
0.0165919313161762
0.022821768641877682
0.06228267241298191
0.04823967565580034
-0.0636718542421022
-0.03133707462365809
0.03882682382156144
0.08759468040243501
0.0512476844333456
0.02432879134386301
0.04391937482752173
0.03643980545838055
0.08799230776265521
0.009856619194733796
0.01046829599036414
-0.09570667993071069
0.06292625909621563
0.10240276235625068
-0.0008948035361102669
0.008665176454019985
0.11522232211929584
-0.028034859824940028
0.01716964896203166
0.06567138145123597
-0.08285893181375492
0.03863378364598535
-0.06638125688640528
-0.22146034456414654
0.06364954486786978
0.07060672059698447
-0.022622356364218277
-0.22146034456414654
0.06806350229329183
0.025722681761052968
-0.05282848588680089
0.08653619008305125
0.04799414960212012
-0.06226621690008294
0.0027859037974478085
0.012394543666532698
0.025722681761052968
-0.037433866920196124
-0.0851300246174862
0.06316607709876365
0.011553574399841615
0.05182100602750328
0.013040071944516285
0.037453479113841226
0.04380656992791998
-0.03563356684104946
0.10240276235625068
0.012390402416693647
0.17000938109242547
-0.017242733713295877
0.06806350229329183
0.01661350063361855
0.04333086414918519
-0.0002495311402075373
0.04799414960212012
-0.05120330655862837
-0.0005187167995490682
0.0688088340488946
0.011999720455214913
-0.03133707462365809
-0.004841918958801372
0.043334141200254805
-0.008416174423421019
-0.06226621690008294
0.028713620756199987
-0.07465345378649157
0.11840346286310233
0.007058852839625374
0.03443624877469453
0.0041948137923384365
0.07518071596092746
0.049538360788050184
-0.037433866920196124
0.02432879134386301
-0.028034859824940028
0.06567138145123597
-0.08126108737944548
0.049538360788050184
0.04995452527457189
0.10109672394520075
-0.013878349100881593
-0.037433866920196124
-0.08126108737944548
-0.05416508205116166
-0.08678886069673908
-0.005105231073404326
0.04469322213864224
-0.08110299466350668
0.15300088602597928
0.05425453554333082
-0.04126132556270612
-0.009588853389239205
0.028713620756199987
-0.09359820865597968
-0.004841918958801372
0.09718899306107964
-0.05654058267968054
-0.017242733713295877
0.006265799221320201
0.0576314646823306
0.0278028767684102
0.04469322213864224
0.08121523150568599
-0.007720686875989813
-0.1218059774124729
0.023512429278589764
-0.0005187167995490682
-0.03520416182162833
0.025649122658425227
0.012299756912504733
0.0688088340488946
-0.01686722086916248
0.025722681761052968
-0.017136936568830308
-0.038466866176760206
-0.01844849936066506
0.06605801367827979
0.11840346286310233
0.02451643163530548
-0.007882998007099573
-0.04022536987465397
-0.0002495311402075373
-0.05983064969141072
-0.05586089089844393
0.04380656992791998
0.031017376704207678
0.13480548385110502
-0.02243129284092049
0.04380656992791998
0.043334141200254805
-0.10013006587302442
0.03643980545838055
0.04469322213864224
-0.07414653786004877
-0.005818111085915234
-0.045496030668886966
-0.01686722086916248
0.06925574960452696
-0.007882998007099573
-0.018864353824572078
0.034283772423341574
0.0844852260058202
0.11522232211929584
-0.019391257313081667
-0.08814864178677073
0.017908695057996304
0.06228267241298191
0.0025784297617263974
0.06994395962703592
0.026458811902690726
0.0688088340488946
-0.02375973362478856
0.08302714817478662
-0.08285893181375492
0.04391937482752173
0.006265799221320201
0.05182100602750328
-0.06285634704832255
-0.027462288324585415
0.037453479113841226
-0.06638125688640528
0.05799658946616226
0.08653619008305125
0.026458811902690726
0.05436809318039337
-0.0549153461639893
-0.04126132556270612
0.02432879134386301
0.01661350063361855
-0.08110299466350668
-0.08126108737944548
0.0844852260058202
0.01579928711915457
0.05168531023255696
0.08732358904095427
-0.013771885982464482
0.10240276235625068
0.03443624877469453
-0.13034379599603163
0.04380656992791998
0.039209693040964666
-0.03917887174705115
0.01716964896203166
-0.022622356364218277
-0.03045002278091502
-0.049962429852048906
0.01035787819304268
0.0165919313161762
-0.005105231073404326
0.08105492908796386
0.05198789125700998
0.04135586741642605
0.08176108754913614
-0.013878349100881593
-0.032340875642459466
0.06364954486786978
-0.13034379599603163
0.04135586741642605
-0.022348210496932808
-0.06285634704832255
0.037107507807760065
0.006265799221320201
0.02708189422255458
0.01046829599036414
-0.05586089089844393
-0.0849833488167917
-0.04466517994807795
0.08759468040243501
0.06228267241298191
0.009856619194733796
-0.007338419158481102
-0.04126132556270612
-0.018864353824572078
-0.07212958518599066
0.0165919313161762
-0.07724758378448726
-0.017242733713295877
0.030122729138618354
-0.09570667993071069
0.04729149119249154
0.08176108754913614
-0.03997727574944321
0.034283772423341574
-0.05699148198311299
-0.07465345378649157
-0.03458770640829023
0.0844852260058202
-0.007338419158481102
0.020083040980136246
-0.03520416182162833
0.02708189422255458
-0.03133707462365809
-0.004841918958801372
0.0276177252845331
0.08632977574364098
-0.06109953281700342
0.030122729138618354
-0.036421638107813514
-0.0851300246174862
0.08105492908796386
0.013109728048770641
0.1417808980890598
0.05425453554333082
-0.045496030668886966
0.037107507807760065
-0.021161035659430283
0.13480548385110502
-0.04022536987465397
0.03861575224405023
0.03861575224405023
-0.0489237727198617
-0.02243129284092049
-0.009357776553262198
-0.05129888770798985
0.07586149829868472
-0.04466517994807795
-0.06285634704832255
-0.04466517994807795
-0.09359820865597968
-0.027789787343500905
0.03861575224405023
0.013065356771912562
-0.051670301345440706
0.028713620756199987
0.01046829599036414
0.07518071596092746
0.056736527751481525
-0.018864353824572078
0.08732358904095427
-0.01686722086916248
-0.06226621690008294
-0.007720686875989813
0.0276177252845331
-0.04126132556270612
-0.037433866920196124
0.04799414960212012
0.08080248335888918
-0.01956931117570271
0.05182100602750328
0.023512429278589764
0.06569838178769771
-0.024170822975695394
-0.13034379599603163
0.013109728048770641
0.1399333926158075
-0.07075486294590672
0.0344322264021244
-0.013771885982464482
0.020567585268201682
0.13480548385110502
0.01661350063361855
