0.06569838178769771
-0.02496648159475967
-0.08143178414826124
0.062467374718552904
-0.038466866176760206
0.02714223291166995
0.08732358904095427
-0.008416174423421019
0.03863378364598535
0.04391937482752173
-0.0005187167995490682
-0.014438989348697362
0.01347000313241331
0.047513051758585334
0.025524068456756588
-0.007720686875989813
0.037453479113841226
-0.0007657730469858848
0.04995452527457189
-0.02496648159475967
-0.01686722086916248
0.06994395962703592
-0.06638125688640528
0.013040071944516285
-0.07414653786004877
0.10109672394520075
0.01579928711915457
-0.05120330655862837
-0.009588853389239205
-0.0357902826629255
0.0165919313161762
-0.04126132556270612
0.0027859037974478085
0.013040071944516285
0.13204555949274965
0.011999720455214913
0.026005039289207943
0.023512429278589764
-0.0851300246174862
0.13480548385110502
0.03861575224405023
0.04823967565580034
-0.06638125688640528
-0.010204897362879883
-0.027462288324585415
0.06994395962703592
0.006746455834750975
0.09718899306107964
0.022194058573782982
-0.0002495311402075373
-0.05416508205116166
-0.07465345378649157
-0.10819102148647719
-0.0038562351615762935
0.05436809318039337
-0.02243129284092049
0.041840431302949455
-0.03917887174705115
-0.12033949778566289
-0.05464289541014722
-0.038466866176760206
-0.008416174423421019
0.020567585268201682
0.022821768641877682
-0.010532567714866659
0.04606131559255999
0.029794720012301212
-0.027462288324585415
-0.05282848588680089
0.02927401578257438
-0.032259158022980294
0.06318283133468316
-0.015144140805206874
-0.014438989348697362
-0.06053051312501001
-0.03173275161671363
0.026005039289207943
-0.038466866176760206
-0.022898889969576786
0.05425453554333082
0.0165919313161762
0.08176108754913614
-0.002205271978588108
-0.022622356364218277
0.07060672059698447
0.0022689688502968153
0.048059232237648075
0.04827168718050601
0.04606131559255999
-0.03695834061658587
0.06228267241298191
-0.007317237093852569
-0.02375973362478856
-0.005105231073404326
-0.027789787343500905
0.005173534568482907
-0.013771885982464482
0.07382421435571018
0.024801788304586125
0.17000938109242547
0.05198789125700998
-0.049962429852048906
0.01035787819304268
0.022821768641877682
0.051344950513199095
0.028713620756199987
-0.013771885982464482
-0.01956931117570271
0.007058852839625374
-0.013771885982464482
0.023560334148108097
-0.01249170093178087
-0.012372140541780041
0.06316607709876365
-0.0002868205956847447
0.08302714817478662
0.0203593980283987
-0.017136936568830308
0.0025784297617263974
0.04790976101641675
-0.05464289541014722
0.017908695057996304
0.025649122658425227
0.049538360788050184
0.001954162314668828
-0.005105231073404326
-0.0357902826629255
-0.002647647860884561
0.13204555949274965
0.0844852260058202
0.0016709762031741349
-0.008416174423421019
0.012390402416693647
0.0276177252845331
-0.002205271978588108
0.07518071596092746
0.08799230776265521
0.08302714817478662
0.022821768641877682
0.08080248335888918
0.020083040980136246
-0.1218059774124729
0.17000938109242547
-0.03695834061658587
0.13480548385110502
-0.051670301345440706
-0.0011970474263076625
-0.0002868205956847447
-0.036421638107813514
-0.05120330655862837
0.04333086414918519
-0.03458770640829023
-0.012372140541780041
0.03443624877469453
0.02708189422255458
-0.07724758378448726
-0.007882998007099573
0.04790976101641675
-0.06053051312501001
0.048059232237648075
-0.021161035659430283
-0.04126132556270612
0.1417808980890598
-0.027462288324585415
-0.08126108737944548
-0.06053051312501001
0.031017376704207678
0.0025784297617263974
-0.0849833488167917
0.07060672059698447
-0.0489237727198617
0.012299756912504733
-0.019514789449790015
-0.02496648159475967
-0.007317237093852569
0.02520341309711238
0.03863378364598535
-0.027789787343500905
0.013040071944516285
-0.0013205999854228878
-0.02496648159475967
0.03882682382156144
0.04665297339942498
-0.03133707462365809
-0.22146034456414654
0.07382421435571018
-0.05129888770798985
0.043334141200254805
-0.050143819123519506
-0.0489237727198617
-0.09432889171755221
-0.019514789449790015
0.08176108754913614
0.0515617796937029
-0.01844849936066506
0.0688088340488946
0.08176108754913614
-0.09570667993071069
-0.1218059774124729
-0.027789787343500905
0.013109728048770641
-0.007338419158481102
0.037107507807760065
-0.04126132556270612
0.10109672394520075
-0.009588853389239205
0.06761705055254463
0.05425453554333082
0.025649122658425227
0.039209693040964666
-0.03270475340709922
0.026458811902690726
0.020083040980136246
-0.021161035659430283
-0.05586089089844393
0.01699193585620762
0.08653619008305125
-0.050143819123519506
0.06316607709876365
-0.02375973362478856
0.05198789125700998
0.018593646962060006
0.04827168718050601
0.08759468040243501
-0.0007657730469858848
-0.051670301345440706
0.04048653167530425
0.014780240742707562
0.025524068456756588
0.003822387934753202
0.0576314646823306
-0.2546008091448053
0.014471610315426986
-0.05654058267968054
0.06316607709876365
0.0025784297617263974
-0.0008948035361102669
0.02432879134386301
-0.04466517994807795
0.04048653167530425
-0.07724758378448726
0.012299756912504733
0.039209693040964666
0.01699193585620762
-0.06053051312501001
-0.0849833488167917
0.06316607709876365
0.08080248335888918
-0.05699148198311299
0.10109672394520075
0.02927401578257438
0.06605801367827979
-0.047644828679283435
-0.004841918958801372
0.029794720012301212
-0.01249170093178087
0.020083040980136246
0.06605801367827979
-0.011743957061684185
0.020567585268201682
0.015089270086424023
0.07586149829868472
-0.0002868205956847447
0.06569838178769771
-0.010532567714866659
0.1417808980890598
0.025722681761052968
-0.022348210496932808
0.10240276235625068
0.014471610315426986
0.0344322264021244
0.06364954486786978
-0.01956931117570271
0.011553574399841615
0.13480548385110502
-0.002205271978588108
0.020083040980136246
0.0165919313161762
0.0461992712042818
-0.0002868205956847447
0.02714223291166995
0.1417808980890598
-0.038466866176760206
0.048059232237648075
0.0512476844333456
0.012394543666532698
-0.04466517994807795
-0.008416174423421019
0.01661350063361855
-0.038466866176760206
0.04135586741642605
0.05168531023255696
0.056736527751481525
-0.012150300762606037
0.005173534568482907
-0.010204897362879883
0.018593646962060006
0.02708189422255458
-0.0849833488167917
