0.02432879134386301
-0.019514789449790015
0.08080248335888918
-0.03520416182162833
0.08759468040243501
-0.07892951287026762
0.06567138145123597
-0.07414653786004877
-0.011743957061684185
0.04469322213864224
-0.09359820865597968
-0.038466866176760206
0.05168531023255696
0.06318283133468316
-0.018864353824572078
0.043334141200254805
-0.005818111085915234
0.043334141200254805
0.06318283133468316
0.04048653167530425
0.015089270086424023
0.025524068456756588
0.024801788304586125
0.08080248335888918
-0.1218059774124729
-0.08143178414826124
-0.03695834061658587
-0.017242733713295877
0.030974972656109045
0.023560334148108097
-0.002647647860884561
0.03973066370480538
0.02708189422255458
0.05799658946616226
0.0022689688502968153
0.04371378571481266
0.025722681761052968
-0.009588853389239205
0.04799414960212012
0.011999720455214913
-0.027393577402978764
-0.0357902826629255
0.01579928711915457
0.013040071944516285
0.13204555949274965
-0.0357902826629255
0.020083040980136246
0.056736527751481525
0.03863378364598535
-0.03520416182162833
0.06228267241298191
-0.0851300246174862
-0.041376638974308655
0.04048653167530425
0.0344322264021244
-0.047644828679283435
-0.0357902826629255
0.04995452527457189
-0.011743957061684185
0.015089270086424023
0.04333086414918519
0.0326533364262076
-0.007338419158481102
0.0278028767684102
0.005082074600808895
-0.06638125688640528
0.0041948137923384365
0.04371378571481266
0.014471610315426986
-0.06720056781523276
-0.03270475340709922
0.041840431302949455
0.013040071944516285
0.02708189422255458
-0.09359820865597968
-0.005818111085915234
0.02451643163530548
0.008665176454019985
0.013109728048770641
-0.15702055781469149
0.011553574399841615
0.03863378364598535
0.025524068456756588
0.13480548385110502
0.009856619194733796
-0.05282848588680089
-0.12033949778566289
0.06761705055254463
0.1399333926158075
-0.007543661478351282
-0.07075486294590672
-0.045496030668886966
-0.024170822975695394
0.08759468040243501
0.11522232211929584
0.012390402416693647
-0.05416508205116166
-0.03133707462365809
-0.05129888770798985
-0.015144140805206874
0.028713620756199987
0.02520341309711238
0.0844852260058202
0.01046829599036414
0.024801788304586125
0.013040071944516285
-0.014438989348697362
0.012394543666532698
-0.03997727574944321
0.024801788304586125
-0.07892951287026762
-0.04126132556270612
0.014780240742707562
0.043334141200254805
0.02714223291166995
0.05182100602750328
-0.10819102148647719
0.04391937482752173
-0.019391257313081667
0.026458811902690726
0.06567138145123597
-0.022348210496932808
0.04606131559255999
0.014471610315426986
0.045224792909892564
0.017908695057996304
0.04665297339942498
-0.03173275161671363
-0.0002868205956847447
-0.010204897362879883
-0.04126132556270612
-0.08721982612879486
0.026005039289207943
-0.008416174423421019
0.02451643163530548
-0.03133707462365809
-0.024170822975695394
0.006265799221320201
0.11840346286310233
0.06761705055254463
0.007058852839625374
0.03643980545838055
-0.011743957061684185
-0.0005187167995490682
0.0027859037974478085
-0.049962429852048906
0.02714223291166995
-0.009588853389239205
0.07586149829868472
0.0027859037974478085
0.0027859037974478085
-0.012150300762606037
0.04995452527457189
0.05436809318039337
-0.06464003578883037
0.08632977574364098
-0.06285634704832255
-0.05416508205116166
0.06228267241298191
-0.06226621690008294
0.06567138145123597
0.011999720455214913
-0.08110299466350668
0.08302714817478662
-0.0636718542421022
-0.2546008091448053
0.01046829599036414
0.013065356771912562
-0.012372140541780041
-0.1218059774124729
0.08732358904095427
-0.024170822975695394
-0.047644828679283435
0.08080248335888918
0.13480548385110502
0.022194058573782982
0.04823967565580034
0.02451643163530548
0.08302714817478662
-0.017242733713295877
0.08632977574364098
0.04333086414918519
0.005173534568482907
-0.10819102148647719
-0.09570667993071069
-0.027789787343500905
-0.021161035659430283
0.04299886054755575
0.062467374718552904
0.03643980545838055
0.08302714817478662
-0.013878349100881593
0.01046829599036414
-0.1218059774124729
-0.015144140805206874
0.008505479129739868
-0.004841918958801372
0.05198789125700998
-0.04466517994807795
-0.05416508205116166
-0.17661184642248884
-0.019391257313081667
0.03994035520780326
-0.0002868205956847447
-0.03133707462365809
0.056736527751481525
-0.06638125688640528
0.024801788304586125
0.005173534568482907
0.02432879134386301
0.08176108754913614
-0.12033949778566289
0.10240276235625068
-0.008416174423421019
0.0041948137923384365
-0.049962429852048906
-0.0002868205956847447
0.04790976101641675
-0.022622356364218277
0.0326533364262076
-0.08814864178677073
-0.09432889171755221
0.019778644828504
0.015089270086424023
-0.10819102148647719
0.049538360788050184
0.04920879849315085
0.08176108754913614
0.02773636562208104
-0.008416174423421019
-0.041376638974308655
-0.08721982612879486
0.039209693040964666
0.013065356771912562
0.013040071944516285
0.0278028767684102
-0.01686722086916248
-0.06258250876081561
0.11522232211929584
0.039209693040964666
0.009856619194733796
-0.028034859824940028
-0.032340875642459466
0.049538360788050184
0.01724199139330551
-0.0002868205956847447
0.03443624877469453
-0.0002868205956847447
0.08653619008305125
-0.027788545411032928
0.02714223291166995
0.02708189422255458
-0.01844849936066506
-0.08285893181375492
-0.019391257313081667
-0.06258250876081561
-0.038466866176760206
0.01661350063361855
-0.0038562351615762935
-0.06193714350214741
0.04799414960212012
-0.005105231073404326
-0.047644828679283435
-0.06109953281700342
0.04380656992791998
-0.022348210496932808
0.015089270086424023
-0.010532567714866659
0.018593646962060006
-0.10819102148647719
0.0512476844333456
0.020083040980136246
0.06228267241298191
0.02520341309711238
0.06228267241298191
0.11840346286310233
0.0027859037974478085
-0.022622356364218277
0.04333086414918519
0.04299886054755575
0.05799658946616226
-0.0851300246174862
0.031017376704207678
0.06806350229329183
0.02432879134386301
0.04469322213864224
-0.06226621690008294
0.0688088340488946
-0.002647647860884561
0.08302714817478662
0.05425453554333082
-0.041376638974308655
0.047513051758585334
-0.007543661478351282
0.07060672059698447
0.08759468040243501
0.017908695057996304
-0.05416508205116166
-0.0002495311402075373
