0.10109672394520075
-0.0357902826629255
-0.022348210496932808
-0.060513028914405353
0.02708189422255458
-0.08721982612879486
-0.06285634704832255
-0.0002495311402075373
-0.028034859824940028
-0.05654058267968054
-0.03133707462365809
-0.038466866176760206
-0.045496030668886966
-0.03045002278091502
0.011553574399841615
0.006746455834750975
0.0276177252845331
0.1399333926158075
-0.0357902826629255
-0.17661184642248884
0.07060672059698447
0.04333086414918519
-0.05699148198311299
0.06292625909621563
0.0515617796937029
0.037107507807760065
0.05168531023255696
-0.004841918958801372
0.011999720455214913
0.08105492908796386
0.06569838178769771
-0.018864353824572078
-0.08110299466350668
0.08121523150568599
0.01661350063361855
0.0576314646823306
0.04391937482752173
-0.07075486294590672
-0.06285634704832255
-0.09570667993071069
0.051344950513199095
0.024801788304586125
-0.0357902826629255
0.023512429278589764
0.01724199139330551
0.039209693040964666
0.07518071596092746
-0.051670301345440706
0.08732358904095427
-0.03133707462365809
0.0576314646823306
0.03863378364598535
0.04665297339942498
0.08105492908796386
0.0688088340488946
0.09718899306107964
0.0041948137923384365
-0.05983064969141072
0.022821768641877682
-0.05416508205116166
-0.08721982612879486
-0.0011970474263076625
0.0844852260058202
0.04995452527457189
-0.08285893181375492
-0.027462288324585415
-0.019514789449790015
0.049538360788050184
0.06316607709876365
0.0461992712042818
0.08383912323474085
0.02773636562208104
-0.09570667993071069
-0.01844849936066506
0.0326533364262076
-0.06193714350214741
0.07060672059698447
0.06569838178769771
-0.08678886069673908
0.037453479113841226
0.06364954486786978
-0.008416174423421019
-0.027462288324585415
-0.07212958518599066
0.025649122658425227
-0.032259158022980294
-0.047644828679283435
-0.041376638974308655
0.08176108754913614
0.08383912323474085
0.013065356771912562
0.04665297339942498
-0.0357902826629255
-0.06053051312501001
0.08653619008305125
-0.06226621690008294
-0.22146034456414654
0.01035787819304268
-0.02375973362478856
-0.007720686875989813
0.020567585268201682
0.008505479129739868
0.0027859037974478085
0.037453479113841226
0.01724199139330551
0.06806350229329183
0.017908695057996304
-0.07724758378448726
0.01613403625846388
-0.06258250876081561
-0.02496648159475967
0.04135586741642605
0.006143668794592827
0.02927401578257438
0.012390402416693647
0.09718899306107964
-0.0357902826629255
-0.007338419158481102
0.019778644828504
-0.08814864178677073
-0.03997727574944321
0.006746455834750975
0.01035787819304268
0.014780240742707562
-0.06053051312501001
-0.019391257313081667
-0.013878349100881593
0.03443624877469453
-0.02243129284092049
-0.005105231073404326
-0.007882998007099573
-0.0549153461639893
0.015089270086424023
-0.05129888770798985
0.043334141200254805
-0.009357776553262198
0.06567138145123597
0.0027859037974478085
-0.13034379599603163
-0.0038562351615762935
0.06364954486786978
-0.03695834061658587
0.08732358904095427
-0.02243129284092049
-0.060513028914405353
0.005082074600808895
-0.04022536987465397
-0.03458770640829023
-0.032259158022980294
0.07382421435571018
0.023560334148108097
0.02432879134386301
-0.007338419158481102
0.031017376704207678
-0.08814864178677073
0.023512429278589764
0.025649122658425227
0.020567585268201682
-0.0636718542421022
0.11522232211929584
-0.0489237727198617
0.04333086414918519
-0.0849833488167917
-0.17661184642248884
0.06567138145123597
-0.08678886069673908
-0.08143178414826124
0.08653619008305125
0.06569838178769771
0.07060672059698447
-0.002647647860884561
0.04135586741642605
-0.022368622754905587
0.01716964896203166
-0.07892951287026762
-0.07465345378649157
0.04823967565580034
-0.010532567714866659
-0.08110299466350668
-0.05586089089844393
0.0326533364262076
-0.007543661478351282
0.013065356771912562
-0.06226621690008294
-0.050143819123519506
0.0016709762031741349
-0.03133707462365809
0.02927401578257438
0.04380656992791998
0.049538360788050184
-0.007543661478351282
0.10109672394520075
0.006265799221320201
0.08080248335888918
0.06364954486786978
0.030122729138618354
0.026653357334457617
0.0025784297617263974
-0.05120330655862837
0.030122729138618354
-0.06193714350214741
-0.06193714350214741
0.06364954486786978
-0.008416174423421019
-0.07724758378448726
0.0165919313161762
0.06567138145123597
0.03973066370480538
0.0027859037974478085
0.0022689688502968153
-0.08110299466350668
-0.037433866920196124
-0.06638125688640528
0.06605801367827979
-0.22146034456414654
-0.017242733713295877
-0.03173275161671363
0.0022689688502968153
-0.06226621690008294
0.020567585268201682
-0.10819102148647719
0.01579928711915457
-0.007338419158481102
0.06994395962703592
-0.13034379599603163
-0.015144140805206874
0.0022689688502968153
-0.047644828679283435
0.026005039289207943
0.01661350063361855
0.04665297339942498
0.04380656992791998
0.006746455834750975
0.02773636562208104
0.025722681761052968
-0.0007657730469858848
-0.03563356684104946
-0.012372140541780041
0.04283497654615154
0.02714223291166995
0.1417808980890598
0.10240276235625068
0.0576314646823306
-0.027789787343500905
0.09718899306107964
0.06292625909621563
-0.007882998007099573
-0.05120330655862837
-0.2546008091448053
0.0276177252845331
-0.051670301345440706
0.04790976101641675
0.04590352204112591
-0.06258250876081561
0.1417808980890598
0.04920879849315085
-0.010204897362879883
-0.060513028914405353
-0.047644828679283435
0.026653357334457617
0.049538360788050184
0.01716964896203166
-0.13034379599603163
-0.06638125688640528
0.02714223291166995
-0.08721982612879486
0.15300088602597928
-0.022368622754905587
0.006265799221320201
-0.08678886069673908
0.06316607709876365
-0.04022536987465397
0.001954162314668828
0.01724199139330551
0.028713620756199987
0.05182100602750328
0.05799658946616226
0.03208636570286316
-0.0549153461639893
0.08105492908796386
0.03994035520780326
-0.03917887174705115
0.01716964896203166
-0.03045002278091502
0.0165919313161762
-0.10819102148647719
-0.13034379599603163
-0.027789787343500905
-0.013771885982464482
-0.05654058267968054
0.06569838178769771
0.11840346286310233
0.08759468040243501
-0.06226621690008294
-0.022898889969576786
-0.011743957061684185
-0.06258250876081561
0.008665176454019985
-0.07414653786004877
