0.0844852260058202
-0.07414653786004877
0.049538360788050184
-0.17661184642248884
-0.03133707462365809
-0.03563356684104946
0.017908695057996304
0.08653619008305125
0.0016709762031741349
0.048059232237648075
-0.022348210496932808
0.15300088602597928
0.07060672059698447
0.009856619194733796
0.009856619194733796
-0.051670301345440706
-0.07465345378649157
0.012390402416693647
-0.08814864178677073
0.031017376704207678
0.0326533364262076
-0.007543661478351282
-0.03520416182162833
0.007058852839625374
-0.06193714350214741
-0.08721982612879486
-0.014438989348697362
-0.05464289541014722
0.1417808980890598
-0.02496648159475967
-0.013878349100881593
0.01613403625846388
-0.09432889171755221
0.04823967565580034
0.04371378571481266
0.08080248335888918
-0.017242733713295877
-0.01686722086916248
-0.0849833488167917
0.028713620756199987
0.045224792909892564
-0.0849833488167917
-0.005105231073404326
0.08799230776265521
0.013065356771912562
0.03994035520780326
-0.06193714350214741
-0.022898889969576786
0.03861575224405023
-0.06464003578883037
0.020083040980136246
-0.014438989348697362
0.08105492908796386
0.012394543666532698
0.037453479113841226
0.04827168718050601
0.01661350063361855
0.0165919313161762
0.04590352204112591
-0.037433866920196124
0.01579928711915457
-0.021161035659430283
0.10240276235625068
0.030974972656109045
0.0576314646823306
-0.05983064969141072
-0.07414653786004877
0.015089270086424023
-0.0011970474263076625
0.0025784297617263974
-0.038466866176760206
-0.007317237093852569
0.04469322213864224
0.01046829599036414
0.037107507807760065
0.04380656992791998
0.0216176650818376
-0.0489237727198617
0.06761705055254463
-0.022821982956040543
0.02432879134386301
0.0326533364262076
0.025649122658425227
0.013109728048770641
0.04827168718050601
-0.09432889171755221
-0.03458770640829023
0.013065356771912562
-0.08126108737944548
-0.022898889969576786
-0.07212958518599066
-0.07414653786004877
0.028713620756199987
0.009856619194733796
-0.08285893181375492
0.012390402416693647
-0.014438989348697362
-0.04466517994807795
-0.06464003578883037
0.04380656992791998
-0.018864353824572078
0.04729149119249154
0.03973066370480538
-0.06053051312501001
-0.06226621690008294
0.051344950513199095
-0.021161035659430283
0.08653619008305125
0.028713620756199987
-0.007882998007099573
0.03882682382156144
0.026653357334457617
0.05425453554333082
0.031017376704207678
0.06605801367827979
0.012394543666532698
0.08302714817478662
0.06228267241298191
0.013109728048770641
0.06569838178769771
0.04469322213864224
-0.07892951287026762
0.0461992712042818
0.06569838178769771
0.0041948137923384365
0.056736527751481525
0.01716964896203166
0.0278028767684102
-0.07465345378649157
0.08653619008305125
0.08383912323474085
-0.022898889969576786
0.06925574960452696
-0.005818111085915234
0.05799658946616226
0.05436809318039337
0.08759468040243501
0.012299756912504733
-0.017242733713295877
0.04048653167530425
0.08759468040243501
0.03208636570286316
-0.015144140805206874
-0.0008948035361102669
-0.0038562351615762935
-0.22146034456414654
-0.13034379599603163
0.07382421435571018
0.03863378364598535
0.01699193585620762
-0.005105231073404326
0.039209693040964666
-0.014438989348697362
0.06318283133468316
0.014471610315426986
0.028713620756199987
-0.04126132556270612
0.026458811902690726
-0.028034859824940028
0.08176108754913614
0.0027859037974478085
-0.08143178414826124
-0.027393577402978764
0.03994035520780326
0.03994035520780326
0.043334141200254805
-0.02862716582831837
-0.0007657730469858848
0.06569838178769771
0.024801788304586125
0.1417808980890598
0.0276177252845331
-0.05983064969141072
0.03443624877469453
-0.007720686875989813
0.06228267241298191
0.05799658946616226
-0.07465345378649157
-0.03458770640829023
0.07586149829868472
-0.1218059774124729
0.06316607709876365
0.05799658946616226
-0.17661184642248884
-0.06053051312501001
0.043334141200254805
0.0278028767684102
0.034283772423341574
-0.07892951287026762
0.03994035520780326
-0.05120330655862837
0.03861575224405023
0.0165919313161762
-0.011743957061684185
-0.06193714350214741
-0.03997727574944321
0.04823967565580034
-0.05699148198311299
0.037453479113841226
-0.05699148198311299
-0.005105231073404326
-0.05282848588680089
-0.0008948035361102669
0.03863378364598535
-0.004841918958801372
0.0216176650818376
0.048059232237648075
-0.0849833488167917
0.0844852260058202
-0.03520416182162833
-0.0011970474263076625
-0.004841918958801372
0.025649122658425227
0.023512429278589764
-0.07465345378649157
0.015089270086424023
-0.07414653786004877
0.009856619194733796
-0.0013205999854228878
-0.0002495311402075373
-0.05586089089844393
-0.02243129284092049
-0.04022536987465397
-0.022622356364218277
-0.049962429852048906
0.08799230776265521
-0.0011970474263076625
0.08302714817478662
0.022194058573782982
0.03861575224405023
-0.04126132556270612
-0.01249170093178087
0.1399333926158075
0.0022689688502968153
0.024801788304586125
0.08302714817478662
-0.009357776553262198
-0.09432889171755221
0.031017376704207678
-0.08110299466350668
-0.007338419158481102
0.041840431302949455
-0.05699148198311299
-0.022898889969576786
0.005173534568482907
0.04299886054755575
0.013040071944516285
0.0344322264021244
0.08632977574364098
-0.027788545411032928
0.0278028767684102
0.11522232211929584
-0.002647647860884561
0.0041948137923384365
-0.03520416182162833
0.01579928711915457
-0.03695834061658587
0.07586149829868472
-0.03520416182162833
0.025722681761052968
0.08080248335888918
0.007058852839625374
-0.027788545411032928
-0.0851300246174862
-0.08721982612879486
0.026653357334457617
0.028713620756199987
0.08632977574364098
-0.007720686875989813
-0.012150300762606037
-0.22146034456414654
-0.047644828679283435
0.11840346286310233
-0.03133707462365809
-0.019391257313081667
-0.013878349100881593
-0.05983064969141072
0.08632977574364098
-0.007338419158481102
0.06994395962703592
0.06567138145123597
0.01724199139330551
-0.04022536987465397
-0.06193714350214741
0.08121523150568599
-0.03997727574944321
0.03863378364598535
0.08176108754913614
0.005082074600808895
0.06318283133468316
0.02927401578257438
-0.02375973362478856
-0.03173275161671363
0.17000938109242547
-0.06285634704832255
0.017908695057996304
0.01046829599036414
0.08302714817478662
0.07060672059698447
