-0.012372140541780041
-0.10013006587302442
0.006143668794592827
-0.019514789449790015
-0.036421638107813514
0.0844852260058202
0.02708189422255458
-0.017242733713295877
-0.02243129284092049
0.037107507807760065
-0.06638125688640528
-0.08721982612879486
0.018593646962060006
0.041840431302949455
-0.049962429852048906
0.0326533364262076
0.01613403625846388
0.08759468040243501
-0.027462288324585415
0.019778644828504
0.025722681761052968
0.04391937482752173
0.039209693040964666
0.015089270086424023
0.03443624877469453
-0.03695834061658587
-0.08814864178677073
0.06806350229329183
0.08121523150568599
-0.05416508205116166
-0.060513028914405353
-0.017136936568830308
-0.13034379599603163
-0.018864353824572078
0.03973066370480538
-0.07892951287026762
-0.10819102148647719
-0.007317237093852569
0.056736527751481525
0.04391937482752173
0.0025784297617263974
0.0576314646823306
0.03861575224405023
-0.027462288324585415
0.0025784297617263974
0.018593646962060006
-0.03997727574944321
0.034283772423341574
-0.03563356684104946
0.08653619008305125
0.06761705055254463
0.06925574960452696
-0.12033949778566289
0.02451643163530548
0.0512476844333456
-0.009357776553262198
0.023512429278589764
-0.0005187167995490682
0.11522232211929584
0.04665297339942498
0.10109672394520075
0.0016709762031741349
0.01661350063361855
-0.03173275161671363
-0.08285893181375492
0.0216176650818376
-0.06226621690008294
-0.002205271978588108
0.0216176650818376
0.04995452527457189
-0.08143178414826124
0.043334141200254805
-0.17661184642248884
-0.0549153461639893
0.037453479113841226
0.04827168718050601
-0.007720686875989813
-0.027462288324585415
0.013109728048770641
0.041840431302949455
-0.07075486294590672
0.03208636570286316
0.06569838178769771
-0.027788545411032928
-0.041376638974308655
-0.08110299466350668
-0.06193714350214741
-0.05654058267968054
0.06228267241298191
0.006746455834750975
0.03443624877469453
0.06228267241298191
-0.08110299466350668
-0.005105231073404326
0.043334141200254805
-0.01844849936066506
0.01347000313241331
-0.05983064969141072
-0.0851300246174862
0.04048653167530425
0.01046829599036414
-0.041376638974308655
0.022821768641877682
0.0216176650818376
-0.007543661478351282
0.014780240742707562
-0.07075486294590672
-0.017136936568830308
0.05182100602750328
-0.032259158022980294
0.06605801367827979
-0.08110299466350668
-0.05654058267968054
0.1417808980890598
0.029794720012301212
0.034283772423341574
-0.1218059774124729
-0.0549153461639893
0.01613403625846388
-0.019391257313081667
0.008665176454019985
-0.019514789449790015
0.03863378364598535
0.04590352204112591
-0.1218059774124729
-0.05416508205116166
-0.08721982612879486
0.05436809318039337
-0.0851300246174862
-0.017136936568830308
-0.10013006587302442
-0.03520416182162833
-0.03917887174705115
-0.04126132556270612
-0.05464289541014722
0.08302714817478662
0.06925574960452696
0.005082074600808895
0.062467374718552904
0.028713620756199987
0.014780240742707562
-0.03270475340709922
0.04391937482752173
0.006265799221320201
0.019778644828504
0.025722681761052968
0.012390402416693647
0.031017376704207678
-0.01249170093178087
-0.032340875642459466
0.011999720455214913
0.012299756912504733
0.02451643163530548
0.09718899306107964
0.11840346286310233
0.10240276235625068
-0.06285634704832255
-0.010532567714866659
0.007058852839625374
-0.050143819123519506
-0.060513028914405353
-0.03917887174705115
-0.03695834061658587
-0.0038562351615762935
-0.0357902826629255
0.04790976101641675
-0.022622356364218277
0.043334141200254805
0.03882682382156144
0.09718899306107964
0.049538360788050184
0.01724199139330551
-0.08678886069673908
-0.002647647860884561
-0.12033949778566289
-0.037433866920196124
0.08632977574364098
0.05799658946616226
0.11522232211929584
-0.08285893181375492
0.06605801367827979
0.11522232211929584
0.06569838178769771
0.017908695057996304
0.05182100602750328
0.031017376704207678
0.05198789125700998
-0.0851300246174862
0.04729149119249154
-0.03173275161671363
-0.0002868205956847447
-0.022368622754905587
-0.009588853389239205
-0.07212958518599066
0.009856619194733796
-0.007317237093852569
-0.06258250876081561
-0.06193714350214741
-0.0002495311402075373
0.020567585268201682
0.04469322213864224
-0.022898889969576786
0.006265799221320201
0.13204555949274965
-0.08143178414826124
-0.05120330655862837
0.02451643163530548
0.0844852260058202
0.017908695057996304
-0.03173275161671363
0.062467374718552904
0.10240276235625068
-0.022821982956040543
-0.027462288324585415
0.04920879849315085
-0.002205271978588108
0.02927401578257438
-0.12033949778566289
0.005173534568482907
0.022821768641877682
0.03643980545838055
0.008665176454019985
0.01046829599036414
0.06806350229329183
-0.01686722086916248
-0.09570667993071069
-0.037433866920196124
-0.06226621690008294
0.03994035520780326
0.08732358904095427
0.02773636562208104
0.13204555949274965
0.06925574960452696
-0.06638125688640528
-0.027393577402978764
0.04299886054755575
0.10240276235625068
-0.018864353824572078
0.026653357334457617
-0.024170822975695394
0.0022689688502968153
-0.05120330655862837
-0.07724758378448726
0.04048653167530425
-0.047644828679283435
0.06605801367827979
-0.005105231073404326
0.039209693040964666
-0.02862716582831837
0.025722681761052968
0.02714223291166995
-0.0005187167995490682
-0.15702055781469149
0.04729149119249154
0.04799414960212012
-0.04126132556270612
-0.0849833488167917
0.0016709762031741349
0.007058852839625374
-0.08110299466350668
0.025524068456756588
0.06292625909621563
-0.041376638974308655
0.11840346286310233
0.006265799221320201
-0.05586089089844393
0.03863378364598535
0.04606131559255999
-0.08285893181375492
0.022194058573782982
-0.005105231073404326
-0.012372140541780041
-0.06258250876081561
-0.03917887174705115
0.043334141200254805
0.01661350063361855
-0.06109953281700342
-0.06285634704832255
0.023560334148108097
-0.05120330655862837
0.04135586741642605
-0.017242733713295877
-0.022622356364218277
0.08105492908796386
-0.1218059774124729
-0.0011970474263076625
-0.07465345378649157
-0.010204897362879883
0.012390402416693647
0.034283772423341574
-0.007543661478351282
0.01046829599036414
0.01661350063361855
-0.032340875642459466
0.06316607709876365
0.04790976101641675
-0.05416508205116166
-0.04126132556270612
0.05425453554333082
