0.03861575224405023
0.04827168718050601
-0.013771885982464482
-0.13034379599603163
-0.06638125688640528
0.015089270086424023
0.022821768641877682
-0.0013205999854228878
0.01699193585620762
0.04790976101641675
-0.05654058267968054
0.0278028767684102
0.031017376704207678
-0.22146034456414654
-0.010204897362879883
-0.07465345378649157
-0.04126132556270612
0.06605801367827979
-0.12033949778566289
0.07060672059698447
-0.0013205999854228878
0.007058852839625374
-0.06720056781523276
-0.04022536987465397
0.06364954486786978
-0.05983064969141072
0.0041948137923384365
0.04606131559255999
0.005173534568482907
-0.021161035659430283
0.005082074600808895
-0.005105231073404326
0.003822387934753202
0.02708189422255458
0.009856619194733796
0.0844852260058202
0.011999720455214913
-0.08143178414826124
-0.004841918958801372
0.02927401578257438
0.06316607709876365
0.06761705055254463
0.011553574399841615
-0.05699148198311299
0.034283772423341574
0.0022689688502968153
-0.021161035659430283
-0.02496648159475967
0.02773636562208104
-0.06638125688640528
0.08105492908796386
-0.027789787343500905
-0.037433866920196124
-0.10819102148647719
-0.027788545411032928
0.04371378571481266
-0.03270475340709922
0.02520341309711238
0.034283772423341574
0.04371378571481266
-0.022622356364218277
-0.038466866176760206
-0.012150300762606037
-0.024170822975695394
-0.0005187167995490682
-0.007720686875989813
0.0278028767684102
0.04299886054755575
-0.022622356364218277
-0.06638125688640528
0.023512429278589764
0.08732358904095427
0.17000938109242547
-0.05699148198311299
0.01716964896203166
-0.05699148198311299
-0.05416508205116166
0.03208636570286316
0.006265799221320201
-0.06258250876081561
-0.0636718542421022
0.08799230776265521
0.0276177252845331
-0.022898889969576786
0.0276177252845331
-0.005105231073404326
-0.004841918958801372
-0.05983064969141072
0.11522232211929584
-0.010532567714866659
0.023560334148108097
0.001954162314668828
0.026653357334457617
-0.07414653786004877
-0.007543661478351282
0.012390402416693647
0.01035787819304268
0.025649122658425227
0.013040071944516285
-0.01249170093178087
-0.10013006587302442
-0.027462288324585415
-0.01844849936066506
-0.021161035659430283
-0.03695834061658587
-0.02243129284092049
0.041840431302949455
-0.17661184642248884
-0.013878349100881593
0.04665297339942498
-0.009588853389239205
0.02451643163530548
0.020446479141682516
0.0041948137923384365
0.001954162314668828
0.02708189422255458
0.05799658946616226
0.13204555949274965
-0.03563356684104946
0.03443624877469453
-0.007882998007099573
-0.03520416182162833
0.04799414960212012
0.03973066370480538
-0.05654058267968054
-0.08126108737944548
0.04135586741642605
0.0461992712042818
0.05198789125700998
0.08302714817478662
0.09718899306107964
0.04333086414918519
0.04283497654615154
0.04995452527457189
-0.022348210496932808
0.05168531023255696
0.08105492908796386
0.08732358904095427
-0.024170822975695394
0.025722681761052968
-0.047644828679283435
0.11522232211929584
0.05198789125700998
0.007058852839625374
-0.002205271978588108
0.06994395962703592
-0.038466866176760206
0.008505479129739868
0.06316607709876365
-0.002205271978588108
-0.007720686875989813
0.08176108754913614
-0.03563356684104946
-0.02243129284092049
0.05425453554333082
-0.028034859824940028
0.08732358904095427
0.04823967565580034
0.08080248335888918
0.013040071944516285
-0.08285893181375492
0.04995452527457189
-0.0013205999854228878
0.020083040980136246
0.08799230776265521
0.05198789125700998
-0.05654058267968054
-0.028034859824940028
-0.008416174423421019
0.06228267241298191
0.06925574960452696
0.05168531023255696
0.04920879849315085
-0.05416508205116166
0.01613403625846388
0.1399333926158075
-0.032340875642459466
-0.03695834061658587
0.034283772423341574
0.062467374718552904
-0.05699148198311299
0.09718899306107964
0.10109672394520075
0.02520341309711238
-0.01249170093178087
0.0276177252845331
-0.0549153461639893
-0.02496648159475967
-0.0549153461639893
0.04606131559255999
-0.08721982612879486
0.01699193585620762
0.03882682382156144
-0.051670301345440706
-0.050143819123519506
-0.03133707462365809
-0.049962429852048906
-0.032259158022980294
0.0515617796937029
-0.07212958518599066
-0.03695834061658587
-0.022622356364218277
0.06316607709876365
-0.03173275161671363
-0.038466866176760206
-0.010204897362879883
0.007058852839625374
0.0025784297617263974
0.04135586741642605
0.02451643163530548
-0.10013006587302442
-0.0851300246174862
-0.051670301345440706
-0.07414653786004877
0.024801788304586125
-0.08110299466350668
0.13480548385110502
0.01579928711915457
-0.07724758378448726
0.045224792909892564
0.047513051758585334
-0.049962429852048906
0.012394543666532698
0.02714223291166995
0.1399333926158075
0.01579928711915457
0.034283772423341574
-0.03173275161671363
0.008505479129739868
0.0461992712042818
0.011553574399841615
0.009856619194733796
0.017908695057996304
0.08653619008305125
-0.05416508205116166
-0.013771885982464482
0.05425453554333082
0.06316607709876365
0.04283497654615154
0.06994395962703592
0.0016709762031741349
0.03973066370480538
-0.07465345378649157
0.020567585268201682
0.06925574960452696
0.017908695057996304
-0.027393577402978764
-0.05129888770798985
-0.041376638974308655
0.08121523150568599
-0.009357776553262198
-0.049962429852048906
0.029794720012301212
-0.037433866920196124
0.08759468040243501
0.03973066370480538
0.0515617796937029
0.06228267241298191
-0.17661184642248884
0.0276177252845331
0.0515617796937029
0.01699193585620762
0.08759468040243501
0.13204555949274965
0.03643980545838055
0.08732358904095427
-0.0038562351615762935
-0.03917887174705115
0.04391937482752173
0.0576314646823306
-0.02862716582831837
0.008505479129739868
-0.04022536987465397
-0.0013205999854228878
0.04333086414918519
0.048059232237648075
-0.027788545411032928
-0.06638125688640528
0.006265799221320201
0.008665176454019985
0.07586149829868472
-0.022622356364218277
-0.047644828679283435
-0.027789787343500905
0.03863378364598535
-0.03917887174705115
0.04995452527457189
0.01579928711915457
0.08080248335888918
0.06605801367827979
-0.017136936568830308
-0.06464003578883037
0.03643980545838055
0.04665297339942498
0.034283772423341574
-0.08126108737944548
-0.008416174423421019
0.08121523150568599
-0.027462288324585415
