0.04790976101641675
0.049538360788050184
0.020083040980136246
0.01716964896203166
0.04799414960212012
0.026458811902690726
-0.1218059774124729
-0.02496648159475967
-0.08814864178677073
0.029794720012301212
0.026458811902690726
0.030122729138618354
0.1399333926158075
0.05198789125700998
0.022194058573782982
0.04391937482752173
0.01716964896203166
0.0576314646823306
0.06994395962703592
-0.06226621690008294
0.007058852839625374
-0.047644828679283435
0.04665297339942498
0.01046829599036414
-0.050143819123519506
-0.015144140805206874
0.07586149829868472
-0.045496030668886966
-0.0549153461639893
0.06605801367827979
0.0203593980283987
0.05168531023255696
0.005173534568482907
-0.022622356364218277
0.028713620756199987
0.020083040980136246
0.018593646962060006
0.06761705055254463
0.029794720012301212
0.06761705055254463
-0.06226621690008294
-0.007882998007099573
-0.07075486294590672
-0.022348210496932808
-0.047644828679283435
0.0216176650818376
0.1417808980890598
-0.08814864178677073
-0.022898889969576786
-0.10819102148647719
-0.07892951287026762
0.019778644828504
0.008665176454019985
-0.022622356364218277
-0.06720056781523276
-0.15702055781469149
0.08653619008305125
0.014780240742707562
-0.032259158022980294
0.05182100602750328
-0.01686722086916248
0.007058852839625374
0.07060672059698447
-0.03458770640829023
-0.027393577402978764
-0.018864353824572078
-0.03270475340709922
0.025722681761052968
0.0844852260058202
0.04391937482752173
0.0326533364262076
-0.047644828679283435
-0.05282848588680089
0.0844852260058202
-0.049962429852048906
0.005082074600808895
0.05182100602750328
0.01035787819304268
0.06318283133468316
0.030974972656109045
-0.05416508205116166
0.05425453554333082
-0.22146034456414654
-0.06226621690008294
-0.045496030668886966
-0.05586089089844393
-0.05983064969141072
0.012390402416693647
0.020083040980136246
-0.05416508205116166
0.008665176454019985
-0.03917887174705115
-0.04466517994807795
0.025649122658425227
0.05168531023255696
0.05182100602750328
0.0461992712042818
0.0025784297617263974
0.008665176454019985
-0.06720056781523276
-0.09359820865597968
0.006265799221320201
0.04823967565580034
0.04299886054755575
-0.0549153461639893
-0.022898889969576786
0.11522232211929584
0.023560334148108097
-0.06464003578883037
0.04333086414918519
0.026005039289207943
0.06569838178769771
0.05168531023255696
0.03973066370480538
0.0576314646823306
0.011999720455214913
-0.05416508205116166
-0.010532567714866659
-0.03133707462365809
0.008505479129739868
-0.06285634704832255
0.0461992712042818
-0.03045002278091502
0.024801788304586125
0.01035787819304268
-0.0357902826629255
-0.05983064969141072
0.04606131559255999
0.008505479129739868
0.04606131559255999
-0.0357902826629255
0.0022689688502968153
0.0326533364262076
0.0165919313161762
0.10240276235625068
0.04665297339942498
0.0461992712042818
-0.0007657730469858848
0.048059232237648075
-0.02243129284092049
-0.01844849936066506
0.04799414960212012
0.08799230776265521
-0.009588853389239205
0.034283772423341574
-0.012150300762606037
0.04283497654615154
-0.014438989348697362
0.01035787819304268
0.10109672394520075
-0.09432889171755221
0.01579928711915457
0.026458811902690726
-0.017242733713295877
0.03994035520780326
0.04790976101641675
-0.1218059774124729
0.06806350229329183
0.045224792909892564
-0.022368622754905587
0.02451643163530548
0.04371378571481266
0.04729149119249154
0.10109672394520075
0.04665297339942498
-0.037433866920196124
0.007058852839625374
-0.005105231073404326
0.08383912323474085
-0.019514789449790015
-0.012372140541780041
-0.02496648159475967
0.003822387934753202
-0.10013006587302442
-0.0851300246174862
0.06761705055254463
0.03973066370480538
0.07586149829868472
0.04391937482752173
-0.060513028914405353
0.04665297339942498
0.1399333926158075
0.04995452527457189
-0.08721982612879486
0.08732358904095427
-0.17661184642248884
-0.06053051312501001
-0.009588853389239205
0.03994035520780326
0.026653357334457617
0.006265799221320201
0.06292625909621563
0.11840346286310233
0.0165919313161762
0.028713620756199987
-0.0013205999854228878
0.048059232237648075
0.1399333926158075
-0.05654058267968054
-0.13034379599603163
0.018593646962060006
0.0027859037974478085
-0.024170822975695394
-0.013878349100881593
-0.0549153461639893
-0.08285893181375492
-0.01686722086916248
0.08302714817478662
0.037453479113841226
0.008505479129739868
0.001954162314668828
-0.02243129284092049
0.06761705055254463
0.01046829599036414
-0.05699148198311299
0.0326533364262076
-0.03173275161671363
-0.022622356364218277
0.04920879849315085
0.025524068456756588
-0.08678886069673908
-0.07212958518599066
-0.027788545411032928
0.01347000313241331
-0.011743957061684185
0.05425453554333082
0.06318283133468316
0.04391937482752173
0.1399333926158075
-0.05120330655862837
0.014780240742707562
0.02708189422255458
-0.07465345378649157
0.05425453554333082
0.01613403625846388
0.03863378364598535
-0.06053051312501001
0.045224792909892564
0.01724199139330551
-0.2546008091448053
-0.022368622754905587
-0.06720056781523276
-0.02496648159475967
-0.018864353824572078
0.030122729138618354
0.0025784297617263974
-0.07212958518599066
0.0512476844333456
-0.047644828679283435
0.05799658946616226
0.04371378571481266
0.013065356771912562
0.04920879849315085
0.17000938109242547
-0.012372140541780041
0.03208636570286316
-0.051670301345440706
0.04799414960212012
-0.06285634704832255
0.04665297339942498
-0.03045002278091502
0.006265799221320201
0.04135586741642605
-0.002205271978588108
-0.019514789449790015
-0.032259158022980294
-0.017242733713295877
0.005173534568482907
0.0326533364262076
-0.017136936568830308
0.07586149829868472
0.09718899306107964
-0.012150300762606037
-0.013878349100881593
0.013109728048770641
0.04380656992791998
0.08799230776265521
-0.03695834061658587
-0.014438989348697362
-0.08721982612879486
0.026005039289207943
0.04371378571481266
-0.05699148198311299
0.04380656992791998
-0.05282848588680089
-0.17661184642248884
0.023512429278589764
0.013065356771912562
0.056736527751481525
-0.02496648159475967
-0.2546008091448053
0.0344322264021244
0.04048653167530425
0.07060672059698447
-0.005105231073404326
0.02927401578257438
0.04048653167530425
0.056736527751481525
0.0576314646823306
