0.06292625909621563
0.04790976101641675
0.049538360788050184
0.01347000313241331
0.056736527751481525
0.041840431302949455
0.07518071596092746
0.06318283133468316
0.06605801367827979
-0.03133707462365809
-0.0005187167995490682
-0.08285893181375492
0.013109728048770641
0.006143668794592827
0.07060672059698447
0.06228267241298191
-0.03173275161671363
-0.051670301345440706
0.06228267241298191
-0.007720686875989813
0.04790976101641675
0.039209693040964666
0.048059232237648075
0.030974972656109045
0.012299756912504733
0.17000938109242547
0.06761705055254463
-0.05129888770798985
-0.0002868205956847447
-0.05654058267968054
0.08653619008305125
0.022194058573782982
-0.09570667993071069
-0.007543661478351282
0.04391937482752173
-0.09570667993071069
0.017908695057996304
0.06364954486786978
0.008505479129739868
0.02708189422255458
0.041840431302949455
-0.08126108737944548
0.0461992712042818
-0.03458770640829023
0.005082074600808895
-0.005818111085915234
0.005173534568482907
-0.050143819123519506
0.008665176454019985
0.031017376704207678
0.0344322264021244
0.1399333926158075
0.02773636562208104
-0.05129888770798985
0.062467374718552904
0.028713620756199987
-0.060513028914405353
-0.2546008091448053
0.08302714817478662
0.039209693040964666
0.06605801367827979
0.013109728048770641
0.01035787819304268
-0.013878349100881593
0.06567138145123597
0.0016709762031741349
0.03443624877469453
-0.013771885982464482
0.007058852839625374
0.08080248335888918
0.013109728048770641
-0.027788545411032928
-0.027393577402978764
0.04665297339942498
-0.022348210496932808
-0.02375973362478856
-0.06226621690008294
0.08176108754913614
0.0203593980283987
0.01035787819304268
-0.017136936568830308
0.0688088340488946
0.0025784297617263974
0.03208636570286316
0.01699193585620762
0.06316607709876365
0.011553574399841615
-0.024170822975695394
-0.06258250876081561
-0.008416174423421019
0.020567585268201682
0.014780240742707562
-0.028034859824940028
0.030122729138618354
0.025722681761052968
0.0165919313161762
0.006143668794592827
0.026005039289207943
0.08799230776265521
0.015089270086424023
0.04391937482752173
-0.032340875642459466
-0.08814864178677073
0.05436809318039337
0.04299886054755575
0.001954162314668828
0.009856619194733796
-0.027789787343500905
-0.007720686875989813
0.08383912323474085
0.03208636570286316
0.03994035520780326
-0.024170822975695394
0.09718899306107964
0.04469322213864224
0.025524068456756588
-0.07212958518599066
0.037453479113841226
0.029794720012301212
-0.05416508205116166
0.06228267241298191
0.013109728048770641
-0.013878349100881593
0.1417808980890598
0.10109672394520075
0.0512476844333456
-0.05654058267968054
-0.0357902826629255
-0.007317237093852569
-0.06464003578883037
-0.06720056781523276
0.013040071944516285
0.037453479113841226
0.03882682382156144
-0.022622356364218277
-0.022622356364218277
0.013109728048770641
-0.0357902826629255
0.06318283133468316
0.005173534568482907
-0.02243129284092049
-0.013771885982464482
0.08105492908796386
0.17000938109242547
-0.0002495311402075373
0.012394543666532698
-0.05654058267968054
-0.015144140805206874
-0.0636718542421022
-0.037433866920196124
0.1417808980890598
-0.08814864178677073
-0.022368622754905587
0.025649122658425227
-0.09359820865597968
-0.03563356684104946
-0.032340875642459466
-0.09570667993071069
0.006746455834750975
-0.012372140541780041
-0.0007657730469858848
0.06994395962703592
0.08799230776265521
0.028713620756199987
0.025524068456756588
-0.010204897362879883
-0.01844849936066506
-0.0357902826629255
0.03208636570286316
-0.09570667993071069
0.13480548385110502
0.04790976101641675
-0.045496030668886966
-0.0005187167995490682
-0.02496648159475967
-0.013878349100881593
-0.03917887174705115
-0.07212958518599066
-0.07075486294590672
-0.02496648159475967
-0.04126132556270612
0.06994395962703592
0.03443624877469453
-0.06285634704832255
0.04729149119249154
0.02432879134386301
0.06761705055254463
-0.06258250876081561
0.08105492908796386
0.0278028767684102
0.012390402416693647
0.0027859037974478085
0.15300088602597928
0.02773636562208104
0.04380656992791998
-0.037433866920196124
0.030974972656109045
0.026653357334457617
0.018593646962060006
-0.022821982956040543
-0.032340875642459466
0.019778644828504
0.05198789125700998
0.04048653167530425
-0.012372140541780041
0.08732358904095427
0.08799230776265521
0.013065356771912562
0.0576314646823306
-0.021161035659430283
-0.038466866176760206
0.06292625909621563
-0.03133707462365809
-0.12033949778566289
0.07382421435571018
0.0278028767684102
-0.08678886069673908
0.05425453554333082
0.020446479141682516
0.04135586741642605
-0.036421638107813514
-0.010532567714866659
0.047513051758585334
-0.10013006587302442
-0.03563356684104946
0.0165919313161762
-0.13034379599603163
0.0278028767684102
-0.027462288324585415
0.06994395962703592
0.08080248335888918
0.020083040980136246
0.01046829599036414
-0.024170822975695394
-0.0636718542421022
0.023512429278589764
0.037453479113841226
-0.07465345378649157
0.10109672394520075
-0.007720686875989813
-0.036421638107813514
-0.010532567714866659
-0.009357776553262198
0.08383912323474085
0.030122729138618354
-0.06720056781523276
0.11840346286310233
0.08121523150568599
0.030122729138618354
0.011553574399841615
-0.007338419158481102
-0.05282848588680089
-0.03458770640829023
-0.010532567714866659
-0.005105231073404326
0.001954162314668828
-0.13034379599603163
0.04729149119249154
-0.0549153461639893
0.001954162314668828
0.05168531023255696
-0.010532567714866659
-0.05983064969141072
-0.05654058267968054
0.014471610315426986
0.026458811902690726
0.08632977574364098
0.02432879134386301
0.01716964896203166
0.013065356771912562
0.028713620756199987
0.031017376704207678
-0.09432889171755221
-0.02862716582831837
-0.038466866176760206
0.039209693040964666
0.0512476844333456
-0.08721982612879486
0.07518071596092746
0.041840431302949455
-0.03458770640829023
-0.014438989348697362
-0.06226621690008294
-0.0489237727198617
-0.03458770640829023
-0.1218059774124729
-0.10013006587302442
0.0041948137923384365
0.05436809318039337
0.013109728048770641
0.017908695057996304
0.022194058573782982
0.06761705055254463
0.10240276235625068
-0.037433866920196124
0.005173534568482907
-0.02862716582831837
-0.005818111085915234
0.028713620756199987
