-0.06053051312501001
0.049538360788050184
-0.06193714350214741
-0.08285893181375492
0.13204555949274965
0.13480548385110502
0.08121523150568599
0.04333086414918519
0.08732358904095427
0.1399333926158075
-0.06638125688640528
0.08799230776265521
-0.03045002278091502
0.06364954486786978
-0.03917887174705115
-0.07724758378448726
0.04391937482752173
0.020567585268201682
-0.01844849936066506
0.006143668794592827
0.0025784297617263974
-0.08814864178677073
-0.03520416182162833
-0.0549153461639893
0.028713620756199987
-0.0013205999854228878
0.026005039289207943
-0.005105231073404326
0.01046829599036414
0.04135586741642605
-0.01844849936066506
-0.019391257313081667
-0.024170822975695394
0.037107507807760065
0.001954162314668828
0.007058852839625374
0.041840431302949455
0.04790976101641675
-0.0002868205956847447
0.01579928711915457
-0.0636718542421022
0.01661350063361855
0.030974972656109045
0.02520341309711238
-0.01844849936066506
0.04469322213864224
-0.08110299466350668
-0.05983064969141072
-0.022622356364218277
-0.13034379599603163
-0.02375973362478856
0.01613403625846388
-0.010532567714866659
0.024801788304586125
-0.022821982956040543
0.008665176454019985
-0.022348210496932808
0.048059232237648075
-0.013771885982464482
-0.03270475340709922
0.037107507807760065
-0.17661184642248884
0.02520341309711238
0.007058852839625374
0.012390402416693647
0.039209693040964666
-0.05654058267968054
-0.06720056781523276
0.003822387934753202
0.11522232211929584
0.06761705055254463
-0.004841918958801372
0.02773636562208104
0.01724199139330551
-0.2546008091448053
0.039209693040964666
-0.06464003578883037
0.01724199139330551
-0.03270475340709922
0.08383912323474085
-0.10013006587302442
-0.17661184642248884
-0.0636718542421022
-0.007317237093852569
-0.038466866176760206
0.06567138145123597
-0.07414653786004877
0.08632977574364098
-0.10819102148647719
0.0688088340488946
0.019778644828504
-0.04126132556270612
0.008505479129739868
-0.2546008091448053
0.10109672394520075
-0.05654058267968054
-0.07724758378448726
0.02714223291166995
0.01699193585620762
-0.06109953281700342
0.01613403625846388
0.01716964896203166
-0.018864353824572078
0.02432879134386301
0.04299886054755575
0.04799414960212012
0.06567138145123597
-0.0002495311402075373
0.001954162314668828
0.048059232237648075
-0.008416174423421019
-0.0849833488167917
0.025722681761052968
-0.027788545411032928
0.06605801367827979
-0.007338419158481102
0.018593646962060006
-0.05654058267968054
-0.07892951287026762
0.024801788304586125
0.028713620756199987
0.13204555949274965
-0.07724758378448726
0.01347000313241331
0.029794720012301212
-0.09359820865597968
0.024801788304586125
-0.01956931117570271
-0.05282848588680089
0.001954162314668828
-0.017242733713295877
-0.12033949778566289
-0.07892951287026762
0.047513051758585334
0.0027859037974478085
-0.02496648159475967
0.026653357334457617
0.10240276235625068
-0.07414653786004877
0.03643980545838055
-0.02496648159475967
-0.0489237727198617
-0.02862716582831837
-0.012150300762606037
0.0515617796937029
0.013065356771912562
-0.08814864178677073
-0.049962429852048906
0.017908695057996304
-0.07075486294590672
0.09718899306107964
0.051344950513199095
-0.03270475340709922
0.0016709762031741349
-0.02496648159475967
-0.005818111085915234
0.04995452527457189
0.0041948137923384365
0.008505479129739868
-0.05699148198311299
0.047513051758585334
0.04469322213864224
0.012390402416693647
-0.0011970474263076625
-0.036421638107813514
0.13480548385110502
0.01724199139330551
0.062467374718552904
-0.0489237727198617
0.043334141200254805
-0.2546008091448053
0.029794720012301212
0.014780240742707562
0.04391937482752173
0.17000938109242547
0.005082074600808895
-0.07075486294590672
-0.0489237727198617
0.13480548385110502
0.0027859037974478085
-0.004841918958801372
0.049538360788050184
0.04920879849315085
0.01579928711915457
0.11522232211929584
0.05198789125700998
0.04333086414918519
0.018593646962060006
-0.13034379599603163
0.17000938109242547
0.014780240742707562
-0.005818111085915234
-0.07414653786004877
0.049538360788050184
0.020446479141682516
-0.022348210496932808
0.017908695057996304
0.0461992712042818
-0.032340875642459466
0.01046829599036414
0.08799230776265521
-0.0489237727198617
0.04823967565580034
0.02927401578257438
-0.05129888770798985
-0.10819102148647719
0.04729149119249154
0.051344950513199095
0.041840431302949455
-0.05699148198311299
-0.1218059774124729
-0.036421638107813514
-0.028034859824940028
-0.037433866920196124
0.012390402416693647
0.0576314646823306
0.031017376704207678
0.025524068456756588
-0.002205271978588108
-0.05120330655862837
-0.0489237727198617
0.05799658946616226
-0.10013006587302442
-0.014438989348697362
-0.005105231073404326
-0.037433866920196124
-0.0008948035361102669
0.06569838178769771
-0.0489237727198617
-0.04126132556270612
0.0216176650818376
0.006746455834750975
-0.17661184642248884
0.02520341309711238
0.014780240742707562
-0.08110299466350668
0.023560334148108097
-0.013771885982464482
0.03208636570286316
0.0576314646823306
0.012299756912504733
-0.045496030668886966
0.04995452527457189
-0.06053051312501001
-0.08814864178677073
0.06925574960452696
0.03973066370480538
0.02520341309711238
0.07586149829868472
0.020446479141682516
0.08383912323474085
-0.07075486294590672
0.10109672394520075
-0.0002495311402075373
-0.015144140805206874
-0.0008948035361102669
0.0016709762031741349
-0.007543661478351282
-0.07465345378649157
-0.024170822975695394
0.049538360788050184
0.05182100602750328
-0.02496648159475967
0.008505479129739868
0.08121523150568599
-0.014438989348697362
0.034283772423341574
0.0515617796937029
-0.17661184642248884
0.01699193585620762
0.037107507807760065
0.0041948137923384365
-0.028034859824940028
-0.051670301345440706
-0.04022536987465397
-0.0002495311402075373
0.03973066370480538
-0.06464003578883037
0.02451643163530548
-0.013771885982464482
-0.15702055781469149
0.06316607709876365
0.0016709762031741349
-0.05586089089844393
0.031017376704207678
-0.037433866920196124
0.018593646962060006
-0.032259158022980294
0.030974972656109045
-0.0636718542421022
0.06316607709876365
-0.014438989348697362
0.15300088602597928
0.019778644828504
0.01661350063361855
0.01046829599036414
-0.08721982612879486
0.051344950513199095
0.012390402416693647
