0.0016709762031741349
0.04333086414918519
-0.03917887174705115
-0.007720686875989813
0.0512476844333456
-0.07465345378649157
-0.05129888770798985
0.029794720012301212
0.034283772423341574
0.08653619008305125
0.08732358904095427
-0.0013205999854228878
-0.05586089089844393
0.047513051758585334
0.0461992712042818
-0.041376638974308655
-0.060513028914405353
-0.09359820865597968
-0.06193714350214741
0.11522232211929584
0.008665176454019985
-0.022368622754905587
0.049538360788050184
-0.01249170093178087
0.04590352204112591
0.08759468040243501
0.08383912323474085
0.08799230776265521
-0.07724758378448726
0.08759468040243501
0.049538360788050184
-0.002205271978588108
0.07518071596092746
0.02927401578257438
0.01579928711915457
0.04333086414918519
-0.06193714350214741
0.0844852260058202
0.011553574399841615
0.08799230776265521
0.0326533364262076
-0.027393577402978764
-0.05464289541014722
-0.10819102148647719
0.008505479129739868
0.022194058573782982
-0.03520416182162833
0.022194058573782982
-0.036421638107813514
-0.05654058267968054
-0.08678886069673908
0.062467374718552904
0.17000938109242547
-0.06720056781523276
-0.013878349100881593
0.04665297339942498
-0.04126132556270612
0.07518071596092746
-0.007338419158481102
-0.013771885982464482
0.020446479141682516
0.023512429278589764
0.01579928711915457
-0.06638125688640528
0.017908695057996304
-0.0005187167995490682
0.0025784297617263974
0.030974972656109045
0.030974972656109045
0.0022689688502968153
-0.0357902826629255
-0.0002868205956847447
0.07060672059698447
0.05182100602750328
-0.05586089089844393
0.11522232211929584
-0.008416174423421019
0.13204555949274965
0.006265799221320201
0.04799414960212012
0.026653357334457617
-0.03133707462365809
-0.08678886069673908
-0.09570667993071069
-0.06638125688640528
-0.06258250876081561
0.029794720012301212
0.003822387934753202
-0.01844849936066506
-0.07075486294590672
0.014780240742707562
-0.038466866176760206
-0.06109953281700342
0.04283497654615154
-0.038466866176760206
-0.049962429852048906
-0.0007657730469858848
0.01046829599036414
0.08121523150568599
-0.0636718542421022
-0.08126108737944548
-0.05464289541014722
0.05168531023255696
-0.028034859824940028
0.10109672394520075
0.06316607709876365
-0.027788545411032928
0.04995452527457189
0.06806350229329183
-0.008416174423421019
0.03861575224405023
-0.03997727574944321
-0.0011970474263076625
0.04590352204112591
-0.07414653786004877
0.048059232237648075
0.034283772423341574
0.0512476844333456
0.020083040980136246
0.014780240742707562
0.04920879849315085
-0.02375973362478856
0.08383912323474085
-0.22146034456414654
-0.05654058267968054
0.015089270086424023
-0.03520416182162833
0.005082074600808895
0.0027859037974478085
0.0022689688502968153
0.034283772423341574
-0.036421638107813514
-0.2546008091448053
-0.013878349100881593
0.0344322264021244
0.05425453554333082
0.019778644828504
0.007058852839625374
-0.03270475340709922
-0.027393577402978764
0.08759468040243501
-0.05416508205116166
-0.13034379599603163
0.062467374718552904
0.013109728048770641
-0.036421638107813514
0.04380656992791998
-0.05983064969141072
-0.0489237727198617
-0.022821982956040543
0.06569838178769771
-0.1218059774124729
-0.027462288324585415
-0.014438989348697362
0.062467374718552904
0.05182100602750328
-0.07075486294590672
0.02451643163530548
0.025649122658425227
-0.03173275161671363
-0.019514789449790015
0.06292625909621563
-0.050143819123519506
0.0515617796937029
-0.027789787343500905
0.03443624877469453
0.01046829599036414
0.012394543666532698
-0.02862716582831837
-0.0357902826629255
0.026653357334457617
0.049538360788050184
0.08080248335888918
-0.0002868205956847447
0.026653357334457617
0.008505479129739868
-0.02375973362478856
0.04333086414918519
-0.041376638974308655
-0.07212958518599066
-0.0549153461639893
0.09718899306107964
0.023560334148108097
-0.05129888770798985
0.031017376704207678
-0.09359820865597968
-0.022348210496932808
0.10109672394520075
0.08105492908796386
-0.024170822975695394
-0.07724758378448726
0.06994395962703592
0.03443624877469453
0.025649122658425227
0.006143668794592827
0.0276177252845331
0.048059232237648075
0.07518071596092746
-0.008416174423421019
0.025722681761052968
0.04590352204112591
0.0041948137923384365
0.13480548385110502
0.06318283133468316
0.013040071944516285
-0.07724758378448726
0.04048653167530425
0.04135586741642605
0.06569838178769771
0.03208636570286316
0.013065356771912562
0.06925574960452696
-0.0002495311402075373
0.04048653167530425
0.1399333926158075
0.0278028767684102
0.02432879134386301
0.03208636570286316
0.11840346286310233
-0.06258250876081561
0.006143668794592827
0.037453479113841226
-0.05586089089844393
0.05436809318039337
0.1417808980890598
0.08080248335888918
0.06318283133468316
0.0326533364262076
0.13204555949274965
0.11522232211929584
-0.018864353824572078
-0.017136936568830308
0.026458811902690726
0.04469322213864224
0.05168531023255696
-0.0849833488167917
-0.004841918958801372
0.04799414960212012
0.03863378364598535
-0.002205271978588108
-0.06285634704832255
-0.022348210496932808
-0.03520416182162833
-0.037433866920196124
0.1399333926158075
-0.041376638974308655
0.1399333926158075
-0.024170822975695394
-0.05586089089844393
0.06316607709876365
-0.0636718542421022
0.04371378571481266
0.06569838178769771
-0.037433866920196124
-0.018864353824572078
-0.10013006587302442
0.03861575224405023
0.05436809318039337
0.05168531023255696
0.0203593980283987
0.037107507807760065
-0.027789787343500905
0.024801788304586125
-0.014438989348697362
-0.05699148198311299
0.0512476844333456
0.0326533364262076
-0.045496030668886966
-0.032259158022980294
0.04380656992791998
-0.0005187167995490682
-0.03270475340709922
-0.1218059774124729
0.020083040980136246
0.08105492908796386
0.007058852839625374
-0.002647647860884561
0.0041948137923384365
-0.060513028914405353
0.048059232237648075
0.0022689688502968153
0.04135586741642605
0.028713620756199987
-0.07465345378649157
-0.019391257313081667
-0.01249170093178087
-0.022368622754905587
-0.0011970474263076625
0.1417808980890598
0.1399333926158075
-0.032340875642459466
0.08383912323474085
0.04590352204112591
-0.10819102148647719
-0.08285893181375492
-0.02375973362478856
-0.0011970474263076625
0.0027859037974478085
-0.06464003578883037
