0.06292625909621563
0.0576314646823306
-0.017242733713295877
0.041840431302949455
0.041840431302949455
0.08632977574364098
0.1417808980890598
0.03643980545838055
0.047513051758585334
-0.037433866920196124
-0.002205271978588108
0.07060672059698447
-0.0489237727198617
0.07586149829868472
-0.15702055781469149
-0.0013205999854228878
0.030122729138618354
-0.10013006587302442
-0.022348210496932808
-0.027393577402978764
0.03994035520780326
0.01579928711915457
-0.05464289541014722
-0.005818111085915234
0.049538360788050184
0.08121523150568599
-0.022368622754905587
0.020446479141682516
-0.015144140805206874
-0.07465345378649157
0.04823967565580034
0.08383912323474085
-0.0851300246174862
0.01716964896203166
-0.007338419158481102
0.13204555949274965
0.051344950513199095
-0.06464003578883037
-0.03917887174705115
0.006265799221320201
0.025524068456756588
0.041840431302949455
-0.022348210496932808
-0.06285634704832255
0.04665297339942498
-0.03458770640829023
0.030122729138618354
-0.03997727574944321
0.04729149119249154
0.012299756912504733
0.05799658946616226
-0.03917887174705115
0.08653619008305125
0.01046829599036414
0.15300088602597928
0.05425453554333082
0.03994035520780326
-0.002647647860884561
0.06605801367827979
0.04371378571481266
0.06228267241298191
-0.002205271978588108
0.04729149119249154
0.0515617796937029
-0.17661184642248884
0.08383912323474085
0.01661350063361855
-0.07892951287026762
-0.10013006587302442
0.04920879849315085
-0.08678886069673908
0.024801788304586125
-0.05416508205116166
0.001954162314668828
-0.022898889969576786
0.0576314646823306
0.030122729138618354
-0.05654058267968054
-0.009588853389239205
-0.06053051312501001
0.1417808980890598
-0.07075486294590672
0.04333086414918519
-0.027789787343500905
0.01046829599036414
0.01699193585620762
-0.024170822975695394
0.030122729138618354
-0.09432889171755221
0.07518071596092746
-0.09359820865597968
0.025524068456756588
0.08759468040243501
-0.032259158022980294
0.15300088602597928
0.13204555949274965
0.013040071944516285
-0.06464003578883037
0.05425453554333082
0.030974972656109045
0.007058852839625374
0.0515617796937029
0.02708189422255458
-0.002205271978588108
0.06994395962703592
0.026653357334457617
0.01347000313241331
-0.0008948035361102669
0.04299886054755575
-0.0038562351615762935
0.04469322213864224
0.04469322213864224
0.022821768641877682
0.06569838178769771
0.08302714817478662
0.014780240742707562
-0.0008948035361102669
0.05182100602750328
-0.05416508205116166
-0.007720686875989813
-0.03917887174705115
0.08799230776265521
-0.027788545411032928
-0.019391257313081667
0.039209693040964666
0.025524068456756588
0.07060672059698447
0.08383912323474085
0.0016709762031741349
0.06806350229329183
-0.010532567714866659
-0.022348210496932808
0.06364954486786978
-0.036421638107813514
-0.051670301345440706
0.0022689688502968153
0.01347000313241331
-0.032259158022980294
0.04391937482752173
0.04371378571481266
0.020446479141682516
0.048059232237648075
0.025722681761052968
0.012390402416693647
0.03208636570286316
-0.032340875642459466
0.04590352204112591
-0.0489237727198617
0.01046829599036414
-0.022821982956040543
-0.06720056781523276
0.08302714817478662
0.08732358904095427
-0.03270475340709922
0.03882682382156144
0.026005039289207943
-0.012372140541780041
0.04135586741642605
-0.011743957061684185
-0.007543661478351282
0.17000938109242547
-0.047644828679283435
-0.0002868205956847447
0.001954162314668828
-0.045496030668886966
-0.03520416182162833
-0.03997727574944321
-0.018864353824572078
0.02451643163530548
-0.08285893181375492
-0.041376638974308655
0.026458811902690726
-0.027788545411032928
0.0016709762031741349
-0.03133707462365809
-0.007882998007099573
0.008505479129739868
0.01046829599036414
-0.04466517994807795
-0.01249170093178087
0.006265799221320201
0.0165919313161762
-0.015144140805206874
0.034283772423341574
0.024801788304586125
0.022821768641877682
0.04823967565580034
-0.022898889969576786
0.030974972656109045
0.05182100602750328
-0.05282848588680089
0.02927401578257438
0.017908695057996304
0.07382421435571018
0.062467374718552904
-0.0008948035361102669
-0.007543661478351282
-0.03458770640829023
-0.019514789449790015
0.01347000313241331
0.02520341309711238
-0.007882998007099573
0.012299756912504733
0.17000938109242547
0.04048653167530425
0.01613403625846388
0.0326533364262076
-0.17661184642248884
-0.0849833488167917
0.037107507807760065
0.09718899306107964
0.026653357334457617
-0.004841918958801372
0.022821768641877682
-0.0849833488167917
0.03973066370480538
0.012390402416693647
0.014471610315426986
-0.0851300246174862
-0.0011970474263076625
-0.022368622754905587
0.026653357334457617
-0.041376638974308655
0.0025784297617263974
0.02432879134386301
0.029794720012301212
0.01347000313241331
0.006265799221320201
0.01347000313241331
0.04391937482752173
0.0027859037974478085
-0.07212958518599066
0.03861575224405023
-0.06285634704832255
-0.01686722086916248
-0.012150300762606037
0.011553574399841615
0.06925574960452696
-0.2546008091448053
0.08632977574364098
-0.009588853389239205
0.030974972656109045
-0.007338419158481102
0.043334141200254805
-0.022368622754905587
0.07382421435571018
0.022821768641877682
0.08176108754913614
-0.005105231073404326
-0.012150300762606037
0.07382421435571018
-0.027789787343500905
-0.027788545411032928
0.04299886054755575
-0.007543661478351282
0.006265799221320201
0.13204555949274965
0.037107507807760065
0.03994035520780326
0.08121523150568599
-0.005818111085915234
0.1417808980890598
0.009856619194733796
0.062467374718552904
-0.0005187167995490682
0.037107507807760065
0.03863378364598535
0.01716964896203166
0.06925574960452696
-0.08721982612879486
-0.09359820865597968
0.03882682382156144
0.07382421435571018
0.06994395962703592
0.1417808980890598
0.0027859037974478085
0.020567585268201682
0.04048653167530425
0.08302714817478662
-0.07212958518599066
0.04920879849315085
0.07518071596092746
-0.10819102148647719
0.04790976101641675
-0.08678886069673908
-0.028034859824940028
-0.01249170093178087
-0.03458770640829023
-0.019391257313081667
-0.032340875642459466
0.04333086414918519
-0.005818111085915234
0.031017376704207678
-0.02375973362478856
0.07382421435571018
0.039209693040964666
0.06292625909621563
0.047513051758585334
-0.0636718542421022
