0.0344322264021244
0.04371378571481266
0.01699193585620762
0.08080248335888918
0.05799658946616226
0.047513051758585334
0.02451643163530548
0.022194058573782982
-0.06464003578883037
-0.002205271978588108
0.05182100602750328
0.01724199139330551
-0.050143819123519506
-0.07414653786004877
-0.028034859824940028
0.037107507807760065
-0.13034379599603163
0.08105492908796386
-0.09570667993071069
0.0844852260058202
0.0515617796937029
-0.010532567714866659
0.023512429278589764
0.08302714817478662
-0.10013006587302442
0.01613403625846388
0.03861575224405023
0.005173534568482907
0.08121523150568599
0.02432879134386301
0.1399333926158075
0.01579928711915457
0.0203593980283987
-0.022898889969576786
0.17000938109242547
-0.08721982612879486
-0.12033949778566289
0.06567138145123597
0.11840346286310233
-0.02496648159475967
-0.0549153461639893
-0.0851300246174862
0.056736527751481525
0.0515617796937029
-0.02375973362478856
0.04283497654615154
0.03443624877469453
-0.08110299466350668
0.10240276235625068
-0.007338419158481102
-0.06193714350214741
-0.036421638107813514
-0.0849833488167917
0.05799658946616226
0.08176108754913614
-0.08678886069673908
-0.0005187167995490682
-0.07465345378649157
0.015089270086424023
0.04790976101641675
-0.051670301345440706
-0.07212958518599066
0.04995452527457189
0.03882682382156144
-0.011743957061684185
0.08383912323474085
0.04823967565580034
0.02708189422255458
-0.041376638974308655
-0.05120330655862837
-0.06053051312501001
0.028713620756199987
0.01046829599036414
-0.050143819123519506
-0.03270475340709922
-0.03270475340709922
-0.002205271978588108
0.08080248335888918
-0.10013006587302442
0.04135586741642605
0.06569838178769771
-0.012150300762606037
0.008665176454019985
-0.022348210496932808
-0.022622356364218277
0.03863378364598535
0.04391937482752173
0.08121523150568599
-0.03045002278091502
0.07382421435571018
0.08176108754913614
-0.009588853389239205
0.03643980545838055
0.01716964896203166
0.04823967565580034
0.13480548385110502
-0.06193714350214741
-0.005818111085915234
0.024801788304586125
0.005082074600808895
0.07586149829868472
0.045224792909892564
-0.0489237727198617
-0.018864353824572078
0.03861575224405023
0.07586149829868472
-0.032340875642459466
-0.02243129284092049
0.025524068456756588
-0.011743957061684185
-0.050143819123519506
0.04590352204112591
0.01716964896203166
0.049538360788050184
0.03863378364598535
0.006143668794592827
-0.050143819123519506
0.06806350229329183
-0.002647647860884561
0.04391937482752173
0.008665176454019985
0.07382421435571018
0.056736527751481525
0.018593646962060006
-0.032340875642459466
0.01046829599036414
-0.060513028914405353
-0.017136936568830308
-0.049962429852048906
-0.038466866176760206
0.025649122658425227
0.024801788304586125
-0.0038562351615762935
-0.021161035659430283
0.05182100602750328
-0.017242733713295877
0.041840431302949455
-0.024170822975695394
-0.02375973362478856
0.023560334148108097
-0.017242733713295877
-0.08126108737944548
-0.0008948035361102669
-0.08143178414826124
0.0025784297617263974
-0.019391257313081667
0.020567585268201682
-0.03458770640829023
0.030122729138618354
0.008665176454019985
0.11522232211929584
0.023560334148108097
-0.019514789449790015
-0.011743957061684185
-0.03458770640829023
-0.07414653786004877
-0.07465345378649157
-0.17661184642248884
-0.027462288324585415
-0.05120330655862837
0.014780240742707562
-0.01844849936066506
0.01613403625846388
0.012299756912504733
0.034283772423341574
0.006265799221320201
0.005173534568482907
-0.017136936568830308
-0.05464289541014722
0.0688088340488946
-0.027788545411032928
-0.0007657730469858848
0.08383912323474085
0.0025784297617263974
-0.011743957061684185
-0.05282848588680089
-0.013878349100881593
-0.07892951287026762
0.08080248335888918
-0.027789787343500905
0.014471610315426986
-0.014438989348697362
-0.009588853389239205
-0.005105231073404326
0.06364954486786978
0.01613403625846388
-0.06053051312501001
-0.02496648159475967
-0.05282848588680089
-0.09570667993071069
0.01699193585620762
-0.05586089089844393
0.028713620756199987
-0.01844849936066506
0.06994395962703592
0.012394543666532698
0.0515617796937029
-0.07212958518599066
-0.09359820865597968
-0.05120330655862837
-0.12033949778566289
0.04790976101641675
-0.03270475340709922
-0.09432889171755221
-0.022898889969576786
-0.017242733713295877
-0.021161035659430283
-0.011743957061684185
-0.08110299466350668
-0.03133707462365809
-0.04466517994807795
0.03973066370480538
0.08121523150568599
0.01716964896203166
0.0278028767684102
0.023560334148108097
-0.051670301345440706
-0.05699148198311299
-0.06193714350214741
0.10109672394520075
0.03443624877469453
-0.038466866176760206
0.08759468040243501
-0.05586089089844393
0.06569838178769771
0.020446479141682516
-0.08110299466350668
-0.009357776553262198
0.04665297339942498
-0.032340875642459466
0.06994395962703592
0.04920879849315085
0.07518071596092746
-0.019391257313081667
-0.027789787343500905
-0.022622356364218277
0.01699193585620762
0.1399333926158075
0.10109672394520075
-0.03563356684104946
0.025649122658425227
0.001954162314668828
0.15300088602597928
0.039209693040964666
0.0022689688502968153
-0.05586089089844393
-0.050143819123519506
-0.022622356364218277
0.04606131559255999
0.043334141200254805
0.037453479113841226
-0.05654058267968054
0.014471610315426986
0.04469322213864224
0.03973066370480538
0.01613403625846388
0.048059232237648075
0.15300088602597928
0.08759468040243501
-0.027789787343500905
0.001954162314668828
-0.06464003578883037
0.013109728048770641
-0.008416174423421019
-0.03045002278091502
0.06228267241298191
0.08799230776265521
-0.0489237727198617
-0.051670301345440706
-0.03917887174705115
0.022821768641877682
-0.17661184642248884
-0.010532567714866659
0.06925574960452696
-0.010204897362879883
0.05799658946616226
0.08080248335888918
-0.0013205999854228878
0.009856619194733796
0.0515617796937029
0.039209693040964666
0.02451643163530548
0.1399333926158075
0.08732358904095427
0.011999720455214913
0.043334141200254805
-0.012150300762606037
-0.0038562351615762935
0.11522232211929584
0.10109672394520075
-0.022898889969576786
-0.03270475340709922
-0.0002495311402075373
0.09718899306107964
-0.050143819123519506
-0.028034859824940028
-0.08143178414826124
0.026005039289207943
0.06567138145123597
