0.013040071944516285
0.020446479141682516
-0.011743957061684185
0.02520341309711238
-0.06638125688640528
-0.014438989348697362
-0.017136936568830308
-0.03563356684104946
0.0512476844333456
-0.007543661478351282
0.08080248335888918
0.03973066370480538
0.02451643163530548
0.0027859037974478085
0.037107507807760065
0.012299756912504733
0.10109672394520075
-0.06720056781523276
-0.0008948035361102669
-0.12033949778566289
0.05168531023255696
0.04333086414918519
-0.007338419158481102
0.026458811902690726
0.04380656992791998
0.06605801367827979
0.012394543666532698
0.007058852839625374
-0.014438989348697362
-0.027789787343500905
-0.05699148198311299
0.06316607709876365
-0.10819102148647719
-0.032259158022980294
-0.027789787343500905
-0.06226621690008294
0.05436809318039337
0.01046829599036414
0.0165919313161762
-0.0005187167995490682
0.08653619008305125
0.008505479129739868
0.04790976101641675
0.08632977574364098
0.06994395962703592
0.028713620756199987
-0.009588853389239205
0.031017376704207678
0.01347000313241331
0.05436809318039337
-0.018864353824572078
0.003822387934753202
0.04799414960212012
0.08105492908796386
0.020446479141682516
0.02432879134386301
-0.027789787343500905
0.034283772423341574
-0.032340875642459466
-0.007317237093852569
0.01347000313241331
-0.007720686875989813
0.03882682382156144
-0.07075486294590672
0.025722681761052968
0.06925574960452696
0.03643980545838055
0.10109672394520075
0.062467374718552904
-0.08126108737944548
0.01035787819304268
0.0276177252845331
-0.036421638107813514
0.0278028767684102
0.009856619194733796
0.04048653167530425
-0.007720686875989813
0.03863378364598535
0.008665176454019985
-0.005105231073404326
-0.10013006587302442
0.08080248335888918
0.05198789125700998
-0.0007657730469858848
-0.022898889969576786
0.13204555949274965
0.0512476844333456
-0.004841918958801372
0.0027859037974478085
0.02714223291166995
-0.0002495311402075373
-0.0849833488167917
0.02520341309711238
-0.004841918958801372
-0.009357776553262198
0.15300088602597928
0.023512429278589764
-0.02862716582831837
0.026005039289207943
-0.005818111085915234
-0.0013205999854228878
0.024801788304586125
0.062467374718552904
0.043334141200254805
0.0576314646823306
-0.0013205999854228878
0.048059232237648075
-0.009357776553262198
0.03994035520780326
0.01579928711915457
0.008665176454019985
0.01613403625846388
0.08799230776265521
-0.04022536987465397
-0.05983064969141072
0.003822387934753202
0.15300088602597928
0.047513051758585334
0.037107507807760065
0.005173534568482907
0.026458811902690726
0.062467374718552904
-0.0489237727198617
-0.019514789449790015
-0.005105231073404326
0.15300088602597928
-0.017136936568830308
0.13480548385110502
-0.0549153461639893
0.08105492908796386
0.037107507807760065
-0.041376638974308655
-0.011743957061684185
0.01579928711915457
-0.01249170093178087
0.0688088340488946
0.03882682382156144
0.06567138145123597
-0.050143819123519506
-0.07892951287026762
0.005082074600808895
0.04823967565580034
-0.004841918958801372
-0.007543661478351282
0.07382421435571018
0.009856619194733796
0.0203593980283987
0.013040071944516285
-0.01956931117570271
0.07060672059698447
0.012299756912504733
0.11522232211929584
0.012394543666532698
0.037107507807760065
0.047513051758585334
0.04371378571481266
-0.01249170093178087
-0.22146034456414654
0.09718899306107964
0.023512429278589764
0.015089270086424023
-0.08126108737944548
0.04371378571481266
-0.007543661478351282
-0.03133707462365809
-0.22146034456414654
0.01661350063361855
0.02927401578257438
0.1417808980890598
0.012394543666532698
-0.03917887174705115
0.04283497654615154
-0.07724758378448726
0.08105492908796386
-0.07465345378649157
0.08759468040243501
-0.013771885982464482
-0.07724758378448726
-0.007720686875989813
0.014471610315426986
-0.0357902826629255
-0.0357902826629255
0.011999720455214913
-0.05464289541014722
0.06925574960452696
0.025722681761052968
0.01724199139330551
0.02451643163530548
-0.013771885982464482
0.014471610315426986
-0.1218059774124729
-0.01844849936066506
0.011999720455214913
-0.05282848588680089
0.04371378571481266
0.09718899306107964
0.04790976101641675
-0.022348210496932808
-0.027393577402978764
0.04790976101641675
0.025722681761052968
0.08632977574364098
0.02708189422255458
0.08302714817478662
0.01716964896203166
0.049538360788050184
0.005082074600808895
-0.05983064969141072
0.012390402416693647
0.08302714817478662
-0.014438989348697362
-0.02862716582831837
-0.027788545411032928
0.08121523150568599
-0.041376638974308655
-0.021161035659430283
0.01046829599036414
0.10109672394520075
0.008665176454019985
-0.06053051312501001
-0.0007657730469858848
0.0278028767684102
0.022194058573782982
0.03208636570286316
-0.02243129284092049
0.056736527751481525
0.025649122658425227
0.06228267241298191
-0.011743957061684185
0.17000938109242547
0.02451643163530548
-0.02375973362478856
0.03882682382156144
0.06994395962703592
0.01579928711915457
0.051344950513199095
-0.08126108737944548
-0.22146034456414654
-0.017136936568830308
-0.007882998007099573
0.041840431302949455
0.0344322264021244
0.0326533364262076
-0.06053051312501001
0.04371378571481266
0.051344950513199095
0.0216176650818376
-0.0008948035361102669
0.03973066370480538
-0.013878349100881593
-0.05129888770798985
0.0844852260058202
-0.05699148198311299
0.006143668794592827
0.07060672059698447
0.04790976101641675
-0.005105231073404326
0.048059232237648075
0.06605801367827979
-0.036421638107813514
0.003822387934753202
0.013065356771912562
0.0512476844333456
0.01347000313241331
-0.0007657730469858848
0.04590352204112591
0.07518071596092746
0.0165919313161762
0.013040071944516285
-0.03520416182162833
0.0165919313161762
-0.009588853389239205
-0.03045002278091502
0.006746455834750975
0.026005039289207943
0.018593646962060006
-0.027788545411032928
0.05425453554333082
-0.03133707462365809
-0.09359820865597968
0.06228267241298191
0.02773636562208104
0.04380656992791998
-0.019391257313081667
0.025524068456756588
-0.08126108737944548
-0.1218059774124729
0.08799230776265521
0.030974972656109045
-0.04466517994807795
0.019778644828504
-0.027393577402978764
0.03973066370480538
0.06925574960452696
-0.04466517994807795
-0.22146034456414654
0.031017376704207678
-0.0002495311402075373
0.013109728048770641
