0.045224792909892564
-0.0489237727198617
0.03443624877469453
0.03994035520780326
-0.027393577402978764
0.06569838178769771
0.017908695057996304
0.04790976101641675
-0.047644828679283435
-0.0038562351615762935
0.01347000313241331
0.03443624877469453
-0.028034859824940028
-0.009588853389239205
-0.03917887174705115
-0.12033949778566289
-0.009588853389239205
0.1417808980890598
0.04299886054755575
0.05425453554333082
-0.015144140805206874
-0.007543661478351282
-0.0011970474263076625
-0.049962429852048906
0.0688088340488946
0.07586149829868472
-0.027789787343500905
-0.06109953281700342
-0.05416508205116166
-0.007720686875989813
0.014471610315426986
0.04665297339942498
0.047513051758585334
-0.017136936568830308
-0.007543661478351282
-0.009588853389239205
-0.08285893181375492
-0.0008948035361102669
0.13204555949274965
0.03643980545838055
0.05198789125700998
-0.028034859824940028
0.01579928711915457
0.13204555949274965
0.04995452527457189
0.007058852839625374
0.01347000313241331
0.04380656992791998
0.06925574960452696
0.03208636570286316
0.02520341309711238
0.0016709762031741349
0.008665176454019985
0.04823967565580034
0.062467374718552904
0.037453479113841226
-0.011743957061684185
0.07518071596092746
-0.027789787343500905
-0.022898889969576786
0.08105492908796386
0.012394543666532698
-0.013878349100881593
-0.06720056781523276
0.04371378571481266
0.013109728048770641
0.0844852260058202
-0.05699148198311299
0.009856619194733796
0.07586149829868472
0.06567138145123597
-0.09570667993071069
-0.007882998007099573
0.045224792909892564
0.0216176650818376
0.03973066370480538
0.06994395962703592
0.014780240742707562
-0.012372140541780041
0.04665297339942498
0.01347000313241331
0.005082074600808895
-0.0007657730469858848
-0.038466866176760206
0.028713620756199987
-0.022898889969576786
0.056736527751481525
-0.07724758378448726
-0.004841918958801372
0.06806350229329183
0.04790976101641675
0.03861575224405023
0.030974972656109045
0.09718899306107964
0.01716964896203166
0.01716964896203166
0.04590352204112591
0.05436809318039337
0.014471610315426986
0.023560334148108097
0.037453479113841226
-0.07724758378448726
-0.17661184642248884
0.008505479129739868
0.013109728048770641
0.020446479141682516
0.019778644828504
-0.06720056781523276
-0.0007657730469858848
-0.007543661478351282
-0.05416508205116166
0.06316607709876365
0.08302714817478662
-0.03997727574944321
-0.2546008091448053
-0.03997727574944321
0.0025784297617263974
-0.01844849936066506
0.08302714817478662
-0.0002868205956847447
-0.06193714350214741
0.08759468040243501
0.012394543666532698
0.03973066370480538
-0.032340875642459466
-0.037433866920196124
0.13204555949274965
0.012394543666532698
0.003822387934753202
-0.12033949778566289
-0.02496648159475967
-0.009588853389239205
-0.017136936568830308
-0.06109953281700342
0.06925574960452696
0.062467374718552904
0.03994035520780326
-0.047644828679283435
-0.010532567714866659
0.04823967565580034
-0.09432889171755221
0.08121523150568599
-0.03458770640829023
-0.07212958518599066
-0.07724758378448726
-0.049962429852048906
0.01579928711915457
-0.027788545411032928
0.029794720012301212
-0.009588853389239205
0.0203593980283987
0.005173534568482907
-0.07075486294590672
0.01724199139330551
0.07382421435571018
0.04469322213864224
0.008505479129739868
0.0576314646823306
0.0844852260058202
0.07586149829868472
0.037453479113841226
-0.07075486294590672
-0.10013006587302442
-0.05416508205116166
0.014780240742707562
0.051344950513199095
0.08759468040243501
-0.08285893181375492
0.009856619194733796
0.06567138145123597
-0.004841918958801372
0.0461992712042818
0.009856619194733796
0.043334141200254805
-0.008416174423421019
-0.027393577402978764
-0.03173275161671363
-0.02496648159475967
-0.018864353824572078
-0.005818111085915234
0.013040071944516285
-0.05416508205116166
0.062467374718552904
0.08176108754913614
0.15300088602597928
-0.08126108737944548
0.01347000313241331
-0.06053051312501001
-0.01686722086916248
0.08105492908796386
-0.007338419158481102
0.025722681761052968
0.11840346286310233
-0.0005187167995490682
-0.10819102148647719
0.024801788304586125
0.0022689688502968153
0.025649122658425227
-0.022898889969576786
-0.07465345378649157
0.008665176454019985
0.1399333926158075
0.006143668794592827
-0.036421638107813514
0.03973066370480538
-0.08678886069673908
0.04048653167530425
-0.05416508205116166
0.0041948137923384365
0.013040071944516285
0.034283772423341574
0.037453479113841226
0.01613403625846388
0.04380656992791998
-0.03563356684104946
-0.05129888770798985
-0.13034379599603163
-0.047644828679283435
-0.0849833488167917
-0.2546008091448053
-0.005818111085915234
0.0165919313161762
-0.01844849936066506
0.02451643163530548
0.08080248335888918
0.039209693040964666
0.0688088340488946
-0.0038562351615762935
-0.01844849936066506
0.0216176650818376
0.11522232211929584
0.007058852839625374
-0.04466517994807795
-0.005818111085915234
0.01035787819304268
0.01347000313241331
-0.004841918958801372
0.08732358904095427
0.04283497654615154
-0.2546008091448053
-0.027789787343500905
0.01716964896203166
-0.12033949778566289
0.1399333926158075
0.01716964896203166
0.020446479141682516
-0.022348210496932808
0.02432879134386301
0.02773636562208104
0.04135586741642605
-0.01686722086916248
0.023512429278589764
0.01035787819304268
0.014780240742707562
0.019778644828504
0.04799414960212012
-0.03045002278091502
0.019778644828504
-0.032340875642459466
0.025649122658425227
-0.04466517994807795
-0.002205271978588108
0.045224792909892564
0.08121523150568599
0.02708189422255458
0.10109672394520075
0.04469322213864224
-0.09570667993071069
0.03443624877469453
0.025649122658425227
0.0576314646823306
0.0165919313161762
0.0576314646823306
0.043334141200254805
-0.007882998007099573
-0.03997727574944321
-0.011743957061684185
0.0041948137923384365
-0.012372140541780041
0.04469322213864224
-0.0008948035361102669
-0.02862716582831837
0.0576314646823306
0.020446479141682516
0.08632977574364098
0.01724199139330551
0.06318283133468316
0.012394543666532698
-0.0489237727198617
-0.017242733713295877
-0.0549153461639893
0.030974972656109045
0.015089270086424023
-0.06720056781523276
0.0025784297617263974
0.0278028767684102
-0.024170822975695394
0.01347000313241331
-0.015144140805206874
