0.047513051758585334
0.005082074600808895
-0.06258250876081561
-0.0489237727198617
-0.12033949778566289
0.026005039289207943
0.04790976101641675
0.13480548385110502
0.020083040980136246
0.0216176650818376
-0.004841918958801372
-0.0038562351615762935
0.02520341309711238
0.05425453554333082
-0.0008948035361102669
-0.005818111085915234
0.04995452527457189
0.048059232237648075
-0.04466517994807795
-0.037433866920196124
0.037107507807760065
0.0461992712042818
-0.032340875642459466
-0.0636718542421022
0.013109728048770641
0.04799414960212012
-0.06285634704832255
-0.005105231073404326
0.020567585268201682
0.013109728048770641
0.007058852839625374
-0.07212958518599066
-0.07414653786004877
-0.03458770640829023
-0.12033949778566289
0.06316607709876365
-0.028034859824940028
0.01716964896203166
0.043334141200254805
-0.02243129284092049
-0.041376638974308655
-0.10013006587302442
0.02927401578257438
0.05168531023255696
0.034283772423341574
-0.017242733713295877
0.01046829599036414
0.006746455834750975
-0.032259158022980294
-0.022622356364218277
-0.011743957061684185
-0.04022536987465397
-0.007720686875989813
-0.09570667993071069
0.01046829599036414
-0.04466517994807795
0.03643980545838055
0.01699193585620762
-0.05983064969141072
0.025722681761052968
0.15300088602597928
-0.03270475340709922
-0.004841918958801372
0.008665176454019985
0.012299756912504733
0.020446479141682516
0.012299756912504733
0.0041948137923384365
0.031017376704207678
-0.06464003578883037
0.017908695057996304
-0.027788545411032928
0.06569838178769771
0.03643980545838055
0.01046829599036414
-0.022348210496932808
0.17000938109242547
-0.010204897362879883
0.013065356771912562
0.006143668794592827
0.01699193585620762
0.05799658946616226
0.024801788304586125
-0.08110299466350668
-0.0851300246174862
0.07518071596092746
0.08176108754913614
-0.017242733713295877
-0.018864353824572078
-0.06053051312501001
0.04048653167530425
0.0688088340488946
0.08732358904095427
-0.07414653786004877
-0.05654058267968054
-0.05464289541014722
0.025722681761052968
-0.0002495311402075373
0.05799658946616226
0.03973066370480538
0.014471610315426986
0.006265799221320201
-0.007543661478351282
-0.01249170093178087
-0.038466866176760206
-0.007882998007099573
-0.09359820865597968
-0.15702055781469149
0.04590352204112591
0.04590352204112591
-0.06285634704832255
0.037107507807760065
-0.03563356684104946
-0.007720686875989813
0.045224792909892564
0.051344950513199095
0.0344322264021244
0.07586149829868472
-0.06193714350214741
-0.051670301345440706
-0.009588853389239205
-0.012150300762606037
-0.032340875642459466
-0.005818111085915234
0.026005039289207943
-0.015144140805206874
0.05425453554333082
0.06318283133468316
0.029794720012301212
0.06292625909621563
0.015089270086424023
0.07382421435571018
0.02927401578257438
0.009856619194733796
0.02451643163530548
0.03643980545838055
0.04135586741642605
0.06761705055254463
-0.010204897362879883
0.17000938109242547
-0.01249170093178087
0.11522232211929584
0.011999720455214913
-0.08814864178677073
0.012390402416693647
0.08105492908796386
-0.07212958518599066
-0.007882998007099573
0.014471610315426986
-0.0007657730469858848
-0.045496030668886966
-0.08814864178677073
-0.03917887174705115
-0.027789787343500905
-0.004841918958801372
-0.019391257313081667
-0.22146034456414654
0.04391937482752173
0.015089270086424023
0.02451643163530548
-0.060513028914405353
0.08302714817478662
-0.03695834061658587
-0.06638125688640528
-0.03695834061658587
0.04371378571481266
0.025524068456756588
0.13204555949274965
0.08176108754913614
0.008665176454019985
0.017908695057996304
-0.045496030668886966
0.0576314646823306
0.026653357334457617
-0.10819102148647719
0.026458811902690726
0.0344322264021244
0.030974972656109045
-0.01686722086916248
-0.022368622754905587
0.012394543666532698
-0.07892951287026762
0.02451643163530548
0.011553574399841615
0.08383912323474085
0.02432879134386301
0.02451643163530548
0.022821768641877682
0.04371378571481266
0.04283497654615154
-0.12033949778566289
-0.024170822975695394
0.056736527751481525
0.026005039289207943
-0.06720056781523276
0.01579928711915457
-0.05586089089844393
0.003822387934753202
-0.009357776553262198
-0.07212958518599066
-0.22146034456414654
-0.0005187167995490682
0.02708189422255458
-0.08678886069673908
-0.03133707462365809
0.0515617796937029
0.003822387934753202
-0.019391257313081667
-0.02375973362478856
0.08653619008305125
0.08080248335888918
-0.012372140541780041
0.025649122658425227
0.07586149829868472
0.0344322264021244
0.041840431302949455
-0.10819102148647719
0.13480548385110502
-0.01844849936066506
-0.10013006587302442
-0.0007657730469858848
0.04790976101641675
0.019778644828504
0.04995452527457189
0.013065356771912562
0.006143668794592827
0.025649122658425227
-0.012150300762606037
0.047513051758585334
-0.007543661478351282
0.012390402416693647
0.06318283133468316
-0.03917887174705115
0.0016709762031741349
-0.09432889171755221
0.051344950513199095
-0.027462288324585415
0.07060672059698447
-0.08721982612879486
-0.07212958518599066
0.047513051758585334
0.04371378571481266
0.008665176454019985
0.026653357334457617
0.006265799221320201
0.0344322264021244
0.023560334148108097
-0.022898889969576786
0.04606131559255999
0.0041948137923384365
-0.1218059774124729
0.08632977574364098
0.0688088340488946
0.03863378364598535
-0.09432889171755221
-0.007338419158481102
-0.08126108737944548
-0.011743957061684185
0.01661350063361855
-0.07892951287026762
-0.022821982956040543
0.04380656992791998
0.001954162314668828
0.0022689688502968153
0.05799658946616226
-0.021161035659430283
0.04380656992791998
0.0016709762031741349
-0.07724758378448726
0.049538360788050184
-0.07414653786004877
0.023560334148108097
-0.22146034456414654
-0.013771885982464482
0.01724199139330551
-0.08126108737944548
0.013109728048770641
-0.005818111085915234
0.04283497654615154
-0.045496030668886966
0.023560334148108097
-0.015144140805206874
-0.05416508205116166
-0.05654058267968054
-0.022622356364218277
0.05198789125700998
-0.03458770640829023
-0.002205271978588108
0.049538360788050184
0.06567138145123597
0.08302714817478662
-0.08126108737944548
-0.12033949778566289
-0.002647647860884561
0.02927401578257438
0.09718899306107964
0.08383912323474085
-0.2546008091448053
0.062467374718552904
