0.026005039289207943
0.06318283133468316
0.0844852260058202
0.06364954486786978
0.051344950513199095
-0.010532567714866659
0.020446479141682516
-0.06720056781523276
-0.008416174423421019
0.11522232211929584
-0.009357776553262198
0.023512429278589764
0.03994035520780326
0.030974972656109045
0.1399333926158075
-0.012372140541780041
0.01035787819304268
-0.07724758378448726
-0.08110299466350668
0.13480548385110502
0.10109672394520075
0.03643980545838055
0.037107507807760065
-0.022622356364218277
-0.022622356364218277
0.06806350229329183
0.030122729138618354
0.043334141200254805
-0.10013006587302442
0.020083040980136246
-0.007338419158481102
-0.01844849936066506
0.09718899306107964
0.01716964896203166
-0.009357776553262198
0.0027859037974478085
0.13204555949274965
0.04048653167530425
-0.051670301345440706
-0.06258250876081561
0.062467374718552904
-0.05464289541014722
0.03882682382156144
0.0203593980283987
-0.002647647860884561
0.08302714817478662
0.06806350229329183
0.013065356771912562
0.029794720012301212
0.012390402416693647
-0.22146034456414654
-0.014438989348697362
-0.008416174423421019
-0.07414653786004877
-0.0549153461639893
0.01347000313241331
-0.06720056781523276
-0.022821982956040543
0.008505479129739868
0.04606131559255999
0.039209693040964666
0.026653357334457617
-0.06638125688640528
-0.12033949778566289
0.07518071596092746
0.13204555949274965
0.04799414960212012
0.008665176454019985
-0.09432889171755221
-0.017136936568830308
-0.027393577402978764
0.04391937482752173
-0.05129888770798985
0.06806350229329183
0.05182100602750328
0.01716964896203166
0.029794720012301212
0.05425453554333082
0.014471610315426986
0.13204555949274965
0.01699193585620762
-0.03458770640829023
0.04665297339942498
-0.014438989348697362
0.06605801367827979
-0.005105231073404326
-0.045496030668886966
-0.02496648159475967
0.062467374718552904
-0.0011970474263076625
0.05799658946616226
0.06292625909621563
-0.012372140541780041
0.056736527751481525
-0.12033949778566289
0.0022689688502968153
0.0025784297617263974
0.05799658946616226
0.04827168718050601
-0.02243129284092049
-0.08721982612879486
0.04920879849315085
-0.045496030668886966
0.09718899306107964
-0.036421638107813514
-0.005105231073404326
-0.22146034456414654
0.015089270086424023
-0.10819102148647719
0.0844852260058202
0.043334141200254805
0.06364954486786978
-0.0002868205956847447
0.024801788304586125
-0.010532567714866659
-0.05416508205116166
0.17000938109242547
0.019778644828504
0.04823967565580034
-0.022368622754905587
0.09718899306107964
0.06318283133468316
0.03443624877469453
0.026653357334457617
0.009856619194733796
0.04790976101641675
0.01716964896203166
-0.06053051312501001
0.15300088602597928
0.03994035520780326
0.009856619194733796
0.023560334148108097
0.051344950513199095
-0.08143178414826124
0.0216176650818376
-0.22146034456414654
0.13480548385110502
0.013065356771912562
0.029794720012301212
-0.03270475340709922
0.026458811902690726
0.03861575224405023
-0.07212958518599066
0.04606131559255999
-0.05699148198311299
0.02520341309711238
0.025649122658425227
0.01579928711915457
0.043334141200254805
-0.06226621690008294
0.043334141200254805
-0.011743957061684185
0.031017376704207678
0.011553574399841615
-0.03520416182162833
-0.0002868205956847447
0.07060672059698447
-0.022348210496932808
-0.012150300762606037
-0.06226621690008294
0.04283497654615154
0.04391937482752173
-0.060513028914405353
0.04995452527457189
0.03861575224405023
0.0016709762031741349
-0.07212958518599066
-0.027788545411032928
-0.036421638107813514
0.01035787819304268
0.04590352204112591
-0.03563356684104946
-0.03173275161671363
0.05168531023255696
0.026653357334457617
-0.022821982956040543
-0.05983064969141072
0.04135586741642605
-0.017136936568830308
0.022821768641877682
0.05799658946616226
-0.049962429852048906
-0.10013006587302442
0.07518071596092746
0.04920879849315085
-0.03563356684104946
0.06228267241298191
-0.05699148198311299
-0.027393577402978764
-0.007338419158481102
0.041840431302949455
0.011999720455214913
-0.07075486294590672
0.07060672059698447
0.0844852260058202
-0.05654058267968054
-0.0007657730469858848
-0.009357776553262198
-0.01249170093178087
-0.06720056781523276
0.0216176650818376
0.01699193585620762
-0.009588853389239205
-0.007317237093852569
0.024801788304586125
0.0461992712042818
-0.02862716582831837
-0.04126132556270612
0.039209693040964666
-0.017242733713295877
-0.010204897362879883
-0.03173275161671363
-0.12033949778566289
0.06605801367827979
0.013065356771912562
0.041840431302949455
0.022821768641877682
0.02432879134386301
0.04391937482752173
0.014780240742707562
-0.05416508205116166
0.03861575224405023
0.08302714817478662
-0.05983064969141072
-0.011743957061684185
-0.024170822975695394
0.0844852260058202
-0.007882998007099573
-0.07212958518599066
-0.027789787343500905
-0.03133707462365809
0.02451643163530548
-0.028034859824940028
-0.09359820865597968
-0.018864353824572078
-0.03458770640829023
0.01046829599036414
-0.03997727574944321
-0.06638125688640528
-0.0549153461639893
0.17000938109242547
-0.037433866920196124
-0.018864353824572078
0.06228267241298191
0.03882682382156144
0.15300088602597928
0.018593646962060006
-0.0851300246174862
-0.13034379599603163
0.07060672059698447
-0.0007657730469858848
-0.01844849936066506
-0.008416174423421019
0.013109728048770641
0.020567585268201682
-0.03045002278091502
0.04827168718050601
-0.03133707462365809
0.08105492908796386
-0.011743957061684185
0.012299756912504733
0.0016709762031741349
0.05799658946616226
0.01035787819304268
0.06806350229329183
0.04469322213864224
-0.0549153461639893
-0.1218059774124729
-0.03270475340709922
-0.032259158022980294
0.04135586741642605
-0.0002495311402075373
0.062467374718552904
0.022821768641877682
-0.009357776553262198
-0.08721982612879486
-0.007543661478351282
-0.007543661478351282
0.05436809318039337
-0.027789787343500905
-0.038466866176760206
-0.019514789449790015
0.04995452527457189
0.014780240742707562
0.0016709762031741349
-0.019514789449790015
-0.007338419158481102
0.08653619008305125
-0.041376638974308655
0.08383912323474085
-0.060513028914405353
-0.060513028914405353
0.05799658946616226
-0.015144140805206874
0.0461992712042818
-0.013878349100881593
0.03443624877469453
-0.027788545411032928
0.07586149829868472
