-0.03695834061658587
0.051344950513199095
-0.005818111085915234
0.013040071944516285
-0.010532567714866659
-0.13034379599603163
0.04920879849315085
-0.024170822975695394
-0.05129888770798985
0.03973066370480538
-0.012372140541780041
0.04920879849315085
-0.0005187167995490682
0.05182100602750328
-0.0008948035361102669
-0.05654058267968054
-0.028034859824940028
-0.06720056781523276
0.05425453554333082
0.01724199139330551
0.048059232237648075
0.01035787819304268
0.04823967565580034
0.043334141200254805
-0.005818111085915234
0.02708189422255458
0.0512476844333456
-0.10819102148647719
0.05198789125700998
0.009856619194733796
-0.07724758378448726
0.0025784297617263974
-0.07892951287026762
0.0512476844333456
0.006746455834750975
0.014471610315426986
0.0216176650818376
0.04391937482752173
0.04469322213864224
-0.06226621690008294
0.037453479113841226
0.0203593980283987
0.0027859037974478085
0.023512429278589764
-0.010532567714866659
-0.02243129284092049
-0.0002868205956847447
0.028713620756199987
0.01035787819304268
-0.08285893181375492
0.08105492908796386
0.04995452527457189
-0.011743957061684185
0.025722681761052968
-0.007338419158481102
0.01046829599036414
0.001954162314668828
0.01716964896203166
0.012299756912504733
0.01661350063361855
0.049538360788050184
0.026653357334457617
0.056736527751481525
-0.027462288324585415
-0.005105231073404326
-0.024170822975695394
-0.022368622754905587
0.0027859037974478085
-0.08721982612879486
0.07382421435571018
0.0576314646823306
-0.07892951287026762
-0.15702055781469149
-0.06720056781523276
-0.022898889969576786
-0.07465345378649157
0.05425453554333082
0.008665176454019985
0.023512429278589764
0.006265799221320201
-0.027788545411032928
-0.007882998007099573
-0.017136936568830308
0.018593646962060006
-0.011743957061684185
0.06318283133468316
-0.009588853389239205
0.02432879134386301
0.04799414960212012
-0.002205271978588108
0.08632977574364098
0.04823967565580034
0.03994035520780326
0.006143668794592827
-0.03458770640829023
-0.12033949778566289
-0.027788545411032928
-0.013878349100881593
0.024801788304586125
-0.13034379599603163
-0.037433866920196124
-0.004841918958801372
0.013040071944516285
0.025524068456756588
0.026653357334457617
0.06994395962703592
-0.05586089089844393
0.01661350063361855
-0.017242733713295877
0.04299886054755575
0.11840346286310233
-0.01844849936066506
-0.027393577402978764
0.026653357334457617
0.04590352204112591
-0.007720686875989813
-0.01956931117570271
0.04283497654615154
0.041840431302949455
-0.047644828679283435
-0.06109953281700342
-0.07414653786004877
-0.06226621690008294
-0.007882998007099573
0.04135586741642605
0.01716964896203166
-0.2546008091448053
0.009856619194733796
-0.037433866920196124
-0.05464289541014722
-0.0013205999854228878
-0.047644828679283435
-0.05129888770798985
0.02714223291166995
0.015089270086424023
0.06292625909621563
0.08105492908796386
0.08759468040243501
-0.022821982956040543
0.02773636562208104
-0.10013006587302442
0.06316607709876365
0.0344322264021244
-0.12033949778566289
-0.007317237093852569
0.08383912323474085
0.039209693040964666
-0.010204897362879883
-0.0549153461639893
-0.03173275161671363
0.0041948137923384365
0.020083040980136246
-0.007543661478351282
0.06364954486786978
-0.017136936568830308
-0.05416508205116166
0.01035787819304268
0.03208636570286316
-0.013771885982464482
0.01661350063361855
0.030974972656109045
0.015089270086424023
0.0844852260058202
-0.008416174423421019
-0.17661184642248884
0.01699193585620762
0.02451643163530548
-0.015144140805206874
0.011999720455214913
-0.06285634704832255
-0.06720056781523276
-0.036421638107813514
0.0461992712042818
0.05198789125700998
0.056736527751481525
0.13204555949274965
0.06569838178769771
0.08632977574364098
-0.05282848588680089
0.03443624877469453
-0.004841918958801372
0.013065356771912562
-0.0002495311402075373
-0.12033949778566289
0.03443624877469453
-0.1218059774124729
0.019778644828504
-0.12033949778566289
0.08105492908796386
0.037453479113841226
0.08105492908796386
-0.032259158022980294
-0.05464289541014722
0.041840431302949455
0.056736527751481525
0.03994035520780326
0.06316607709876365
-0.07892951287026762
-0.06109953281700342
-0.07892951287026762
0.03863378364598535
0.07382421435571018
0.006265799221320201
0.1399333926158075
-0.08285893181375492
-0.09570667993071069
0.06925574960452696
-0.0011970474263076625
-0.04022536987465397
0.06292625909621563
-0.022622356364218277
-0.01956931117570271
-0.05416508205116166
-0.0357902826629255
0.07518071596092746
0.11522232211929584
0.0278028767684102
-0.03917887174705115
0.07518071596092746
0.06761705055254463
0.11522232211929584
0.15300088602597928
-0.022622356364218277
-0.2546008091448053
-0.017242733713295877
-0.0489237727198617
0.014471610315426986
0.07382421435571018
-0.049962429852048906
-0.10819102148647719
0.037107507807760065
-0.08143178414826124
-0.036421638107813514
0.005082074600808895
-0.0636718542421022
-0.051670301345440706
0.04995452527457189
0.08383912323474085
0.043334141200254805
-0.08110299466350668
-0.07414653786004877
0.06761705055254463
-0.05282848588680089
-0.0489237727198617
-0.17661184642248884
0.019778644828504
0.008665176454019985
-0.08126108737944548
-0.009588853389239205
0.05198789125700998
0.031017376704207678
0.04333086414918519
-0.06258250876081561
0.018593646962060006
-0.051670301345440706
-0.02862716582831837
0.07060672059698447
-0.007720686875989813
0.02520341309711238
0.047513051758585334
-0.010204897362879883
0.025722681761052968
-0.0013205999854228878
-0.05282848588680089
0.043334141200254805
0.10240276235625068
-0.03045002278091502
0.012390402416693647
-0.014438989348697362
-0.032259158022980294
0.04299886054755575
0.03643980545838055
-0.024170822975695394
0.06316607709876365
-0.03458770640829023
-0.06109953281700342
-0.08143178414826124
-0.08110299466350668
-0.07465345378649157
-0.027788545411032928
0.012299756912504733
-0.019391257313081667
-0.07212958518599066
0.08383912323474085
-0.02862716582831837
0.06761705055254463
0.012390402416693647
0.05799658946616226
0.08176108754913614
0.013065356771912562
-0.027462288324585415
-0.0636718542421022
0.037107507807760065
0.02520341309711238
0.0326533364262076
0.025524068456756588
0.06925574960452696
0.006746455834750975
-0.049962429852048906
