-0.017242733713295877
-0.09359820865597968
0.04299886054755575
-0.007720686875989813
0.04469322213864224
0.04827168718050601
-0.03270475340709922
0.1417808980890598
-0.05282848588680089
0.05168531023255696
0.0326533364262076
-0.005105231073404326
-0.01686722086916248
0.01579928711915457
0.03994035520780326
0.022821768641877682
-0.050143819123519506
-0.01249170093178087
0.029794720012301212
0.01724199139330551
-0.03270475340709922
-0.0005187167995490682
-0.06638125688640528
0.06605801367827979
0.006746455834750975
-0.01844849936066506
-0.012150300762606037
-0.08143178414826124
0.049538360788050184
0.012394543666532698
-0.13034379599603163
0.013065356771912562
-0.0002495311402075373
-0.13034379599603163
0.05168531023255696
0.030974972656109045
-0.05699148198311299
-0.002647647860884561
0.006265799221320201
0.017908695057996304
0.08176108754913614
0.04283497654615154
-0.027393577402978764
-0.024170822975695394
0.019778644828504
0.06806350229329183
-0.027393577402978764
0.0844852260058202
0.17000938109242547
0.04469322213864224
0.02714223291166995
0.08383912323474085
-0.04466517994807795
-0.0357902826629255
0.04299886054755575
0.0022689688502968153
-0.05282848588680089
-0.019391257313081667
-0.0849833488167917
-0.009357776553262198
-0.013771885982464482
0.04391937482752173
-0.03563356684104946
-0.04022536987465397
0.06292625909621563
-0.022622356364218277
0.01716964896203166
0.0016709762031741349
0.1417808980890598
0.04283497654615154
0.06228267241298191
-0.03917887174705115
0.030122729138618354
0.02714223291166995
-0.02496648159475967
-0.007882998007099573
0.034283772423341574
0.01699193585620762
0.019778644828504
0.13480548385110502
0.06925574960452696
-0.014438989348697362
-0.06193714350214741
-0.008416174423421019
-0.022821982956040543
-0.06285634704832255
-0.022368622754905587
-0.036421638107813514
0.02451643163530548
0.013109728048770641
0.0344322264021244
0.024801788304586125
-0.050143819123519506
0.06318283133468316
-0.09432889171755221
0.06994395962703592
-0.017242733713295877
-0.06464003578883037
-0.022821982956040543
-0.027393577402978764
0.13480548385110502
0.012299756912504733
-0.022898889969576786
0.009856619194733796
-0.08285893181375492
0.13480548385110502
0.05168531023255696
-0.07212958518599066
-0.06638125688640528
0.06925574960452696
0.04790976101641675
-0.041376638974308655
-0.0489237727198617
0.0216176650818376
-0.12033949778566289
-0.2546008091448053
0.06228267241298191
0.07518071596092746
0.02432879134386301
0.04048653167530425
0.04665297339942498
0.0461992712042818
0.005082074600808895
-0.013771885982464482
-0.004841918958801372
-0.03695834061658587
-0.08126108737944548
0.07382421435571018
0.02708189422255458
-0.007720686875989813
-0.041376638974308655
-0.060513028914405353
0.01724199139330551
-0.022898889969576786
0.08653619008305125
-0.06464003578883037
-0.012150300762606037
0.0461992712042818
-0.027788545411032928
0.03443624877469453
-0.024170822975695394
0.048059232237648075
0.04729149119249154
-0.041376638974308655
0.08080248335888918
0.0344322264021244
0.05198789125700998
0.08121523150568599
-0.0002495311402075373
0.0688088340488946
-0.01686722086916248
0.006746455834750975
-0.10819102148647719
0.0844852260058202
0.030122729138618354
-0.06053051312501001
0.045224792909892564
0.025722681761052968
0.17000938109242547
-0.1218059774124729
0.0515617796937029
0.08632977574364098
0.01724199139330551
0.011999720455214913
-0.014438989348697362
-0.036421638107813514
0.0326533364262076
-0.0357902826629255
0.02927401578257438
-0.007720686875989813
-0.13034379599603163
-0.022368622754905587
0.04823967565580034
-0.03695834061658587
-0.0007657730469858848
0.10240276235625068
0.041840431302949455
-0.08143178414826124
0.0844852260058202
-0.005818111085915234
-0.04466517994807795
0.05182100602750328
-0.060513028914405353
-0.0038562351615762935
-0.050143819123519506
-0.007543661478351282
-0.013878349100881593
0.013040071944516285
0.007058852839625374
-0.0357902826629255
-0.0849833488167917
-0.06464003578883037
-0.009588853389239205
0.08653619008305125
0.012299756912504733
0.03643980545838055
0.043334141200254805
-0.05129888770798985
-0.07075486294590672
0.05425453554333082
-0.018864353824572078
0.04827168718050601
0.005082074600808895
0.06318283133468316
-0.009357776553262198
0.013065356771912562
-0.0005187167995490682
0.06292625909621563
-0.0549153461639893
-0.15702055781469149
-0.041376638974308655
0.028713620756199987
0.08732358904095427
0.07518071596092746
0.03863378364598535
-0.05464289541014722
0.13480548385110502
-0.012372140541780041
-0.0005187167995490682
-0.17661184642248884
0.025649122658425227
-0.03563356684104946
0.06292625909621563
-0.024170822975695394
-0.008416174423421019
0.06316607709876365
0.025649122658425227
-0.050143819123519506
0.08105492908796386
0.008665176454019985
-0.03045002278091502
0.03643980545838055
0.04995452527457189
0.020446479141682516
-0.007543661478351282
0.022821768641877682
0.019778644828504
0.014471610315426986
0.039209693040964666
0.014780240742707562
-0.15702055781469149
-0.05699148198311299
0.02432879134386301
-0.10013006587302442
0.11522232211929584
0.04469322213864224
0.08121523150568599
0.0165919313161762
0.01579928711915457
0.019778644828504
-0.012372140541780041
0.045224792909892564
-0.0357902826629255
0.0461992712042818
0.0344322264021244
0.07382421435571018
-0.013878349100881593
-0.05699148198311299
-0.05699148198311299
0.04391937482752173
0.02708189422255458
0.08383912323474085
0.026653357334457617
-0.01956931117570271
0.0025784297617263974
0.037453479113841226
0.005173534568482907
-0.05586089089844393
0.025649122658425227
-0.03563356684104946
0.008665176454019985
0.02520341309711238
0.13480548385110502
0.0512476844333456
0.03882682382156144
0.013065356771912562
-0.01686722086916248
0.11522232211929584
0.04391937482752173
0.08632977574364098
0.08653619008305125
0.07586149829868472
0.04469322213864224
0.05436809318039337
-0.021161035659430283
-0.017242733713295877
-0.09359820865597968
-0.07414653786004877
0.006143668794592827
-0.0357902826629255
0.013065356771912562
0.01661350063361855
0.026653357334457617
0.037453479113841226
-0.0005187167995490682
0.01035787819304268
0.05799658946616226
0.008505479129739868
-0.022898889969576786
