-0.06464003578883037
0.04299886054755575
0.08302714817478662
0.049538360788050184
0.023512429278589764
0.012390402416693647
-0.011743957061684185
0.047513051758585334
-0.014438989348697362
0.0688088340488946
-0.06464003578883037
0.026005039289207943
-0.0002495311402075373
-0.015144140805206874
0.0461992712042818
0.05425453554333082
-0.05416508205116166
-0.050143819123519506
-0.03695834061658587
0.025722681761052968
-0.01249170093178087
-0.0549153461639893
0.0203593980283987
0.11522232211929584
0.008665176454019985
0.012394543666532698
-0.08126108737944548
0.048059232237648075
0.08176108754913614
0.08176108754913614
0.04920879849315085
0.024801788304586125
-0.028034859824940028
-0.09359820865597968
0.01579928711915457
-0.0549153461639893
0.0461992712042818
0.025524068456756588
0.022821768641877682
0.022194058573782982
-0.04126132556270612
-0.17661184642248884
-0.007720686875989813
-0.0357902826629255
-0.005105231073404326
-0.051670301345440706
0.04469322213864224
0.026653357334457617
-0.009588853389239205
-0.03045002278091502
0.0326533364262076
0.013040071944516285
0.08383912323474085
0.08080248335888918
-0.02496648159475967
0.08799230776265521
0.008505479129739868
0.11522232211929584
0.006265799221320201
0.08759468040243501
-0.05586089089844393
0.13204555949274965
0.01347000313241331
0.05425453554333082
0.030974972656109045
-0.019514789449790015
-0.2546008091448053
0.026653357334457617
0.11840346286310233
0.05436809318039337
0.01661350063361855
0.0515617796937029
-0.03520416182162833
0.08632977574364098
0.023560334148108097
0.08383912323474085
0.05168531023255696
-0.008416174423421019
-0.024170822975695394
0.04823967565580034
0.0203593980283987
-0.03917887174705115
0.05436809318039337
0.03973066370480538
-0.08110299466350668
-0.002647647860884561
0.07382421435571018
-0.027788545411032928
-0.07892951287026762
-0.008416174423421019
0.04606131559255999
0.10109672394520075
0.049538360788050184
-0.03917887174705115
-0.09359820865597968
0.03861575224405023
0.017908695057996304
-0.06258250876081561
-0.05416508205116166
0.037107507807760065
-0.049962429852048906
0.006265799221320201
0.02714223291166995
0.014780240742707562
0.04135586741642605
0.006746455834750975
0.022821768641877682
0.04606131559255999
0.04790976101641675
0.012390402416693647
-0.1218059774124729
-0.06285634704832255
-0.019514789449790015
0.13204555949274965
0.03208636570286316
0.02927401578257438
-0.013878349100881593
0.0025784297617263974
0.062467374718552904
0.012390402416693647
-0.013771885982464482
0.04799414960212012
-0.05282848588680089
-0.08110299466350668
0.04380656992791998
-0.08285893181375492
-0.022821982956040543
0.06925574960452696
-0.038466866176760206
-0.009357776553262198
0.08176108754913614
-0.047644828679283435
0.01035787819304268
0.026653357334457617
0.0216176650818376
0.05425453554333082
0.049538360788050184
-0.05120330655862837
0.04283497654615154
0.0276177252845331
-0.04022536987465397
0.03861575224405023
0.04391937482752173
0.01579928711915457
0.10109672394520075
-0.02862716582831837
0.012390402416693647
0.043334141200254805
0.02708189422255458
-0.05120330655862837
0.08653619008305125
0.0165919313161762
-0.06258250876081561
0.01046829599036414
0.0025784297617263974
-0.032340875642459466
-0.0007657730469858848
0.10240276235625068
-0.15702055781469149
0.025722681761052968
-0.10013006587302442
0.025524068456756588
0.03861575224405023
-0.007317237093852569
0.0022689688502968153
-0.09432889171755221
-0.0636718542421022
-0.05416508205116166
0.003822387934753202
-0.018864353824572078
0.022194058573782982
0.04590352204112591
-0.02496648159475967
0.02520341309711238
-0.036421638107813514
0.07060672059698447
0.029794720012301212
-0.10819102148647719
-0.012372140541780041
0.04590352204112591
-0.07465345378649157
0.01347000313241331
0.08653619008305125
0.007058852839625374
0.026005039289207943
-0.0489237727198617
0.06806350229329183
-0.027788545411032928
0.06994395962703592
-0.0357902826629255
-0.022622356364218277
-0.036421638107813514
0.006265799221320201
0.10240276235625068
-0.032340875642459466
0.06318283133468316
0.0022689688502968153
0.018593646962060006
-0.15702055781469149
0.08653619008305125
-0.037433866920196124
-0.07075486294590672
-0.005818111085915234
0.025649122658425227
-0.007543661478351282
0.019778644828504
0.1417808980890598
0.003822387934753202
0.01661350063361855
-0.2546008091448053
-0.032340875642459466
0.0276177252845331
-0.015144140805206874
-0.05464289541014722
0.15300088602597928
0.04380656992791998
0.037453479113841226
0.01035787819304268
-0.03997727574944321
-0.005105231073404326
-0.07075486294590672
0.06228267241298191
0.062467374718552904
0.02520341309711238
-0.03270475340709922
-0.0851300246174862
0.05799658946616226
0.0022689688502968153
0.01035787819304268
-0.03270475340709922
0.04827168718050601
-0.007543661478351282
-0.07414653786004877
0.07518071596092746
-0.015144140805206874
0.056736527751481525
0.07060672059698447
0.013109728048770641
-0.019391257313081667
0.026653357334457617
0.011999720455214913
-0.03997727574944321
0.026458811902690726
-0.05654058267968054
-0.017242733713295877
-0.03045002278091502
0.03994035520780326
-0.038466866176760206
0.006265799221320201
0.04729149119249154
-0.07724758378448726
0.04371378571481266
0.0844852260058202
0.031017376704207678
0.0688088340488946
0.04827168718050601
0.01661350063361855
0.048059232237648075
0.0022689688502968153
0.01661350063361855
0.03973066370480538
-0.036421638107813514
0.05436809318039337
-0.007543661478351282
0.0025784297617263974
0.03994035520780326
-0.015144140805206874
0.01699193585620762
0.014471610315426986
0.006746455834750975
0.04823967565580034
0.0688088340488946
-0.0489237727198617
0.04827168718050601
0.012299756912504733
0.04333086414918519
0.06567138145123597
0.0216176650818376
-0.047644828679283435
0.017908695057996304
0.05198789125700998
0.04665297339942498
0.03208636570286316
0.08632977574364098
-0.032340875642459466
-0.010204897362879883
0.08632977574364098
0.030974972656109045
-0.027462288324585415
0.0041948137923384365
0.03643980545838055
0.031017376704207678
-0.03520416182162833
-0.0357902826629255
-0.03520416182162833
0.01347000313241331
-0.1218059774124729
0.1417808980890598
0.005082074600808895
