-0.005105231073404326
0.0576314646823306
-0.08678886069673908
0.04606131559255999
0.02451643163530548
0.05198789125700998
-0.049962429852048906
0.04048653167530425
0.07518071596092746
0.013065356771912562
0.037453479113841226
-0.01844849936066506
0.01724199139330551
-0.03563356684104946
0.04729149119249154
-0.07212958518599066
0.0203593980283987
0.013109728048770641
0.012390402416693647
0.0461992712042818
-0.08721982612879486
0.17000938109242547
-0.22146034456414654
0.08732358904095427
0.001954162314668828
0.0025784297617263974
0.007058852839625374
0.08080248335888918
0.012390402416693647
-0.06638125688640528
0.08759468040243501
0.02773636562208104
0.03973066370480538
0.08383912323474085
-0.0008948035361102669
-0.03997727574944321
0.022821768641877682
0.09718899306107964
0.11522232211929584
0.06806350229329183
0.047513051758585334
0.09718899306107964
0.037107507807760065
0.02714223291166995
0.09718899306107964
0.026005039289207943
0.023512429278589764
-0.032259158022980294
0.03882682382156144
-0.10013006587302442
0.013065356771912562
0.0515617796937029
0.0576314646823306
0.003822387934753202
0.056736527751481525
0.08302714817478662
0.06569838178769771
0.13480548385110502
0.17000938109242547
0.008665176454019985
0.034283772423341574
-0.021161035659430283
0.13480548385110502
-0.01956931117570271
0.008665176454019985
-0.004841918958801372
0.006265799221320201
0.031017376704207678
0.03643980545838055
0.06567138145123597
0.0027859037974478085
0.01035787819304268
0.04790976101641675
0.08759468040243501
0.0344322264021244
-0.06053051312501001
-0.06226621690008294
-0.0002868205956847447
0.01046829599036414
-0.02243129284092049
0.04823967565580034
-0.0549153461639893
0.034283772423341574
-0.02243129284092049
0.01347000313241331
0.13204555949274965
-0.005818111085915234
0.01579928711915457
0.07586149829868472
0.005082074600808895
0.02773636562208104
0.011999720455214913
0.031017376704207678
0.025649122658425227
-0.07075486294590672
-0.0013205999854228878
0.08799230776265521
0.008665176454019985
-0.005105231073404326
-0.037433866920196124
-0.005105231073404326
0.026653357334457617
-0.007882998007099573
-0.12033949778566289
0.008665176454019985
0.0165919313161762
-0.01249170093178087
0.04790976101641675
0.022821768641877682
0.07518071596092746
0.04391937482752173
-0.05416508205116166
0.01035787819304268
-0.08814864178677073
-0.08126108737944548
0.0344322264021244
-0.015144140805206874
-0.027393577402978764
0.008665176454019985
-0.027788545411032928
0.0025784297617263974
0.0165919313161762
-0.09570667993071069
0.02520341309711238
0.06925574960452696
-0.045496030668886966
-0.05983064969141072
-0.01686722086916248
-0.02375973362478856
0.013109728048770641
0.024801788304586125
-0.027462288324585415
-0.049962429852048906
0.04606131559255999
0.045224792909892564
0.026458811902690726
-0.01686722086916248
0.03208636570286316
0.019778644828504
-0.027788545411032928
-0.07075486294590672
0.025722681761052968
0.05198789125700998
0.013065356771912562
0.0041948137923384365
-0.03270475340709922
-0.04022536987465397
0.025649122658425227
0.01046829599036414
-0.011743957061684185
-0.22146034456414654
-0.0038562351615762935
-0.002647647860884561
0.013109728048770641
-0.032340875642459466
0.04391937482752173
0.028713620756199987
0.04371378571481266
0.06605801367827979
0.011999720455214913
0.01661350063361855
-0.013878349100881593
-0.017136936568830308
-0.06226621690008294
-0.049962429852048906
0.0216176650818376
0.15300088602597928
-0.05464289541014722
-0.0011970474263076625
0.017908695057996304
0.04729149119249154
-0.05120330655862837
-0.0549153461639893
-0.049962429852048906
0.026458811902690726
-0.12033949778566289
-0.027393577402978764
0.0027859037974478085
0.03643980545838055
-0.06109953281700342
0.01724199139330551
0.10109672394520075
0.06318283133468316
-0.05983064969141072
0.06318283133468316
-0.051670301345440706
-0.05120330655862837
-0.09570667993071069
-0.05586089089844393
0.0041948137923384365
-0.03563356684104946
0.0216176650818376
0.018593646962060006
0.08176108754913614
0.008505479129739868
0.06761705055254463
0.026005039289207943
-0.15702055781469149
-0.02496648159475967
0.01716964896203166
-0.045496030668886966
-0.06720056781523276
0.026653357334457617
0.037453479113841226
0.04048653167530425
0.031017376704207678
-0.09570667993071069
0.08653619008305125
0.06761705055254463
0.037453479113841226
0.019778644828504
-0.10013006587302442
-0.09570667993071069
0.0016709762031741349
0.03208636570286316
0.0041948137923384365
0.06567138145123597
-0.0002868205956847447
-0.04126132556270612
-0.05464289541014722
-0.03917887174705115
-0.0002868205956847447
0.03882682382156144
0.02773636562208104
-0.07892951287026762
-0.01249170093178087
-0.09570667993071069
0.03994035520780326
-0.012372140541780041
0.05182100602750328
-0.024170822975695394
0.026005039289207943
0.05425453554333082
-0.07724758378448726
0.022194058573782982
0.05198789125700998
0.04729149119249154
-0.06053051312501001
0.0165919313161762
-0.02862716582831837
0.008665176454019985
-0.07465345378649157
0.02927401578257438
0.02714223291166995
-0.027789787343500905
-0.005105231073404326
0.06364954486786978
0.11522232211929584
-0.03520416182162833
-0.05282848588680089
0.030122729138618354
-0.009357776553262198
-0.021161035659430283
0.08732358904095427
0.04823967565580034
0.04333086414918519
-0.05983064969141072
-0.007543661478351282
0.06761705055254463
0.006143668794592827
0.013109728048770641
-0.013771885982464482
0.06761705055254463
-0.04022536987465397
-0.022821982956040543
0.04790976101641675
0.006265799221320201
0.04590352204112591
0.022821768641877682
0.01716964896203166
-0.05416508205116166
0.031017376704207678
0.04606131559255999
0.013040071944516285
0.022194058573782982
-0.03270475340709922
0.020446479141682516
0.020083040980136246
0.023512429278589764
0.08653619008305125
0.1417808980890598
0.04299886054755575
0.012394543666532698
-0.08814864178677073
-0.03695834061658587
-0.0002495311402075373
0.05799658946616226
0.08121523150568599
0.012299756912504733
0.01724199139330551
0.04380656992791998
0.023560334148108097
0.0016709762031741349
0.013109728048770641
0.028713620756199987
-0.0038562351615762935
-0.0002868205956847447
0.0203593980283987
0.06761705055254463
