0.03208636570286316
0.0027859037974478085
-0.022348210496932808
-0.04022536987465397
-0.009588853389239205
-0.0636718542421022
0.022194058573782982
0.030122729138618354
0.013040071944516285
0.0022689688502968153
0.04135586741642605
0.06316607709876365
0.003822387934753202
0.03994035520780326
-0.05654058267968054
0.04790976101641675
-0.03173275161671363
-0.09432889171755221
0.11840346286310233
-0.0013205999854228878
-0.0002495311402075373
-0.08678886069673908
-0.05464289541014722
0.008665176454019985
-0.019514789449790015
-0.01844849936066506
-0.03563356684104946
0.06567138145123597
-0.0549153461639893
0.02520341309711238
-0.0002495311402075373
0.018593646962060006
-0.06053051312501001
0.0844852260058202
0.037453479113841226
0.031017376704207678
0.02927401578257438
-0.027788545411032928
-0.0549153461639893
0.009856619194733796
-0.0636718542421022
-0.05983064969141072
-0.04466517994807795
0.08799230776265521
-0.007720686875989813
0.015089270086424023
0.01035787819304268
0.03994035520780326
-0.005105231073404326
0.15300088602597928
0.04920879849315085
0.08759468040243501
0.037453479113841226
0.037453479113841226
0.04135586741642605
0.014471610315426986
0.04048653167530425
0.020446479141682516
-0.022622356364218277
0.012390402416693647
0.01716964896203166
0.013065356771912562
-0.07724758378448726
0.06605801367827979
0.04048653167530425
0.01724199139330551
0.04606131559255999
0.08302714817478662
0.02451643163530548
0.03443624877469453
0.028713620756199987
-0.07892951287026762
-0.022622356364218277
0.013109728048770641
0.03208636570286316
0.0844852260058202
0.0515617796937029
-0.019391257313081667
-0.007720686875989813
0.008505479129739868
0.01613403625846388
0.014471610315426986
-0.032259158022980294
0.03208636570286316
-0.03458770640829023
0.049538360788050184
-0.1218059774124729
0.01046829599036414
-0.027393577402978764
0.029794720012301212
0.07586149829868472
-0.0005187167995490682
0.11840346286310233
0.013109728048770641
-0.032340875642459466
-0.08143178414826124
-0.06258250876081561
0.039209693040964666
0.02708189422255458
-0.12033949778566289
0.08383912323474085
0.030122729138618354
-0.007543661478351282
0.08176108754913614
0.039209693040964666
0.012394543666532698
-0.015144140805206874
-0.09432889171755221
-0.01956931117570271
-0.019514789449790015
0.031017376704207678
0.0515617796937029
-0.011743957061684185
-0.017136936568830308
0.05168531023255696
0.04606131559255999
0.01716964896203166
-0.0011970474263076625
-0.07892951287026762
0.017908695057996304
-0.008416174423421019
0.04469322213864224
-0.03917887174705115
0.011553574399841615
0.022821768641877682
0.007058852839625374
0.13480548385110502
-0.02496648159475967
0.03863378364598535
0.048059232237648075
0.012390402416693647
0.04135586741642605
-0.10819102148647719
0.028713620756199987
0.008505479129739868
-0.050143819123519506
-0.0008948035361102669
-0.03045002278091502
-0.005105231073404326
-0.04022536987465397
-0.01956931117570271
0.06292625909621563
-0.013771885982464482
0.003822387934753202
0.06605801367827979
0.08302714817478662
0.04823967565580034
0.014471610315426986
0.01347000313241331
-0.06720056781523276
0.02927401578257438
-0.03045002278091502
0.06925574960452696
-0.060513028914405353
-0.0002495311402075373
-0.022821982956040543
0.01699193585620762
-0.007317237093852569
0.025524068456756588
0.08302714817478662
-0.08143178414826124
0.04333086414918519
-0.03563356684104946
0.08105492908796386
0.022194058573782982
0.008505479129739868
0.041840431302949455
0.026005039289207943
-0.07414653786004877
-0.019391257313081667
-0.018864353824572078
0.06994395962703592
0.005082074600808895
0.08759468040243501
-0.03173275161671363
-0.09359820865597968
-0.06720056781523276
-0.007543661478351282
-0.03563356684104946
0.012390402416693647
-0.005105231073404326
-0.002205271978588108
-0.005818111085915234
-0.06258250876081561
-0.021161035659430283
0.01579928711915457
0.06567138145123597
-0.005818111085915234
-0.03173275161671363
0.13204555949274965
0.006265799221320201
-0.027393577402978764
0.04790976101641675
0.05182100602750328
-0.05654058267968054
0.011999720455214913
-0.019391257313081667
-0.007882998007099573
0.06761705055254463
0.025649122658425227
0.0276177252845331
0.02714223291166995
0.06567138145123597
-0.005818111085915234
0.01724199139330551
-0.005818111085915234
0.08105492908796386
0.09718899306107964
0.023560334148108097
-0.0549153461639893
-0.005818111085915234
-0.027789787343500905
0.0512476844333456
0.015089270086424023
0.06761705055254463
-0.1218059774124729
0.04283497654615154
0.0688088340488946
0.03882682382156144
0.006746455834750975
-0.0849833488167917
-0.05282848588680089
-0.03173275161671363
0.025722681761052968
0.02773636562208104
-0.007882998007099573
-0.05654058267968054
-0.03458770640829023
-0.06226621690008294
0.026005039289207943
0.012299756912504733
0.0027859037974478085
-0.060513028914405353
0.06292625909621563
-0.002647647860884561
0.08105492908796386
-0.15702055781469149
0.04333086414918519
0.0016709762031741349
-0.03045002278091502
0.037453479113841226
-0.007338419158481102
-0.060513028914405353
-0.0007657730469858848
-0.047644828679283435
-0.03458770640829023
-0.02375973362478856
0.04391937482752173
0.034283772423341574
-0.01844849936066506
0.006143668794592827
0.06316607709876365
-0.07892951287026762
-0.002205271978588108
-0.07465345378649157
0.06761705055254463
-0.018864353824572078
0.0216176650818376
-0.015144140805206874
0.08799230776265521
0.06316607709876365
0.01716964896203166
-0.004841918958801372
0.0344322264021244
0.17000938109242547
0.04920879849315085
0.029794720012301212
0.013040071944516285
0.04283497654615154
0.04590352204112591
0.04380656992791998
-0.05699148198311299
0.0216176650818376
-0.012372140541780041
-0.09570667993071069
-0.022348210496932808
0.10109672394520075
-0.022898889969576786
0.11840346286310233
0.04995452527457189
0.012394543666532698
-0.07724758378448726
-0.013771885982464482
0.022194058573782982
0.01699193585620762
-0.010204897362879883
0.020567585268201682
0.014471610315426986
0.02432879134386301
0.08176108754913614
-0.017242733713295877
-0.06720056781523276
0.013065356771912562
0.014471610315426986
0.04283497654615154
0.04590352204112591
0.0203593980283987
0.05425453554333082
0.005082074600808895
