0.04823967565580034
-0.018864353824572078
0.06925574960452696
0.06316607709876365
-0.038466866176760206
0.030122729138618354
-0.08110299466350668
0.024801788304586125
0.014471610315426986
0.037453479113841226
0.06994395962703592
0.008665176454019985
0.11522232211929584
0.0041948137923384365
-0.02862716582831837
0.025524068456756588
-0.08126108737944548
0.06761705055254463
-0.032259158022980294
-0.0489237727198617
0.0688088340488946
-0.007317237093852569
0.01035787819304268
-0.0002868205956847447
-0.021161035659430283
-0.03520416182162833
-0.01956931117570271
0.03973066370480538
-0.050143819123519506
0.11522232211929584
-0.03458770640829023
-0.0002868205956847447
-0.01844849936066506
0.09718899306107964
0.08105492908796386
0.0688088340488946
-0.03695834061658587
-0.01956931117570271
0.03643980545838055
-0.07465345378649157
-0.027789787343500905
-0.038466866176760206
-0.08721982612879486
-0.08285893181375492
0.012299756912504733
0.02773636562208104
-0.027788545411032928
0.014471610315426986
0.05198789125700998
0.08302714817478662
-0.019514789449790015
-0.002647647860884561
-0.03458770640829023
0.06569838178769771
-0.007317237093852569
-0.004841918958801372
0.08105492908796386
0.015089270086424023
0.08080248335888918
0.05799658946616226
0.02927401578257438
0.02520341309711238
0.022194058573782982
0.04665297339942498
-0.011743957061684185
0.04371378571481266
0.030974972656109045
0.0344322264021244
-0.09570667993071069
0.08732358904095427
-0.01686722086916248
0.13204555949274965
0.0016709762031741349
0.011999720455214913
-0.09432889171755221
0.015089270086424023
0.06605801367827979
0.023560334148108097
-0.07212958518599066
-0.0008948035361102669
0.006143668794592827
-0.05129888770798985
0.051344950513199095
0.04827168718050601
0.026458811902690726
0.0025784297617263974
0.029794720012301212
-0.13034379599603163
0.06364954486786978
0.01613403625846388
0.025524068456756588
0.06569838178769771
0.06318283133468316
0.0025784297617263974
-0.013878349100881593
0.019778644828504
0.06925574960452696
-0.06720056781523276
-0.05654058267968054
-0.06258250876081561
0.023512429278589764
-0.2546008091448053
0.07382421435571018
-0.0007657730469858848
0.028713620756199987
0.0844852260058202
-0.06720056781523276
-0.0489237727198617
-0.022348210496932808
-0.02243129284092049
-0.007317237093852569
0.1417808980890598
-0.03917887174705115
0.020567585268201682
0.012394543666532698
-0.005105231073404326
0.0344322264021244
-0.03045002278091502
0.02432879134386301
0.03208636570286316
0.07382421435571018
-0.10013006587302442
-0.002647647860884561
0.014471610315426986
-0.08110299466350668
0.04380656992791998
0.04823967565580034
-0.008416174423421019
0.01661350063361855
0.0512476844333456
0.006265799221320201
0.02927401578257438
0.08799230776265521
-0.02862716582831837
-0.028034859824940028
0.01716964896203166
-0.007543661478351282
0.013109728048770641
-0.027788545411032928
-0.05983064969141072
-0.007882998007099573
0.03643980545838055
0.0165919313161762
0.0512476844333456
0.01035787819304268
-0.05120330655862837
-0.032259158022980294
-0.019391257313081667
-0.04022536987465397
0.08799230776265521
-0.04022536987465397
0.05198789125700998
0.039209693040964666
-0.022348210496932808
0.043334141200254805
-0.013771885982464482
0.006265799221320201
0.07586149829868472
-0.07212958518599066
-0.03458770640829023
-0.03520416182162833
-0.02862716582831837
-0.007338419158481102
-0.0002868205956847447
0.008665176454019985
-0.07414653786004877
-0.02496648159475967
0.04135586741642605
-0.06193714350214741
-0.10013006587302442
0.005173534568482907
-0.017136936568830308
0.030974972656109045
0.05198789125700998
-0.03270475340709922
0.04590352204112591
0.031017376704207678
0.037107507807760065
0.13480548385110502
0.013065356771912562
0.009856619194733796
-0.03997727574944321
-0.022898889969576786
-0.009357776553262198
0.026458811902690726
0.020567585268201682
0.01661350063361855
0.0461992712042818
-0.07212958518599066
-0.012150300762606037
0.030974972656109045
-0.08721982612879486
-0.002205271978588108
0.11840346286310233
0.024801788304586125
-0.09570667993071069
0.04380656992791998
0.011999720455214913
0.0276177252845331
-0.0489237727198617
0.02927401578257438
-0.019514789449790015
-0.03520416182162833
0.04729149119249154
-0.002647647860884561
0.034283772423341574
-0.009357776553262198
-0.027462288324585415
-0.0002868205956847447
0.08105492908796386
-0.051670301345440706
0.026005039289207943
-0.08126108737944548
0.007058852839625374
-0.06720056781523276
-0.0007657730469858848
0.012394543666532698
-0.041376638974308655
-0.08285893181375492
0.006143668794592827
0.02927401578257438
0.012390402416693647
-0.027788545411032928
0.11840346286310233
-0.01686722086916248
-0.005105231073404326
0.047513051758585334
0.025649122658425227
-0.17661184642248884
-0.005818111085915234
-0.009588853389239205
0.13480548385110502
-0.009588853389239205
0.08799230776265521
0.01347000313241331
0.13480548385110502
0.0276177252845331
-0.027393577402978764
0.026458811902690726
0.04283497654615154
0.13480548385110502
-0.022348210496932808
-0.013771885982464482
-0.0008948035361102669
0.0165919313161762
0.011553574399841615
-0.07465345378649157
0.04729149119249154
0.013065356771912562
-0.009588853389239205
-0.03270475340709922
0.025722681761052968
0.04333086414918519
-0.013878349100881593
-0.007720686875989813
0.031017376704207678
0.026005039289207943
0.04827168718050601
-0.06053051312501001
-0.037433866920196124
-0.10013006587302442
0.01613403625846388
-0.027462288324585415
0.10109672394520075
-0.22146034456414654
0.015089270086424023
0.13480548385110502
0.03443624877469453
0.08176108754913614
0.008505479129739868
-0.032259158022980294
-0.07212958518599066
-0.03520416182162833
0.048059232237648075
-0.007543661478351282
0.05425453554333082
0.020446479141682516
-0.03695834061658587
-0.02496648159475967
-0.032259158022980294
-0.017242733713295877
-0.12033949778566289
0.02708189422255458
-0.07075486294590672
-0.06258250876081561
0.0041948137923384365
-0.05282848588680089
0.08653619008305125
0.014471610315426986
-0.05654058267968054
0.0276177252845331
-0.01844849936066506
-0.05129888770798985
0.022194058573782982
-0.05129888770798985
0.045224792909892564
0.02714223291166995
0.051344950513199095
0.06318283133468316
