0.019778644828504
-0.05129888770798985
-0.05586089089844393
0.04590352204112591
0.04827168718050601
-0.02243129284092049
-0.2546008091448053
-0.03997727574944321
0.06925574960452696
0.1417808980890598
0.08732358904095427
0.0022689688502968153
-0.07075486294590672
-0.0002868205956847447
0.08653619008305125
0.015089270086424023
0.026458811902690726
0.04729149119249154
0.022821768641877682
-0.07724758378448726
-0.007720686875989813
0.013109728048770641
-0.027393577402978764
0.01579928711915457
0.08080248335888918
0.02773636562208104
-0.03917887174705115
0.039209693040964666
-0.0357902826629255
0.09718899306107964
-0.019514789449790015
0.07382421435571018
0.02432879134386301
-0.013771885982464482
0.02451643163530548
-0.06464003578883037
0.1417808980890598
0.02520341309711238
0.0165919313161762
-0.047644828679283435
0.04665297339942498
0.04823967565580034
-0.05464289541014722
0.03443624877469453
-0.13034379599603163
-0.013771885982464482
0.07060672059698447
-0.007317237093852569
0.01347000313241331
0.02708189422255458
0.017908695057996304
-0.07212958518599066
-0.06193714350214741
-0.06226621690008294
0.01035787819304268
-0.002647647860884561
0.025649122658425227
0.03973066370480538
0.020083040980136246
-0.05129888770798985
0.011999720455214913
0.08121523150568599
-0.09432889171755221
-0.04466517994807795
0.0022689688502968153
0.02520341309711238
0.13204555949274965
0.008505479129739868
-0.019514789449790015
0.05436809318039337
-0.01249170093178087
0.02773636562208104
-0.07075486294590672
0.0276177252845331
0.048059232237648075
0.04827168718050601
-0.021161035659430283
0.023512429278589764
-0.04126132556270612
0.11522232211929584
-0.03173275161671363
-0.06720056781523276
-0.008416174423421019
-0.007338419158481102
0.06761705055254463
0.026005039289207943
-0.05654058267968054
-0.0549153461639893
0.08732358904095427
0.025722681761052968
0.01699193585620762
0.01579928711915457
-0.09359820865597968
0.04729149119249154
-0.010204897362879883
0.06994395962703592
0.01046829599036414
0.02927401578257438
0.06364954486786978
-0.08126108737944548
-0.050143819123519506
0.10109672394520075
0.037453479113841226
-0.007543661478351282
-0.004841918958801372
-0.05120330655862837
0.06292625909621563
0.012299756912504733
0.0326533364262076
0.005173534568482907
-0.05120330655862837
0.04665297339942498
-0.018864353824572078
0.011553574399841615
-0.005105231073404326
0.028713620756199987
0.034283772423341574
0.026005039289207943
-0.09359820865597968
0.08759468040243501
-0.013878349100881593
0.06761705055254463
0.001954162314668828
0.0576314646823306
0.03861575224405023
0.037453479113841226
-0.022898889969576786
-0.050143819123519506
0.08105492908796386
0.01579928711915457
0.03882682382156144
-0.028034859824940028
-0.007543661478351282
-0.009357776553262198
-0.08678886069673908
0.012394543666532698
-0.05120330655862837
0.006143668794592827
0.10109672394520075
-0.03997727574944321
-0.06464003578883037
0.0688088340488946
0.0461992712042818
0.037107507807760065
0.03861575224405023
0.005082074600808895
0.045224792909892564
-0.08143178414826124
0.018593646962060006
0.01347000313241331
-0.0005187167995490682
-0.05586089089844393
0.02773636562208104
0.04391937482752173
0.04590352204112591
0.020083040980136246
-0.022348210496932808
-0.004841918958801372
0.026653357334457617
-0.009588853389239205
-0.050143819123519506
-0.0013205999854228878
0.05436809318039337
0.023560334148108097
0.15300088602597928
-0.010204897362879883
-0.06638125688640528
0.025722681761052968
-0.07414653786004877
-0.07892951287026762
0.06228267241298191
0.0326533364262076
-0.007317237093852569
0.0515617796937029
-0.08814864178677073
-0.024170822975695394
0.08121523150568599
0.11522232211929584
0.019778644828504
0.02927401578257438
0.08632977574364098
0.08759468040243501
-0.09432889171755221
0.0576314646823306
-0.032340875642459466
0.08632977574364098
0.007058852839625374
0.04790976101641675
0.049538360788050184
0.020083040980136246
0.026005039289207943
0.04283497654615154
-0.0013205999854228878
-0.005105231073404326
0.0512476844333456
-0.03270475340709922
0.047513051758585334
-0.0007657730469858848
0.012394543666532698
-0.05120330655862837
-0.03458770640829023
-0.01686722086916248
0.0515617796937029
0.005173534568482907
0.028713620756199987
-0.01249170093178087
0.01035787819304268
-0.010532567714866659
0.10240276235625068
0.06364954486786978
0.001954162314668828
0.04606131559255999
-0.002205271978588108
0.08302714817478662
0.08176108754913614
0.022821768641877682
0.0041948137923384365
0.030974972656109045
0.06761705055254463
-0.0636718542421022
-0.03997727574944321
0.029794720012301212
-0.03520416182162833
0.08176108754913614
0.06292625909621563
-0.01686722086916248
-0.0849833488167917
0.08799230776265521
0.01699193585620762
0.06364954486786978
0.005082074600808895
0.08176108754913614
-0.002647647860884561
0.0576314646823306
0.09718899306107964
0.018593646962060006
0.0025784297617263974
0.02773636562208104
-0.03045002278091502
-0.07212958518599066
-0.01844849936066506
-0.007720686875989813
0.019778644828504
-0.05464289541014722
-0.03045002278091502
0.01661350063361855
-0.007338419158481102
0.08759468040243501
0.024801788304586125
0.013065356771912562
0.1417808980890598
-0.06109953281700342
-0.06285634704832255
0.04729149119249154
-0.0636718542421022
-0.08126108737944548
0.037107507807760065
-0.05464289541014722
-0.07414653786004877
0.025722681761052968
-0.0489237727198617
0.02773636562208104
-0.019514789449790015
-0.018864353824572078
-0.05464289541014722
0.041840431302949455
-0.07212958518599066
0.13204555949274965
-0.0851300246174862
0.05168531023255696
0.0276177252845331
-0.17661184642248884
0.11840346286310233
0.03443624877469453
0.020567585268201682
0.018593646962060006
-0.028034859824940028
-0.01956931117570271
0.02520341309711238
0.02520341309711238
-0.03458770640829023
-0.06258250876081561
0.01579928711915457
0.030122729138618354
-0.03045002278091502
0.08302714817478662
0.04469322213864224
-0.024170822975695394
-0.015144140805206874
-0.011743957061684185
0.08176108754913614
-0.07892951287026762
0.06316607709876365
-0.0038562351615762935
0.026653357334457617
0.05436809318039337
-0.0007657730469858848
0.0515617796937029
-0.010204897362879883
