0.04790976101641675
-0.007882998007099573
-0.021161035659430283
-0.012150300762606037
0.04790976101641675
0.05198789125700998
0.048059232237648075
0.006746455834750975
-0.007317237093852569
0.039209693040964666
-0.021161035659430283
-0.09432889171755221
-0.019391257313081667
-0.007882998007099573
0.039209693040964666
0.06316607709876365
0.039209693040964666
0.07060672059698447
0.11522232211929584
0.04135586741642605
-0.03917887174705115
0.04590352204112591
-0.0038562351615762935
0.041840431302949455
0.018593646962060006
-0.009357776553262198
0.04048653167530425
-0.08814864178677073
0.031017376704207678
0.03643980545838055
0.056736527751481525
0.10109672394520075
-0.0002868205956847447
0.024801788304586125
0.05168531023255696
0.04283497654615154
0.06569838178769771
-0.05699148198311299
0.1417808980890598
-0.1218059774124729
-0.009357776553262198
-0.05699148198311299
0.047513051758585334
-0.008416174423421019
0.013065356771912562
0.0216176650818376
0.04823967565580034
-0.03997727574944321
0.0688088340488946
0.05198789125700998
0.06567138145123597
-0.007543661478351282
-0.009357776553262198
0.012390402416693647
-0.013771885982464482
-0.022898889969576786
0.08176108754913614
-0.010532567714866659
0.08759468040243501
-0.07414653786004877
-0.0013205999854228878
0.0025784297617263974
-0.06053051312501001
-0.015144140805206874
-0.07465345378649157
0.012394543666532698
0.03882682382156144
0.014780240742707562
0.006265799221320201
-0.015144140805206874
0.06605801367827979
-0.037433866920196124
-0.022622356364218277
0.13204555949274965
0.08732358904095427
0.04299886054755575
-0.10013006587302442
-0.0005187167995490682
0.034283772423341574
0.0844852260058202
0.051344950513199095
-0.022348210496932808
0.08302714817478662
-0.22146034456414654
0.08105492908796386
0.06364954486786978
-0.09359820865597968
0.04048653167530425
0.03443624877469453
0.11522232211929584
-0.0489237727198617
-0.036421638107813514
-0.08678886069673908
-0.05464289541014722
-0.009357776553262198
0.039209693040964666
-0.013878349100881593
-0.0007657730469858848
0.02708189422255458
-0.08126108737944548
0.06567138145123597
-0.0005187167995490682
0.01579928711915457
0.04995452527457189
-0.032340875642459466
0.09718899306107964
0.01716964896203166
-0.07724758378448726
-0.05654058267968054
0.056736527751481525
-0.02862716582831837
0.02451643163530548
0.030122729138618354
-0.060513028914405353
0.08302714817478662
0.1399333926158075
-0.008416174423421019
0.0216176650818376
-0.0007657730469858848
0.0688088340488946
0.029794720012301212
-0.08126108737944548
-0.005105231073404326
-0.007543661478351282
-0.060513028914405353
0.029794720012301212
0.08302714817478662
0.037107507807760065
0.019778644828504
0.04606131559255999
0.01724199139330551
0.013040071944516285
0.04606131559255999
0.04799414960212012
-0.06053051312501001
0.0515617796937029
0.02432879134386301
-0.05129888770798985
0.026005039289207943
0.014780240742707562
0.014780240742707562
0.04995452527457189
0.037453479113841226
0.020083040980136246
0.04827168718050601
0.0278028767684102
-0.0038562351615762935
-0.024170822975695394
0.028713620756199987
0.03973066370480538
-0.03520416182162833
0.034283772423341574
0.04920879849315085
-0.03917887174705115
0.11840346286310233
0.03443624877469453
0.01347000313241331
0.0344322264021244
0.04299886054755575
0.05425453554333082
0.10109672394520075
0.0844852260058202
-0.017242733713295877
0.024801788304586125
0.08080248335888918
-0.07414653786004877
0.0041948137923384365
0.06316607709876365
0.03994035520780326
0.006746455834750975
0.01347000313241331
-0.004841918958801372
0.04371378571481266
0.034283772423341574
-0.027462288324585415
-0.0008948035361102669
-0.09359820865597968
0.03443624877469453
-0.060513028914405353
-0.06053051312501001
0.0025784297617263974
-0.027789787343500905
0.02708189422255458
-0.036421638107813514
0.012390402416693647
0.04048653167530425
0.13480548385110502
0.047513051758585334
-0.13034379599603163
-0.03173275161671363
0.0576314646823306
-0.2546008091448053
0.1399333926158075
-0.06226621690008294
0.008505479129739868
-0.007882998007099573
0.0276177252845331
-0.018864353824572078
0.01699193585620762
-0.15702055781469149
0.1417808980890598
0.01347000313241331
-0.01956931117570271
-0.05129888770798985
-0.05983064969141072
-0.021161035659430283
0.04827168718050601
-0.05464289541014722
-0.0038562351615762935
-0.022622356364218277
-0.05983064969141072
0.056736527751481525
-0.08285893181375492
-0.027789787343500905
0.015089270086424023
-0.0489237727198617
0.03863378364598535
-0.13034379599603163
0.01613403625846388
-0.060513028914405353
-0.032340875642459466
-0.036421638107813514
0.03861575224405023
0.02708189422255458
-0.05464289541014722
-0.01844849936066506
-0.022898889969576786
-0.08126108737944548
-0.03997727574944321
-0.009357776553262198
0.013040071944516285
0.017908695057996304
0.030974972656109045
0.03643980545838055
-0.06285634704832255
-0.008416174423421019
-0.0011970474263076625
0.02451643163530548
-0.027789787343500905
0.17000938109242547
-0.060513028914405353
-0.027788545411032928
0.06761705055254463
0.01699193585620762
0.06994395962703592
-0.008416174423421019
-0.002205271978588108
0.04920879849315085
-0.09570667993071069
-0.2546008091448053
-0.014438989348697362
0.11522232211929584
0.08176108754913614
-0.047644828679283435
0.018593646962060006
-0.022622356364218277
0.051344950513199095
0.06292625909621563
0.04391937482752173
0.015089270086424023
-0.03458770640829023
0.0461992712042818
0.0326533364262076
0.06994395962703592
-0.22146034456414654
0.01661350063361855
0.045224792909892564
-0.041376638974308655
-0.06226621690008294
-0.01249170093178087
-0.04126132556270612
-0.03520416182162833
0.006143668794592827
-0.027462288324585415
0.03863378364598535
0.049538360788050184
0.17000938109242547
0.0278028767684102
-0.0038562351615762935
-0.09570667993071069
0.08302714817478662
-0.03563356684104946
-0.03520416182162833
0.026005039289207943
0.013109728048770641
0.0016709762031741349
0.06994395962703592
0.0326533364262076
-0.03997727574944321
0.009856619194733796
-0.012150300762606037
0.04665297339942498
-0.038466866176760206
0.031017376704207678
-0.002205271978588108
-0.06464003578883037
0.0278028767684102
0.0276177252845331
0.008665176454019985
