-0.002647647860884561
0.02432879134386301
0.03208636570286316
0.03643980545838055
0.030974972656109045
0.031017376704207678
0.04995452527457189
0.030974972656109045
-0.0008948035361102669
-0.0489237727198617
0.17000938109242547
0.04606131559255999
-0.02375973362478856
0.018593646962060006
0.003822387934753202
-0.038466866176760206
0.04391937482752173
-0.06193714350214741
-0.07212958518599066
0.0461992712042818
0.0203593980283987
-0.047644828679283435
0.009856619194733796
-0.007317237093852569
-0.09570667993071069
-0.019514789449790015
0.022821768641877682
-0.012372140541780041
0.02451643163530548
0.04590352204112591
-0.03520416182162833
0.01699193585620762
-0.009357776553262198
-0.03997727574944321
0.08105492908796386
0.06761705055254463
0.04469322213864224
0.007058852839625374
-0.0011970474263076625
0.008665176454019985
-0.03045002278091502
0.012390402416693647
0.04995452527457189
-0.10819102148647719
0.007058852839625374
-0.051670301345440706
0.014780240742707562
-0.010532567714866659
0.07382421435571018
0.01699193585620762
-0.05983064969141072
-0.03458770640829023
0.04469322213864224
0.08383912323474085
0.003822387934753202
-0.013878349100881593
-0.02375973362478856
0.01699193585620762
0.04729149119249154
-0.03270475340709922
0.08732358904095427
-0.05699148198311299
0.013065356771912562
0.1417808980890598
0.01035787819304268
-0.0849833488167917
0.04299886054755575
-0.0008948035361102669
0.04665297339942498
0.04590352204112591
0.01724199139330551
0.022821768641877682
0.0576314646823306
0.05425453554333082
0.028713620756199987
-0.027462288324585415
0.03861575224405023
-0.07724758378448726
0.01613403625846388
-0.06720056781523276
-0.004841918958801372
-0.08110299466350668
-0.03997727574944321
-0.06638125688640528
-0.013771885982464482
-0.013771885982464482
-0.06720056781523276
-0.01956931117570271
-0.009357776553262198
0.030122729138618354
0.04920879849315085
0.01699193585620762
0.037107507807760065
-0.007317237093852569
0.04380656992791998
0.049538360788050184
0.0576314646823306
-0.02243129284092049
-0.0002868205956847447
-0.012150300762606037
-0.06720056781523276
0.015089270086424023
-0.017136936568830308
0.04823967565580034
0.005173534568482907
-0.06193714350214741
-0.007338419158481102
0.048059232237648075
-0.08126108737944548
-0.021161035659430283
0.037453479113841226
-0.08678886069673908
0.04391937482752173
0.020567585268201682
0.0165919313161762
-0.02243129284092049
-0.022622356364218277
-0.01956931117570271
-0.22146034456414654
0.04790976101641675
0.04995452527457189
-0.017136936568830308
-0.04126132556270612
0.11840346286310233
0.07586149829868472
0.025649122658425227
-0.017242733713295877
0.04606131559255999
0.048059232237648075
-0.013878349100881593
-0.009588853389239205
-0.07414653786004877
0.056736527751481525
0.030122729138618354
0.04469322213864224
0.04606131559255999
-0.1218059774124729
-0.028034859824940028
0.018593646962060006
0.04371378571481266
0.03994035520780326
0.012394543666532698
0.056736527751481525
0.013109728048770641
0.012390402416693647
0.037453479113841226
0.023560334148108097
-0.007317237093852569
0.041840431302949455
0.0022689688502968153
0.13204555949274965
0.034283772423341574
-0.13034379599603163
0.05168531023255696
0.014471610315426986
0.03882682382156144
0.011999720455214913
0.039209693040964666
0.0688088340488946
-0.0636718542421022
-0.0011970474263076625
0.0165919313161762
0.02432879134386301
-0.037433866920196124
0.031017376704207678
-0.06226621690008294
0.08653619008305125
-0.03133707462365809
0.04827168718050601
-0.08814864178677073
-0.004841918958801372
-0.011743957061684185
-0.03695834061658587
0.019778644828504
0.11840346286310233
0.013109728048770641
0.0844852260058202
-0.017136936568830308
0.09718899306107964
-0.019514789449790015
-0.027393577402978764
-0.02496648159475967
0.08105492908796386
0.08799230776265521
0.04371378571481266
0.06569838178769771
-0.004841918958801372
-0.049962429852048906
0.05182100602750328
0.03443624877469453
0.08632977574364098
0.05425453554333082
-0.007543661478351282
0.039209693040964666
-0.05699148198311299
-0.0007657730469858848
-0.06720056781523276
-0.05282848588680089
0.08632977574364098
-0.0489237727198617
0.049538360788050184
-0.05654058267968054
0.0515617796937029
-0.03997727574944321
0.019778644828504
-0.013878349100881593
0.04606131559255999
0.04391937482752173
-0.009357776553262198
0.10240276235625068
-0.03695834061658587
0.04590352204112591
0.05198789125700998
0.020083040980136246
-0.004841918958801372
-0.005818111085915234
0.013065356771912562
0.01347000313241331
0.04790976101641675
0.039209693040964666
-0.03045002278091502
0.0027859037974478085
-0.02375973362478856
-0.012372140541780041
0.013040071944516285
-0.041376638974308655
0.1399333926158075
0.0203593980283987
-0.12033949778566289
-0.017242733713295877
0.01724199139330551
-0.03133707462365809
0.005082074600808895
-0.05129888770798985
-0.0357902826629255
-0.02243129284092049
0.01699193585620762
-0.009357776553262198
0.06994395962703592
0.011999720455214913
0.08653619008305125
0.062467374718552904
-0.03133707462365809
0.015089270086424023
-0.047644828679283435
-0.0851300246174862
0.037107507807760065
0.008505479129739868
-0.01686722086916248
0.0165919313161762
-0.10819102148647719
0.03643980545838055
0.0016709762031741349
-0.0002868205956847447
0.0844852260058202
0.03643980545838055
0.03208636570286316
-0.005818111085915234
-0.013771885982464482
0.0016709762031741349
-0.06109953281700342
-0.07414653786004877
-0.007317237093852569
0.0025784297617263974
-0.032259158022980294
0.04048653167530425
0.08302714817478662
0.037453479113841226
0.025649122658425227
-0.012372140541780041
0.028713620756199987
0.08799230776265521
0.006265799221320201
-0.014438989348697362
-0.0002495311402075373
-0.028034859824940028
-0.019514789449790015
0.005173534568482907
0.04333086414918519
0.02773636562208104
0.10109672394520075
0.08176108754913614
-0.013878349100881593
-0.03520416182162833
-0.03563356684104946
-0.032259158022980294
-0.051670301345440706
0.01716964896203166
0.10240276235625068
0.06364954486786978
-0.002205271978588108
0.01716964896203166
0.08302714817478662
0.06364954486786978
-0.007338419158481102
-0.03173275161671363
-0.01844849936066506
0.1417808980890598
-0.06285634704832255
