0.056736527751481525
0.009856619194733796
0.031017376704207678
0.025722681761052968
0.037107507807760065
-0.027393577402978764
0.03861575224405023
0.07382421435571018
-0.06464003578883037
-0.05120330655862837
-0.047644828679283435
-0.024170822975695394
0.009856619194733796
0.020567585268201682
-0.01686722086916248
0.034283772423341574
0.08383912323474085
-0.08721982612879486
-0.06285634704832255
-0.0549153461639893
-0.038466866176760206
-0.04466517994807795
0.06228267241298191
0.029794720012301212
0.0326533364262076
0.08799230776265521
0.008505479129739868
0.05198789125700998
0.07060672059698447
0.06605801367827979
-0.22146034456414654
-0.01956931117570271
0.05799658946616226
-0.027462288324585415
0.04590352204112591
-0.05416508205116166
0.0203593980283987
-0.08285893181375492
0.07518071596092746
0.022194058573782982
-0.002205271978588108
-0.07724758378448726
0.06292625909621563
0.04920879849315085
0.0165919313161762
0.05436809318039337
-0.0357902826629255
0.04135586741642605
-0.08143178414826124
0.020567585268201682
0.03208636570286316
-0.027462288324585415
-0.002647647860884561
0.026005039289207943
-0.03563356684104946
0.06318283133468316
0.04799414960212012
0.01724199139330551
-0.049962429852048906
0.0344322264021244
0.06605801367827979
-0.047644828679283435
0.0461992712042818
-0.07212958518599066
0.06761705055254463
0.026653357334457617
-0.0008948035361102669
0.07518071596092746
0.0512476844333456
-0.07212958518599066
-0.06193714350214741
0.031017376704207678
-0.08814864178677073
0.0688088340488946
0.08176108754913614
-0.05129888770798985
0.06806350229329183
-0.01844849936066506
0.019778644828504
0.08759468040243501
0.0515617796937029
0.025524068456756588
-0.028034859824940028
0.056736527751481525
0.015089270086424023
-0.0002495311402075373
-0.007338419158481102
-0.03917887174705115
-0.010204897362879883
-0.022368622754905587
0.08080248335888918
0.0165919313161762
0.08732358904095427
0.13204555949274965
-0.04022536987465397
-0.05120330655862837
0.0844852260058202
0.17000938109242547
-0.04126132556270612
0.006746455834750975
-0.0038562351615762935
0.01613403625846388
0.04380656992791998
0.0576314646823306
0.047513051758585334
-0.002647647860884561
-0.0549153461639893
0.04333086414918519
-0.0011970474263076625
0.1399333926158075
0.04380656992791998
0.039209693040964666
-0.07212958518599066
0.0844852260058202
0.034283772423341574
0.04729149119249154
0.06364954486786978
0.04469322213864224
0.04827168718050601
-0.004841918958801372
0.05182100602750328
0.028713620756199987
-0.05129888770798985
-0.06720056781523276
0.01716964896203166
0.04135586741642605
0.043334141200254805
-0.047644828679283435
0.0278028767684102
-0.06285634704832255
-0.05464289541014722
0.043334141200254805
0.030974972656109045
0.05182100602750328
0.049538360788050184
0.08653619008305125
0.037453479113841226
0.06806350229329183
-0.05654058267968054
0.06364954486786978
0.08799230776265521
0.02714223291166995
0.10240276235625068
0.04799414960212012
-0.01686722086916248
0.04391937482752173
0.03863378364598535
0.13480548385110502
0.06364954486786978
0.03863378364598535
0.08653619008305125
-0.08678886069673908
-0.009357776553262198
-0.010204897362879883
0.05198789125700998
0.17000938109242547
0.04391937482752173
-0.05699148198311299
-0.07465345378649157
-0.036421638107813514
-0.1218059774124729
-0.012150300762606037
-0.03695834061658587
0.025722681761052968
0.04283497654615154
-0.2546008091448053
0.037453479113841226
-0.07212958518599066
-0.008416174423421019
-0.0636718542421022
-0.06053051312501001
0.01035787819304268
-0.009357776553262198
0.039209693040964666
-0.021161035659430283
-0.009588853389239205
0.04790976101641675
0.06364954486786978
0.028713620756199987
-0.051670301345440706
0.08653619008305125
-0.06053051312501001
-0.05654058267968054
0.04283497654615154
0.006265799221320201
-0.002205271978588108
0.01613403625846388
0.03882682382156144
0.03994035520780326
0.0276177252845331
-0.05282848588680089
0.03994035520780326
-0.05586089089844393
-0.0038562351615762935
-0.0849833488167917
-0.010532567714866659
0.08080248335888918
0.04391937482752173
0.03861575224405023
0.009856619194733796
-0.03133707462365809
0.020567585268201682
-0.04022536987465397
-0.007543661478351282
0.08121523150568599
-0.027788545411032928
0.03643980545838055
0.04590352204112591
-0.07892951287026762
-0.047644828679283435
-0.07724758378448726
-0.05416508205116166
0.10109672394520075
0.04665297339942498
0.0022689688502968153
0.02451643163530548
0.047513051758585334
-0.02243129284092049
-0.15702055781469149
-0.032340875642459466
-0.08143178414826124
0.04665297339942498
0.06316607709876365
-0.04022536987465397
-0.005105231073404326
-0.01956931117570271
0.08176108754913614
0.11840346286310233
0.01716964896203166
0.04283497654615154
0.03863378364598535
-0.05282848588680089
-0.07724758378448726
0.02451643163530548
0.06806350229329183
0.09718899306107964
0.06292625909621563
-0.13034379599603163
0.01046829599036414
0.08176108754913614
-0.012372140541780041
0.03994035520780326
0.08302714817478662
-0.027393577402978764
-0.010204897362879883
-0.0549153461639893
0.05198789125700998
-0.028034859824940028
0.0326533364262076
0.01716964896203166
0.045224792909892564
-0.03045002278091502
0.011999720455214913
-0.07465345378649157
0.04048653167530425
0.030974972656109045
0.039209693040964666
0.006746455834750975
0.13480548385110502
-0.011743957061684185
-0.0011970474263076625
0.10109672394520075
0.15300088602597928
-0.03173275161671363
0.05182100602750328
0.006265799221320201
-0.032259158022980294
-0.04126132556270612
-0.04022536987465397
0.043334141200254805
0.15300088602597928
-0.017136936568830308
-0.09432889171755221
-0.022368622754905587
0.026653357334457617
0.023512429278589764
-0.03270475340709922
-0.06053051312501001
-0.017242733713295877
-0.002205271978588108
-0.022622356364218277
0.025649122658425227
-0.06720056781523276
-0.06226621690008294
0.028713620756199987
-0.05654058267968054
0.056736527751481525
0.1417808980890598
0.04380656992791998
-0.0851300246174862
-0.0007657730469858848
0.04391937482752173
0.006265799221320201
0.04729149119249154
-0.002205271978588108
-0.2546008091448053
-0.05586089089844393
0.028713620756199987
0.037453479113841226
