0.045224792909892564
0.056736527751481525
0.06364954486786978
0.026458811902690726
-0.08126108737944548
0.0022689688502968153
0.026005039289207943
0.025524068456756588
0.11840346286310233
0.08080248335888918
-0.05129888770798985
0.01661350063361855
-0.17661184642248884
0.031017376704207678
-0.06720056781523276
0.07382421435571018
0.04729149119249154
0.08302714817478662
-0.05654058267968054
0.03882682382156144
0.023560334148108097
-0.027462288324585415
0.04283497654615154
-0.012150300762606037
-0.060513028914405353
0.014471610315426986
0.06925574960452696
0.05168531023255696
0.02773636562208104
-0.027393577402978764
0.0278028767684102
-0.03045002278091502
-0.09359820865597968
0.020446479141682516
0.0165919313161762
-0.03563356684104946
-0.06226621690008294
0.0688088340488946
0.06292625909621563
-0.027788545411032928
0.02773636562208104
0.007058852839625374
-0.01844849936066506
0.049538360788050184
-0.06053051312501001
-0.0011970474263076625
0.03994035520780326
-0.07465345378649157
0.01699193585620762
0.06569838178769771
0.051344950513199095
0.017908695057996304
-0.007882998007099573
0.03861575224405023
0.013065356771912562
0.0025784297617263974
-0.03917887174705115
-0.08721982612879486
-0.036421638107813514
0.06806350229329183
-0.0849833488167917
0.0041948137923384365
0.02773636562208104
0.01613403625846388
0.03208636570286316
0.039209693040964666
0.0022689688502968153
-0.022368622754905587
-0.010204897362879883
-0.032340875642459466
0.11522232211929584
0.020567585268201682
-0.15702055781469149
0.056736527751481525
0.01699193585620762
-0.017242733713295877
0.02714223291166995
0.07518071596092746
-0.005105231073404326
0.048059232237648075
0.030974972656109045
0.01579928711915457
0.1399333926158075
-0.015144140805206874
-0.022898889969576786
-0.05282848588680089
-0.09432889171755221
-0.13034379599603163
0.0025784297617263974
0.08302714817478662
0.0344322264021244
-0.045496030668886966
0.020446479141682516
-0.03458770640829023
0.02520341309711238
-0.032259158022980294
-0.009357776553262198
0.01579928711915457
0.04283497654615154
-0.08285893181375492
-0.03695834061658587
0.013065356771912562
-0.08814864178677073
-0.0849833488167917
-0.032340875642459466
-0.032259158022980294
0.08302714817478662
0.0276177252845331
0.0576314646823306
0.020567585268201682
-0.009357776553262198
0.024801788304586125
-0.06109953281700342
-0.07414653786004877
0.011999720455214913
0.0216176650818376
-0.07724758378448726
-0.027789787343500905
0.04048653167530425
-0.037433866920196124
-0.010532567714866659
0.04823967565580034
-0.09432889171755221
0.06925574960452696
-0.04126132556270612
-0.03133707462365809
-0.02375973362478856
0.0344322264021244
0.04135586741642605
0.04299886054755575
-0.007338419158481102
-0.009357776553262198
0.04790976101641675
0.024801788304586125
-0.009357776553262198
0.06228267241298191
0.01046829599036414
0.04995452527457189
-0.027393577402978764
-0.022368622754905587
0.07382421435571018
0.030122729138618354
-0.07075486294590672
-0.04022536987465397
-0.04022536987465397
0.0276177252845331
-0.07465345378649157
-0.0002868205956847447
-0.09570667993071069
0.026653357334457617
0.06318283133468316
0.08653619008305125
0.03643980545838055
0.024801788304586125
0.08176108754913614
0.017908695057996304
-0.027393577402978764
0.017908695057996304
-0.02243129284092049
-0.050143819123519506
-0.007543661478351282
0.025649122658425227
-0.06053051312501001
0.0041948137923384365
-0.0549153461639893
0.014780240742707562
-0.007882998007099573
0.08121523150568599
-0.02375973362478856
0.024801788304586125
-0.03563356684104946
0.011553574399841615
-0.10013006587302442
0.0022689688502968153
-0.024170822975695394
0.0027859037974478085
-0.01686722086916248
-0.03458770640829023
0.024801788304586125
0.06761705055254463
0.0276177252845331
0.049538360788050184
-0.03133707462365809
0.008505479129739868
0.03994035520780326
-0.027393577402978764
0.08732358904095427
0.009856619194733796
0.014471610315426986
-0.07414653786004877
-0.07724758378448726
0.08759468040243501
0.10109672394520075
0.06364954486786978
-0.011743957061684185
0.06569838178769771
-0.10013006587302442
0.029794720012301212
-0.0011970474263076625
0.02714223291166995
0.06761705055254463
-0.07414653786004877
0.03861575224405023
-0.041376638974308655
0.04380656992791998
0.029794720012301212
0.008665176454019985
0.13480548385110502
0.05182100602750328
0.04827168718050601
0.07518071596092746
-0.011743957061684185
-0.002205271978588108
-0.05282848588680089
-0.0038562351615762935
-0.0849833488167917
0.013109728048770641
0.03861575224405023
0.06318283133468316
-0.07212958518599066
0.056736527751481525
0.01716964896203166
0.06761705055254463
-0.0005187167995490682
0.041840431302949455
-0.0007657730469858848
0.09718899306107964
-0.047644828679283435
0.06316607709876365
-0.2546008091448053
0.056736527751481525
0.0216176650818376
-0.021161035659430283
0.01035787819304268
0.039209693040964666
-0.03917887174705115
0.04371378571481266
0.031017376704207678
0.06364954486786978
-0.012150300762606037
0.08799230776265521
0.08632977574364098
-0.022368622754905587
-0.019514789449790015
0.024801788304586125
0.03863378364598535
0.06364954486786978
0.09718899306107964
-0.03133707462365809
0.17000938109242547
-0.047644828679283435
-0.022821982956040543
0.04790976101641675
-0.06285634704832255
-0.022622356364218277
-0.07724758378448726
0.008505479129739868
0.08759468040243501
0.048059232237648075
-0.019514789449790015
0.04299886054755575
0.04380656992791998
0.08302714817478662
-0.06638125688640528
-0.06258250876081561
0.08121523150568599
-0.1218059774124729
0.05198789125700998
-0.012150300762606037
-0.009357776553262198
0.020446479141682516
0.08653619008305125
0.0512476844333456
0.007058852839625374
0.024801788304586125
-0.032340875642459466
-0.01686722086916248
-0.010532567714866659
0.030122729138618354
-0.017242733713295877
-0.036421638107813514
0.03973066370480538
0.04380656992791998
0.017908695057996304
-0.022622356364218277
-0.027462288324585415
-0.008416174423421019
-0.03695834061658587
0.023560334148108097
-0.010532567714866659
0.013065356771912562
-0.07414653786004877
-0.012372140541780041
0.01347000313241331
-0.1218059774124729
-0.06720056781523276
0.11840346286310233
0.06806350229329183
0.05182100602750328
