0.003822387934753202
0.007058852839625374
0.08105492908796386
-0.011743957061684185
-0.009588853389239205
0.09718899306107964
0.07060672059698447
-0.06053051312501001
0.03973066370480538
-0.041376638974308655
0.04995452527457189
-0.037433866920196124
-0.07892951287026762
0.04380656992791998
-0.06638125688640528
-0.05586089089844393
-0.02243129284092049
0.02708189422255458
-0.027462288324585415
-0.012372140541780041
0.06318283133468316
0.01046829599036414
0.08302714817478662
0.028713620756199987
0.049538360788050184
-0.008416174423421019
0.04995452527457189
0.013040071944516285
0.04665297339942498
-0.010204897362879883
0.007058852839625374
0.04469322213864224
0.08383912323474085
0.04827168718050601
-0.04126132556270612
0.04799414960212012
-0.03270475340709922
0.06761705055254463
-0.022368622754905587
0.01579928711915457
0.02451643163530548
0.008665176454019985
0.028713620756199987
-0.027462288324585415
0.026005039289207943
-0.08721982612879486
0.06761705055254463
-0.004841918958801372
0.08632977574364098
0.01613403625846388
-0.05464289541014722
-0.013771885982464482
0.04299886054755575
-0.09432889171755221
-0.22146034456414654
-0.07212958518599066
0.03443624877469453
0.005173534568482907
-0.03270475340709922
0.04665297339942498
-0.0002868205956847447
-0.012150300762606037
-0.037433866920196124
0.04590352204112591
0.026458811902690726
-0.022368622754905587
0.03208636570286316
-0.014438989348697362
-0.03173275161671363
0.014471610315426986
-0.0011970474263076625
-0.036421638107813514
-0.005818111085915234
0.08176108754913614
0.04391937482752173
0.03973066370480538
-0.028034859824940028
-0.17661184642248884
-0.018864353824572078
-0.027788545411032928
-0.022368622754905587
0.02432879134386301
0.0278028767684102
0.06569838178769771
0.006265799221320201
0.0515617796937029
0.020446479141682516
0.05799658946616226
0.031017376704207678
0.056736527751481525
0.025524068456756588
-0.037433866920196124
0.011553574399841615
0.01035787819304268
-0.07075486294590672
0.09718899306107964
-0.06226621690008294
-0.019514789449790015
-0.10013006587302442
0.03882682382156144
0.02708189422255458
0.03208636570286316
-0.05983064969141072
-0.04126132556270612
-0.03458770640829023
0.025524068456756588
-0.007720686875989813
0.04790976101641675
-0.22146034456414654
0.006746455834750975
-0.0013205999854228878
-0.027462288324585415
0.009856619194733796
0.019778644828504
0.020083040980136246
0.1399333926158075
0.10109672394520075
-0.02243129284092049
-0.09432889171755221
-0.06226621690008294
-0.009357776553262198
0.0278028767684102
0.031017376704207678
-0.027462288324585415
-0.002647647860884561
-0.038466866176760206
-0.041376638974308655
-0.12033949778566289
0.008505479129739868
-0.0013205999854228878
-0.009357776553262198
-0.05282848588680089
0.0461992712042818
-0.07414653786004877
0.0844852260058202
-0.0636718542421022
-0.1218059774124729
0.08732358904095427
-0.022898889969576786
0.10109672394520075
-0.0038562351615762935
-0.0011970474263076625
0.01035787819304268
0.062467374718552904
0.0276177252845331
-0.0636718542421022
-0.08110299466350668
0.030974972656109045
-0.041376638974308655
0.04391937482752173
0.01035787819304268
0.05182100602750328
-0.0008948035361102669
0.13204555949274965
0.04371378571481266
0.06316607709876365
0.05436809318039337
0.06318283133468316
0.06569838178769771
0.007058852839625374
0.11522232211929584
-0.0849833488167917
0.030122729138618354
0.04380656992791998
-0.04126132556270612
0.0344322264021244
-0.02243129284092049
-0.007720686875989813
0.0461992712042818
0.0688088340488946
0.013109728048770641
0.0027859037974478085
0.01661350063361855
-0.007882998007099573
-0.008416174423421019
0.04823967565580034
0.03443624877469453
0.025649122658425227
-0.07414653786004877
-0.05129888770798985
-0.013771885982464482
0.13204555949274965
0.023560334148108097
-0.0038562351615762935
-0.0007657730469858848
-0.08285893181375492
0.003822387934753202
-0.012150300762606037
0.013065356771912562
-0.03997727574944321
-0.047644828679283435
0.022194058573782982
0.023512429278589764
-0.08143178414826124
0.0576314646823306
-0.10013006587302442
-0.060513028914405353
-0.04126132556270612
0.045224792909892564
0.04391937482752173
0.003822387934753202
0.06994395962703592
-0.01844849936066506
-0.047644828679283435
0.03994035520780326
0.025722681761052968
-0.028034859824940028
-0.005818111085915234
0.017908695057996304
0.005173534568482907
-0.050143819123519506
0.05182100602750328
0.03443624877469453
0.014780240742707562
0.08302714817478662
0.04606131559255999
-0.06638125688640528
-0.049962429852048906
0.014471610315426986
0.04371378571481266
-0.007317237093852569
-0.2546008091448053
0.08080248335888918
0.06292625909621563
-0.004841918958801372
0.04048653167530425
0.04827168718050601
0.022821768641877682
-0.060513028914405353
0.02432879134386301
-0.09432889171755221
0.15300088602597928
-0.060513028914405353
-0.005818111085915234
0.0344322264021244
0.03882682382156144
0.020083040980136246
0.02708189422255458
-0.10819102148647719
0.0027859037974478085
0.06761705055254463
-0.013878349100881593
0.06994395962703592
0.01613403625846388
0.06228267241298191
0.01579928711915457
0.045224792909892564
0.0203593980283987
-0.07892951287026762
-0.03173275161671363
0.025722681761052968
0.06316607709876365
0.04606131559255999
0.0512476844333456
-0.007882998007099573
-0.032340875642459466
-0.037433866920196124
0.017908695057996304
0.025722681761052968
0.15300088602597928
-0.013771885982464482
-0.007317237093852569
-0.07075486294590672
-0.08814864178677073
-0.06720056781523276
-0.10013006587302442
0.03994035520780326
0.02927401578257438
0.10240276235625068
0.0276177252845331
-0.15702055781469149
0.02708189422255458
0.012394543666532698
-0.02375973362478856
-0.0636718542421022
-0.028034859824940028
-0.01844849936066506
-0.027462288324585415
0.02451643163530548
0.003822387934753202
0.01035787819304268
0.08799230776265521
-0.018864353824572078
0.026653357334457617
0.0022689688502968153
0.023512429278589764
-0.050143819123519506
0.11522232211929584
0.037453479113841226
-0.10013006587302442
-0.06053051312501001
0.07060672059698447
-0.06285634704832255
-0.08814864178677073
-0.0011970474263076625
0.023512429278589764
0.0688088340488946
-0.17661184642248884
-0.06226621690008294
