-0.05586089089844393
-0.008416174423421019
0.04606131559255999
-0.007338419158481102
-0.06226621690008294
0.02451643163530548
-0.028034859824940028
-0.024170822975695394
-0.027788545411032928
-0.011743957061684185
0.02927401578257438
0.031017376704207678
-0.03270475340709922
0.015089270086424023
0.08080248335888918
0.009856619194733796
-0.10819102148647719
0.05799658946616226
-0.009357776553262198
0.10109672394520075
-0.0013205999854228878
0.0041948137923384365
0.08632977574364098
-0.08285893181375492
0.0515617796937029
0.0278028767684102
-0.021161035659430283
-0.027393577402978764
0.029794720012301212
-0.009588853389239205
0.08176108754913614
-0.002647647860884561
0.03643980545838055
0.013065356771912562
0.03861575224405023
-0.02243129284092049
0.062467374718552904
-0.01686722086916248
0.1417808980890598
-0.009357776553262198
0.0278028767684102
-0.03045002278091502
0.0576314646823306
-0.10013006587302442
0.08176108754913614
-0.050143819123519506
0.01046829599036414
0.047513051758585334
0.09718899306107964
0.04333086414918519
0.04371378571481266
-0.0489237727198617
-0.051670301345440706
0.06605801367827979
-0.018864353824572078
-0.005818111085915234
0.062467374718552904
-0.01844849936066506
0.011553574399841615
0.08383912323474085
-0.06109953281700342
-0.0849833488167917
-0.010532567714866659
-0.007720686875989813
-0.007720686875989813
0.02708189422255458
0.0576314646823306
-0.028034859824940028
-0.0007657730469858848
0.0576314646823306
0.03973066370480538
0.048059232237648075
-0.05282848588680089
0.0278028767684102
0.0203593980283987
0.031017376704207678
0.030974972656109045
0.1417808980890598
0.04590352204112591
-0.027788545411032928
-0.022821982956040543
-0.03458770640829023
-0.01686722086916248
-0.05699148198311299
-0.013771885982464482
-0.0851300246174862
0.05198789125700998
0.04371378571481266
0.014780240742707562
0.01661350063361855
0.0844852260058202
-0.05983064969141072
-0.0007657730469858848
-0.09432889171755221
0.04920879849315085
-0.002205271978588108
0.01035787819304268
-0.05983064969141072
0.062467374718552904
0.07518071596092746
0.026653357334457617
-0.0002868205956847447
0.0278028767684102
0.04391937482752173
0.06567138145123597
-0.017136936568830308
0.08080248335888918
0.01716964896203166
-0.013878349100881593
-0.021161035659430283
-0.037433866920196124
0.02773636562208104
0.01699193585620762
-0.10013006587302442
-0.06226621690008294
0.05436809318039337
0.037107507807760065
0.02714223291166995
-0.03270475340709922
0.02432879134386301
0.03973066370480538
0.10109672394520075
0.01716964896203166
0.023560334148108097
-0.06193714350214741
0.05198789125700998
0.026005039289207943
-0.1218059774124729
-0.07465345378649157
-0.03045002278091502
-0.01956931117570271
0.04380656992791998
-0.02496648159475967
0.03882682382156144
0.026458811902690726
0.02714223291166995
0.007058852839625374
-0.07212958518599066
-0.014438989348697362
-0.02496648159475967
-0.08285893181375492
0.0278028767684102
0.014780240742707562
-0.019391257313081667
0.07586149829868472
0.026458811902690726
0.062467374718552904
0.022194058573782982
-0.0849833488167917
-0.0007657730469858848
-0.024170822975695394
-0.08721982612879486
-0.09432889171755221
-0.0849833488167917
0.07382421435571018
0.04283497654615154
-0.08110299466350668
0.1417808980890598
0.04299886054755575
-0.04022536987465397
0.007058852839625374
0.08176108754913614
0.01661350063361855
0.01347000313241331
0.049538360788050184
-0.06226621690008294
-0.09359820865597968
0.037107507807760065
-0.017136936568830308
-0.0008948035361102669
0.06925574960452696
-0.07075486294590672
0.049538360788050184
0.017908695057996304
-0.09432889171755221
0.05198789125700998
0.06994395962703592
0.15300088602597928
-0.07075486294590672
0.04283497654615154
0.07586149829868472
0.08121523150568599
0.014471610315426986
-0.022898889969576786
-0.015144140805206874
-0.03173275161671363
-0.03173275161671363
0.0022689688502968153
0.022194058573782982
0.13204555949274965
-0.0849833488167917
-0.07414653786004877
-0.03997727574944321
-0.004841918958801372
0.0022689688502968153
-0.032259158022980294
-0.09570667993071069
-0.050143819123519506
0.05436809318039337
0.034283772423341574
0.011999720455214913
0.0016709762031741349
-0.009588853389239205
-0.013771885982464482
0.05436809318039337
0.012394543666532698
0.0027859037974478085
-0.007338419158481102
-0.07414653786004877
0.08759468040243501
-0.09359820865597968
0.06761705055254463
0.02927401578257438
0.04469322213864224
-0.03695834061658587
0.06364954486786978
0.018593646962060006
-0.05416508205116166
0.005082074600808895
-0.0005187167995490682
0.006265799221320201
-0.027462288324585415
-0.06285634704832255
0.0016709762031741349
0.04920879849315085
0.012299756912504733
0.01347000313241331
0.0216176650818376
-0.05282848588680089
0.03863378364598535
0.026653357334457617
0.011553574399841615
0.04790976101641675
-0.022821982956040543
0.01579928711915457
0.02927401578257438
-0.060513028914405353
0.03643980545838055
-0.0007657730469858848
0.039209693040964666
0.0276177252845331
0.026653357334457617
0.041840431302949455
-0.09359820865597968
0.06994395962703592
0.10240276235625068
0.04606131559255999
0.06292625909621563
0.07382421435571018
0.026458811902690726
0.1417808980890598
0.062467374718552904
-0.0851300246174862
-0.037433866920196124
0.0278028767684102
-0.032340875642459466
-0.051670301345440706
-0.07724758378448726
-0.05699148198311299
0.01347000313241331
0.04469322213864224
-0.027788545411032928
0.02708189422255458
-0.019391257313081667
-0.036421638107813514
0.10109672394520075
0.08632977574364098
0.025649122658425227
0.04665297339942498
-0.0008948035361102669
0.01347000313241331
0.06364954486786978
0.08799230776265521
0.06292625909621563
-0.013771885982464482
0.04665297339942498
-0.03563356684104946
-0.03173275161671363
0.062467374718552904
0.08105492908796386
-0.009588853389239205
-0.05464289541014722
0.01046829599036414
0.03208636570286316
-0.01686722086916248
-0.013878349100881593
0.13480548385110502
-0.05129888770798985
-0.03997727574944321
0.07382421435571018
0.15300088602597928
-0.005105231073404326
0.03994035520780326
0.022194058573782982
-0.12033949778566289
-0.009588853389239205
0.10109672394520075
0.020083040980136246
0.051344950513199095
