0.024801788304586125
-0.038466866176760206
0.03861575224405023
0.07586149829868472
-0.038466866176760206
-0.037433866920196124
-0.03133707462365809
0.049538360788050184
-0.13034379599603163
0.05182100602750328
0.07586149829868472
-0.0008948035361102669
0.11522232211929584
-0.019391257313081667
-0.03520416182162833
-0.03520416182162833
0.05436809318039337
-0.04126132556270612
0.0688088340488946
0.020083040980136246
-0.05464289541014722
-0.13034379599603163
0.019778644828504
0.009856619194733796
0.0576314646823306
-0.02243129284092049
0.02520341309711238
-0.0489237727198617
0.0688088340488946
-0.05282848588680089
0.0576314646823306
0.007058852839625374
0.04790976101641675
-0.08143178414826124
0.0688088340488946
0.0041948137923384365
0.0688088340488946
0.012299756912504733
0.026653357334457617
0.01716964896203166
0.08383912323474085
0.0022689688502968153
0.02520341309711238
-0.04126132556270612
-0.010532567714866659
0.15300088602597928
-0.018864353824572078
-0.06285634704832255
-0.08143178414826124
0.01347000313241331
0.03973066370480538
-0.0008948035361102669
-0.13034379599603163
-0.0357902826629255
0.018593646962060006
0.06806350229329183
-0.07414653786004877
0.011999720455214913
0.01579928711915457
0.048059232237648075
-0.05586089089844393
0.017908695057996304
-0.10013006587302442
-0.06053051312501001
0.03863378364598535
-0.027788545411032928
0.030974972656109045
0.023512429278589764
-0.06285634704832255
0.007058852839625374
0.02520341309711238
-0.09570667993071069
-0.0008948035361102669
0.01716964896203166
0.08302714817478662
0.10240276235625068
-0.038466866176760206
-0.02375973362478856
-0.03917887174705115
0.03643980545838055
-0.027789787343500905
-0.05129888770798985
-0.012372140541780041
-0.06226621690008294
0.04333086414918519
-0.09432889171755221
-0.06720056781523276
0.01724199139330551
-0.03045002278091502
0.13204555949274965
0.023560334148108097
-0.045496030668886966
-0.060513028914405353
-0.019391257313081667
0.037453479113841226
-0.06464003578883037
0.043334141200254805
0.04920879849315085
0.012390402416693647
0.1417808980890598
-0.007882998007099573
0.041840431302949455
-0.07465345378649157
0.049538360788050184
0.04920879849315085
0.0278028767684102
-0.0636718542421022
0.023512429278589764
-0.07892951287026762
0.029794720012301212
0.03973066370480538
-0.03997727574944321
0.08759468040243501
-0.09570667993071069
0.08632977574364098
-0.036421638107813514
-0.09570667993071069
-0.2546008091448053
-0.03997727574944321
0.0576314646823306
-0.060513028914405353
0.037453479113841226
0.020567585268201682
0.025524068456756588
0.048059232237648075
0.08799230776265521
-0.022821982956040543
-0.002647647860884561
0.06316607709876365
0.031017376704207678
-0.06285634704832255
0.08080248335888918
-0.027788545411032928
-0.007882998007099573
0.06806350229329183
0.011553574399841615
-0.017242733713295877
0.04380656992791998
-0.018864353824572078
0.06292625909621563
-0.05699148198311299
0.0027859037974478085
0.06316607709876365
0.005173534568482907
-0.010532567714866659
-0.08814864178677073
-0.09359820865597968
0.01661350063361855
-0.0007657730469858848
0.007058852839625374
-0.047644828679283435
0.041840431302949455
-0.08814864178677073
-0.038466866176760206
0.02714223291166995
-0.08285893181375492
-0.0849833488167917
-0.03045002278091502
-0.0005187167995490682
0.08121523150568599
-0.0038562351615762935
0.030974972656109045
-0.02243129284092049
-0.04126132556270612
0.01579928711915457
0.03443624877469453
0.03994035520780326
0.0844852260058202
-0.0002868205956847447
0.03973066370480538
-0.04466517994807795
0.0165919313161762
-0.009588853389239205
0.048059232237648075
0.005173534568482907
0.022194058573782982
0.048059232237648075
0.02451643163530548
0.04135586741642605
-0.07212958518599066
0.02451643163530548
0.07382421435571018
0.06292625909621563
0.07382421435571018
0.0027859037974478085
-0.010532567714866659
0.08383912323474085
0.008665176454019985
-0.041376638974308655
-0.03270475340709922
0.0278028767684102
-0.13034379599603163
-0.04466517994807795
-0.009588853389239205
0.0576314646823306
0.08383912323474085
0.024801788304586125
0.05799658946616226
-0.09570667993071069
0.022194058573782982
0.10240276235625068
-0.04466517994807795
-0.007882998007099573
0.056736527751481525
-0.051670301345440706
-0.05416508205116166
0.08732358904095427
0.0344322264021244
-0.0011970474263076625
-0.041376638974308655
0.04799414960212012
-0.0007657730469858848
0.0688088340488946
0.06806350229329183
-0.008416174423421019
-0.08814864178677073
0.0027859037974478085
-0.0005187167995490682
0.034283772423341574
0.01035787819304268
0.06364954486786978
-0.04466517994807795
-0.05586089089844393
-0.032259158022980294
0.08302714817478662
-0.0011970474263076625
-0.051670301345440706
0.07382421435571018
0.02432879134386301
0.07518071596092746
0.08105492908796386
-0.009357776553262198
0.011999720455214913
0.05182100602750328
-0.022368622754905587
0.04380656992791998
0.019778644828504
-0.010204897362879883
0.025524068456756588
0.04823967565580034
0.10240276235625068
-0.01686722086916248
-0.032259158022980294
0.020567585268201682
-0.0011970474263076625
0.0344322264021244
0.07518071596092746
0.043334141200254805
0.019778644828504
0.08732358904095427
0.0326533364262076
0.06994395962703592
0.01724199139330551
-0.022898889969576786
0.07586149829868472
0.006746455834750975
0.02451643163530548
-0.09432889171755221
-0.05654058267968054
-0.0636718542421022
-0.06193714350214741
0.01724199139330551
0.0326533364262076
0.012299756912504733
-0.014438989348697362
0.06605801367827979
0.02451643163530548
0.007058852839625374
-0.015144140805206874
0.04048653167530425
-0.017136936568830308
-0.032340875642459466
-0.05464289541014722
-0.06285634704832255
0.05436809318039337
0.04283497654615154
-0.007720686875989813
0.049538360788050184
0.01613403625846388
-0.04022536987465397
-0.017242733713295877
-0.01956931117570271
-0.013878349100881593
0.029794720012301212
0.05799658946616226
0.0025784297617263974
0.006746455834750975
0.08799230776265521
0.023560334148108097
0.0016709762031741349
-0.060513028914405353
0.011999720455214913
0.04790976101641675
0.01724199139330551
0.08632977574364098
-0.027462288324585415
-0.0549153461639893
0.08121523150568599
0.039209693040964666
