0.013065356771912562
-0.02243129284092049
-0.007720686875989813
-0.0002495311402075373
0.034283772423341574
-0.13034379599603163
-0.05654058267968054
-0.017136936568830308
-0.03270475340709922
0.025524068456756588
0.08383912323474085
0.049538360788050184
0.022194058573782982
-0.032340875642459466
0.04333086414918519
-0.015144140805206874
-0.06053051312501001
0.0515617796937029
-0.0007657730469858848
0.01613403625846388
-0.08285893181375492
-0.06226621690008294
0.017908695057996304
0.05168531023255696
-0.02243129284092049
0.0276177252845331
-0.03563356684104946
-0.06226621690008294
0.03973066370480538
-0.07414653786004877
-0.018864353824572078
0.05198789125700998
-0.060513028914405353
0.026653357334457617
-0.0357902826629255
-0.09359820865597968
0.08732358904095427
0.10109672394520075
-0.03458770640829023
0.08302714817478662
0.08176108754913614
0.04283497654615154
-0.01249170093178087
0.045224792909892564
0.0844852260058202
0.017908695057996304
0.01579928711915457
-0.013771885982464482
-0.004841918958801372
-0.05464289541014722
0.020083040980136246
0.0515617796937029
-0.036421638107813514
-0.012150300762606037
-0.005818111085915234
0.05436809318039337
0.0216176650818376
0.06567138145123597
0.04729149119249154
-0.05129888770798985
-0.005818111085915234
-0.09359820865597968
0.06292625909621563
-0.08110299466350668
-0.09359820865597968
0.023512429278589764
0.0515617796937029
-0.03270475340709922
0.051344950513199095
0.006265799221320201
0.10240276235625068
-0.027789787343500905
0.04920879849315085
-0.017242733713295877
0.005082074600808895
-0.17661184642248884
-0.03173275161671363
0.05436809318039337
0.0216176650818376
0.006143668794592827
0.05425453554333082
0.001954162314668828
-0.13034379599603163
0.043334141200254805
0.0025784297617263974
-0.05699148198311299
0.1417808980890598
0.08653619008305125
-0.01686722086916248
-0.0038562351615762935
0.006746455834750975
0.022821768641877682
0.037107507807760065
0.08653619008305125
0.0688088340488946
-0.07724758378448726
0.0326533364262076
0.06316607709876365
-0.047644828679283435
0.02708189422255458
-0.02862716582831837
-0.022898889969576786
-0.07212958518599066
-0.0011970474263076625
-0.06193714350214741
0.06228267241298191
0.024801788304586125
0.06316607709876365
0.03994035520780326
-0.0005187167995490682
0.0022689688502968153
0.034283772423341574
-0.15702055781469149
-0.07724758378448726
-0.01956931117570271
-0.002205271978588108
-0.08143178414826124
-0.07075486294590672
-0.0851300246174862
-0.01686722086916248
-0.0002868205956847447
0.07586149829868472
0.020083040980136246
0.06925574960452696
0.017908695057996304
-0.08285893181375492
-0.049962429852048906
0.001954162314668828
0.06318283133468316
-0.03458770640829023
0.09718899306107964
0.0576314646823306
0.05436809318039337
0.08302714817478662
0.10109672394520075
0.04048653167530425
0.0844852260058202
0.012299756912504733
0.04135586741642605
0.0326533364262076
0.02773636562208104
-0.05129888770798985
0.0276177252845331
-0.09359820865597968
-0.015144140805206874
0.028713620756199987
0.0326533364262076
-0.036421638107813514
0.008505479129739868
0.006746455834750975
0.013040071944516285
-0.06109953281700342
-0.0002868205956847447
0.022194058573782982
0.17000938109242547
0.04665297339942498
-0.03173275161671363
-0.03520416182162833
0.04920879849315085
0.0461992712042818
0.04790976101641675
0.08080248335888918
-0.022898889969576786
-0.05416508205116166
0.020567585268201682
0.04135586741642605
-0.024170822975695394
0.08653619008305125
-0.04126132556270612
-0.0002868205956847447
0.0461992712042818
-0.07414653786004877
-0.028034859824940028
-0.022622356364218277
-0.0636718542421022
-0.06193714350214741
-0.018864353824572078
0.031017376704207678
0.17000938109242547
0.04729149119249154
0.06994395962703592
-0.09359820865597968
-0.05983064969141072
0.05436809318039337
0.06994395962703592
-0.013878349100881593
0.03973066370480538
-0.036421638107813514
-0.032259158022980294
0.04729149119249154
-0.01249170093178087
-0.049962429852048906
-0.0013205999854228878
0.01724199139330551
-0.0007657730469858848
0.07060672059698447
0.03208636570286316
-0.09359820865597968
0.0515617796937029
0.005082074600808895
0.020083040980136246
-0.01686722086916248
0.012390402416693647
-0.002205271978588108
0.001954162314668828
0.06292625909621563
0.048059232237648075
-0.05120330655862837
0.05436809318039337
-0.015144140805206874
0.0276177252845331
-0.027788545411032928
-0.03458770640829023
-0.022622356364218277
0.08080248335888918
0.02927401578257438
0.011553574399841615
0.03973066370480538
-0.012150300762606037
0.10109672394520075
-0.10819102148647719
0.02773636562208104
0.005173534568482907
-0.04126132556270612
0.05425453554333082
0.08176108754913614
0.008665176454019985
-0.03173275161671363
-0.0357902826629255
0.03861575224405023
-0.03563356684104946
0.01716964896203166
0.07586149829868472
-0.018864353824572078
0.025524068456756588
-0.047644828679283435
0.1417808980890598
0.03994035520780326
-0.05120330655862837
-0.015144140805206874
0.08105492908796386
0.0025784297617263974
-0.22146034456414654
0.07518071596092746
0.11840346286310233
-0.04022536987465397
0.012394543666532698
-0.022368622754905587
0.025722681761052968
0.008505479129739868
0.01716964896203166
-0.005105231073404326
-0.017242733713295877
0.06605801367827979
0.022194058573782982
0.04606131559255999
-0.03045002278091502
-0.05282848588680089
-0.017136936568830308
0.02773636562208104
-0.011743957061684185
-0.002205271978588108
0.030122729138618354
0.06567138145123597
-0.07724758378448726
0.0027859037974478085
0.01579928711915457
-0.010204897362879883
0.006143668794592827
-0.08126108737944548
-0.0549153461639893
0.023512429278589764
0.04729149119249154
-0.049962429852048906
-0.0008948035361102669
0.041840431302949455
-0.018864353824572078
0.008665176454019985
0.03863378364598535
-0.05699148198311299
0.01699193585620762
-0.02496648159475967
0.04995452527457189
-0.007882998007099573
-0.0038562351615762935
-0.06720056781523276
-0.05416508205116166
-0.06638125688640528
0.15300088602597928
-0.036421638107813514
-0.045496030668886966
0.01724199139330551
0.031017376704207678
-0.03173275161671363
0.02708189422255458
0.0278028767684102
-0.0849833488167917
0.049538360788050184
-0.009357776553262198
