-0.04022536987465397
-0.06464003578883037
-0.010532567714866659
0.04665297339942498
0.0515617796937029
-0.07075486294590672
-0.005818111085915234
0.01347000313241331
0.012390402416693647
0.03863378364598535
-0.03997727574944321
-0.01249170093178087
0.030974972656109045
-0.03270475340709922
0.026458811902690726
-0.017242733713295877
0.006265799221320201
0.03973066370480538
-0.0007657730469858848
0.08632977574364098
0.006265799221320201
0.012394543666532698
0.028713620756199987
0.04283497654615154
0.062467374718552904
0.06761705055254463
0.0203593980283987
-0.009588853389239205
-0.06464003578883037
0.028713620756199987
0.025649122658425227
0.06364954486786978
-0.05654058267968054
-0.05120330655862837
0.022821768641877682
-0.012150300762606037
-0.03133707462365809
-0.09359820865597968
-0.04126132556270612
-0.024170822975695394
0.017908695057996304
0.024801788304586125
0.018593646962060006
-0.03917887174705115
0.08732358904095427
0.1417808980890598
0.047513051758585334
-0.06193714350214741
0.08176108754913614
0.0844852260058202
-0.022821982956040543
0.05436809318039337
0.13480548385110502
0.08105492908796386
0.05182100602750328
-0.002647647860884561
0.04469322213864224
-0.021161035659430283
0.07060672059698447
-0.019514789449790015
-0.2546008091448053
-0.011743957061684185
0.01579928711915457
-0.021161035659430283
-0.04126132556270612
-0.0013205999854228878
0.012394543666532698
0.1399333926158075
-0.002205271978588108
-0.05120330655862837
0.07518071596092746
0.08105492908796386
0.001954162314668828
0.05168531023255696
0.05168531023255696
-0.0008948035361102669
0.07060672059698447
-0.017136936568830308
0.08732358904095427
-0.049962429852048906
0.1399333926158075
-0.02862716582831837
0.051344950513199095
0.04299886054755575
-0.05699148198311299
-0.002205271978588108
0.01724199139330551
0.08759468040243501
-0.01686722086916248
0.04469322213864224
-0.004841918958801372
0.034283772423341574
0.0844852260058202
0.049538360788050184
0.001954162314668828
0.05425453554333082
0.01347000313241331
0.01035787819304268
0.056736527751481525
0.17000938109242547
-0.05983064969141072
0.020083040980136246
0.011553574399841615
-0.05586089089844393
0.02432879134386301
-0.08678886069673908
-0.05129888770798985
-0.09570667993071069
-0.09432889171755221
0.1417808980890598
0.022821768641877682
0.011999720455214913
0.048059232237648075
0.05425453554333082
-0.03045002278091502
0.019778644828504
-0.09432889171755221
-0.050143819123519506
-0.09359820865597968
0.013109728048770641
0.030974972656109045
0.005173534568482907
0.04391937482752173
-0.1218059774124729
-0.05416508205116166
-0.06638125688640528
0.005173534568482907
-0.018864353824572078
0.0276177252845331
0.04283497654615154
0.028713620756199987
-0.012150300762606037
0.06228267241298191
-0.005818111085915234
-0.022348210496932808
-0.06053051312501001
-0.022348210496932808
-0.050143819123519506
0.023512429278589764
0.04920879849315085
0.0016709762031741349
0.020567585268201682
0.039209693040964666
-0.05586089089844393
-0.06464003578883037
-0.0549153461639893
0.007058852839625374
-0.014438989348697362
0.0016709762031741349
0.01613403625846388
-0.010532567714866659
0.026005039289207943
-0.05416508205116166
0.013109728048770641
0.013109728048770641
-0.01249170093178087
0.020567585268201682
0.08176108754913614
-0.009588853389239205
-0.15702055781469149
0.06316607709876365
-0.13034379599603163
0.026005039289207943
-0.037433866920196124
0.04469322213864224
-0.0851300246174862
0.01046829599036414
0.005173534568482907
-0.038466866176760206
0.008665176454019985
0.023560334148108097
0.045224792909892564
-0.0005187167995490682
-0.09570667993071069
-0.06638125688640528
0.04299886054755575
-0.07724758378448726
0.04790976101641675
0.03208636570286316
-0.05654058267968054
-0.027462288324585415
-0.03563356684104946
0.06228267241298191
0.02773636562208104
0.0203593980283987
0.011553574399841615
0.04606131559255999
-0.06638125688640528
-0.0005187167995490682
0.020567585268201682
-0.008416174423421019
0.05799658946616226
0.04380656992791998
0.022194058573782982
-0.04022536987465397
-0.06285634704832255
0.03208636570286316
-0.022348210496932808
0.06569838178769771
0.030974972656109045
-0.027788545411032928
-0.03917887174705115
0.007058852839625374
0.045224792909892564
0.045224792909892564
0.06567138145123597
0.014780240742707562
0.025649122658425227
0.009856619194733796
0.08799230776265521
0.013109728048770641
0.04823967565580034
0.009856619194733796
0.023560334148108097
-0.0013205999854228878
-0.047644828679283435
0.02714223291166995
0.012390402416693647
0.013065356771912562
-0.03270475340709922
0.04827168718050601
0.006265799221320201
0.0016709762031741349
0.0844852260058202
0.08121523150568599
0.08080248335888918
-0.05416508205116166
0.0027859037974478085
0.05799658946616226
0.04469322213864224
-0.05654058267968054
0.08121523150568599
0.08632977574364098
-0.09432889171755221
-0.013771885982464482
0.04995452527457189
0.04333086414918519
0.019778644828504
0.015089270086424023
0.06292625909621563
0.0203593980283987
0.0276177252845331
-0.22146034456414654
-0.0002495311402075373
-0.007882998007099573
0.03208636570286316
-0.002205271978588108
-0.032259158022980294
-0.08814864178677073
-0.03997727574944321
-0.06285634704832255
0.06569838178769771
0.04299886054755575
0.04827168718050601
-0.03173275161671363
0.06994395962703592
0.02714223291166995
0.024801788304586125
0.02451643163530548
-0.0849833488167917
0.01347000313241331
0.04283497654615154
-0.07465345378649157
-0.011743957061684185
0.04995452527457189
-0.05282848588680089
-0.049962429852048906
0.026458811902690726
0.03443624877469453
0.007058852839625374
-0.022898889969576786
-0.0851300246174862
0.01347000313241331
-0.027788545411032928
0.04371378571481266
0.03861575224405023
-0.0002495311402075373
0.04380656992791998
0.07060672059698447
0.08732358904095427
0.05799658946616226
-0.10013006587302442
-0.027788545411032928
0.04299886054755575
-0.012150300762606037
-0.019514789449790015
-0.015144140805206874
0.08302714817478662
0.030122729138618354
0.03882682382156144
-0.002205271978588108
-0.0038562351615762935
-0.0011970474263076625
0.0203593980283987
0.012299756912504733
0.08176108754913614
0.07586149829868472
-0.06464003578883037
0.13480548385110502
