-0.03997727574944321
0.062467374718552904
0.0041948137923384365
0.001954162314668828
0.04823967565580034
-0.0549153461639893
0.04380656992791998
0.0344322264021244
-0.06258250876081561
-0.049962429852048906
-0.045496030668886966
-0.027462288324585415
-0.03563356684104946
0.04606131559255999
-0.01249170093178087
0.04823967565580034
-0.021161035659430283
0.008505479129739868
0.023560334148108097
-0.018864353824572078
-0.0636718542421022
0.037453479113841226
-0.017242733713295877
0.045224792909892564
0.02773636562208104
0.0216176650818376
0.06228267241298191
-0.0008948035361102669
0.09718899306107964
-0.03045002278091502
0.01613403625846388
0.01661350063361855
-0.019514789449790015
0.04823967565580034
-0.005105231073404326
0.06292625909621563
0.03994035520780326
0.011553574399841615
-0.07212958518599066
0.039209693040964666
-0.05983064969141072
-0.007543661478351282
0.030122729138618354
-0.17661184642248884
0.05182100602750328
-0.007543661478351282
-0.07414653786004877
0.04799414960212012
-0.07724758378448726
-0.027462288324585415
0.023512429278589764
0.026458811902690726
0.005173534568482907
0.01699193585620762
-0.07724758378448726
-0.06258250876081561
-0.03458770640829023
0.011553574399841615
-0.05120330655862837
-0.08143178414826124
0.0165919313161762
-0.05416508205116166
0.13204555949274965
-0.06285634704832255
0.020446479141682516
-0.012150300762606037
0.030122729138618354
0.05182100602750328
0.022194058573782982
-0.01956931117570271
0.0515617796937029
0.1417808980890598
-0.08110299466350668
-0.011743957061684185
-0.010204897362879883
0.026653357334457617
0.03443624877469453
0.011553574399841615
0.0844852260058202
0.02773636562208104
-0.02862716582831837
0.06569838178769771
0.005082074600808895
0.11522232211929584
0.019778644828504
0.04135586741642605
-0.03045002278091502
-0.09359820865597968
-0.0851300246174862
-0.013878349100881593
0.06318283133468316
0.041840431302949455
0.062467374718552904
0.04048653167530425
-0.07414653786004877
0.03208636570286316
-0.05699148198311299
0.11840346286310233
-0.10013006587302442
0.06318283133468316
0.06994395962703592
-0.03917887174705115
-0.05699148198311299
-0.0849833488167917
0.15300088602597928
-0.03270475340709922
0.022821768641877682
-0.005105231073404326
0.030122729138618354
0.020083040980136246
-0.06193714350214741
0.03861575224405023
0.047513051758585334
-0.2546008091448053
0.01579928711915457
-0.002205271978588108
-0.0038562351615762935
-0.005105231073404326
0.03973066370480538
-0.07212958518599066
0.17000938109242547
0.026458811902690726
0.034283772423341574
0.04995452527457189
0.031017376704207678
0.03994035520780326
-0.009357776553262198
0.11522232211929584
0.06806350229329183
0.01579928711915457
0.11522232211929584
0.07060672059698447
-0.08814864178677073
-0.06464003578883037
-0.05586089089844393
-0.009588853389239205
-0.02375973362478856
-0.04466517994807795
0.022194058573782982
0.0344322264021244
0.11522232211929584
0.024801788304586125
-0.0851300246174862
0.0461992712042818
0.014471610315426986
-0.010204897362879883
0.0512476844333456
0.10240276235625068
-0.07465345378649157
0.006143668794592827
0.06605801367827979
0.006143668794592827
-0.022898889969576786
-0.045496030668886966
-0.0002868205956847447
0.0203593980283987
0.06605801367827979
0.02432879134386301
-0.012150300762606037
-0.0038562351615762935
-0.007338419158481102
-0.017136936568830308
-0.04126132556270612
0.04380656992791998
0.029794720012301212
0.05425453554333082
0.020083040980136246
-0.22146034456414654
-0.04022536987465397
0.006746455834750975
0.014471610315426986
-0.038466866176760206
0.025722681761052968
0.06569838178769771
0.048059232237648075
0.13480548385110502
-0.10819102148647719
0.02520341309711238
-0.024170822975695394
-0.05586089089844393
-0.017136936568830308
-0.05983064969141072
-0.0005187167995490682
-0.06226621690008294
0.003822387934753202
-0.10819102148647719
0.020446479141682516
0.014471610315426986
0.017908695057996304
0.06318283133468316
-0.007720686875989813
0.08080248335888918
0.08632977574364098
-0.06226621690008294
-0.013771885982464482
0.014780240742707562
0.01699193585620762
-0.08814864178677073
0.0203593980283987
-0.05586089089844393
0.08080248335888918
0.05168531023255696
-0.019391257313081667
0.018593646962060006
0.04135586741642605
0.05198789125700998
0.04469322213864224
-0.09570667993071069
0.0203593980283987
0.0326533364262076
0.003822387934753202
0.025649122658425227
0.06316607709876365
-0.027462288324585415
0.01699193585620762
0.05182100602750328
-0.01844849936066506
0.03643980545838055
-0.03458770640829023
0.04391937482752173
-0.05464289541014722
0.03994035520780326
0.08080248335888918
-0.05586089089844393
-0.08721982612879486
-0.047644828679283435
-0.1218059774124729
0.06364954486786978
0.026653357334457617
-0.07465345378649157
0.04590352204112591
0.01035787819304268
-0.03458770640829023
-0.051670301345440706
0.011999720455214913
0.01699193585620762
-0.06464003578883037
0.01579928711915457
0.06364954486786978
-0.03563356684104946
-0.1218059774124729
0.04920879849315085
0.02708189422255458
-0.06109953281700342
0.01613403625846388
-0.013771885982464482
-0.007338419158481102
0.02520341309711238
0.020446479141682516
0.11522232211929584
-0.06053051312501001
-0.05129888770798985
0.006746455834750975
-0.0851300246174862
0.02714223291166995
0.04606131559255999
-0.03173275161671363
0.01046829599036414
0.023512429278589764
-0.09570667993071069
0.13480548385110502
-0.027788545411032928
0.04606131559255999
-0.03563356684104946
-0.051670301345440706
0.022194058573782982
-0.027462288324585415
0.039209693040964666
0.01699193585620762
0.04665297339942498
0.03208636570286316
0.06994395962703592
-0.06053051312501001
-0.002205271978588108
0.11522232211929584
-0.15702055781469149
0.04283497654615154
0.0165919313161762
0.017908695057996304
0.03861575224405023
-0.027462288324585415
0.0326533364262076
-0.0038562351615762935
-0.036421638107813514
-0.005818111085915234
-0.07075486294590672
0.03208636570286316
0.06806350229329183
0.03863378364598535
-0.06258250876081561
-0.03133707462365809
-0.06258250876081561
0.11522232211929584
0.023560334148108097
0.022821768641877682
0.0276177252845331
0.04590352204112591
-0.07075486294590672
-0.0011970474263076625
