-0.01249170093178087
0.02432879134386301
0.013065356771912562
0.005082074600808895
-0.022368622754905587
-0.08678886069673908
0.0276177252845331
-0.06720056781523276
0.011553574399841615
-0.07892951287026762
0.0203593980283987
-0.007317237093852569
0.037453479113841226
0.031017376704207678
0.041840431302949455
0.02773636562208104
-0.06053051312501001
-0.03173275161671363
-0.018864353824572078
0.17000938109242547
-0.09432889171755221
0.01699193585620762
-0.03045002278091502
0.08080248335888918
0.08799230776265521
-0.037433866920196124
-0.06464003578883037
-0.0489237727198617
-0.012372140541780041
0.017908695057996304
0.08653619008305125
0.007058852839625374
0.0512476844333456
0.06605801367827979
-0.0549153461639893
-0.2546008091448053
0.01579928711915457
0.0165919313161762
0.022821768641877682
-0.017242733713295877
-0.07892951287026762
-0.0007657730469858848
0.02708189422255458
0.012390402416693647
-0.0357902826629255
0.043334141200254805
0.08176108754913614
-0.09570667993071069
-0.024170822975695394
0.06292625909621563
0.04665297339942498
0.01699193585620762
-0.032340875642459466
0.015089270086424023
0.04823967565580034
0.014780240742707562
0.05425453554333082
0.17000938109242547
0.01613403625846388
0.005173534568482907
0.11840346286310233
-0.027789787343500905
0.031017376704207678
0.051344950513199095
0.01613403625846388
0.030122729138618354
-0.005818111085915234
0.03863378364598535
0.01046829599036414
-0.04022536987465397
0.030122729138618354
0.03443624877469453
0.08799230776265521
0.01613403625846388
-0.09432889171755221
0.03643980545838055
0.06364954486786978
-0.08678886069673908
-0.014438989348697362
0.08632977574364098
0.030122729138618354
0.012390402416693647
-0.009588853389239205
0.13204555949274965
0.0016709762031741349
0.023560334148108097
0.06567138145123597
-0.002205271978588108
-0.08678886069673908
0.04827168718050601
0.04371378571481266
0.023560334148108097
0.04823967565580034
-0.051670301345440706
0.04333086414918519
0.006265799221320201
0.045224792909892564
-0.027462288324585415
0.006143668794592827
0.01716964896203166
-0.07724758378448726
0.008505479129739868
0.04135586741642605
0.1399333926158075
0.008505479129739868
0.026005039289207943
-0.007317237093852569
0.01579928711915457
0.04790976101641675
0.04391937482752173
0.04995452527457189
0.04135586741642605
0.020567585268201682
-0.022898889969576786
-0.12033949778566289
0.047513051758585334
-0.07892951287026762
0.10109672394520075
0.1399333926158075
-0.03997727574944321
-0.08143178414826124
0.06605801367827979
0.05168531023255696
0.018593646962060006
0.1399333926158075
-0.009588853389239205
-0.03695834061658587
-0.03458770640829023
-0.060513028914405353
0.05425453554333082
0.08105492908796386
0.0025784297617263974
0.008505479129739868
-0.07465345378649157
0.020083040980136246
-0.05586089089844393
0.04391937482752173
0.01716964896203166
-0.007882998007099573
-0.07212958518599066
-0.07892951287026762
-0.06053051312501001
0.03861575224405023
0.013109728048770641
0.014471610315426986
-0.06285634704832255
-0.0489237727198617
0.03994035520780326
-0.0002868205956847447
-0.08678886069673908
-0.04466517994807795
0.018593646962060006
0.011553574399841615
0.06228267241298191
0.06364954486786978
0.012390402416693647
0.07060672059698447
-0.01249170093178087
-0.022898889969576786
-0.08110299466350668
-0.03270475340709922
-0.17661184642248884
-0.02375973362478856
-0.011743957061684185
-0.07465345378649157
-0.01844849936066506
0.012394543666532698
0.039209693040964666
-0.022898889969576786
-0.07724758378448726
-0.08110299466350668
0.008505479129739868
0.04790976101641675
-0.03270475340709922
0.008665176454019985
-0.04126132556270612
0.04920879849315085
0.037107507807760065
-0.0011970474263076625
0.025649122658425227
-0.15702055781469149
-0.08143178414826124
0.023512429278589764
0.03208636570286316
-0.03563356684104946
0.06567138145123597
0.06569838178769771
0.01699193585620762
-0.06285634704832255
0.039209693040964666
0.08080248335888918
-0.005818111085915234
0.023512429278589764
0.020567585268201682
-0.13034379599603163
0.034283772423341574
-0.036421638107813514
-0.02375973362478856
0.04283497654615154
0.041840431302949455
0.04333086414918519
-0.010204897362879883
-0.08285893181375492
-0.037433866920196124
0.08080248335888918
0.08383912323474085
0.03443624877469453
-0.009357776553262198
0.019778644828504
0.006746455834750975
-0.03045002278091502
0.03861575224405023
0.05425453554333082
0.0461992712042818
0.04371378571481266
-0.08678886069673908
-0.08285893181375492
-0.02243129284092049
-0.010532567714866659
-0.09359820865597968
0.014780240742707562
-0.047644828679283435
-0.04022536987465397
-0.01956931117570271
0.025649122658425227
0.04606131559255999
-0.012372140541780041
0.04380656992791998
0.08105492908796386
-0.09570667993071069
0.025722681761052968
0.007058852839625374
0.0326533364262076
-0.027393577402978764
0.051344950513199095
-0.12033949778566289
0.06567138145123597
0.025722681761052968
-0.07075486294590672
0.10240276235625068
0.012299756912504733
0.005173534568482907
-0.17661184642248884
0.06806350229329183
0.02927401578257438
0.08759468040243501
0.02708189422255458
0.06761705055254463
0.08653619008305125
0.008665176454019985
-0.0357902826629255
0.047513051758585334
-0.037433866920196124
0.06994395962703592
0.08302714817478662
-0.004841918958801372
-0.018864353824572078
0.0461992712042818
0.02451643163530548
0.005173534568482907
0.07518071596092746
-0.03520416182162833
-0.03997727574944321
-0.009588853389239205
0.13204555949274965
-0.022368622754905587
-0.049962429852048906
-0.009588853389239205
0.012299756912504733
0.0216176650818376
-0.04022536987465397
0.03861575224405023
0.009856619194733796
0.030122729138618354
-0.0011970474263076625
0.012299756912504733
0.10109672394520075
0.022194058573782982
-0.02496648159475967
0.012390402416693647
0.013065356771912562
0.013065356771912562
0.04823967565580034
0.02708189422255458
0.08383912323474085
0.023512429278589764
-0.009588853389239205
0.04606131559255999
0.039209693040964666
0.031017376704207678
-0.0849833488167917
0.08302714817478662
-0.032259158022980294
-0.03563356684104946
0.020567585268201682
-0.0002495311402075373
0.030122729138618354
-0.01249170093178087
-0.06109953281700342
