-0.03917887174705115
-0.03520416182162833
0.04790976101641675
0.025722681761052968
-0.06285634704832255
0.11522232211929584
0.08383912323474085
-0.01956931117570271
0.07382421435571018
0.008665176454019985
0.03994035520780326
-0.002205271978588108
-0.024170822975695394
-0.03695834061658587
0.04590352204112591
0.001954162314668828
0.011553574399841615
-0.01844849936066506
-0.04466517994807795
-0.007317237093852569
0.02451643163530548
-0.03520416182162833
-0.037433866920196124
0.11522232211929584
0.020083040980136246
0.06364954486786978
0.04135586741642605
-0.03133707462365809
-0.005818111085915234
-0.04126132556270612
0.020567585268201682
-0.012150300762606037
0.04606131559255999
0.03208636570286316
0.0203593980283987
0.025649122658425227
0.07060672059698447
-0.03458770640829023
-0.007543661478351282
-0.02375973362478856
0.003822387934753202
0.001954162314668828
0.01661350063361855
-0.014438989348697362
0.04469322213864224
-0.05654058267968054
0.01724199139330551
0.07518071596092746
0.08632977574364098
0.051344950513199095
0.04665297339942498
-0.03133707462365809
0.020567585268201682
0.07518071596092746
-0.06193714350214741
0.04135586741642605
-0.027788545411032928
-0.09359820865597968
0.10240276235625068
-0.037433866920196124
-0.03997727574944321
0.04995452527457189
0.05168531023255696
-0.0005187167995490682
-0.08814864178677073
-0.17661184642248884
0.011999720455214913
-0.05129888770798985
-0.022898889969576786
0.02432879134386301
-0.0008948035361102669
0.05198789125700998
0.10109672394520075
0.025524068456756588
-0.027393577402978764
0.01661350063361855
0.04371378571481266
0.08653619008305125
-0.038466866176760206
0.06761705055254463
0.04380656992791998
-0.0002495311402075373
-0.012150300762606037
-0.03917887174705115
0.020083040980136246
0.07586149829868472
-0.0008948035361102669
0.014471610315426986
-0.03173275161671363
0.011553574399841615
0.01046829599036414
-0.045496030668886966
0.001954162314668828
0.037453479113841226
-0.06053051312501001
0.037107507807760065
0.07586149829868472
-0.007317237093852569
-0.05654058267968054
0.08383912323474085
0.07586149829868472
-0.017136936568830308
0.048059232237648075
0.02708189422255458
0.11522232211929584
0.1399333926158075
0.018593646962060006
-0.06109953281700342
0.0461992712042818
0.0844852260058202
0.02773636562208104
-0.022368622754905587
0.041840431302949455
0.008665176454019985
-0.015144140805206874
0.034283772423341574
0.0512476844333456
-0.014438989348697362
-0.08285893181375492
-0.04466517994807795
0.10109672394520075
0.025524068456756588
-0.05464289541014722
0.019778644828504
0.045224792909892564
0.04729149119249154
0.013040071944516285
0.04920879849315085
-0.0007657730469858848
0.08383912323474085
-0.032340875642459466
0.015089270086424023
-0.007338419158481102
0.04729149119249154
0.15300088602597928
0.0041948137923384365
-0.005818111085915234
-0.027789787343500905
-0.07414653786004877
0.01716964896203166
-0.13034379599603163
-0.0007657730469858848
0.031017376704207678
0.08080248335888918
0.08732358904095427
0.013040071944516285
0.04380656992791998
-0.03133707462365809
-0.03520416182162833
0.03443624877469453
0.05436809318039337
-0.03173275161671363
0.0844852260058202
-0.014438989348697362
-0.07212958518599066
0.07518071596092746
0.01699193585620762
-0.05983064969141072
-0.15702055781469149
0.04371378571481266
-0.014438989348697362
0.023560334148108097
0.04333086414918519
-0.017136936568830308
0.04729149119249154
0.0027859037974478085
-0.07212958518599066
-0.05586089089844393
-0.0013205999854228878
0.02520341309711238
-0.041376638974308655
0.020446479141682516
0.0216176650818376
-0.02862716582831837
0.03994035520780326
0.0326533364262076
-0.06258250876081561
-0.0002868205956847447
-0.01686722086916248
0.020446479141682516
-0.04126132556270612
-0.05699148198311299
0.043334141200254805
0.006746455834750975
0.03973066370480538
-0.02243129284092049
0.01716964896203166
-0.13034379599603163
-0.05983064969141072
0.049538360788050184
-0.1218059774124729
0.001954162314668828
0.06925574960452696
0.04380656992791998
0.13480548385110502
-0.06109953281700342
-0.0851300246174862
-0.047644828679283435
-0.06193714350214741
0.04299886054755575
-0.12033949778566289
0.04995452527457189
-0.024170822975695394
-0.03173275161671363
0.0027859037974478085
-0.0849833488167917
0.06316607709876365
0.04048653167530425
0.0688088340488946
0.05168531023255696
-0.06109953281700342
-0.027789787343500905
0.0016709762031741349
-0.06638125688640528
0.01046829599036414
0.04995452527457189
-0.08110299466350668
0.01699193585620762
-0.05699148198311299
0.06318283133468316
0.04333086414918519
0.0165919313161762
-0.049962429852048906
0.020083040980136246
-0.04022536987465397
-0.06193714350214741
0.013065356771912562
0.0512476844333456
-0.007317237093852569
-0.08678886069673908
0.04469322213864224
0.02451643163530548
-0.015144140805206874
-0.045496030668886966
0.018593646962060006
0.06364954486786978
0.003822387934753202
0.0025784297617263974
-0.01249170093178087
0.013109728048770641
0.03208636570286316
0.008665176454019985
0.006265799221320201
-0.06053051312501001
-0.022821982956040543
-0.060513028914405353
-0.07212958518599066
-0.028034859824940028
0.037453479113841226
-0.04466517994807795
0.06605801367827979
0.06316607709876365
0.01724199139330551
0.01347000313241331
-0.014438989348697362
0.04048653167530425
-0.027788545411032928
-0.0011970474263076625
-0.007720686875989813
0.014471610315426986
-0.03270475340709922
0.04590352204112591
0.020567585268201682
0.01699193585620762
0.013065356771912562
0.02708189422255458
0.07518071596092746
0.037107507807760065
-0.007338419158481102
0.015089270086424023
-0.22146034456414654
-0.04466517994807795
0.01347000313241331
-0.0038562351615762935
-0.02243129284092049
-0.027393577402978764
-0.07414653786004877
0.020446479141682516
0.08799230776265521
-0.009588853389239205
0.018593646962060006
0.013109728048770641
0.009856619194733796
-0.007720686875989813
-0.022622356364218277
-0.10013006587302442
0.0344322264021244
0.020567585268201682
0.037107507807760065
-0.007720686875989813
0.04920879849315085
0.06605801367827979
0.08176108754913614
0.030122729138618354
-0.019514789449790015
0.003822387934753202
0.02520341309711238
-0.1218059774124729
-0.05983064969141072
