0.06925574960452696
0.08080248335888918
0.04665297339942498
-0.05464289541014722
0.013109728048770641
0.08759468040243501
0.009856619194733796
0.030122729138618354
0.0016709762031741349
-0.028034859824940028
0.08759468040243501
-0.007882998007099573
-0.012372140541780041
-0.027462288324585415
-0.04466517994807795
0.048059232237648075
0.05182100602750328
0.0022689688502968153
-0.011743957061684185
0.06569838178769771
-0.08110299466350668
0.05799658946616226
-0.10819102148647719
0.006746455834750975
-0.027789787343500905
-0.0002868205956847447
0.0022689688502968153
-0.05464289541014722
0.012394543666532698
0.037453479113841226
0.05425453554333082
0.003822387934753202
0.02714223291166995
0.0344322264021244
-0.09432889171755221
0.03863378364598535
0.06925574960452696
0.1399333926158075
0.08176108754913614
0.05425453554333082
-0.1218059774124729
-0.05416508205116166
0.05168531023255696
0.026458811902690726
-0.012150300762606037
-0.13034379599603163
0.006746455834750975
-0.12033949778566289
-0.03270475340709922
-0.012372140541780041
0.06316607709876365
0.025524068456756588
0.02708189422255458
0.013109728048770641
0.01347000313241331
-0.01956931117570271
0.08176108754913614
-0.041376638974308655
-0.02243129284092049
0.025524068456756588
-0.027393577402978764
-0.17661184642248884
0.07518071596092746
-0.017136936568830308
0.007058852839625374
-0.08721982612879486
0.08759468040243501
0.0515617796937029
-0.027393577402978764
-0.06464003578883037
0.009856619194733796
-0.08126108737944548
0.017908695057996304
0.01347000313241331
0.02708189422255458
0.030122729138618354
-0.002647647860884561
0.04299886054755575
0.04665297339942498
0.0278028767684102
-0.008416174423421019
0.04333086414918519
-0.005818111085915234
0.026653357334457617
-0.03045002278091502
-0.022622356364218277
0.06569838178769771
-0.022898889969576786
0.04790976101641675
-0.005818111085915234
0.08302714817478662
-0.004841918958801372
0.11840346286310233
0.022194058573782982
0.04469322213864224
0.015089270086424023
0.04333086414918519
-0.09570667993071069
-0.06053051312501001
0.05436809318039337
-0.005105231073404326
-0.021161035659430283
0.07518071596092746
0.020446479141682516
-0.0357902826629255
0.028713620756199987
-0.022898889969576786
-0.024170822975695394
-0.019391257313081667
0.05436809318039337
0.06761705055254463
-0.06638125688640528
0.047513051758585334
-0.007543661478351282
0.030122729138618354
0.041840431302949455
0.11522232211929584
0.018593646962060006
0.04790976101641675
0.013040071944516285
0.03994035520780326
0.06761705055254463
0.0278028767684102
0.026005039289207943
0.08383912323474085
-0.032259158022980294
-0.06258250876081561
0.020083040980136246
0.01716964896203166
-0.01956931117570271
-0.013771885982464482
0.008505479129739868
0.014780240742707562
-0.021161035659430283
0.01046829599036414
0.01579928711915457
-0.007338419158481102
-0.05699148198311299
0.04823967565580034
0.08105492908796386
-0.005105231073404326
-0.06638125688640528
0.06228267241298191
-0.050143819123519506
-0.002205271978588108
-0.060513028914405353
-0.009588853389239205
-0.03917887174705115
0.03863378364598535
0.037453479113841226
-0.01956931117570271
-0.0038562351615762935
0.05436809318039337
0.008665176454019985
0.011553574399841615
0.08080248335888918
0.006143668794592827
0.005173534568482907
0.051344950513199095
-0.15702055781469149
0.06364954486786978
0.08732358904095427
0.08121523150568599
0.0515617796937029
-0.022348210496932808
0.009856619194733796
-0.04126132556270612
0.07060672059698447
0.1399333926158075
0.01716964896203166
0.02927401578257438
-0.007338419158481102
0.0016709762031741349
-0.010204897362879883
0.05182100602750328
0.03994035520780326
-0.002205271978588108
0.01724199139330551
0.10240276235625068
-0.06464003578883037
0.08732358904095427
0.062467374718552904
-0.013878349100881593
-0.037433866920196124
-0.01686722086916248
-0.022622356364218277
-0.049962429852048906
0.019778644828504
0.007058852839625374
0.04790976101641675
0.025649122658425227
0.02432879134386301
0.022194058573782982
0.026653357334457617
-0.0357902826629255
0.0216176650818376
0.10240276235625068
0.04799414960212012
-0.15702055781469149
-0.027789787343500905
-0.05654058267968054
0.04380656992791998
-0.0489237727198617
-0.09359820865597968
0.01699193585620762
-0.0038562351615762935
-0.0013205999854228878
-0.17661184642248884
-0.12033949778566289
0.024801788304586125
-0.0851300246174862
0.005173534568482907
0.047513051758585334
-0.06226621690008294
0.022194058573782982
0.01347000313241331
0.0344322264021244
0.031017376704207678
0.04729149119249154
-0.0013205999854228878
-0.047644828679283435
-0.007338419158481102
0.02432879134386301
0.05436809318039337
-0.022348210496932808
-0.06638125688640528
-0.005818111085915234
-0.10013006587302442
-0.03458770640829023
-0.014438989348697362
-0.041376638974308655
-0.03270475340709922
0.030974972656109045
-0.03133707462365809
-0.03045002278091502
-0.07414653786004877
-0.018864353824572078
-0.01844849936066506
0.03643980545838055
0.020567585268201682
0.03443624877469453
-0.022821982956040543
-0.13034379599603163
-0.0007657730469858848
-0.13034379599603163
-0.047644828679283435
-0.060513028914405353
0.02520341309711238
-0.047644828679283435
-0.1218059774124729
0.043334141200254805
0.022194058573782982
0.0844852260058202
-0.015144140805206874
0.08799230776265521
0.049538360788050184
-0.0007657730469858848
-0.032340875642459466
-0.09570667993071069
0.031017376704207678
-0.0002495311402075373
0.04371378571481266
-0.011743957061684185
-0.08814864178677073
0.06318283133468316
0.001954162314668828
-0.041376638974308655
0.06761705055254463
0.01613403625846388
0.04665297339942498
-0.004841918958801372
0.023512429278589764
-0.002647647860884561
0.013040071944516285
-0.03563356684104946
0.10240276235625068
0.003822387934753202
0.06567138145123597
0.023512429278589764
-0.014438989348697362
-0.024170822975695394
0.0025784297617263974
0.008665176454019985
0.04606131559255999
-0.008416174423421019
-0.0005187167995490682
-0.009588853389239205
0.02451643163530548
0.014780240742707562
-0.04022536987465397
-0.06109953281700342
-0.08721982612879486
0.02708189422255458
0.06569838178769771
-0.03045002278091502
0.02520341309711238
0.06318283133468316
-0.08814864178677073
0.06318283133468316
