    6995.996    
    7051.766    
    6972.897    
    6823.212    
    7097.500    
    7285.946    
    7175.509    
    8053.351    
    7865.795    
    7098.332    
    7163.680    
    7026.582    
    7226.112    
    7552.914    
    7571.074    
    7832.162    
    7436.370    
    7155.906    
    7223.940    
    7739.417    
    7762.920    
    8151.996    
    8766.622    
    8543.597    
    8315.289    
    8126.043    
    8033.716    
    7669.805    
    7961.951    
    8656.231    
    8014.924    
    7825.054    
    7813.300    
    7267.185    
    7819.153    
    7915.961    
    7884.012    
    7316.615    
    7211.964    
    6676.733    
    6882.052    
    6845.260    
    6708.389    
    6892.393    
    7063.312    
    7343.999    
    7507.975    
    7581.530    
    7196.022    
    7589.190    
    7110.347    
    7686.345    
    7998.980    
    8091.721    
    8425.376    
    8093.762    
    7938.219    
    7389.632    
    7725.468    
    7694.176    
    7627.530    
    6917.452    
    7087.800    
    6931.373    
    7234.546    
    7331.190    
    7145.097    
    7496.183    
    7456.649    
    7250.850    
    7660.639    
    6876.767    
    6865.771    
    6860.639    
    6733.002    
    6674.676    
    6800.260    
    6743.613    
    6840.880    
    6883.338    
    6757.029    
    6591.510    
    6594.254    
    6415.529    
    6432.691    
    7037.856    
    7308.830    
    6953.245    
    6766.375    
    6549.006    
    6246.171    
    6533.084    
    6532.474    
    6716.799    
    6628.366    
    6692.132    
    6602.647    
    6650.278    
    6578.586    
    6382.851    
    6170.468    
    6096.987    
    5683.196    
    5354.421    
    5496.625    
    5009.933    
    5022.960    
    4662.799    
    4120.319    
    3661.907    
    3949.533    
    4152.741    
    3859.947    
    4337.526    
    4207.354    
    4177.361    
    3597.494    
    3245.558    
    2985.751    
    3260.516    
    2862.096    
    3152.619    
    2650.479    
    3029.103    
    2472.486    
    2190.689    
    2253.637    
    2091.744    
    2013.539    
    2029.431    
    2180.456    
    1947.306    
    1818.077    
    1714.711    
    1828.172    
    1511.488    
    1468.037    
    1404.451    
    1250.438    
    1484.497    
    1853.221    
    1987.533    
    2000.155    
    1902.487    
    2755.846    
    2481.004    
    2131.433    
    2719.776    
    3209.299    
    3737.145    
    4237.458    
    5091.576    
    5618.155    
    5891.459    
    5995.858    
    5844.295    
    5270.022    
    4312.128    
    3637.307    
    2748.184    
    2836.984    
    2809.872    
    2330.659    
    2921.621    
    3054.162    
    2489.394    
    2817.967    
    3352.549    
    3255.739    
    2822.994    
    2581.461    
    3192.289    
    3146.549    
    2391.773    
    2663.568    
    2234.565    
    3075.064    
    2201.721    
    1938.586    
    1627.017    
    1673.796    
    2020.243    
    2140.608    
    2348.832    
    2042.044    
    2164.565    
    1970.219    
    1951.300    
    1406.221    
    1352.974    
    1596.382    
    1568.018    
    1536.780    
    1427.683    
    1370.590    
    1296.639    
    1391.368    
    1364.190    
    1439.205    
    1295.092    
    996.7661    
    1151.774    
    1175.848    
    1203.135    
    1221.746    
    1122.092    
    955.5684    
    1290.606    
    1757.479    
    1399.345    
    1420.148    
    1373.677    
    1050.580    
    1439.878    
    1368.334    
    1204.977    
    982.9875    
    1050.228    
    950.6383    
    976.9539    
    1066.477    
    1093.797    
    1007.135    
    1072.111    
    1033.432    
    1110.841    
    1306.850    
    1477.707    
    1441.615    
    1756.502    
    2059.452    
    2431.849    
    3072.408    
    2710.280    
    3431.646    
    2877.855    
    1875.559    
    1641.754    
    1529.664    
    1427.928    
    1572.903    
    1494.169    
    1623.703    
    1784.189    
    1854.248    
    2052.137    
    3291.395    
    3333.067    
    3531.445    
    3693.692    
    3614.179    
    3491.295    
    3802.759    
    4073.639    
    5176.686    
    4934.786    
    5237.295    
    4361.763    
    4275.527    
    4448.604    
    5799.878    
    6196.761    
    6410.061    
    6504.949    
    6484.458    
    6445.634    
    6284.322    
    6301.714    
    6248.676    
    5444.565    
    5755.808    
    5950.798    
    6049.290    
    5942.601    
    5296.706    
    4629.203    
    4489.330    
    5766.303    
    6338.301    
    6201.958    
    6155.099    
    6350.316    
    6455.686    
    6563.297    
    6264.918    
    6537.974    
    6653.725    
    7067.079    
    7826.918    
    7759.667    
    7653.307    
    8121.048    
    8217.340    
    7932.056    
    7264.380    
    6947.681    
    6794.112    
    6777.022    
    6642.164    
    6990.362    
