    1605.573    
    1541.625    
    1394.046    
    1612.719    
    2421.920    
    2306.087    
    2157.675    
    2160.059    
    1994.698    
    2569.529    
    2822.431    
    3187.145    
    2592.873    
    2199.356    
    1889.303    
    2322.001    
    2015.126    
    2082.772    
    2828.181    
    2982.441    
    3263.664    
    2344.025    
    1659.320    
    1611.477    
    2096.555    
    1985.601    
    3198.173    
    2271.173    
    2646.013    
    3222.726    
    4062.902    
    4345.451    
    5184.340    
    5083.863    
    4276.824    
    3747.239    
    3499.629    
    3404.898    
    2978.976    
    3055.177    
    2435.664    
    2008.029    
    2110.886    
    1574.535    
    1798.995    
    1992.270    
    1943.495    
    2038.390    
    1968.500    
    1842.287    
    1565.162    
    1490.008    
    1415.214    
    1894.518    
    2676.666    
    3170.846    
    3543.073    
    3291.970    
    3273.152    
    2546.426    
    2803.192    
    2871.780    
    3612.020    
    4189.587    
    3559.694    
    3629.902    
    3251.538    
    3075.019    
    3438.222    
    4017.453    
    4101.943    
    4431.965    
    4691.128    
    4916.433    
    4980.210    
    3819.429    
    3735.398    
    3913.425    
    3346.513    
    2945.040    
    2056.050    
    2028.011    
    2235.271    
    2856.172    
    3119.323    
    3869.708    
    4383.848    
    4399.557    
    4599.493    
    5501.476    
    5953.797    
    5571.402    
    5712.284    
    5749.484    
    5844.341    
    6285.307    
    6350.964    
    5656.588    
    5882.305    
    5778.810    
    5974.665    
    6154.008    
    6368.875    
    6221.065    
    6311.759    
    6815.942    
    7075.024    
    6679.424    
    6506.977    
    6483.081    
    6485.660    
    6296.097    
    6402.560    
    6451.194    
    6292.282    
    6586.412    
    6513.454    
    7083.748    
    6973.717    
    6904.152    
    7239.677    
    7024.668    
    7148.173    
    7042.863    
    7444.535    
    7303.205    
    7762.146    
    7684.614    
    7207.512    
    7450.018    
    6895.713    
    6866.492    
    7571.982    
    7069.917    
    6948.764    
    7207.518    
    7841.209    
    7844.090    
    7789.683    
    7772.083    
    7716.282    
    7077.002    
    7037.441    
    7224.336    
    7266.833    
    7178.554    
    7659.298    
    7696.126    
    7749.260    
    7565.128    
    7910.514    
    8140.682    
    8186.597    
    8545.039    
    8732.461    
    8108.528    
    8200.017    
    7887.066    
    7918.852    
    7876.389    
    7599.404    
    7518.422    
    7836.795    
    7847.640    
    8066.406    
    8033.577    
    7992.093    
    8103.028    
    8050.173    
    8100.617    
    8485.184    
    8764.781    
    8340.985    
    8078.447    
    7951.423    
    7618.611    
    7267.820    
    7586.449    
    7410.965    
    7071.908    
    7113.825    
    7006.699    
    6949.685    
    7393.683    
    7373.866    
    7646.372    
    7221.170    
    6803.886    
    6391.993    
    6166.009    
    5316.614    
    5335.418    
    5424.521    
    6194.271    
    6249.774    
    6653.592    
    6710.621    
    6561.214    
    6018.669    
    6127.095    
    6047.549    
    6625.676    
    6750.272    
    6721.152    
    6979.157    
    7132.159    
    6834.912    
    7347.060    
    6884.079    
    6548.643    
    6530.149    
    6922.411    
    7245.380    
    7168.590    
    7339.677    
    6931.054    
    6770.835    
    6754.340    
    6916.301    
    6946.025    
    6674.040    
    6853.774    
    7264.723    
    6639.257    
    6738.104    
    6762.510    
    6767.135    
    6579.741    
    6499.267    
    6707.998    
    6605.627    
    6444.939    
    6694.810    
    6649.468    
    6556.747    
    6197.976    
    6004.480    
    5320.062    
    5234.111    
    4372.501    
    4324.145    
    4254.723    
    3381.406    
    3023.341    
    2891.417    
    2722.832    
    1862.432    
    1407.736    
    1751.290    
    1640.760    
    1405.379    
    1514.735    
    2086.483    
    2458.380    
    2199.972    
    1579.848    
    1870.126    
    1427.049    
    2371.130    
    1810.776    
    1378.595    
    1204.406    
    1216.648    
    1760.286    
    1189.413    
    1304.791    
    1057.742    
    979.6569    
    1031.938    
    982.9321    
    951.7961    
    1060.184    
    1106.494    
    1418.014    
    1532.634    
    1466.983    
    1707.981    
    1444.523    
    1098.460    
    1200.273    
    997.2058    
    905.3411    
    1017.997    
    1084.762    
    1050.136    
    1339.359    
    1344.464    
    1310.819    
    1174.133    
    1125.419    
    1392.509    
    1496.851    
    1436.959    
    1483.307    
    1430.436    
    1271.544    
    1473.381    
    1258.958    
    1454.701    
    1635.273    
