    1333.092    
    1433.717    
    1233.251    
    1212.608    
    1498.053    
    1499.838    
    1306.553    
    1575.433    
    1537.106    
    1419.593    
    1479.938    
    1398.872    
    1442.739    
    1119.394    
    1102.079    
    1032.818    
    1010.644    
    1257.685    
    1252.744    
    1680.464    
    2191.737    
    1686.827    
    1828.914    
    1730.777    
    2001.616    
    2236.742    
    2635.135    
    2087.775    
    2840.117    
    3250.641    
    3605.706    
    3653.045    
    3365.669    
    2896.518    
    2990.427    
    2685.250    
    1979.790    
    1943.498    
    1756.023    
    1843.317    
    1628.113    
    2585.658    
    3286.646    
    3850.326    
    3459.400    
    3289.560    
    3164.608    
    2928.422    
    3036.936    
    2813.340    
    2723.175    
    3027.436    
    3237.834    
    3079.792    
    2708.601    
    2402.060    
    3101.140    
    3230.187    
    4066.541    
    4162.139    
    4348.410    
    5435.891    
    5710.552    
    6156.102    
    6296.446    
    6519.961    
    6437.369    
    6841.422    
    7098.247    
    7478.535    
    7835.249    
    7658.516    
    6899.981    
    7111.773    
    7544.021    
    7767.300    
    8073.401    
    8187.470    
    8117.058    
    7967.766    
    7438.156    
    7269.228    
    7840.743    
    7941.775    
    7569.449    
    7849.879    
    8018.065    
    7789.905    
    7881.022    
    7928.770    
    7371.043    
    6829.334    
    7186.538    
    7588.938    
    8023.715    
    7893.025    
    7847.485    
    8010.085    
    8425.735    
    8707.608    
    8666.651    
    8233.698    
    7612.449    
    6858.981    
    7140.186    
    7035.168    
    6941.596    
    7033.120    
    7316.185    
    7203.973    
    7028.504    
    6639.315    
    6173.238    
    6333.290    
    6308.932    
    6597.006    
    6489.794    
    6350.132    
    5865.312    
    5571.811    
    6130.528    
    6375.150    
    6560.567    
    6740.524    
    6843.822    
    6716.697    
    6880.798    
    6700.161    
    6747.240    
    6784.975    
    6552.352    
    6657.625    
    6735.591    
    6768.572    
    7172.439    
    7286.113    
    7022.375    
    7053.659    
    6934.294    
    7240.979    
    8096.260    
    8141.289    
    8549.476    
    8170.065    
    7385.874    
    7505.854    
    6994.923    
    6819.190    
    6971.612    
    7624.696    
    7702.711    
    7280.203    
    7350.564    
    7406.531    
    7141.831    
    7464.743    
    7673.020    
    7228.064    
    6897.657    
    6526.697    
    6468.964    
    6747.812    
    6659.512    
    7073.619    
    7247.741    
    7244.866    
    7193.687    
    7763.147    
    8002.230    
    7715.686    
    7711.382    
    8060.034    
    7813.631    
    7562.104    
    7125.064    
    6973.610    
    6925.295    
    6570.923    
    6107.188    
    6687.523    
    6585.874    
    6700.039    
    6862.063    
    6613.321    
    6510.162    
    6564.458    
    6546.332    
    6190.115    
    5280.021    
    5008.760    
    5175.318    
    5339.590    
    5941.711    
    6415.555    
    6406.357    
    6238.706    
    5983.641    
    5702.859    
    6030.513    
    6279.456    
    6176.211    
    6604.175    
    6698.129    
    6714.320    
    6007.159    
    6096.016    
    6301.237    
    5404.125    
    5829.117    
    5312.898    
    5729.527    
    4447.041    
    5081.387    
    4712.320    
    4456.929    
    4392.007    
    4222.076    
    3875.190    
    3582.342    
    3489.289    
    3557.509    
    3409.753    
    3768.818    
    3724.780    
    4007.721    
    3669.344    
    4376.321    
    4287.573    
    4299.022    
    5206.926    
    5754.878    
    4627.160    
    4933.881    
    4277.239    
    3755.830    
    3175.823    
    2023.594    
    2030.425    
    1602.565    
    1397.072    
    1334.765    
    1060.759    
    964.0645    
    927.8855    
    986.2732    
    1078.268    
    1359.144    
    1513.719    
    1466.082    
    1555.768    
    1416.775    
    1475.961    
    1359.673    
    1402.509    
    1384.943    
    1107.995    
    1308.785    
    1009.483    
    940.8984    
    1196.176    
    1557.056    
    2077.754    
    2910.272    
    2788.521    
    1906.855    
    1736.702    
    1638.476    
    2806.102    
    2472.797    
    2144.893    
    2095.173    
    1918.488    
    1607.997    
    2113.469    
    1987.291    
    1811.434    
    1792.302    
    2015.393    
    2301.115    
    1935.786    
    1878.574    
    2329.768    
    2534.889    
    2861.819    
    2776.304    
    2253.926    
    2477.688    
    2007.733    
    2438.689    
    2220.852    
    2177.323    
    2135.056    
    2294.436    
    1810.439    
    1391.498    
    1385.554    
    1203.396    
    1019.927    
    1046.966    
    1138.439    
