    7078.678    
    6776.794    
    6915.059    
    6989.259    
    7226.483    
    6818.261    
    6607.655    
    5925.187    
    5852.306    
    6464.986    
    6424.479    
    6664.975    
    6715.996    
    6023.185    
    5954.429    
    5807.036    
    6005.003    
    6509.002    
    6567.927    
    6489.432    
    6702.250    
    6645.975    
    6626.388    
    6895.293    
    7039.123    
    6751.478    
    6678.182    
    6105.466    
    5539.738    
    5242.531    
    5193.565    
    4251.385    
    3619.230    
    2816.611    
    1897.615    
    1415.278    
    1345.776    
    1492.523    
    1388.526    
    1942.139    
    1670.468    
    1495.646    
    1364.792    
    1265.154    
    1402.814    
    1314.381    
    1383.627    
    933.0874    
    1032.739    
    919.6477    
    997.4448    
    1026.503    
    989.6207    
    1024.089    
    1075.184    
    1045.743    
    1091.314    
    1393.543    
    1162.747    
    1220.347    
    1373.229    
    1392.180    
    1328.885    
    1093.023    
    1130.161    
    1059.017    
    1104.317    
    1340.937    
    1309.866    
    1420.792    
    1243.885    
    1110.258    
    1189.865    
    1527.488    
    1452.491    
    1557.771    
    1665.162    
    1447.329    
    1873.278    
    1427.147    
    1765.699    
    1807.850    
    2799.863    
    3515.984    
    3602.696    
    4156.862    
    4034.191    
    4077.602    
    2271.445    
    2478.811    
    2954.660    
    2800.280    
    2584.731    
    2114.113    
    2338.372    
    2075.689    
    1980.172    
    1479.802    
    1494.481    
    1439.642    
    1379.375    
    1607.565    
    1946.001    
    1971.604    
    1616.170    
    1853.147    
    2165.036    
    1863.551    
    2220.707    
    2846.831    
    2185.958    
    1639.127    
    1834.192    
    2001.411    
    2498.527    
    2548.495    
    2897.688    
    3006.286    
    4115.943    
    3190.139    
    3772.243    
    3456.699    
    3049.700    
    3561.653    
    3583.658    
    2953.789    
    2759.647    
    1852.450    
    1633.587    
    1697.245    
    1583.897    
    1984.842    
    1723.320    
    2043.454    
    2343.085    
    2719.421    
    3063.226    
    3174.992    
    2781.651    
    3088.610    
    3275.477    
    3068.450    
    3254.575    
    2678.784    
    1985.050    
    1930.586    
    1650.585    
    1989.040    
    2460.981    
    2380.381    
    3232.107    
    3294.077    
    3776.665    
    3901.976    
    2182.005    
    2112.692    
    2148.905    
    2139.803    
    1996.652    
    2419.674    
    2648.737    
    3202.299    
    3262.195    
    3718.596    
    3398.322    
    4306.636    
    4341.783    
    4269.111    
    3330.786    
    3432.438    
    3700.624    
    4594.999    
    4946.181    
    5029.316    
    4451.330    
    3880.834    
    4294.925    
    4872.185    
    4413.367    
    4379.129    
    5176.336    
    5294.775    
    5337.502    
    5440.012    
    5739.319    
    5484.002    
    5657.406    
    6033.395    
    6323.180    
    6208.455    
    6214.416    
    6158.734    
    6240.226    
    6577.660    
    6849.698    
    6524.781    
    6359.091    
    6335.514    
    6665.281    
    6593.669    
    6533.444    
    6518.138    
    6561.608    
    6876.949    
    6540.134    
    6361.041    
    6394.245    
    6139.085    
    6306.552    
    6445.314    
    6720.256    
    6705.852    
    6699.938    
    6689.314    
    6967.361    
    6829.692    
    7081.974    
    7139.024    
    7493.964    
    7181.882    
    7366.577    
    7594.140    
    7810.821    
    7822.385    
    8632.251    
    8420.593    
    7974.851    
    7620.617    
    7708.967    
    7331.155    
    7735.305    
    7931.320    
    7869.353    
    7820.702    
    7525.400    
    7288.812    
    6859.503    
    6827.473    
    6984.846    
    7646.060    
    8014.608    
    7896.572    
    8066.369    
    7715.023    
    7830.360    
    8011.883    
    8102.301    
    8716.502    
    8529.596    
    8274.021    
    8210.797    
    8138.214    
    8074.102    
    8002.806    
    8163.774    
    7781.388    
    7298.123    
    7278.175    
    7488.099    
    7255.383    
    7245.662    
    7327.528    
    7456.081    
    6929.799    
    6789.151    
    7047.822    
    7114.722    
    7592.370    
    7678.117    
    7919.957    
    7839.886    
    7728.031    
    7591.816    
    7755.064    
    7173.783    
    7017.586    
    7159.929    
    7099.962    
    7253.097    
    7037.307    
    7116.780    
    7219.644    
    7236.309    
    7440.629    
    7863.996    
    8056.990    
    7688.531    
    7414.951    
    7307.053    
    6910.751    
    6952.637    
    6738.968    
    6744.735    
    6640.920    
    6482.035    
    5949.093    
    6066.251    
    6186.693    
    6585.216    
    6867.111    
