    6506.215    
    6443.653    
    6720.105    
    6383.358    
    6402.365    
    6843.066    
    6641.929    
    6456.467    
    6729.308    
    6583.403    
    6852.748    
    6944.761    
    7019.724    
    6865.330    
    7119.977    
    7134.631    
    7626.281    
    7858.938    
    7677.680    
    7475.620    
    7281.271    
    7499.602    
    7686.104    
    7800.579    
    7735.485    
    7568.353    
    7794.401    
    7840.934    
    7821.197    
    8039.922    
    7646.671    
    7614.830    
    8006.600    
    8686.306    
    8252.773    
    8456.141    
    8094.551    
    7741.736    
    8737.356    
    8551.547    
    8024.178    
    7658.513    
    7243.011    
    7236.949    
    7082.198    
    7140.173    
    7259.225    
    6952.060    
    7226.741    
    7371.704    
    7793.126    
    7866.425    
    8117.705    
    7938.366    
    8078.026    
    8184.850    
    7993.010    
    8110.905    
    8063.198    
    8137.733    
    8234.728    
    7909.087    
    7881.737    
    7953.173    
    7725.309    
    7532.389    
    7263.766    
    7409.451    
    7401.891    
    7577.865    
    7207.981    
    6868.779    
    7048.953    
    7053.085    
    6484.519    
    6693.201    
    6587.879    
    6508.865    
    5974.453    
    5561.780    
    6346.304    
    5761.745    
    6283.156    
    6546.626    
    6311.670    
    6165.570    
    5957.467    
    6062.319    
    6000.193    
    6182.829    
    6274.754    
    6188.282    
    6106.750    
    5912.837    
    4459.056    
    4367.076    
    4355.149    
    4201.539    
    3367.696    
    3212.129    
    1966.297    
    2027.017    
    2082.553    
    2337.198    
    1992.813    
    2035.091    
    2014.252    
    2075.888    
    2156.549    
    2058.599    
    2232.484    
    2282.417    
    2965.691    
    3111.840    
    4285.516    
    4231.970    
    5141.758    
    5590.987    
    5196.748    
    5607.680    
    5866.366    
    5168.582    
    3585.390    
    3311.873    
    2860.884    
    2911.591    
    3017.588    
    3267.454    
    5345.551    
    5211.237    
    5691.414    
    4821.945    
    4008.667    
    3958.860    
    4465.690    
    5013.069    
    4961.888    
    3752.073    
    3603.797    
    3854.453    
    2631.814    
    2121.533    
    2701.356    
    2761.635    
    2928.690    
    2857.808    
    3536.260    
    3421.481    
    3631.032    
    3762.945    
    4074.989    
    3382.721    
    3251.826    
    2591.583    
    2746.710    
    2538.248    
    2449.369    
    2159.167    
    2214.794    
    2001.479    
    1979.432    
    1947.057    
    2017.347    
    1757.480    
    1644.613    
    1732.820    
    1872.850    
    1791.617    
    1436.876    
    1882.837    
    1764.592    
    1845.870    
    1687.657    
    1579.188    
    1500.317    
    1526.260    
    1496.203    
    1616.337    
    1421.253    
    1428.685    
    1385.534    
    1061.125    
    1108.558    
    1219.177    
    1380.737    
    1353.773    
    1567.899    
    1636.294    
    1350.663    
    1391.023    
    1328.479    
    1548.073    
    1620.098    
    1482.803    
    1170.855    
    1493.326    
    1570.585    
    1418.969    
    1087.581    
    1131.023    
    1072.191    
    922.6362    
    1005.819    
    1026.485    
    900.7708    
    975.5120    
    1014.201    
    1052.045    
    1292.568    
    1288.225    
    1137.796    
    1179.917    
    991.0741    
    1230.229    
    1374.768    
    1196.329    
    1401.189    
    1290.889    
    1340.720    
    1354.668    
    1077.255    
    1274.367    
    1404.907    
    1535.984    
    1818.109    
    1896.125    
    2176.559    
    2803.212    
    3187.583    
    2874.656    
    3003.387    
    2178.899    
    2339.998    
    2487.953    
    3169.950    
    3499.824    
    3816.614    
    3300.234    
    2458.442    
    2222.748    
    2388.847    
    2673.964    
    3120.962    
    3160.409    
    3472.477    
    3061.182    
    3331.709    
    3685.392    
    4284.158    
    4332.316    
    4402.214    
    4725.271    
    5253.296    
    5415.110    
    5847.211    
    6146.588    
    6242.371    
    6370.896    
    6525.600    
    6446.982    
    6850.277    
    6754.013    
    6197.565    
    6667.296    
    6734.976    
    6655.564    
    6931.029    
    6895.788    
    7158.227    
    7198.205    
    7097.594    
    6948.244    
    6749.420    
    6411.152    
    6206.349    
    6647.525    
    6768.599    
    6907.084    
    7183.423    
    6975.230    
    7107.191    
    7529.119    
    7352.722    
    7306.601    
    7202.780    
    7110.835    
    6983.860    
    7366.937    
    7077.372    
    6720.426    
    6628.769    
    6570.637    
    6601.101    
    6709.561    
    6679.331    
    6893.767    
    6749.800    
    6809.869    
    6784.648    
    6626.978    
