    1478.075    
    2214.703    
    2108.456    
    1544.396    
    1662.524    
    1479.900    
    1523.660    
    1650.402    
    1751.782    
    2662.408    
    2702.951    
    2099.008    
    1959.627    
    1407.819    
    1378.320    
    1557.791    
    1875.952    
    1587.379    
    1972.639    
    1464.914    
    1593.116    
    1692.438    
    2207.596    
    2424.333    
    2158.027    
    1502.494    
    1223.502    
    1158.645    
    1831.472    
    1955.322    
    1630.555    
    1327.077    
    1008.934    
    1022.081    
    996.7850    
    943.5913    
    1044.396    
    1035.158    
    1125.569    
    1391.505    
    1139.271    
    1253.554    
    1754.916    
    1820.103    
    1441.876    
    2249.787    
    2371.893    
    1813.925    
    1878.259    
    2920.052    
    2793.365    
    2292.196    
    1989.810    
    1911.041    
    1435.164    
    1316.056    
    1420.246    
    1400.419    
    1205.349    
    1132.834    
    1419.503    
    1551.375    
    2025.147    
    2000.391    
    2452.613    
    3296.910    
    3703.867    
    4220.848    
    4986.397    
    4843.646    
    3790.193    
    3753.775    
    3570.304    
    4160.441    
    4034.740    
    4398.838    
    5295.068    
    5927.231    
    5890.518    
    6008.379    
    5975.666    
    6240.104    
    6154.543    
    6661.021    
    6385.524    
    5745.823    
    5279.556    
    4733.483    
    4351.687    
    3673.077    
    4325.946    
    3934.801    
    4391.636    
    4301.975    
    4420.410    
    4461.382    
    5455.872    
    5733.611    
    6510.151    
    6880.492    
    6837.549    
    6917.039    
    7024.595    
    6849.938    
    6764.322    
    6533.524    
    6994.131    
    7155.287    
    7579.565    
    7133.742    
    7235.134    
    6567.692    
    6411.904    
    6562.859    
    6490.267    
    6198.340    
    6063.038    
    6129.933    
    6360.897    
    6506.838    
    6904.414    
    7036.514    
    6931.420    
    6752.268    
    7468.586    
    7193.549    
    7304.512    
    7163.057    
    7720.000    
    7622.810    
    7956.129    
    8021.396    
    7932.833    
    7357.984    
    7378.341    
    7907.653    
    7324.649    
    7688.698    
    7315.465    
    7452.768    
    7652.040    
    7092.920    
    7670.948    
    7291.087    
    7364.904    
    7810.105    
    7620.404    
    7886.399    
    7259.281    
    6860.590    
    6735.592    
    6820.901    
    6219.312    
    6278.405    
    6150.396    
    6168.010    
    6328.466    
    5919.225    
    6213.362    
    6602.257    
    6718.248    
    6676.901    
    6432.791    
    6441.396    
    6636.462    
    6543.997    
    6523.053    
    6608.722    
    6707.852    
    6665.503    
    6618.180    
    6864.940    
    6786.499    
    6458.209    
    6464.819    
    6619.854    
    6832.987    
    7532.594    
    7794.865    
    7159.430    
    7241.262    
    7044.315    
    7038.261    
    7108.290    
    6952.559    
    7083.908    
    6691.269    
    6573.066    
    6954.965    
    7554.588    
    7737.422    
    7474.062    
    7729.170    
    7843.549    
    7272.396    
    7599.064    
    7488.837    
    7400.125    
    7861.231    
    7719.222    
    7723.506    
    7995.366    
    8097.058    
    8407.870    
    8723.112    
    8781.916    
    8599.521    
    8354.757    
    8191.986    
    8252.503    
    8204.744    
    8103.960    
    8132.259    
    8062.763    
    8080.362    
    8038.652    
    7929.072    
    7838.298    
    7266.291    
    6934.861    
    7239.967    
    6985.829    
    7067.396    
    6717.688    
    6739.440    
    6694.712    
    6313.009    
    5638.619    
    5334.733    
    5801.211    
    5957.100    
    5785.989    
    5489.635    
    5040.452    
    5169.583    
    5415.066    
    5204.388    
    4553.266    
    3538.016    
    2991.545    
    2905.706    
    3093.955    
    3379.986    
    3305.598    
    3467.365    
    2869.042    
    3257.366    
    3010.288    
    3129.494    
    3226.474    
    2797.108    
    2760.946    
    2117.774    
    1934.738    
    1257.946    
    1358.218    
    1171.069    
    1791.492    
    2552.685    
    2715.592    
    2821.529    
    3021.427    
    3126.147    
    3178.202    
    2805.111    
    3053.448    
    3198.619    
    3312.968    
    4089.892    
    3860.357    
    3645.411    
    4319.118    
    3689.222    
    3430.621    
    2500.506    
    2009.658    
    2347.583    
    2596.739    
    2179.110    
    2461.566    
    2139.678    
    1703.325    
    1600.452    
    1811.763    
    1503.823    
    1445.783    
    2162.989    
    2037.241    
    2084.918    
    1513.548    
    1465.260    
    1109.778    
    1852.074    
    1439.680    
    1234.931    
    1165.865    
    1066.136    
    943.6492    
    1075.137    
    1352.701    
