    6311.514    
    5851.832    
    5292.283    
    5276.481    
    5713.831    
    5214.741    
    5309.479    
    5640.879    
    5886.582    
    6132.755    
    6066.701    
    6080.509    
    6406.083    
    7049.049    
    6888.394    
    7169.270    
    7054.846    
    6728.238    
    6553.844    
    6539.952    
    6790.552    
    7072.107    
    6558.763    
    6705.546    
    6627.468    
    7119.938    
    6781.427    
    7126.924    
    7180.065    
    6784.210    
    6664.905    
    7096.236    
    7201.221    
    6855.396    
    6890.420    
    7246.772    
    7577.352    
    7696.847    
    7859.618    
    7864.617    
    8090.746    
    8110.905    
    8069.285    
    7661.365    
    7853.986    
    7766.308    
    7642.386    
    7654.929    
    7840.886    
    7610.276    
    7453.020    
    7438.692    
    7272.124    
    6935.471    
    6822.662    
    6680.038    
    6583.408    
    6698.994    
    6608.439    
    6053.070    
    5676.538    
    4387.069    
    4177.976    
    5045.337    
    5736.978    
    5947.099    
    6280.298    
    5577.361    
    6471.560    
    6456.491    
    6933.953    
    7027.186    
    7354.040    
    7221.787    
    6891.426    
    4957.058    
    4678.314    
    4760.805    
    6717.905    
    6690.348    
    6844.908    
    6735.156    
    6201.057    
    6018.352    
    5164.190    
    5238.927    
    4398.404    
    3881.605    
    3783.502    
    3726.650    
    3394.843    
    3354.518    
    3429.063    
    2937.658    
    3103.081    
    3145.747    
    2994.375    
    3014.130    
    3048.608    
    3160.402    
    3240.538    
    3206.501    
    3052.345    
    2900.607    
    2816.824    
    2794.100    
    2103.475    
    2376.322    
    1976.961    
    1901.200    
    2277.694    
    1906.325    
    1544.011    
    1278.197    
    1194.869    
    1338.085    
    1478.300    
    1641.988    
    1493.742    
    1440.505    
    1397.836    
    1360.365    
    1283.122    
    967.1721    
    993.0980    
    1408.768    
    1404.704    
    1385.923    
    1342.775    
    1560.487    
    1578.635    
    1863.979    
    1847.283    
    1919.825    
    2085.868    
    2775.564    
    3376.325    
    3678.442    
    3465.208    
    3348.523    
    2977.889    
    2703.521    
    2354.424    
    2158.872    
    2510.565    
    2178.776    
    2854.692    
    2739.082    
    2895.188    
    2588.869    
    2256.480    
    2024.139    
    1965.892    
    2010.458    
    1985.063    
    2341.394    
    2009.023    
    2100.367    
    2024.522    
    1804.056    
    1816.094    
    1661.778    
    1451.642    
    1486.547    
    1463.214    
    1300.524    
    1092.984    
    1071.210    
    1519.443    
    1353.941    
    1374.040    
    1558.069    
    1212.270    
    910.9424    
    885.3540    
    920.4294    
    1020.446    
    1060.142    
    1361.798    
    1416.230    
    1515.549    
    1311.187    
    1056.578    
    970.9462    
    950.4998    
    1158.751    
    1149.247    
    1130.256    
    1448.251    
    1327.992    
    1024.686    
    956.5253    
    1328.864    
    1101.961    
    1222.216    
    1411.146    
    1699.402    
    1828.309    
    2058.519    
    2245.907    
    2116.835    
    2182.159    
    1880.847    
    1972.107    
    1991.384    
    2471.193    
    2265.689    
    2692.320    
    2625.888    
    2558.070    
    3141.153    
    3630.983    
    4087.508    
    3908.253    
    4331.442    
    5028.218    
    6445.565    
    5829.206    
    5439.811    
    6148.551    
    4349.702    
    4471.827    
    4503.453    
    3949.836    
    3672.932    
    3512.046    
    3544.020    
    3718.457    
    3854.513    
    4229.609    
    4445.099    
    4529.896    
    5492.048    
    6165.483    
    6247.136    
    6159.736    
    5900.555    
    6263.641    
    6650.627    
    6377.811    
    6642.464    
    6578.436    
    6319.553    
    6292.639    
    6236.394    
    6546.343    
    6909.196    
    6524.137    
    6503.764    
    6843.500    
    6678.271    
    6574.321    
    6833.437    
    6758.583    
    6475.277    
    6516.375    
    6817.373    
    7018.959    
    6900.984    
    7006.244    
    7066.926    
    6862.006    
    7212.300    
    6992.874    
    7160.700    
    7088.780    
    7258.418    
    7337.019    
    7467.291    
    7267.812    
    7415.430    
    7318.371    
    7757.415    
    7982.920    
    8192.369    
    8085.628    
    8173.674    
    8180.659    
    8748.473    
    8832.885    
    8303.373    
    8346.678    
    8225.039    
    8143.729    
    7918.244    
    8455.884    
    8473.654    
    8016.161    
    7942.220    
    7844.851    
    7960.726    
    7890.098    
    7807.989    
    7787.872    
    7737.854    
    7520.360    
    7498.269    
    7549.526    
    7210.146    
    6447.216    
