    2031.150    
    2005.629    
    1816.954    
    1893.467    
    1850.371    
    1846.262    
    1554.191    
    1537.881    
    1274.444    
    1382.733    
    1365.395    
    1323.118    
    1358.562    
    1049.537    
    1081.406    
    1377.200    
    1559.859    
    1368.934    
    1218.267    
    1294.592    
    1448.055    
    1184.762    
    1463.804    
    1515.802    
    1477.317    
    1580.578    
    1697.914    
    1613.081    
    1488.149    
    1589.875    
    1455.645    
    1353.900    
    1144.128    
    1039.795    
    982.0325    
    1096.793    
    1407.059    
    1385.646    
    1057.832    
    1303.552    
    1254.414    
    1228.204    
    994.2206    
    925.0538    
    830.1192    
    899.0337    
    958.8046    
    939.3644    
    1010.021    
    949.2801    
    1104.593    
    1156.748    
    1415.360    
    1425.115    
    1530.294    
    1436.608    
    1960.691    
    2131.036    
    2392.869    
    2119.105    
    2838.511    
    2944.254    
    3575.291    
    3627.092    
    2907.241    
    2608.458    
    3397.965    
    4352.957    
    4236.794    
    3765.754    
    4061.872    
    3243.793    
    2309.894    
    2416.862    
    2346.243    
    1925.303    
    1584.478    
    1681.710    
    1809.925    
    1977.856    
    2983.925    
    3485.454    
    4160.292    
    4307.380    
    4298.915    
    3771.394    
    3841.022    
    3171.889    
    3348.033    
    3639.932    
    3123.420    
    3456.239    
    3112.795    
    2670.004    
    2924.393    
    2788.391    
    2635.071    
    3312.907    
    3292.876    
    3297.019    
    2963.534    
    2061.857    
    1922.984    
    1786.031    
    2183.308    
    2487.658    
    2328.459    
    3137.429    
    2180.537    
    2016.557    
    2040.238    
    2802.381    
    3100.820    
    4149.298    
    4752.785    
    6172.511    
    6294.047    
    6566.876    
    6477.124    
    6500.336    
    6677.539    
    6883.492    
    6707.785    
    6643.848    
    6942.054    
    7171.578    
    7343.646    
    7558.505    
    7267.848    
    6952.670    
    7249.631    
    7065.129    
    7091.573    
    7285.897    
    7183.531    
    7774.614    
    8102.736    
    8286.956    
    7899.429    
    7998.686    
    7853.790    
    7724.588    
    8136.889    
    8074.360    
    8399.212    
    8530.177    
    8205.028    
    8092.992    
    8218.053    
    8049.605    
    7967.430    
    7642.811    
    7815.882    
    6805.889    
    6664.825    
    7119.950    
    7662.763    
    7839.519    
    8114.749    
    7904.085    
    7845.046    
    7817.627    
    7933.554    
    8690.809    
    8651.217    
    7715.350    
    7502.956    
    7373.394    
    7191.956    
    6810.161    
    6736.699    
    6621.889    
    6592.711    
    6999.122    
    7467.116    
    6962.386    
    7239.710    
    7438.774    
    7667.883    
    7292.164    
    6982.750    
    6692.042    
    6715.324    
    6731.975    
    6491.869    
    6756.264    
    6428.535    
    6194.967    
    6395.131    
    6506.196    
    6612.915    
    6533.940    
    6338.203    
    6528.068    
    6629.070    
    6882.431    
    7613.384    
    7154.771    
    7371.583    
    7308.357    
    7085.471    
    6767.255    
    6838.732    
    7137.708    
    7023.896    
    6777.346    
    6795.349    
    6749.010    
    6112.063    
    5709.837    
    5378.033    
    5360.152    
    6064.567    
    6547.549    
    6928.467    
    7488.146    
    7588.375    
    7058.873    
    7219.891    
    7226.424    
    7544.925    
    7805.622    
    7732.463    
    7159.977    
    6936.692    
    6917.713    
    6947.405    
    7433.408    
    6865.275    
    7200.298    
    7882.422    
    7780.739    
    7602.317    
    7747.798    
    7275.922    
    7076.304    
    7028.282    
    6845.933    
    6386.884    
    6344.456    
    5808.362    
    6153.365    
    6303.766    
    6202.129    
    6147.598    
    5829.578    
    5881.522    
    5276.016    
    5732.655    
    5915.738    
    5789.521    
    5222.708    
    5126.913    
    5346.613    
    6231.414    
    6550.511    
    6491.243    
    6450.382    
    6569.753    
    6414.851    
    6283.818    
    6121.770    
    5482.979    
    5972.734    
    5993.533    
    5574.282    
    5417.992    
    4379.422    
    4884.651    
    5021.647    
    4485.584    
    4343.524    
    4272.387    
    4202.294    
    3662.249    
    3924.363    
    3989.483    
    3720.648    
    3447.237    
    2753.692    
    3264.568    
    2276.723    
    3245.752    
    2968.813    
    2877.538    
    2543.687    
    2275.841    
    2207.722    
    2205.582    
    1982.581    
    1730.792    
    1770.147    
    1635.305    
    1867.899    
    2067.494    
    2677.182    
    2819.594    
    2126.591    
    1913.947    
    2015.053    
