    7523.926    
    7902.447    
    8084.583    
    7933.997    
    7726.433    
    7729.043    
    7627.784    
    7666.713    
    7152.776    
    7818.478    
    7507.230    
    7641.995    
    7470.847    
    7988.288    
    8162.821    
    8029.120    
    8276.146    
    8130.739    
    8057.228    
    7766.006    
    8015.041    
    7840.524    
    7745.297    
    7243.910    
    7090.032    
    6936.145    
    6816.583    
    6984.782    
    6993.585    
    7070.641    
    7627.606    
    7882.038    
    8490.979    
    8723.025    
    8693.346    
    8448.430    
    8071.786    
    7571.842    
    7637.104    
    7763.388    
    7952.300    
    7813.490    
    7859.298    
    7940.187    
    7818.283    
    7563.354    
    7239.295    
    7283.550    
    7692.678    
    7368.287    
    7059.597    
    6658.536    
    6960.353    
    6623.491    
    6927.327    
    6866.030    
    6945.874    
    6845.077    
    6709.120    
    6665.989    
    6748.301    
    6604.790    
    6364.571    
    6091.313    
    5883.063    
    5752.307    
    6164.766    
    6037.743    
    5736.456    
    4435.281    
    5289.283    
    5907.301    
    6151.594    
    6269.929    
    5969.048    
    6008.587    
    5851.678    
    5439.166    
    4036.010    
    4402.852    
    3637.260    
    2964.488    
    2238.115    
    2254.889    
    2065.627    
    1996.421    
    2028.151    
    1924.886    
    1919.750    
    2051.845    
    2145.543    
    2826.323    
    2837.742    
    3182.648    
    3072.012    
    2531.283    
    2697.366    
    3114.245    
    3347.369    
    4362.738    
    5347.357    
    5168.736    
    5555.899    
    5129.626    
    4303.780    
    4253.668    
    4325.659    
    5221.540    
    5617.631    
    5213.417    
    5030.107    
    4273.972    
    4089.385    
    4580.250    
    3439.919    
    3263.881    
    2347.932    
    2194.744    
    3226.162    
    2727.846    
    3195.922    
    3567.396    
    4072.254    
    4852.862    
    4929.707    
    3377.885    
    2906.430    
    3008.188    
    2870.063    
    3237.549    
    4142.408    
    2976.430    
    2788.167    
    2224.359    
    2400.129    
    2089.659    
    2173.461    
    2641.905    
    2436.491    
    2495.853    
    2447.174    
    2041.570    
    2007.612    
    1632.586    
    1412.878    
    1284.440    
    1391.581    
    1194.791    
    1205.885    
    1163.518    
    1180.069    
    1528.464    
    1729.585    
    1858.696    
    2183.104    
    2159.917    
    2059.556    
    2019.606    
    1894.405    
    1653.945    
    1583.757    
    1505.082    
    1368.810    
    1333.371    
    1431.509    
    1350.080    
    1441.685    
    1479.695    
    1328.957    
    1130.776    
    1241.479    
    1477.770    
    1238.622    
    1078.416    
    1165.597    
    1381.972    
    1465.712    
    1421.202    
    1435.694    
    1394.793    
    1535.490    
    1588.347    
    1497.505    
    1428.137    
    1276.535    
    1049.808    
    970.4983    
    959.1589    
    989.5692    
    889.7856    
    935.8700    
    906.2798    
    919.7618    
    1067.023    
    953.3126    
    1021.843    
    1032.477    
    1361.015    
    1297.552    
    1401.657    
    1628.260    
    1597.719    
    1703.587    
    1621.247    
    1836.192    
    1875.183    
    1907.716    
    1951.077    
    2746.678    
    2704.571    
    2178.910    
    2042.784    
    2366.602    
    1878.609    
    1973.456    
    3177.083    
    2975.819    
    2586.083    
    2845.533    
    3280.465    
    3771.164    
    3362.777    
    3853.486    
    3616.600    
    3714.417    
    3142.682    
    3506.642    
    3672.417    
    3611.227    
    3805.374    
    4232.777    
    3901.883    
    4514.905    
    5487.018    
    6210.931    
    6429.458    
    6489.302    
    6507.584    
    6633.457    
    6874.025    
    6776.854    
    7037.031    
    6725.695    
    6573.985    
    6292.191    
    6136.224    
    6460.159    
    5984.674    
    6442.342    
    6324.052    
    6560.572    
    6498.360    
    6931.436    
    7109.587    
    7249.662    
    7297.528    
    7326.410    
    7382.154    
    7343.656    
    8063.308    
    8203.347    
    8102.720    
    7426.167    
    7227.779    
    6859.074    
    6700.110    
    6677.866    
    6720.499    
    6827.034    
    6920.005    
    6642.165    
    7035.474    
    7054.922    
    7306.773    
    7271.073    
    7443.501    
    7234.540    
    7106.215    
    6764.805    
    6703.301    
    6536.807    
    6520.077    
    6351.411    
    6421.315    
    6252.237    
    6405.657    
    6424.216    
    6206.377    
    6112.051    
    6283.379    
    6559.548    
    6741.315    
    6847.940    
    6880.571    
    7092.657    
    6893.677    
    7167.905    
    7182.462    
    7349.339    
    7596.680    
