    1077.956    
    1137.540    
    1424.776    
    1399.990    
    1187.124    
    1381.253    
    1613.990    
    1690.463    
    1726.467    
    1984.371    
    2013.026    
    1987.147    
    1846.854    
    1841.056    
    1598.897    
    1817.140    
    1682.700    
    1644.404    
    1491.759    
    1484.448    
    1305.242    
    1111.380    
    962.9420    
    1016.681    
    985.3767    
    1296.637    
    1174.043    
    1020.395    
    1038.090    
    1138.654    
    1157.341    
    1392.603    
    1541.074    
    1871.932    
    1802.565    
    2001.446    
    1949.876    
    1992.300    
    2120.769    
    2281.353    
    2258.899    
    2432.868    
    2846.252    
    2544.126    
    2815.850    
    2154.884    
    2166.249    
    1764.706    
    1913.805    
    1445.141    
    1772.923    
    1520.080    
    1451.889    
    1394.450    
    1967.757    
    1859.927    
    1429.867    
    1359.313    
    1243.196    
    1332.904    
    1416.162    
    1440.682    
    1373.594    
    2032.885    
    2408.903    
    2670.859    
    3024.029    
    2883.637    
    2981.124    
    3214.052    
    3230.714    
    3284.470    
    3490.092    
    3370.879    
    3343.942    
    3125.254    
    2960.384    
    2473.437    
    2314.396    
    2098.976    
    2169.030    
    2711.252    
    2576.501    
    2420.377    
    2083.888    
    1923.079    
    1546.832    
    1364.160    
    1498.885    
    1275.366    
    1573.646    
    1961.001    
    2324.756    
    2725.819    
    2785.906    
    3053.528    
    3161.353    
    3804.325    
    3257.273    
    3635.094    
    3758.199    
    4334.214    
    3998.637    
    3700.499    
    3171.357    
    3449.643    
    3627.852    
    4128.656    
    4884.687    
    3671.782    
    3338.638    
    3577.182    
    4301.391    
    5379.701    
    5890.961    
    6132.646    
    6165.991    
    6164.857    
    6037.718    
    5993.483    
    6423.684    
    6536.851    
    6864.374    
    6788.896    
    6762.792    
    6417.379    
    6510.856    
    6451.934    
    6740.773    
    6730.689    
    6514.643    
    6935.971    
    6949.319    
    7314.622    
    7485.373    
    7609.852    
    7595.292    
    7347.267    
    7560.705    
    7830.081    
    7893.340    
    7744.932    
    7819.721    
    7751.384    
    7917.709    
    7837.767    
    8009.867    
    7992.126    
    8154.048    
    8216.452    
    8578.175    
    8336.488    
    8762.759    
    8699.516    
    8501.431    
    8056.628    
    7882.788    
    7783.676    
    7692.982    
    7293.246    
    7640.397    
    7182.151    
    6828.551    
    7028.512    
    7124.141    
    7511.291    
    7140.648    
    7015.003    
    7079.910    
    7434.438    
    7655.519    
    7847.978    
    7918.385    
    7959.829    
    8093.715    
    8219.007    
    8124.488    
    8143.496    
    8063.087    
    8038.930    
    7720.743    
    7824.539    
    7757.729    
    7226.715    
    7230.660    
    7045.659    
    6882.693    
    7147.031    
    6707.094    
    6596.572    
    6289.259    
    6323.673    
    6480.401    
    6644.814    
    6695.649    
    6649.526    
    6630.732    
    6976.775    
    7253.098    
    7265.106    
    7061.743    
    7052.881    
    6799.881    
    7104.504    
    6922.372    
    6922.963    
    7328.277    
    7088.168    
    7286.947    
    7589.827    
    7233.386    
    7177.137    
    7222.543    
    7397.935    
    7571.421    
    7523.574    
    7276.635    
    7159.235    
    6878.688    
    6912.764    
    6759.702    
    6499.590    
    6113.290    
    4450.375    
    4292.381    
    4419.561    
    4477.003    
    4352.914    
    5678.524    
    5352.514    
    6460.814    
    6602.200    
    6361.630    
    6570.836    
    6556.522    
    6491.589    
    5840.407    
    4750.368    
    5059.095    
    5258.796    
    4631.256    
    4405.212    
    4432.715    
    5160.910    
    6384.485    
    6613.491    
    6817.795    
    6312.782    
    6706.915    
    6777.138    
    6848.989    
    6891.828    
    7073.003    
    6843.565    
    6822.068    
    6717.211    
    6624.684    
    6659.056    
    6557.438    
    6278.393    
    6332.458    
    6139.967    
    5975.927    
    5318.159    
    5776.169    
    5963.502    
    6202.121    
    6232.246    
    5243.344    
    5314.188    
    3838.109    
    3909.397    
    5720.055    
    5526.072    
    5452.072    
    5661.211    
    5898.116    
    4154.397    
    3654.578    
    3383.301    
    3071.245    
    2923.003    
    2627.901    
    2752.274    
    2790.618    
    2184.813    
    2088.100    
    1890.925    
    1567.871    
    1426.746    
    1221.938    
    1536.294    
    1122.490    
    1084.907    
    1080.594    
    1240.179    
    1398.449    
    1356.205    
    1060.484    
    1048.264    
