    1488.944    
    1398.414    
    1406.244    
    1097.297    
    1262.893    
    1180.889    
    1315.758    
    1343.935    
    1635.065    
    1445.772    
    1424.095    
    1343.733    
    1578.041    
    1534.659    
    1980.073    
    1702.197    
    1467.405    
    1394.735    
    1360.897    
    1145.721    
    1205.311    
    1085.767    
    1082.425    
    1105.021    
    1458.710    
    1294.649    
    1385.129    
    1231.356    
    1139.510    
    990.2886    
    962.3671    
    1023.225    
    981.7236    
    1015.771    
    1322.562    
    1508.774    
    1434.866    
    1281.987    
    1168.860    
    1052.262    
    995.2753    
    1029.784    
    907.9546    
    1188.792    
    1371.545    
    1503.076    
    1744.992    
    1839.648    
    2164.924    
    2114.992    
    2438.702    
    2832.289    
    2591.500    
    2986.386    
    2680.604    
    2919.310    
    2636.170    
    3098.316    
    2826.079    
    3083.223    
    3222.414    
    3187.218    
    3177.578    
    2961.750    
    3337.021    
    4245.406    
    4273.925    
    5041.530    
    4351.178    
    3738.792    
    3931.065    
    5309.784    
    5687.786    
    4098.390    
    3650.225    
    3317.751    
    3164.108    
    2859.296    
    2393.425    
    2167.133    
    1921.864    
    1914.888    
    1852.182    
    1791.462    
    1813.919    
    2031.750    
    2497.483    
    3142.014    
    3300.915    
    3386.350    
    3688.944    
    3527.135    
    3414.155    
    3457.171    
    4046.968    
    3601.479    
    3833.021    
    3627.078    
    4371.378    
    4207.326    
    3635.044    
    4290.059    
    4392.970    
    4426.413    
    5814.740    
    5931.063    
    5659.307    
    5169.873    
    4197.888    
    4527.104    
    3794.735    
    3897.704    
    5584.953    
    5983.032    
    6289.580    
    6362.648    
    6612.873    
    7000.745    
    7605.328    
    7449.698    
    8065.756    
    7827.914    
    7907.630    
    7933.241    
    8037.750    
    7835.758    
    7660.559    
    7732.586    
    7828.388    
    7845.029    
    8013.817    
    7871.694    
    7779.780    
    8098.961    
    7927.097    
    7715.314    
    7323.519    
    7071.593    
    6978.974    
    6724.740    
    6834.234    
    6711.215    
    6691.883    
    6670.972    
    7049.832    
    7686.982    
    7535.163    
    8004.065    
    8021.127    
    8130.527    
    8153.666    
    8725.653    
    8541.443    
    8256.548    
    8055.955    
    8082.367    
    7980.684    
    8709.243    
    8436.907    
    7880.644    
    7655.396    
    7604.346    
    7265.324    
    7152.509    
    7224.049    
    7084.427    
    6873.596    
    6620.979    
    6914.852    
    7023.084    
    6825.319    
    7016.583    
    6728.613    
    6472.967    
    6161.117    
    6221.289    
    6399.456    
    6770.199    
    6756.332    
    6958.993    
    6590.953    
    6609.347    
    6196.591    
    6334.931    
    6418.730    
    6205.244    
    6521.203    
    6837.187    
    6806.091    
    6503.670    
    6535.967    
    6559.268    
    6642.593    
    6512.309    
    6691.162    
    6745.285    
    7183.404    
    6814.483    
    7130.387    
    6927.582    
    7032.501    
    6791.633    
    6920.150    
    6739.144    
    6496.783    
    6454.396    
    6243.938    
    6313.740    
    7081.078    
    6882.039    
    6894.393    
    7125.982    
    7252.621    
    7232.030    
    7497.018    
    7769.381    
    7371.210    
    7214.662    
    7284.112    
    7618.370    
    7588.142    
    7738.953    
    7581.588    
    7403.812    
    7502.959    
    7250.195    
    7414.567    
    7303.886    
    7216.584    
    7355.651    
    7771.547    
    7336.977    
    7083.067    
    6900.181    
    6753.260    
    6728.333    
    6946.739    
    6651.906    
    6869.196    
    6654.905    
    5955.104    
    4746.354    
    5279.211    
    5485.111    
    5837.201    
    5909.775    
    5889.958    
    5272.941    
    4894.546    
    4997.268    
    4457.456    
    5439.474    
    5763.493    
    6321.109    
    6236.636    
    6563.165    
    6600.710    
    6440.286    
    6259.028    
    5291.435    
    5178.963    
    3359.855    
    2884.157    
    2455.607    
    2233.791    
    2724.590    
    2909.352    
    2750.449    
    2995.309    
    2767.619    
    2359.262    
    2319.745    
    2191.297    
    2011.083    
    2214.559    
    2061.169    
    1964.758    
    1870.513    
    1520.432    
    1450.673    
    1479.512    
    1593.087    
    1443.057    
    1568.263    
    1638.464    
    1676.039    
    1571.322    
    2093.434    
    1890.338    
    2102.286    
    2286.594    
    1943.181    
    1999.312    
    2076.538    
    1963.965    
    1995.769    
    2598.806    
    2173.228    
    1826.259    
    1601.279    
