    2398.520    
    2483.728    
    2983.971    
    3340.450    
    5006.676    
    5375.075    
    5040.204    
    4333.675    
    4404.711    
    4343.382    
    4595.594    
    4447.307    
    4395.093    
    4507.588    
    4379.267    
    5938.813    
    6245.068    
    6080.627    
    5959.892    
    6023.297    
    5939.687    
    5845.810    
    6130.579    
    6360.480    
    6343.732    
    6709.588    
    6218.554    
    6554.015    
    6377.959    
    6746.240    
    6938.213    
    7317.504    
    7063.430    
    7257.912    
    7747.065    
    7932.443    
    7999.198    
    7838.536    
    8100.681    
    8016.249    
    8086.061    
    8031.664    
    8119.505    
    8698.581    
    8149.215    
    8147.921    
    8242.853    
    8078.391    
    7712.419    
    8657.647    
    8384.069    
    7965.831    
    8054.594    
    7899.905    
    7372.881    
    7083.696    
    6593.407    
    6858.950    
    6807.601    
    6713.220    
    6894.038    
    7183.582    
    7567.967    
    7238.900    
    7270.268    
    7233.688    
    7642.425    
    7709.428    
    8457.359    
    7828.892    
    7857.249    
    7602.815    
    7685.211    
    7594.720    
    7825.337    
    7036.442    
    6932.874    
    6821.055    
    6611.790    
    7100.000    
    7219.400    
    7502.952    
    7682.998    
    7890.510    
    7813.932    
    7811.758    
    7765.867    
    7246.166    
    7048.650    
    6736.153    
    6725.504    
    6507.493    
    6463.835    
    6646.746    
    6451.307    
    6269.883    
    6659.723    
    6757.650    
    6597.016    
    6540.119    
    6781.568    
    6651.241    
    6409.880    
    6705.212    
    6791.186    
    6490.472    
    6569.779    
    6526.811    
    6715.434    
    6425.522    
    6939.821    
    7131.394    
    7227.269    
    7354.401    
    7170.337    
    7435.405    
    7301.329    
    7171.648    
    6843.324    
    7009.320    
    6549.844    
    6637.932    
    6606.101    
    6325.285    
    6926.391    
    7103.552    
    6748.954    
    7214.112    
    7174.888    
    7366.885    
    7558.538    
    7333.585    
    6764.732    
    6839.307    
    6671.290    
    6871.298    
    6914.438    
    7016.010    
    7020.075    
    6958.999    
    7577.875    
    7667.493    
    7492.869    
    7819.450    
    7783.283    
    7456.660    
    7052.159    
    6629.893    
    6441.519    
    6289.786    
    6181.032    
    6179.559    
    5440.327    
    4243.074    
    3496.713    
    3638.144    
    3905.556    
    3688.124    
    3771.722    
    3722.620    
    3500.294    
    3045.818    
    3289.463    
    3788.951    
    4097.921    
    5195.778    
    5583.270    
    5188.009    
    4247.750    
    3006.795    
    2469.386    
    2533.039    
    2820.088    
    2363.286    
    2264.458    
    1978.671    
    1903.568    
    1594.133    
    1480.540    
    1342.784    
    1507.991    
    1430.690    
    1689.961    
    1629.526    
    1564.770    
    1547.657    
    1442.930    
    1447.555    
    1297.236    
    1046.224    
    1010.499    
    884.8086    
    1028.700    
    909.8450    
    962.3247    
    1092.886    
    1279.411    
    1373.662    
    1361.699    
    1308.060    
    1085.450    
    1208.377    
    1386.082    
    1424.802    
    1397.179    
    1345.446    
    1130.846    
    1143.733    
    1003.874    
    1169.933    
    1048.100    
    971.1450    
    924.2639    
    941.0637    
    957.6743    
    1112.459    
    1458.391    
    1413.885    
    1697.432    
    2016.587    
    1560.014    
    1611.540    
    1953.311    
    1994.442    
    2071.029    
    2030.801    
    1852.833    
    1500.695    
    1367.440    
    1476.964    
    1753.656    
    1509.143    
    1275.567    
    1235.131    
    1183.869    
    1382.173    
    1408.220    
    1550.207    
    1766.131    
    1650.375    
    1830.078    
    1889.019    
    1976.305    
    1987.772    
    2087.901    
    2324.625    
    2901.683    
    2907.304    
    2870.670    
    2383.738    
    2107.582    
    2189.522    
    2188.432    
    2128.904    
    1796.888    
    1869.281    
    1867.029    
    1995.442    
    1968.328    
    2054.899    
    2181.883    
    2200.015    
    2657.133    
    2941.598    
    3569.034    
    3326.222    
    3086.766    
    2862.861    
    3108.349    
    2759.241    
    3150.283    
    3222.406    
    4119.647    
    3818.062    
    4666.283    
    5494.683    
    5126.358    
    5652.767    
    5802.735    
    5741.737    
    5091.545    
    5175.280    
    5501.622    
    5686.968    
    4879.921    
    3698.238    
    3932.212    
    3293.843    
    3353.284    
    3403.757    
    2665.997    
    2613.211    
    3980.643    
    3015.636    
    3244.208    
    2722.740    
    3265.118    
    3124.885    
    2551.961    
    2809.120    
