    1362.852    
    1432.049    
    1519.837    
    1454.734    
    1027.201    
    889.2524    
    982.0956    
    1318.054    
    1051.655    
    973.7882    
    933.8582    
    1331.086    
    1464.780    
    1964.380    
    1971.442    
    1866.343    
    1880.822    
    1578.076    
    1470.338    
    1554.579    
    1373.772    
    1256.772    
    1107.044    
    1224.002    
    1080.616    
    1093.388    
    1246.784    
    1505.403    
    1423.567    
    1577.157    
    1440.792    
    1595.379    
    1695.984    
    1940.766    
    2151.360    
    1828.288    
    1932.324    
    1952.390    
    1667.411    
    1391.595    
    1794.347    
    1988.429    
    2181.181    
    2499.858    
    2052.322    
    2007.141    
    2104.958    
    2319.938    
    2901.902    
    2613.131    
    2533.064    
    2178.899    
    1640.829    
    2075.502    
    2134.968    
    2952.802    
    3001.795    
    2884.015    
    2830.415    
    2216.517    
    1986.397    
    1810.811    
    1875.207    
    1804.247    
    2283.656    
    1994.654    
    2236.406    
    2760.931    
    3052.346    
    3302.939    
    3539.623    
    3058.855    
    3201.868    
    3152.958    
    3784.097    
    3806.928    
    3224.585    
    3389.911    
    2929.953    
    2700.463    
    2861.483    
    2810.099    
    3076.095    
    3360.542    
    3199.528    
    3249.467    
    3329.005    
    2435.151    
    2430.564    
    2101.935    
    1763.224    
    1573.215    
    1901.522    
    2475.626    
    2677.372    
    2718.259    
    3298.232    
    3671.423    
    3657.575    
    4150.380    
    4965.718    
    5256.559    
    4393.177    
    4927.284    
    5156.585    
    5659.256    
    5889.791    
    6349.765    
    6528.611    
    6189.543    
    6269.410    
    6137.842    
    6595.275    
    6971.754    
    7152.800    
    6946.635    
    6677.784    
    6654.594    
    6592.342    
    6882.613    
    6702.371    
    6825.180    
    6794.159    
    6682.437    
    6744.958    
    6930.618    
    7225.411    
    7271.927    
    7416.773    
    7090.183    
    7154.132    
    7166.393    
    6870.874    
    7666.444    
    8075.138    
    8034.314    
    8523.405    
    8768.398    
    8283.032    
    8789.626    
    8576.429    
    8195.661    
    8170.181    
    8119.573    
    8045.856    
    7936.993    
    8082.135    
    7910.167    
    7723.861    
    7863.223    
    7786.284    
    7405.036    
    7963.557    
    7898.140    
    8142.247    
    8136.362    
    7847.234    
    7818.314    
    8019.318    
    7718.938    
    7896.273    
    7651.066    
    7283.330    
    7423.506    
    7685.990    
    7636.990    
    7531.046    
    7177.915    
    7301.150    
    7333.977    
    7477.170    
    7522.377    
    7061.533    
    7241.394    
    7773.681    
    7965.357    
    8095.644    
    7748.137    
    7646.027    
    7588.405    
    7714.633    
    7397.240    
    7212.223    
    7140.688    
    7013.755    
    6748.539    
    6860.847    
    6921.114    
    6663.505    
    6366.617    
    6527.007    
    6715.333    
    7107.826    
    6952.284    
    7215.461    
    7048.248    
    7022.416    
    6605.046    
    6536.433    
    6452.040    
    6630.642    
    6457.529    
    6575.461    
    6905.221    
    6655.314    
    7080.628    
    6814.741    
    7358.042    
    6991.825    
    6854.539    
    6504.219    
    6470.625    
    6730.286    
    6819.058    
    6689.538    
    6585.467    
    6215.593    
    6125.672    
    5831.447    
    5556.673    
    4571.250    
    5966.017    
    6021.075    
    4819.452    
    4481.497    
    4105.655    
    4216.522    
    3765.650    
    3901.372    
    3631.011    
    3965.369    
    4467.622    
    5464.385    
    6773.326    
    7184.026    
    7312.350    
    7848.476    
    7511.097    
    7017.329    
    6902.298    
    6555.542    
    6311.038    
    5988.059    
    5828.885    
    6616.866    
    6188.824    
    6032.660    
    4500.050    
    4523.022    
    5657.442    
    6236.152    
    6432.775    
    6485.229    
    6419.338    
    6241.602    
    6372.988    
    6412.058    
    5935.427    
    6482.579    
    6175.801    
    6110.294    
    5348.136    
    5045.735    
    4248.425    
    4358.635    
    4303.079    
    5723.420    
    5242.489    
    5296.012    
    5196.549    
    4572.329    
    3619.298    
    3497.800    
    3144.087    
    2832.321    
    2666.056    
    2183.167    
    2354.028    
    1619.703    
    1540.479    
    1660.345    
    1689.583    
    1382.243    
    1142.554    
    1021.684    
    1167.725    
    953.9941    
    1201.872    
    1228.591    
    1126.091    
    1511.818    
    1372.857    
    1473.829    
    1329.545    
    1071.191    
    1023.845    
    1408.277    
    1355.700    
    1305.826    
    1446.125    
