    5930.852    
    5476.773    
    5271.328    
    5022.062    
    5177.852    
    4568.135    
    4957.863    
    6160.642    
    6012.566    
    6364.171    
    6185.642    
    5330.441    
    4787.997    
    5623.821    
    6747.633    
    7009.020    
    7147.361    
    7278.565    
    6870.085    
    6821.286    
    6636.636    
    7088.403    
    7375.685    
    7039.519    
    6767.930    
    6084.791    
    5893.319    
    6197.648    
    5153.210    
    4422.997    
    3671.367    
    3606.658    
    2827.980    
    3116.452    
    3303.590    
    3352.502    
    3871.077    
    4235.104    
    4107.381    
    3462.652    
    3305.869    
    3619.160    
    3800.098    
    3587.838    
    3457.216    
    3239.417    
    3224.134    
    3171.336    
    2651.763    
    2273.820    
    1803.042    
    1405.681    
    1388.865    
    1346.806    
    1458.747    
    1544.588    
    1583.125    
    1595.979    
    2020.318    
    1841.730    
    1643.495    
    1770.424    
    1527.830    
    1297.982    
    1310.869    
    1143.966    
    975.3621    
    1400.785    
    1391.953    
    1439.407    
    1959.923    
    1868.508    
    2489.363    
    2712.437    
    2998.221    
    2705.417    
    2107.939    
    2164.547    
    2235.104    
    2044.257    
    2077.868    
    1669.914    
    1944.263    
    2331.487    
    2757.659    
    3046.966    
    3058.911    
    2836.875    
    2976.497    
    3399.974    
    2876.079    
    2847.483    
    2382.564    
    1910.326    
    2010.598    
    2151.401    
    1984.835    
    2186.706    
    1860.796    
    2100.107    
    1937.385    
    1816.735    
    1552.613    
    1421.419    
    1515.585    
    1422.887    
    1977.595    
    1853.968    
    1578.082    
    1432.792    
    1100.796    
    1011.936    
    1199.311    
    1206.850    
    1323.826    
    1081.302    
    1130.024    
    989.4277    
    953.7241    
    1110.750    
    1027.081    
    992.7183    
    1072.381    
    1038.620    
    1061.415    
    1235.390    
    1081.628    
    1276.521    
    1505.051    
    1505.079    
    1360.351    
    1369.576    
    1178.457    
    1447.106    
    1166.253    
    1435.907    
    1683.774    
    1485.396    
    1384.875    
    1625.083    
    1627.401    
    1739.616    
    2034.195    
    2167.852    
    1976.090    
    1833.651    
    2034.024    
    2361.833    
    2427.938    
    2229.597    
    2880.579    
    2956.438    
    3171.304    
    2889.963    
    2524.407    
    2639.723    
    2440.235    
    2564.706    
    3268.069    
    3277.475    
    3748.729    
    3702.509    
    3554.085    
    4253.408    
    3762.909    
    4275.094    
    4286.556    
    4082.801    
    4349.683    
    5766.771    
    5276.133    
    4436.486    
    4027.812    
    4331.357    
    5407.978    
    4457.590    
    6221.627    
    6313.211    
    6538.018    
    6706.457    
    7046.016    
    7228.298    
    7844.917    
    7899.807    
    7729.052    
    7724.853    
    7401.565    
    7100.536    
    7342.876    
    7106.292    
    7294.802    
    7290.532    
    7248.982    
    6951.222    
    7052.018    
    7171.184    
    6873.634    
    6667.478    
    6581.133    
    6394.441    
    6324.640    
    6446.102    
    6634.705    
    6913.681    
    7131.705    
    7250.352    
    7532.484    
    7495.984    
    7688.818    
    7995.002    
    8109.694    
    7844.390    
    6886.290    
    6993.590    
    7043.556    
    6890.414    
    6778.066    
    6813.691    
    6732.369    
    6968.764    
    7241.032    
    7761.001    
    8033.586    
    7628.844    
    7729.660    
    7680.651    
    8026.286    
    7654.868    
    6911.975    
    6579.678    
    6103.325    
    5895.821    
    5674.073    
    6135.745    
    5960.421    
    6515.255    
    6479.808    
    6561.171    
    6490.518    
    6655.528    
    6679.482    
    6795.013    
    6615.192    
    6274.474    
    6270.375    
    6375.424    
    6413.970    
    6717.546    
    6932.076    
    6737.929    
    6694.246    
    6495.119    
    6499.416    
    6397.902    
    6527.546    
    7154.034    
    7916.890    
    8094.036    
    8270.686    
    8219.926    
    8729.871    
    8707.984    
    8493.076    
    8156.870    
    7943.071    
    7450.851    
    7704.615    
    8021.725    
    7952.994    
    7472.741    
    7215.829    
    7185.583    
    6855.251    
    6606.825    
    6674.436    
    6566.184    
    7188.912    
    7558.767    
    8050.638    
    7855.921    
    8421.385    
    7776.167    
    7808.956    
    8062.397    
    7877.515    
    7834.425    
    7786.523    
    7106.945    
    7364.948    
    7485.335    
    7629.731    
    7260.359    
    7567.238    
    6950.451    
    6743.048    
    6182.519    
    5640.073    
    5235.556    
    5700.562    
    5824.398    
