    2796.103    
    2833.076    
    3150.652    
    3043.298    
    2926.592    
    3527.105    
    4272.597    
    3806.751    
    3865.345    
    3343.653    
    3665.828    
    3420.380    
    3630.984    
    3315.551    
    3287.854    
    3096.031    
    3215.788    
    2878.731    
    3017.867    
    2454.853    
    2230.114    
    2042.432    
    1711.973    
    1652.089    
    2427.322    
    2510.073    
    2497.318    
    3359.552    
    3844.075    
    4329.657    
    4226.032    
    4443.339    
    4466.537    
    4957.466    
    4601.665    
    4337.882    
    4270.058    
    4100.108    
    4254.814    
    3598.808    
    3435.736    
    3720.563    
    3928.651    
    4812.608    
    6195.598    
    6272.352    
    6462.214    
    6622.038    
    6570.588    
    6545.446    
    6317.761    
    6510.772    
    6037.043    
    5435.996    
    5534.374    
    5884.196    
    5876.876    
    5866.995    
    5671.741    
    5557.497    
    5182.145    
    5630.655    
    5792.333    
    6279.382    
    6249.373    
    6626.929    
    6753.246    
    6566.970    
    6616.276    
    6712.869    
    6409.324    
    6738.279    
    7159.269    
    7791.119    
    7675.909    
    7984.647    
    8135.372    
    7853.372    
    8056.967    
    8691.988    
    8307.758    
    8141.154    
    7761.288    
    7171.580    
    7406.546    
    7210.146    
    7043.131    
    7548.975    
    7604.685    
    6855.824    
    6774.566    
    6693.343    
    6515.062    
    6668.099    
    6736.570    
    6885.672    
    6955.249    
    7057.789    
    6923.104    
    7042.869    
    6948.639    
    6757.939    
    7119.113    
    6976.354    
    6798.737    
    6687.169    
    6898.731    
    7269.045    
    7337.089    
    7364.207    
    7261.770    
    7230.662    
    7537.630    
    6864.581    
    6815.548    
    6578.758    
    6475.256    
    6357.476    
    6496.680    
    6142.666    
    5919.605    
    6081.076    
    6172.963    
    6393.357    
    6849.365    
    6984.860    
    7729.134    
    6821.840    
    6704.265    
    6490.299    
    6591.033    
    6888.592    
    7643.787    
    8075.337    
    7887.352    
    7831.706    
    7930.519    
    7366.653    
    7841.233    
    7869.730    
    8097.966    
    8514.102    
    8476.768    
    8713.078    
    8025.258    
    7951.216    
    8032.540    
    8073.028    
    7902.010    
    7503.099    
    7273.601    
    6979.591    
    7199.945    
    7472.235    
    7918.659    
    8045.974    
    7143.619    
    6937.792    
    7076.883    
    7739.524    
    7289.456    
    6939.328    
    6707.826    
    7391.624    
    7061.864    
    7827.738    
    7748.232    
    7182.043    
    7613.837    
    7715.839    
    7702.636    
    7309.327    
    7111.384    
    7376.313    
    7686.227    
    7568.453    
    7149.078    
    7480.909    
    7124.061    
    7224.972    
    6655.519    
    6641.062    
    6530.744    
    6209.231    
    6340.479    
    6383.378    
    6126.345    
    6183.475    
    5979.720    
    5205.073    
    5291.875    
    5259.369    
    5709.855    
    5297.680    
    5114.830    
    5382.936    
    5095.713    
    4405.913    
    4132.182    
    3963.164    
    3260.911    
    2191.887    
    1844.033    
    1561.487    
    1845.211    
    1673.486    
    2021.697    
    1588.312    
    1590.005    
    1441.966    
    1447.746    
    2102.288    
    2171.292    
    1411.476    
    1365.427    
    1293.622    
    1866.367    
    1787.710    
    1966.458    
    1504.550    
    1145.186    
    1178.692    
    1338.150    
    1381.539    
    1412.468    
    1812.710    
    1527.549    
    1619.577    
    1368.352    
    1307.598    
    1483.949    
    1944.538    
    2753.834    
    2699.595    
    1994.904    
    2059.073    
    1492.965    
    1523.354    
    1878.167    
    1963.607    
    3051.286    
    2298.238    
    2326.077    
    2161.805    
    1914.990    
    2249.682    
    2965.935    
    2876.935    
    3341.176    
    3704.253    
    3515.540    
    3296.427    
    2643.977    
    2403.638    
    1925.872    
    1753.436    
    1514.700    
    1097.370    
    986.8093    
    1019.431    
    924.3296    
    857.4270    
    844.3870    
    877.7427    
    944.9150    
    954.6843    
    963.1968    
    1057.190    
    1081.715    
    1147.358    
    1382.992    
    1461.538    
    1965.431    
    1999.224    
    2519.244    
    2710.317    
    2534.677    
    2024.062    
    1619.999    
    1441.160    
    1323.214    
    1300.405    
    1218.696    
    1135.150    
    1116.333    
    1244.996    
    1891.146    
    2120.251    
    2147.692    
    1434.886    
    2078.302    
    1938.290    
    1431.143    
    1420.393    
    1445.224    
    1317.843    
    1602.236    
    2850.167    
    2683.473    
    2899.418    
