    1891.886    
    2017.774    
    2022.322    
    2116.509    
    2282.039    
    2429.982    
    2407.430    
    1835.910    
    1578.122    
    1507.196    
    1377.414    
    1237.099    
    1165.603    
    1032.745    
    1023.078    
    1368.203    
    1460.100    
    1810.751    
    1648.481    
    1453.952    
    1414.487    
    1556.560    
    1858.629    
    1663.470    
    1779.511    
    1731.168    
    1933.137    
    2090.330    
    2351.587    
    1920.478    
    2188.282    
    3164.318    
    3258.909    
    3400.442    
    3310.168    
    3109.222    
    3374.611    
    4276.538    
    5004.281    
    4303.785    
    3114.256    
    2798.468    
    2460.705    
    1977.522    
    1870.980    
    2749.753    
    2670.331    
    2536.106    
    2057.973    
    2097.087    
    1979.148    
    2499.420    
    2315.518    
    1944.854    
    1985.545    
    1998.341    
    1723.033    
    2032.721    
    2649.908    
    2933.153    
    3515.133    
    3239.053    
    4060.398    
    3619.256    
    3446.263    
    2833.901    
    2871.004    
    3150.513    
    3008.731    
    3990.604    
    4132.916    
    3248.370    
    3343.267    
    3489.381    
    3220.887    
    2916.371    
    2201.470    
    2155.349    
    3001.282    
    3812.767    
    3655.171    
    4869.474    
    4337.374    
    4208.655    
    5083.478    
    5217.328    
    5869.514    
    5901.172    
    6693.941    
    6961.257    
    7332.880    
    7048.312    
    7171.120    
    6919.453    
    7238.583    
    7197.230    
    7647.474    
    7740.217    
    7343.448    
    7783.853    
    8093.648    
    8071.418    
    8175.592    
    8319.777    
    8719.227    
    8191.068    
    8551.402    
    8473.600    
    8762.049    
    8100.671    
    8014.537    
    8028.895    
    7890.341    
    7761.688    
    7598.021    
    7484.712    
    7615.987    
    7855.673    
    7813.846    
    8018.792    
    7824.622    
    7216.037    
    6752.375    
    6810.902    
    6912.883    
    6834.080    
    7098.951    
    6869.877    
    6758.251    
    6663.443    
    6533.166    
    6254.296    
    6413.158    
    6579.552    
    6477.907    
    6500.397    
    6746.403    
    7106.943    
    7364.681    
    7638.251    
    7515.069    
    7242.999    
    7153.135    
    7153.803    
    7281.427    
    7725.549    
    7018.918    
    7549.041    
    7147.217    
    7191.889    
    7059.339    
    6844.099    
    6569.657    
    6780.813    
    6622.561    
    6443.346    
    6418.076    
    6858.712    
    6685.897    
    6717.971    
    6980.859    
    7463.147    
    7264.022    
    7313.403    
    7620.050    
    6918.713    
    7845.269    
    7903.657    
    7718.925    
    7809.802    
    7978.464    
    7826.174    
    7131.385    
    6551.161    
    6541.326    
    6679.896    
    6895.438    
    6713.336    
    7079.632    
    6857.033    
    6880.971    
    6613.333    
    6522.253    
    6304.217    
    6734.805    
    6711.084    
    7114.883    
    6728.341    
    6600.828    
    6041.011    
    6036.644    
    5793.942    
    5449.688    
    5818.472    
    6647.833    
    7060.346    
    7450.349    
    7711.463    
    7876.612    
    7504.273    
    7916.043    
    8056.200    
    7992.552    
    7393.360    
    7591.909    
    7298.695    
    7231.731    
    6911.373    
    7004.753    
    6615.938    
    6794.872    
    6656.911    
    6474.434    
    6202.669    
    6161.560    
    5946.361    
    5314.899    
    5542.203    
    5644.955    
    6088.646    
    6151.665    
    5963.129    
    6005.882    
    6267.371    
    6225.718    
    6114.881    
    6373.609    
    6147.416    
    5292.772    
    4715.246    
    3833.717    
    3944.566    
    4429.803    
    4262.004    
    4571.593    
    4372.350    
    4396.241    
    5251.240    
    5436.163    
    5715.223    
    6308.525    
    6329.401    
    6349.031    
    5301.222    
    3902.268    
    4281.932    
    3637.791    
    3653.453    
    3722.028    
    3095.683    
    2824.698    
    2488.810    
    2728.042    
    2852.316    
    2633.337    
    2218.253    
    2311.929    
    2162.900    
    2075.692    
    1923.859    
    1587.536    
    1607.717    
    1051.342    
    1425.957    
    1437.907    
    1389.867    
    1130.607    
    1336.545    
    1428.166    
    1358.276    
    1613.827    
    1609.771    
    1575.227    
    1489.527    
    1384.238    
    1439.448    
    1273.084    
    1362.330    
    1425.549    
    1557.983    
    1192.402    
    1111.641    
    1138.379    
    1031.437    
    1093.421    
    1218.986    
    1308.754    
    1330.507    
    1307.959    
    924.3618    
    979.6719    
    942.8396    
    1109.692    
    1216.368    
    1397.065    
    1198.562    
    967.8857    
    1066.951    
    1373.890    
    1541.389    
