    1651.398    
    1620.885    
    1704.536    
    1832.673    
    2137.241    
    2117.917    
    2163.682    
    2114.396    
    2189.003    
    2369.595    
    2030.039    
    2776.714    
    2637.918    
    2712.051    
    2387.966    
    2321.691    
    2164.668    
    1999.141    
    2301.093    
    2692.780    
    2673.277    
    2897.266    
    2799.666    
    3100.852    
    3744.957    
    5090.458    
    5663.757    
    5201.767    
    4883.864    
    3159.307    
    2871.939    
    3089.229    
    3072.556    
    3348.130    
    3569.932    
    3481.734    
    3453.763    
    3630.671    
    4103.246    
    4233.774    
    4839.171    
    4027.041    
    5466.004    
    5179.573    
    3714.581    
    3210.314    
    3226.332    
    3050.529    
    2818.065    
    2285.790    
    2070.843    
    1846.687    
    1886.210    
    1864.212    
    1812.985    
    1756.802    
    1928.877    
    1968.115    
    2234.160    
    2497.549    
    2628.915    
    2999.971    
    2934.532    
    2849.814    
    3283.066    
    3388.761    
    3874.821    
    3961.126    
    4438.136    
    4705.275    
    5978.160    
    5581.268    
    5419.108    
    4788.292    
    5251.675    
    5779.334    
    5918.744    
    6035.330    
    6172.451    
    6192.985    
    6134.375    
    6140.574    
    5885.995    
    6125.344    
    6222.171    
    6297.718    
    6372.534    
    6397.190    
    6558.285    
    6567.702    
    6796.884    
    7253.917    
    7067.818    
    7356.177    
    7529.578    
    7702.345    
    7754.872    
    7304.838    
    7507.100    
    8198.980    
    8613.126    
    8651.919    
    8114.725    
    7998.380    
    8023.771    
    7814.977    
    8464.321    
    8372.295    
    7653.433    
    7243.431    
    6867.500    
    6776.000    
    6898.942    
    6943.716    
    6645.931    
    6710.418    
    6779.477    
    7616.741    
    7720.824    
    7177.301    
    7107.626    
    7164.196    
    7231.306    
    7125.053    
    7233.999    
    7639.848    
    7397.811    
    7535.736    
    7862.854    
    7290.837    
    7215.591    
    7440.251    
    7729.786    
    7989.736    
    7409.590    
    6605.407    
    6722.088    
    6767.993    
    6627.821    
    6800.607    
    6993.715    
    6417.569    
    6413.501    
    6212.633    
    6437.403    
    6516.687    
    6888.196    
    7294.974    
    7345.033    
    7001.875    
    7055.573    
    7178.207    
    7222.030    
    6789.787    
    6847.796    
    6679.165    
    6762.164    
    6847.062    
    7836.977    
    7786.339    
    7802.630    
    7698.683    
    7830.161    
    8013.663    
    8127.306    
    7957.256    
    7971.439    
    7903.856    
    7197.232    
    7658.643    
    7821.197    
    7585.125    
    7795.138    
    8134.140    
    8036.771    
    8018.947    
    7920.280    
    7612.089    
    7630.055    
    7367.248    
    7145.763    
    7114.566    
    6744.807    
    7275.162    
    7031.681    
    6975.468    
    7103.970    
    7511.460    
    7082.770    
    6941.938    
    6883.395    
    6925.873    
    6710.294    
    6659.661    
    6695.996    
    6852.595    
    6749.762    
    6963.385    
    6636.864    
    6730.711    
    6670.211    
    6510.524    
    6500.787    
    6520.744    
    6543.584    
    6581.149    
    6958.905    
    6619.973    
    6527.930    
    6325.723    
    6299.843    
    6002.913    
    4484.189    
    4514.175    
    4304.761    
    3934.055    
    3828.854    
    4357.092    
    4340.711    
    4172.661    
    3711.962    
    3549.939    
    3411.357    
    3343.821    
    4942.980    
    4205.134    
    5307.049    
    5601.374    
    5854.803    
    5682.070    
    5144.383    
    4300.536    
    3638.899    
    3319.883    
    2971.877    
    2466.014    
    2383.382    
    2537.128    
    2180.285    
    1978.415    
    1991.674    
    1503.464    
    1380.702    
    1356.113    
    1367.874    
    1433.499    
    1179.613    
    1039.552    
    1011.458    
    911.9791    
    886.4177    
    940.6792    
    862.3418    
    867.6823    
    942.6812    
    1077.302    
    1064.625    
    1002.575    
    1278.872    
    1151.816    
    1132.561    
    1348.437    
    1434.219    
    1449.403    
    1692.261    
    1674.592    
    1628.579    
    1644.394    
    1580.779    
    1366.282    
    1403.555    
    1297.613    
    1163.249    
    1200.607    
    1325.673    
    1255.932    
    1018.877    
    1091.752    
    1100.165    
    1121.203    
    1350.711    
    1463.195    
    1276.423    
    1389.875    
    1505.941    
    1864.343    
    1938.065    
    2046.792    
    1734.706    
    2012.908    
    1557.696    
    1526.698    
    1564.927    
    1444.114    
    1492.370    
    1793.290    
    1952.927    
    1786.121    
    1607.150    
    1461.801    
