    7701.638    
    7923.906    
    7941.439    
    7622.313    
    7507.313    
    7211.376    
    6956.382    
    6645.566    
    6791.718    
    6806.232    
    6822.868    
    6620.770    
    6537.592    
    6245.454    
    6583.316    
    6436.239    
    6325.412    
    5769.054    
    5791.788    
    6339.478    
    6577.756    
    6001.808    
    5584.863    
    6300.246    
    6204.091    
    6348.452    
    6355.069    
    5911.972    
    5818.011    
    6135.350    
    6195.342    
    6472.347    
    6557.786    
    6679.504    
    6652.182    
    6693.421    
    6478.492    
    6257.023    
    6183.369    
    5639.620    
    6308.820    
    6506.751    
    6151.276    
    5096.078    
    5024.357    
    4513.466    
    4344.723    
    4259.654    
    3741.418    
    3511.964    
    3091.016    
    2879.459    
    2989.370    
    3660.074    
    2974.324    
    3689.217    
    3486.049    
    3899.673    
    3646.711    
    3618.656    
    3300.167    
    2434.749    
    2062.181    
    1897.596    
    2039.751    
    2243.486    
    1999.457    
    2015.691    
    1477.448    
    1633.177    
    1263.475    
    1737.076    
    1324.446    
    1450.156    
    1628.901    
    1339.505    
    1711.056    
    2291.511    
    2663.464    
    2467.995    
    2733.444    
    2213.944    
    2201.274    
    2090.176    
    2210.505    
    1747.514    
    1510.273    
    1427.756    
    1459.877    
    1223.159    
    1150.370    
    1485.601    
    1552.601    
    1603.727    
    1829.707    
    1865.808    
    2414.925    
    2915.476    
    3753.946    
    3972.452    
    4315.774    
    4386.671    
    4392.962    
    4311.337    
    4284.303    
    3857.752    
    4023.006    
    3333.479    
    3036.493    
    2813.529    
    4164.635    
    4227.800    
    4037.221    
    3222.593    
    3261.824    
    3241.860    
    3362.466    
    3125.629    
    3186.685    
    1998.036    
    1438.957    
    1121.550    
    1006.479    
    1040.456    
    982.6928    
    1214.104    
    1098.441    
    1029.669    
    953.3542    
    1031.596    
    1351.393    
    1809.304    
    2381.067    
    2682.948    
    2800.526    
    2672.806    
    1564.798    
    2125.556    
    2787.349    
    1946.148    
    2738.493    
    2306.918    
    1389.111    
    1384.306    
    1245.983    
    1463.458    
    1533.449    
    1973.248    
    2163.313    
    1515.413    
    1414.136    
    1597.415    
    1335.580    
    1271.441    
    1033.771    
    1060.805    
    1080.882    
    1003.612    
    1160.006    
    1457.462    
    1199.264    
    2142.754    
    3236.708    
    3151.207    
    3169.064    
    2568.004    
    2473.089    
    1882.094    
    1589.023    
    1762.299    
    1404.772    
    1835.981    
    1507.629    
    1479.450    
    1496.603    
    1350.938    
    1402.989    
    1680.887    
    2116.445    
    1922.635    
    1988.704    
    2333.599    
    3028.926    
    2782.723    
    1889.698    
    2303.458    
    1954.096    
    1982.531    
    2932.500    
    3524.959    
    4799.669    
    5253.772    
    5342.790    
    5269.058    
    5192.528    
    4703.413    
    5226.086    
    5320.317    
    5420.107    
    5729.708    
    6089.286    
    6079.235    
    5848.818    
    5686.271    
    6546.408    
    6446.410    
    6129.030    
    6398.592    
    6480.383    
    6524.635    
    6614.452    
    5989.711    
    6060.802    
    6461.766    
    6654.514    
    6887.512    
    6749.744    
    6756.421    
    6928.929    
    7102.295    
    7141.019    
    6899.165    
    6977.165    
    6900.347    
    6982.391    
    6696.430    
    6768.678    
    6748.814    
    6868.896    
    7212.736    
    7106.973    
    7094.823    
    7001.097    
    7035.467    
    6874.878    
    7076.266    
    6933.818    
    7268.757    
    7354.464    
    7317.609    
    7613.505    
    7448.847    
    7426.218    
    7329.724    
    7759.579    
    7886.245    
    7862.554    
    8071.140    
    7791.189    
    7789.569    
    7678.586    
    7733.919    
    7239.824    
    7388.201    
    7175.287    
    7032.349    
    7236.583    
    7837.741    
    7967.853    
    8203.981    
    8237.934    
    8270.123    
    8591.636    
    8829.059    
    8347.582    
    8106.404    
    8153.043    
    8080.356    
    8028.535    
    7737.412    
    8117.823    
    7999.582    
    8088.996    
    7672.001    
    7568.167    
    7182.437    
    7472.324    
    7870.298    
    8477.867    
    8768.581    
    8088.323    
    7856.799    
    7746.229    
    7645.878    
    7480.501    
    7284.052    
    7223.430    
    7375.883    
    7058.727    
    7146.702    
    7262.097    
    6854.149    
    6738.448    
    6723.913    
    6923.992    
    6717.773    
    6848.130    
    7144.202    
    7580.879    
    7912.591    
