    5682.477    
    4407.637    
    5230.146    
    5331.285    
    6170.248    
    6398.345    
    6353.134    
    6486.583    
    6630.659    
    6502.795    
    6422.688    
    6083.038    
    5566.597    
    5600.672    
    4410.399    
    4295.250    
    4186.808    
    3432.161    
    3458.868    
    3868.743    
    4357.059    
    5640.487    
    5441.930    
    5377.219    
    4722.986    
    4571.134    
    4283.192    
    3623.796    
    3006.033    
    3033.027    
    3001.694    
    2829.162    
    2953.517    
    3071.114    
    3260.079    
    3298.141    
    3520.726    
    3579.563    
    3599.548    
    4092.793    
    4265.895    
    5072.591    
    5173.378    
    4862.152    
    3833.886    
    3568.305    
    2867.693    
    3342.664    
    3638.876    
    3160.099    
    2758.425    
    2309.132    
    2511.190    
    2790.220    
    2201.284    
    1896.163    
    1943.924    
    1865.734    
    1604.370    
    1969.342    
    2055.293    
    2476.625    
    2861.330    
    3086.758    
    2614.150    
    2397.459    
    3220.602    
    3721.851    
    3133.749    
    2900.456    
    3110.477    
    2594.541    
    3302.620    
    3240.979    
    3289.154    
    2423.070    
    2222.188    
    2162.731    
    1946.367    
    1981.742    
    1987.829    
    2072.603    
    1992.537    
    1875.319    
    1686.895    
    1698.494    
    1569.739    
    1393.309    
    1252.432    
    1346.013    
    1429.964    
    1459.698    
    1475.145    
    1363.627    
    1580.531    
    1506.896    
    1364.760    
    1119.367    
    1154.002    
    1093.811    
    1490.650    
    1478.195    
    1129.774    
    1462.490    
    1538.839    
    1134.240    
    1337.812    
    1155.048    
    1293.755    
    1206.791    
    1214.372    
    1182.675    
    1014.656    
    1034.262    
    1076.528    
    984.3606    
    1110.906    
    1335.855    
    1449.687    
    1617.981    
    1907.936    
    1505.567    
    1443.604    
    1531.474    
    1247.062    
    1566.544    
    1406.543    
    1417.292    
    1262.204    
    1400.186    
    1374.828    
    1378.097    
    1325.432    
    1021.601    
    1002.023    
    1054.565    
    1401.441    
    1769.711    
    2230.349    
    2077.153    
    2094.912    
    2676.041    
    2150.286    
    1953.719    
    1594.896    
    1773.879    
    1747.347    
    2033.053    
    2443.654    
    2659.328    
    2157.168    
    1663.386    
    1815.402    
    1829.270    
    1970.077    
    2008.025    
    2172.575    
    2361.659    
    2743.398    
    3219.619    
    3760.587    
    4120.711    
    4008.555    
    4377.593    
    5761.873    
    5308.339    
    5320.345    
    6105.205    
    6311.268    
    6739.491    
    6884.750    
    7989.393    
    8683.505    
    8669.898    
    8492.850    
    8047.771    
    7870.422    
    7158.844    
    7036.804    
    7071.024    
    7020.091    
    7216.059    
    7487.380    
    7543.598    
    7097.122    
    6951.718    
    7126.892    
    6894.012    
    7630.593    
    7105.441    
    6703.345    
    6755.935    
    6721.642    
    6683.199    
    6839.741    
    6777.895    
    6596.146    
    6558.247    
    6639.643    
    6379.535    
    6623.886    
    6577.865    
    6521.002    
    6689.055    
    6659.463    
    6852.458    
    6896.826    
    6564.380    
    6612.200    
    6691.097    
    6649.505    
    6491.310    
    6440.950    
    6282.266    
    6261.300    
    6451.702    
    6209.457    
    6141.451    
    5884.461    
    5981.208    
    5960.036    
    5925.003    
    6202.514    
    6228.805    
    6516.840    
    6795.317    
    6911.161    
    6968.034    
    7223.159    
    7274.633    
    7829.313    
    7291.375    
    7442.891    
    7578.838    
    7389.784    
    7108.535    
    6936.653    
    6744.649    
    6823.018    
    7505.446    
    7841.038    
    8002.647    
    7851.204    
    7814.075    
    7413.790    
    7903.583    
    8093.787    
    8154.736    
    7694.734    
    7737.530    
    7915.359    
    7235.526    
    7075.518    
    7244.854    
    7706.562    
    7976.459    
    8061.137    
    7741.947    
    7176.385    
    6922.450    
    6981.455    
    7770.771    
    8031.501    
    8424.200    
    8156.193    
    7172.584    
    7157.695    
    7266.859    
    7634.899    
    7683.802    
    7819.062    
    7254.057    
    7351.570    
    7314.677    
    7138.010    
    7009.578    
    7198.221    
    7573.717    
    8027.550    
    7837.727    
    7665.009    
    7378.612    
    7744.441    
    7771.528    
    7910.711    
    8269.170    
    8103.929    
    7307.194    
    7344.482    
    6864.673    
    6770.453    
    6750.529    
    6542.495    
    6412.721    
    6365.152    
    5993.085    
    6146.156    
    5841.459    
    5043.133    
    4446.700    
