    6091.433    
    5939.570    
    5833.885    
    5232.739    
    5755.105    
    5732.199    
    6194.273    
    5999.720    
    5981.880    
    5966.158    
    6231.766    
    6475.976    
    6621.555    
    6592.777    
    6540.572    
    6568.508    
    7027.161    
    7431.299    
    7651.207    
    6925.775    
    7131.626    
    7720.905    
    7767.653    
    8001.734    
    7862.362    
    7587.196    
    7859.750    
    7880.044    
    7831.661    
    8166.339    
    8210.265    
    7825.543    
    8082.537    
    8095.261    
    8110.509    
    7906.059    
    7764.854    
    7353.313    
    6785.244    
    6778.840    
    6806.890    
    6665.499    
    6433.463    
    6631.630    
    6655.534    
    6682.740    
    6439.021    
    6398.716    
    6700.771    
    6759.522    
    6887.885    
    6953.453    
    7098.483    
    6994.965    
    6975.469    
    6689.430    
    6929.314    
    7219.321    
    6846.838    
    7338.508    
    6992.825    
    7073.393    
    6923.578    
    7397.909    
    7247.307    
    7255.130    
    6859.908    
    6750.791    
    6529.870    
    6168.823    
    5882.998    
    6177.226    
    6103.136    
    6318.844    
    6489.787    
    6585.090    
    6459.925    
    6272.058    
    6291.854    
    6285.058    
    7155.552    
    7604.301    
    7659.749    
    7537.264    
    7285.233    
    7228.637    
    7610.150    
    7559.574    
    7308.818    
    6840.423    
    7111.111    
    6753.223    
    7046.139    
    7175.839    
    6720.347    
    6740.415    
    6641.997    
    6768.408    
    6796.536    
    6660.356    
    6822.520    
    7271.129    
    8101.885    
    8072.539    
    8058.391    
    7974.089    
    7960.580    
    7844.034    
    7915.563    
    7436.173    
    7480.810    
    7299.076    
    7502.202    
    7689.236    
    8024.534    
    8134.105    
    8267.934    
    8735.334    
    8660.512    
    8434.571    
    8508.881    
    7729.026    
    7772.102    
    7261.933    
    7599.457    
    7037.432    
    7198.301    
    7208.278    
    7043.381    
    6889.468    
    6612.198    
    6883.840    
    6933.798    
    6902.339    
    7138.520    
    7104.959    
    6505.550    
    6368.618    
    6509.963    
    6406.945    
    6131.320    
    5897.731    
    5682.506    
    5643.753    
    5107.799    
    5304.952    
    5525.850    
    4947.891    
    4380.120    
    3497.567    
    3924.271    
    3294.754    
    2619.925    
    3211.230    
    3991.184    
    2836.916    
    3056.413    
    2577.919    
    3243.443    
    4295.816    
    4664.081    
    5027.182    
    4430.850    
    3865.687    
    4237.372    
    4341.609    
    3431.453    
    3669.266    
    3773.479    
    2860.123    
    2442.199    
    2144.728    
    1832.676    
    1945.960    
    1344.672    
    1398.804    
    1037.566    
    1466.620    
    1385.983    
    1413.394    
    1644.721    
    1840.126    
    1973.843    
    2108.307    
    2334.154    
    2068.008    
    2099.180    
    1616.684    
    1590.573    
    1402.432    
    1019.214    
    1348.705    
    1966.856    
    1808.490    
    2010.110    
    2498.177    
    2797.061    
    3590.672    
    3530.355    
    2881.949    
    2339.622    
    2303.403    
    1964.135    
    1416.803    
    1509.883    
    1511.363    
    1068.024    
    970.4236    
    1030.322    
    1053.821    
    1201.868    
    1310.780    
    1983.320    
    1813.679    
    1834.813    
    1501.123    
    1534.698    
    1390.514    
    1369.295    
    1455.458    
    1668.688    
    1451.596    
    1084.950    
    995.9084    
    1306.853    
    1159.004    
    1579.039    
    1387.876    
    1696.120    
    1865.500    
    1587.440    
    1277.488    
    1108.352    
    1075.008    
    1141.284    
    1238.378    
    1465.818    
    1250.905    
    1404.333    
    1410.834    
    1280.726    
    1545.587    
    1727.665    
    1970.876    
    1492.229    
    1566.796    
    1141.893    
    1121.049    
    989.4055    
    1219.348    
    1632.392    
    1991.117    
    2243.776    
    2962.934    
    3083.398    
    3263.672    
    3004.547    
    3583.342    
    4222.716    
    4525.215    
    4313.995    
    4027.208    
    3286.134    
    3019.408    
    3342.175    
    3763.247    
    4232.638    
    3819.804    
    3313.195    
    2897.478    
    2161.598    
    2650.167    
    2230.916    
    3143.684    
    3170.024    
    2814.683    
    3194.638    
    2846.666    
    2064.479    
    1926.412    
    1788.773    
    1741.507    
    1883.172    
    2191.291    
    2899.443    
    2641.420    
    3547.118    
    3026.346    
    2155.491    
    2141.243    
    2375.137    
    2416.606    
    2738.905    
    3682.075    
    4208.208    
    5240.236    
    5410.005    
    5380.836    
    5339.440    
    5326.326    
