    7088.581    
    7443.102    
    7606.521    
    7824.844    
    7745.250    
    7142.104    
    7044.825    
    6889.644    
    6667.879    
    6704.467    
    6936.375    
    7072.807    
    7698.646    
    7957.753    
    7537.793    
    7459.127    
    7922.076    
    8106.589    
    7898.136    
    7503.322    
    7014.082    
    6734.521    
    6696.777    
    6722.730    
    7156.828    
    7258.428    
    7145.938    
    6901.924    
    7204.006    
    7221.299    
    7249.580    
    7851.675    
    7973.386    
    7999.730    
    8047.664    
    8443.710    
    8701.261    
    8674.897    
    7944.304    
    7637.867    
    7748.937    
    7257.346    
    7496.525    
    6841.201    
    7232.964    
    6951.941    
    6928.723    
    6711.285    
    6451.880    
    6585.367    
    6205.671    
    6395.491    
    6220.337    
    6238.843    
    6533.731    
    6859.477    
    7006.759    
    6801.261    
    6853.253    
    7101.195    
    6894.408    
    6918.914    
    6845.658    
    6560.002    
    6585.867    
    6674.648    
    6753.559    
    7090.909    
    7164.782    
    7617.520    
    8040.098    
    8287.361    
    8499.510    
    7752.261    
    7459.924    
    6996.207    
    7287.694    
    7114.388    
    7313.938    
    6767.254    
    6738.780    
    6629.966    
    7118.170    
    7195.893    
    6955.718    
    6969.425    
    7346.396    
    7580.738    
    8078.362    
    8135.016    
    8113.172    
    7952.230    
    8071.861    
    7777.434    
    7358.680    
    7669.377    
    7858.497    
    7888.956    
    8222.596    
    8188.355    
    7925.696    
    7413.657    
    7805.055    
    7303.490    
    7294.523    
    6793.577    
    6642.811    
    6385.895    
    6044.149    
    5801.485    
    6262.655    
    6215.913    
    6455.853    
    6457.061    
    6529.274    
    6332.188    
    6357.586    
    6278.480    
    6121.754    
    5877.113    
    5485.766    
    5683.109    
    5870.527    
    5908.505    
    5723.791    
    5236.042    
    4538.293    
    5093.704    
    4748.590    
    5173.006    
    4349.152    
    4216.357    
    3601.600    
    3564.780    
    3309.397    
    3364.229    
    3719.534    
    3452.469    
    3173.299    
    3478.992    
    3015.557    
    2756.554    
    2163.011    
    2060.425    
    2247.212    
    2179.627    
    2099.849    
    1887.569    
    1606.865    
    1954.819    
    1552.807    
    1488.026    
    1949.258    
    1522.493    
    1406.254    
    1441.218    
    1631.005    
    1695.904    
    1625.831    
    1390.321    
    1196.552    
    1110.865    
    1055.403    
    1387.276    
    1456.127    
    1855.335    
    1903.107    
    1798.306    
    2032.088    
    1827.915    
    1547.855    
    1369.466    
    1172.084    
    1193.474    
    1736.271    
    1636.119    
    2104.725    
    2355.013    
    2819.073    
    2221.996    
    2113.510    
    1416.773    
    1087.223    
    980.0281    
    1080.220    
    1109.776    
    1290.013    
    1105.944    
    1013.557    
    947.3447    
    998.1486    
    896.0754    
    1128.914    
    1047.387    
    969.0790    
    1296.626    
    1769.265    
    1660.276    
    1428.190    
    1411.094    
    1368.896    
    1353.164    
    1973.230    
    1817.361    
    1843.136    
    1974.838    
    1766.848    
    2273.942    
    2127.570    
    1996.779    
    1593.789    
    1445.258    
    1410.377    
    1511.080    
    1502.865    
    1247.168    
    1219.391    
    1021.363    
    1312.908    
    1918.358    
    2316.227    
    2528.465    
    2956.955    
    2664.539    
    2435.144    
    1420.730    
    1953.896    
    2582.737    
    2884.133    
    3299.099    
    3244.047    
    3753.252    
    3206.500    
    3761.223    
    3817.417    
    5251.972    
    5678.005    
    5924.326    
    5949.131    
    5598.391    
    5376.280    
    4259.445    
    4148.352    
    4812.859    
    4095.195    
    3256.918    
    2703.750    
    2016.327    
    1330.205    
    1495.827    
    1882.130    
    1564.742    
    1581.301    
    2197.282    
    2646.023    
    2863.869    
    2926.023    
    2868.275    
    3159.175    
    3648.099    
    3294.952    
    2874.483    
    2416.277    
    2454.389    
    2506.799    
    3357.352    
    3924.967    
    3444.396    
    3077.285    
    3014.985    
    3189.012    
    3378.121    
    3680.498    
    3633.034    
    4384.897    
    4337.523    
    4489.646    
    5200.009    
    4285.553    
    4077.969    
    5130.281    
    4315.259    
    3965.740    
    4923.930    
    5350.133    
    6081.545    
    6110.798    
    6158.050    
    6486.045    
    6078.972    
    6491.300    
    6422.509    
    6411.776    
    6339.521    
    6595.711    
    6466.390    
    6685.097    
    6777.108    
    7694.811    
    7683.377    
