    7102.311    
    6969.115    
    6797.292    
    6402.777    
    6801.471    
    6910.717    
    7844.738    
    7381.795    
    7366.316    
    7438.389    
    7300.921    
    7191.999    
    6934.473    
    6894.015    
    6573.732    
    6504.457    
    6309.437    
    6445.943    
    6170.916    
    5594.073    
    5142.954    
    4304.264    
    4325.273    
    4718.508    
    5290.060    
    5947.891    
    6480.187    
    6449.202    
    7138.481    
    6904.815    
    7087.028    
    7025.235    
    7690.412    
    7707.144    
    7189.190    
    6621.214    
    6711.385    
    6691.578    
    6413.530    
    6697.282    
    7050.333    
    7443.072    
    7636.530    
    7840.796    
    7888.308    
    7815.690    
    8136.825    
    8115.143    
    8030.281    
    8081.252    
    7935.319    
    8014.929    
    8322.277    
    8084.685    
    7939.779    
    7894.417    
    7798.328    
    7745.263    
    7769.410    
    7633.844    
    6998.484    
    7170.510    
    6933.330    
    6604.502    
    7041.662    
    7359.292    
    6642.843    
    6717.690    
    6518.016    
    6614.045    
    6658.213    
    6294.601    
    6007.755    
    6067.677    
    5793.226    
    5980.176    
    6564.482    
    6248.115    
    6259.653    
    6216.757    
    6591.719    
    6578.271    
    6726.248    
    6743.263    
    6748.382    
    6758.091    
    7224.258    
    6912.181    
    6828.740    
    6857.966    
    6938.809    
    7468.245    
    7218.979    
    6869.380    
    7079.481    
    6692.759    
    7125.763    
    6682.183    
    7228.439    
    6826.695    
    7070.354    
    6881.306    
    7129.008    
    7550.636    
    7467.719    
    7676.121    
    8065.291    
    8224.870    
    8681.002    
    8653.053    
    8522.756    
    8202.180    
    8514.889    
    8170.137    
    8099.021    
    7861.311    
    7920.272    
    7733.815    
    7512.167    
    7246.091    
    7675.177    
    7647.582    
    7727.401    
    7564.412    
    7396.640    
    7230.073    
    7288.770    
    7264.994    
    7047.562    
    6351.989    
    6186.124    
    6385.972    
    6524.069    
    6328.734    
    5856.639    
    5422.769    
    4207.092    
    4318.770    
    4089.001    
    5637.940    
    5901.606    
    5523.571    
    5258.679    
    5863.625    
    5758.146    
    5470.396    
    6182.708    
    6460.808    
    6500.151    
    6095.363    
    4627.150    
    3869.887    
    3308.094    
    3298.146    
    3414.151    
    3083.656    
    2843.133    
    2973.822    
    2866.800    
    2689.229    
    2814.690    
    2995.138    
    3275.512    
    2980.143    
    3261.308    
    3378.535    
    3282.252    
    3118.475    
    2903.797    
    2932.384    
    2594.779    
    2493.968    
    2080.300    
    2820.032    
    2027.712    
    1744.802    
    2455.717    
    2572.671    
    2222.238    
    2253.421    
    2155.532    
    1638.211    
    1307.631    
    1040.564    
    1232.052    
    1355.183    
    1048.094    
    1023.370    
    1119.752    
    1007.985    
    1378.690    
    1352.436    
    1417.877    
    1112.595    
    1087.058    
    1101.571    
    1309.369    
    1510.862    
    1705.257    
    1657.624    
    2333.266    
    1937.523    
    1984.150    
    2172.996    
    2339.589    
    2744.308    
    2797.777    
    3306.403    
    3169.896    
    3074.871    
    2710.540    
    2370.058    
    2131.898    
    2109.132    
    2004.126    
    1912.467    
    1847.099    
    1876.721    
    2356.540    
    1969.302    
    2411.917    
    2057.290    
    1806.086    
    1426.443    
    1564.042    
    1459.215    
    1646.915    
    1466.498    
    1516.945    
    1593.451    
    1455.002    
    1605.259    
    1950.723    
    1434.087    
    1211.109    
    1028.819    
    1199.395    
    1365.924    
    1477.650    
    2001.526    
    1506.400    
    1476.281    
    1584.448    
    1576.702    
    1836.397    
    1973.656    
    1787.698    
    2095.801    
    1825.049    
    1850.403    
    1530.272    
    1668.774    
    1761.668    
    1538.595    
    1388.395    
    1332.394    
    939.4536    
    927.5852    
    1156.502    
    1191.976    
    1234.468    
    1014.686    
    991.0312    
    996.4954    
    1270.424    
    1401.782    
    1437.755    
    1889.200    
    1964.857    
    2060.368    
    2270.675    
    3155.056    
    3207.721    
    3614.412    
    3762.167    
    3646.913    
    3643.211    
    3445.415    
    3805.071    
    4396.588    
    4269.682    
    3925.913    
    4458.916    
    4149.999    
    4417.291    
    5236.735    
    5073.521    
    5048.541    
    4381.506    
    5127.146    
    4856.331    
    3559.525    
    3743.661    
    3674.320    
    4382.876    
    6144.150    
    6623.710    
    6478.923    
    6752.177    
    7027.740    
