    2701.174    
    2759.558    
    1963.831    
    1563.753    
    1460.846    
    1452.916    
    1917.686    
    1813.713    
    1434.280    
    1461.784    
    1490.960    
    1229.257    
    1026.035    
    1146.001    
    1203.661    
    1097.397    
    1044.880    
    876.2028    
    957.1618    
    866.8319    
    1014.089    
    1105.259    
    1325.058    
    1301.531    
    1338.226    
    1192.058    
    1373.054    
    1503.485    
    1471.226    
    1440.985    
    1466.570    
    1647.552    
    1568.289    
    1781.844    
    2078.622    
    2154.367    
    1607.456    
    1626.761    
    1476.609    
    1181.792    
    1125.588    
    1408.453    
    1233.922    
    1062.982    
    1004.859    
    1078.647    
    1051.341    
    1390.968    
    1525.023    
    1423.153    
    1537.140    
    1793.358    
    1957.384    
    1706.975    
    1994.521    
    1802.337    
    1592.121    
    1351.797    
    1295.988    
    1111.999    
    1270.675    
    1374.893    
    1361.308    
    1570.647    
    1903.195    
    1885.996    
    2054.285    
    2442.950    
    2379.403    
    2163.047    
    1755.743    
    2024.029    
    1685.127    
    1868.657    
    1862.405    
    2142.172    
    1938.188    
    1946.275    
    1616.001    
    1965.252    
    1850.651    
    2154.882    
    2110.452    
    1975.139    
    2088.832    
    2146.587    
    2661.660    
    2963.575    
    4178.269    
    3841.563    
    3514.067    
    4083.419    
    3597.720    
    3084.480    
    2650.786    
    2725.188    
    2352.070    
    2874.920    
    3121.992    
    2980.647    
    4135.092    
    3819.975    
    3890.702    
    4709.890    
    5172.023    
    5250.124    
    5624.745    
    5514.111    
    5184.022    
    3708.622    
    3641.687    
    4301.671    
    4922.690    
    4171.854    
    3931.465    
    3225.687    
    2785.072    
    2380.741    
    2260.731    
    2573.598    
    2355.918    
    3155.763    
    4187.109    
    2849.884    
    2514.581    
    2217.554    
    2488.492    
    3025.360    
    3203.852    
    3349.774    
    4976.123    
    4418.268    
    5316.228    
    5775.044    
    5920.964    
    5971.741    
    5835.021    
    5414.257    
    5485.824    
    5710.603    
    5899.005    
    6128.891    
    6127.232    
    6638.922    
    6760.253    
    6614.182    
    6078.992    
    6056.895    
    6403.462    
    6686.106    
    6677.394    
    6588.932    
    6399.706    
    6555.300    
    6772.039    
    6583.865    
    6598.677    
    6851.856    
    7065.485    
    7229.148    
    7100.340    
    7415.829    
    7656.883    
    8293.394    
    8499.878    
    8097.065    
    7794.835    
    7902.949    
    7869.241    
    8169.770    
    8152.427    
    7968.021    
    7452.745    
    7275.881    
    7209.630    
    7340.412    
    6958.831    
    6688.059    
    6767.628    
    6879.899    
    7050.783    
    7131.999    
    7057.819    
    6971.955    
    6939.027    
    7246.191    
    7544.499    
    7674.586    
    7910.417    
    7810.519    
    8407.586    
    8165.972    
    8017.836    
    8056.819    
    7906.319    
    8003.882    
    7888.432    
    8659.985    
    7918.256    
    7843.672    
    8027.528    
    7973.732    
    8549.784    
    7559.505    
    7324.950    
    6722.776    
    6835.516    
    6974.645    
    7090.077    
    7177.205    
    7034.001    
    6931.976    
    7204.498    
    7075.105    
    6921.141    
    6792.058    
    6680.902    
    6331.104    
    6564.706    
    6526.824    
    6483.956    
    5940.687    
    6152.978    
    5805.687    
    6199.271    
    6169.539    
    6291.899    
    6611.520    
    6508.933    
    6470.763    
    6504.468    
    6625.056    
    6467.458    
    6286.762    
    6223.479    
    6260.365    
    6323.338    
    6423.848    
    6868.647    
    7167.445    
    7222.357    
    7379.457    
    7154.488    
    6888.054    
    6857.036    
    6656.664    
    6384.262    
    6439.099    
    6647.598    
    6801.175    
    7107.987    
    6817.225    
    7500.348    
    7631.570    
    8035.912    
    8067.105    
    7861.111    
    7478.054    
    7308.302    
    7692.940    
    7790.780    
    7540.943    
    7241.869    
    7750.370    
    6891.541    
    7113.381    
    6997.440    
    7199.492    
    7266.166    
    7636.119    
    7806.596    
    7926.154    
    7705.283    
    7291.658    
    6913.765    
    6743.180    
    6356.814    
    5294.701    
    4371.537    
    3750.954    
    3519.835    
    3557.898    
    3778.117    
    4033.650    
    3657.434    
    3237.251    
    3348.831    
    3411.097    
    4310.449    
    4527.366    
    4787.533    
    4261.256    
    3391.126    
    3066.671    
    3274.057    
    2939.903    
    2913.326    
    3249.797    
    2837.367    
    2608.249    
