    4596.550    
    5281.313    
    6675.029    
    6136.874    
    5520.919    
    6306.957    
    5800.409    
    6690.344    
    6587.052    
    7249.104    
    7849.094    
    7985.281    
    8086.879    
    8181.973    
    7837.737    
    8040.474    
    7553.353    
    8124.000    
    7931.057    
    7717.714    
    7788.235    
    7430.904    
    7360.600    
    7499.364    
    7779.667    
    8067.358    
    8131.326    
    7845.111    
    7675.654    
    7284.548    
    7201.974    
    7110.571    
    6505.548    
    6101.816    
    6527.237    
    6667.832    
    6335.716    
    5661.809    
    5825.272    
    5609.541    
    5752.591    
    6032.254    
    6495.654    
    6906.176    
    6754.085    
    6642.963    
    6727.779    
    6943.672    
    6845.198    
    7098.915    
    7085.719    
    6393.646    
    6765.105    
    6829.487    
    6450.830    
    6637.809    
    6699.815    
    6471.423    
    6657.823    
    6209.387    
    6195.865    
    6705.864    
    6792.430    
    7137.299    
    7209.836    
    7003.244    
    7045.955    
    7233.777    
    8010.011    
    7618.758    
    7629.967    
    7483.471    
    7756.010    
    6922.015    
    7292.284    
    7153.931    
    7574.193    
    7812.382    
    7781.151    
    7829.930    
    7872.832    
    8048.355    
    8268.408    
    8507.832    
    8076.031    
    8174.999    
    8677.448    
    8666.250    
    8386.381    
    7934.213    
    7741.864    
    7324.958    
    7907.155    
    7875.190    
    7664.254    
    7072.451    
    6868.321    
    6747.823    
    7064.877    
    7233.988    
    7451.336    
    7034.064    
    7273.887    
    7225.362    
    7371.915    
    7561.873    
    7615.380    
    7168.379    
    7240.332    
    7267.089    
    6952.806    
    6718.641    
    6522.627    
    6824.840    
    6862.429    
    6703.869    
    6627.717    
    6406.340    
    6234.259    
    6617.645    
    6554.697    
    6579.764    
    6733.870    
    6892.113    
    6840.214    
    7142.997    
    6966.567    
    6881.486    
    6356.798    
    6430.539    
    6295.328    
    6496.396    
    5995.419    
    5755.558    
    5313.188    
    5409.654    
    4440.944    
    3860.298    
    3475.416    
    3094.139    
    3359.529    
    2798.750    
    3046.815    
    3248.553    
    3423.324    
    3330.111    
    4091.397    
    3756.409    
    2934.877    
    4302.183    
    4329.872    
    3387.364    
    2606.849    
    2224.818    
    2121.795    
    2422.662    
    2984.485    
    3209.816    
    3617.943    
    3571.739    
    4062.978    
    4333.810    
    5076.627    
    5003.329    
    4317.374    
    3582.350    
    3318.191    
    2907.335    
    2955.989    
    2867.874    
    2871.796    
    2780.047    
    3228.718    
    3119.622    
    3646.954    
    2990.602    
    4229.162    
    4901.355    
    4217.461    
    4280.076    
    3835.997    
    3508.338    
    3271.889    
    3302.748    
    3983.735    
    3773.758    
    3308.181    
    2884.959    
    3092.301    
    2652.798    
    2611.252    
    2198.913    
    1992.075    
    2115.958    
    2324.443    
    2485.292    
    2163.598    
    1835.156    
    1748.784    
    1442.002    
    1001.721    
    1037.104    
    968.9866    
    1432.825    
    1422.839    
    1563.591    
    1526.001    
    1529.620    
    1477.933    
    1184.765    
    1011.232    
    918.3533    
    960.1724    
    1118.292    
    1195.019    
    1537.214    
    1377.959    
    1231.329    
    1031.174    
    1099.464    
    1205.397    
    1163.941    
    1120.620    
    1107.278    
    1307.694    
    1621.151    
    1679.723    
    2057.713    
    2069.970    
    2130.021    
    2022.460    
    1702.791    
    1484.226    
    1080.276    
    1017.927    
    1294.918    
    1776.477    
    1668.146    
    1602.719    
    1424.206    
    1249.601    
    1471.627    
    1366.437    
    1380.147    
    1369.879    
    1419.112    
    1302.992    
    1337.136    
    1258.500    
    1500.240    
    1397.871    
    1402.210    
    1393.216    
    1061.712    
    1448.006    
    1826.504    
    1937.899    
    1778.659    
    1817.040    
    1858.253    
    1902.070    
    1797.768    
    2145.156    
    1915.016    
    2000.654    
    2006.616    
    1994.854    
    1585.886    
    1576.462    
    1397.035    
    1556.674    
    1949.138    
    2034.022    
    2321.846    
    2438.095    
    2141.553    
    2350.680    
    2168.036    
    2414.998    
    2588.067    
    2825.253    
    3711.472    
    4274.125    
    5240.028    
    5224.344    
    5904.623    
    6317.073    
    6485.149    
    6410.276    
    6158.372    
    6144.974    
    5971.355    
    6181.681    
    6593.809    
    7038.616    
    6935.495    
    6918.509    
    5953.244    
    5336.268    
    4743.289    
