    7424.547    
    7350.031    
    6624.022    
    6629.480    
    6595.613    
    6852.958    
    6466.479    
    6894.723    
    6782.048    
    6895.999    
    6763.991    
    7099.858    
    7213.036    
    6712.977    
    6887.761    
    7081.098    
    7674.630    
    7104.298    
    7341.123    
    7251.634    
    7348.685    
    7624.952    
    7808.789    
    8052.056    
    8085.198    
    8044.404    
    7901.184    
    8020.736    
    7973.004    
    7722.892    
    7298.264    
    7150.942    
    6998.175    
    6695.442    
    6505.494    
    6317.321    
    6390.014    
    6248.306    
    6267.644    
    6480.970    
    6605.841    
    6533.155    
    6827.909    
    7462.111    
    7394.667    
    7506.252    
    7180.979    
    6733.116    
    6700.335    
    6639.670    
    6908.318    
    6357.641    
    6610.193    
    6523.182    
    6373.567    
    6586.231    
    6932.889    
    6993.943    
    7317.717    
    7696.922    
    7860.163    
    7935.549    
    8204.746    
    7890.032    
    7864.551    
    8128.419    
    8004.572    
    8456.083    
    8180.946    
    7567.036    
    7649.405    
    7290.015    
    7283.376    
    7595.466    
    8231.035    
    8737.356    
    8421.769    
    8681.585    
    8067.991    
    7739.879    
    7746.801    
    7770.816    
    7742.188    
    7486.175    
    7013.922    
    6663.067    
    7070.215    
    6738.081    
    6796.255    
    7005.889    
    7265.965    
    7634.425    
    7775.042    
    7574.883    
    7053.339    
    6768.495    
    7226.008    
    7201.788    
    7227.536    
    6942.381    
    6643.128    
    6402.826    
    6261.061    
    6159.412    
    6154.273    
    5850.150    
    4983.948    
    5418.480    
    4163.920    
    3910.243    
    3347.952    
    3503.887    
    3482.109    
    3699.075    
    3864.882    
    4385.151    
    4289.391    
    4014.363    
    5155.521    
    5561.689    
    5087.577    
    5514.508    
    5729.171    
    5676.177    
    4687.331    
    3798.003    
    3310.900    
    3059.122    
    3695.270    
    3387.344    
    3359.956    
    3067.040    
    2884.959    
    2987.769    
    2830.225    
    2731.214    
    2853.344    
    3084.481    
    2205.080    
    2005.880    
    2168.014    
    2213.091    
    2148.526    
    2495.029    
    2646.151    
    2741.958    
    2611.980    
    3097.646    
    3618.049    
    4343.453    
    4321.349    
    3236.444    
    3265.221    
    2397.709    
    2871.848    
    4240.516    
    5481.046    
    5637.812    
    5292.928    
    5183.177    
    5189.084    
    4325.920    
    4280.982    
    3801.669    
    3641.628    
    3326.400    
    3198.304    
    3107.055    
    2851.832    
    2467.544    
    2279.315    
    1989.994    
    1972.081    
    1521.092    
    1896.060    
    1806.301    
    2090.798    
    2093.497    
    2294.401    
    2527.768    
    2682.724    
    2323.214    
    2066.341    
    1834.987    
    1448.183    
    1293.715    
    1057.101    
    1106.370    
    1296.414    
    1024.243    
    1349.661    
    1106.861    
    1022.421    
    1047.841    
    1406.809    
    1183.337    
    1250.952    
    1101.898    
    1412.874    
    1375.685    
    1414.094    
    1437.263    
    1080.402    
    960.5285    
    942.7483    
    930.5554    
    978.8655    
    1162.653    
    1395.379    
    1361.372    
    1050.829    
    1181.852    
    1511.617    
    2029.278    
    1954.034    
    2048.395    
    1864.816    
    1520.372    
    1682.754    
    1585.656    
    1282.109    
    1428.176    
    1354.270    
    1625.856    
    1486.334    
    1478.048    
    1650.918    
    1885.138    
    1927.481    
    2142.015    
    1981.883    
    1762.857    
    1460.657    
    1596.199    
    1695.864    
    1977.379    
    1572.947    
    1871.540    
    1612.466    
    1315.562    
    1084.287    
    1214.555    
    1380.161    
    1228.980    
    1449.600    
    1446.359    
    1796.230    
    1854.339    
    2136.749    
    1564.899    
    1533.760    
    1560.395    
    1967.404    
    1960.165    
    2428.884    
    2912.253    
    2945.000    
    3290.942    
    3575.856    
    3516.958    
    3752.694    
    4098.005    
    4226.479    
    4425.532    
    5047.692    
    5840.499    
    6132.220    
    4600.568    
    5882.400    
    5892.747    
    5913.005    
    6059.155    
    5266.266    
    5078.900    
    6003.808    
    6174.540    
    6306.103    
    6235.063    
    6198.725    
    6504.972    
    6980.370    
    6842.486    
    6945.996    
    6561.696    
    6517.832    
    6751.891    
    6722.806    
    6813.794    
    7049.352    
    6869.226    
    6715.688    
    6689.137    
    7168.132    
    7162.420    
    7131.843    
    7843.094    
    8142.817    
    7965.467    
    8111.538    
    7942.004    
