    7619.205    
    7859.161    
    7105.747    
    6935.526    
    6714.527    
    6338.664    
    6639.833    
    6505.350    
    6320.507    
    6144.282    
    6270.687    
    6134.719    
    6208.281    
    5891.695    
    5794.120    
    5913.316    
    6044.488    
    6358.564    
    6555.589    
    6743.057    
    7109.172    
    7057.008    
    7222.937    
    6908.334    
    6601.116    
    6491.537    
    6434.563    
    6903.383    
    6778.811    
    6927.143    
    7001.832    
    6868.849    
    6971.312    
    7297.748    
    7448.691    
    7691.549    
    7783.573    
    7505.284    
    7808.936    
    7669.948    
    7815.975    
    8251.722    
    7955.321    
    7078.984    
    7116.407    
    7032.035    
    7053.586    
    7206.000    
    7581.604    
    7353.266    
    7238.632    
    7816.848    
    7370.854    
    7312.649    
    7741.598    
    7093.188    
    7854.210    
    8069.160    
    8036.152    
    7624.070    
    7999.489    
    7181.456    
    6828.940    
    6648.485    
    6460.948    
    6417.047    
    6126.271    
    5970.362    
    5873.689    
    4318.449    
    3470.380    
    2919.922    
    3044.058    
    3441.631    
    4172.795    
    5199.388    
    5106.006    
    4988.893    
    5481.333    
    5638.783    
    5732.733    
    5159.926    
    5717.567    
    5284.336    
    5876.228    
    6137.159    
    6172.310    
    6515.808    
    6654.859    
    6529.647    
    6619.702    
    6594.935    
    6468.008    
    6263.605    
    4761.513    
    4456.004    
    3874.035    
    4209.283    
    4579.891    
    4241.739    
    3545.135    
    3214.571    
    3264.877    
    3297.369    
    3322.505    
    3604.481    
    3680.901    
    3723.732    
    3355.514    
    3315.274    
    2859.629    
    2938.632    
    2523.055    
    2246.694    
    2153.397    
    2173.942    
    2058.617    
    2572.784    
    2113.114    
    3175.368    
    3494.244    
    3334.373    
    2247.379    
    1913.983    
    1836.100    
    1378.796    
    1300.418    
    1041.978    
    979.7514    
    1053.376    
    982.8678    
    841.6296    
    945.1757    
    931.3158    
    1080.852    
    1067.812    
    1237.420    
    1162.600    
    1382.979    
    1360.154    
    1086.125    
    1106.044    
    1213.395    
    1145.160    
    1260.003    
    1439.064    
    1455.121    
    1506.414    
    1483.711    
    1635.499    
    1935.036    
    1568.747    
    1682.650    
    2019.639    
    2161.134    
    1915.767    
    2147.304    
    2099.491    
    1655.695    
    1429.435    
    1617.013    
    1398.433    
    1613.684    
    1825.834    
    1849.005    
    2060.758    
    2426.597    
    2637.895    
    2867.441    
    2724.872    
    2536.781    
    2037.806    
    2130.030    
    2370.622    
    2437.871    
    2171.527    
    1899.349    
    1594.311    
    1580.313    
    1788.266    
    2012.605    
    1946.646    
    1968.288    
    2333.632    
    2753.463    
    2464.547    
    2784.451    
    3071.850    
    2657.351    
    3066.163    
    2299.033    
    1838.791    
    1375.212    
    1346.164    
    1274.572    
    1405.136    
    1119.925    
    1028.280    
    954.1840    
    1340.977    
    1959.669    
    1664.589    
    1692.906    
    1464.843    
    1861.021    
    1418.512    
    1370.011    
    1285.838    
    1188.069    
    1423.549    
    1320.621    
    1339.890    
    1068.586    
    1508.967    
    1519.071    
    1977.102    
    2850.353    
    2985.464    
    3021.251    
    2887.851    
    3266.573    
    3594.029    
    3149.481    
    3672.054    
    4084.200    
    4394.679    
    4407.151    
    5028.368    
    4257.721    
    4108.260    
    3821.000    
    4385.867    
    5267.417    
    3856.409    
    3920.228    
    4335.590    
    5218.851    
    5366.167    
    5656.413    
    5588.802    
    6295.072    
    6040.304    
    6424.263    
    6572.843    
    6675.564    
    6543.028    
    6733.494    
    6892.018    
    6708.325    
    6441.602    
    6717.003    
    6810.683    
    6964.436    
    7172.416    
    7319.866    
    6784.636    
    6635.648    
    6702.486    
    6582.742    
    7136.913    
    7732.915    
    7980.299    
    7937.948    
    7459.904    
    6890.441    
    7147.651    
    7525.128    
    7270.401    
    7828.698    
    7656.208    
    7631.735    
    7112.737    
    6909.626    
    7245.036    
    7532.316    
    7772.383    
    7869.118    
    7717.281    
    7599.329    
    7910.653    
    8166.122    
    8100.879    
    8700.484    
    8784.459    
    8585.371    
    8483.561    
    8116.725    
    8148.050    
    8081.551    
    7894.921    
    7832.131    
    7383.948    
    6766.804    
    7218.485    
    6980.285    
    6848.423    
    6695.995    
    6946.518    
    7245.173    
    7209.422    
