    3293.095    
    3419.689    
    3161.540    
    3086.594    
    2448.228    
    2829.767    
    2138.015    
    1853.478    
    1867.324    
    1852.441    
    1465.480    
    1452.644    
    1236.487    
    1439.322    
    1122.188    
    1010.090    
    1037.271    
    968.3196    
    1031.253    
    1023.274    
    1064.845    
    1051.557    
    985.4833    
    924.4519    
    1003.419    
    1123.244    
    1085.357    
    1172.027    
    1388.374    
    1428.282    
    1363.148    
    1562.427    
    1707.522    
    1620.370    
    1870.327    
    1544.173    
    1525.042    
    1632.887    
    1671.850    
    1955.895    
    1549.671    
    1366.629    
    1267.779    
    1473.299    
    1368.175    
    1309.473    
    1313.265    
    1113.719    
    1163.416    
    1457.205    
    1921.941    
    1986.845    
    2005.843    
    1846.460    
    1823.711    
    1376.436    
    1499.088    
    1393.277    
    1331.644    
    1395.051    
    1458.874    
    1587.816    
    1515.979    
    1192.324    
    1223.981    
    1247.632    
    1384.030    
    1316.398    
    1725.247    
    1494.705    
    1615.664    
    2029.138    
    2739.231    
    3068.417    
    2910.563    
    3274.285    
    3128.875    
    2990.138    
    2619.390    
    2442.211    
    2113.238    
    2224.147    
    1906.681    
    2370.237    
    2040.177    
    1576.675    
    1802.349    
    1972.474    
    2141.180    
    2102.562    
    2784.038    
    2570.853    
    2880.020    
    3181.920    
    3605.286    
    3550.519    
    2696.727    
    2376.892    
    2098.122    
    1951.384    
    2012.954    
    2060.145    
    2811.235    
    3245.876    
    3207.177    
    3285.023    
    3349.148    
    3785.156    
    3438.640    
    4281.318    
    4204.795    
    3593.437    
    2780.921    
    2802.019    
    2512.454    
    2314.126    
    1984.438    
    2407.839    
    2288.712    
    2023.762    
    2629.448    
    2169.764    
    2165.898    
    2243.776    
    2958.223    
    3000.420    
    3319.896    
    4087.164    
    4238.536    
    4924.228    
    5667.546    
    5927.473    
    6180.109    
    6462.350    
    6857.041    
    6483.667    
    6891.252    
    6911.615    
    6772.080    
    6341.000    
    6535.956    
    6848.601    
    6584.142    
    6389.500    
    6432.284    
    6592.691    
    6881.575    
    6695.811    
    6968.210    
    6738.871    
    6822.115    
    6806.292    
    6708.572    
    6843.146    
    7374.169    
    7252.061    
    7413.755    
    7679.184    
    7162.483    
    7067.500    
    7217.289    
    7625.917    
    8035.240    
    7908.953    
    8122.767    
    7922.708    
    8063.496    
    8021.582    
    8070.816    
    7836.358    
    8154.199    
    7859.384    
    8150.399    
    8181.668    
    8307.389    
    8523.108    
    7849.807    
    8098.963    
    7754.839    
    7234.125    
    7175.453    
    7148.982    
    7024.721    
    7009.037    
    7111.791    
    7261.569    
    7656.764    
    7825.295    
    8058.858    
    8665.841    
    8696.636    
    7926.527    
    7733.199    
    7911.220    
    8373.387    
    7979.702    
    7746.404    
    7473.566    
    7332.446    
    7570.590    
    7444.437    
    7567.292    
    7222.327    
    7279.164    
    7623.964    
    7882.348    
    7712.411    
    7788.589    
    7895.644    
    7808.633    
    7638.934    
    7554.430    
    7441.188    
    6750.160    
    6690.789    
    6759.110    
    6414.295    
    6512.767    
    6677.838    
    6662.418    
    6726.683    
    6501.877    
    6569.308    
    6989.811    
    7124.152    
    6973.091    
    6925.621    
    6947.212    
    6552.225    
    6421.930    
    6083.597    
    6233.354    
    6159.138    
    6466.555    
    6197.271    
    6356.613    
    6566.204    
    6133.432    
    5969.296    
    6175.680    
    6317.629    
    6610.836    
    7033.783    
    6544.434    
    5984.326    
    5569.810    
    6024.925    
    5804.813    
    5468.070    
    4381.736    
    4592.524    
    5314.924    
    6204.655    
    6490.846    
    6825.171    
    6716.372    
    6629.478    
    5766.442    
    4424.999    
    3887.169    
    4349.001    
    4430.793    
    5894.448    
    5337.346    
    5344.480    
    5417.288    
    5182.074    
    5280.776    
    6731.412    
    7211.378    
    7253.851    
    7084.818    
    6635.440    
    7044.591    
    7356.676    
    7301.785    
    7481.908    
    7244.355    
    7094.740    
    6930.764    
    6803.745    
    6775.451    
    6670.511    
    6265.829    
    6281.813    
    5215.135    
    5816.613    
    5621.194    
    4703.312    
    3926.903    
    4203.310    
    3666.978    
    4022.945    
    5026.835    
    4131.422    
    4384.292    
    3645.086    
    3707.371    
    3771.433    
    3276.835    
