    3785.234    
    4344.002    
    4454.932    
    5440.209    
    5932.122    
    5784.346    
    5907.130    
    5192.479    
    5297.882    
    5509.836    
    4757.128    
    3900.444    
    3661.292    
    3939.189    
    4586.566    
    5376.477    
    5626.250    
    5937.934    
    5941.543    
    6296.818    
    6695.854    
    7296.941    
    7696.794    
    7672.477    
    7170.718    
    7746.235    
    7060.026    
    7091.319    
    6718.036    
    5981.999    
    6594.439    
    6641.258    
    6707.239    
    6490.136    
    6356.089    
    6632.809    
    6693.948    
    6404.359    
    6631.343    
    6307.379    
    6214.203    
    6482.345    
    6761.058    
    6758.034    
    6433.470    
    6522.694    
    6504.023    
    6970.408    
    7337.605    
    7873.036    
    7904.556    
    7806.282    
    7789.226    
    7891.647    
    7978.870    
    7631.064    
    7341.404    
    7618.476    
    7934.524    
    7819.172    
    8070.763    
    7854.313    
    7604.982    
    7753.628    
    8020.702    
    8178.146    
    8096.197    
    8038.299    
    7366.332    
    7042.482    
    6723.757    
    6648.004    
    7167.270    
    7656.217    
    7703.349    
    7409.996    
    7192.351    
    6827.129    
    7233.319    
    7556.611    
    8114.164    
    7989.326    
    8517.289    
    8731.416    
    8762.338    
    8291.352    
    8199.107    
    8054.848    
    8427.275    
    8025.193    
    7814.585    
    7639.469    
    6886.855    
    6821.700    
    7376.088    
    7254.156    
    7016.841    
    6713.131    
    6426.557    
    6234.904    
    6602.015    
    6959.112    
    6944.099    
    6766.299    
    6662.377    
    6206.527    
    6327.964    
    6118.679    
    6258.716    
    6187.853    
    6873.154    
    7043.956    
    6962.106    
    6856.718    
    6727.587    
    7227.884    
    7207.863    
    7460.962    
    7140.920    
    6927.926    
    6743.663    
    6610.909    
    6593.658    
    6566.599    
    6399.940    
    6555.835    
    6341.842    
    6460.789    
    6770.713    
    7006.574    
    7562.555    
    7251.171    
    6999.521    
    7088.192    
    7097.913    
    7107.312    
    6834.156    
    6886.835    
    6798.452    
    7121.739    
    6934.418    
    7322.262    
    7481.625    
    7364.310    
    7147.419    
    7540.049    
    7693.176    
    7822.961    
    7280.496    
    7151.391    
    6530.125    
    6274.426    
    6133.740    
    5813.231    
    5752.697    
    5256.181    
    5643.731    
    4870.076    
    3703.751    
    3363.781    
    3190.538    
    3284.801    
    3051.134    
    2793.536    
    2887.258    
    3083.170    
    2849.157    
    2626.168    
    2088.838    
    2176.708    
    2021.122    
    1573.526    
    1400.142    
    1393.093    
    1388.177    
    964.2964    
    989.8494    
    949.4556    
    1063.234    
    1178.510    
    1112.617    
    1446.188    
    1553.627    
    1904.862    
    1865.461    
    1975.088    
    2085.807    
    1578.073    
    1587.236    
    1383.898    
    1335.576    
    1074.438    
    1230.095    
    1167.728    
    1213.820    
    933.5891    
    1045.533    
    1098.390    
    1315.290    
    1186.710    
    1452.126    
    1009.796    
    1034.021    
    1124.628    
    1151.337    
    1079.424    
    1231.447    
    1266.136    
    1310.841    
    1394.704    
    1430.407    
    1286.096    
    1360.969    
    1373.934    
    1381.639    
    1538.394    
    1627.178    
    1888.863    
    1600.693    
    1896.518    
    1517.412    
    1495.862    
    1646.827    
    1832.824    
    1609.174    
    1772.291    
    1979.437    
    2362.431    
    2296.928    
    1950.481    
    1859.339    
    1619.405    
    1427.475    
    1408.874    
    1492.288    
    1500.546    
    1753.636    
    1852.919    
    1468.279    
    1458.171    
    2036.105    
    2589.156    
    3071.958    
    3567.148    
    4089.265    
    3801.347    
    3665.850    
    4412.596    
    4265.264    
    4281.458    
    4217.404    
    4333.748    
    3462.439    
    3249.885    
    2214.370    
    1976.222    
    2322.543    
    2172.772    
    2676.018    
    1966.390    
    2118.222    
    2134.887    
    2230.842    
    2165.331    
    2738.122    
    2412.227    
    2755.441    
    2441.292    
    2577.841    
    1948.415    
    1701.201    
    1786.896    
    1924.266    
    1984.103    
    2817.334    
    2802.927    
    3157.528    
    2470.036    
    3113.696    
    3205.501    
    3396.029    
    3318.566    
    3720.540    
    4154.103    
    4081.132    
    4006.530    
    2984.291    
    2877.702    
    2538.225    
    2960.306    
    3504.677    
    3012.883    
    3337.531    
    3304.447    
    4948.176    
    5017.173    
    4322.632    
    5247.752    
    5166.270    
    3684.564    
