    1577.008    
    1417.366    
    1156.256    
    1534.977    
    1569.261    
    2295.674    
    2393.047    
    2167.933    
    2421.429    
    3167.136    
    3205.679    
    3422.279    
    3317.631    
    3088.662    
    2994.864    
    2956.630    
    2179.370    
    1861.209    
    1808.631    
    1388.198    
    1362.923    
    1436.497    
    1463.341    
    1910.962    
    2223.811    
    2845.558    
    2748.382    
    2818.047    
    2831.046    
    3102.517    
    4322.040    
    5100.535    
    5240.653    
    4367.848    
    3661.277    
    3734.498    
    4422.233    
    5749.643    
    5595.219    
    6734.657    
    6933.570    
    7022.136    
    7241.289    
    7212.587    
    7046.861    
    7142.432    
    7327.681    
    7387.171    
    7146.261    
    6953.076    
    6924.295    
    6915.454    
    6901.735    
    6062.779    
    5938.064    
    6001.252    
    6651.101    
    6380.259    
    6216.654    
    6075.312    
    6327.991    
    6269.494    
    6975.014    
    7112.138    
    7257.086    
    7223.133    
    7532.601    
    7335.099    
    7908.731    
    7839.288    
    7832.725    
    7511.806    
    7095.245    
    7457.865    
    6958.456    
    6429.216    
    6407.979    
    6120.335    
    6505.530    
    6593.449    
    6673.758    
    6224.039    
    6466.356    
    6295.009    
    6543.914    
    6453.552    
    6637.018    
    6694.742    
    6714.239    
    6743.872    
    6869.167    
    6845.859    
    6823.783    
    7230.284    
    7770.666    
    7655.803    
    7978.703    
    7842.808    
    7697.621    
    7205.056    
    7414.625    
    7420.711    
    7219.913    
    7088.552    
    6621.783    
    6325.570    
    6499.641    
    6530.684    
    6564.968    
    7080.622    
    7037.753    
    6590.206    
    6771.872    
    6486.246    
    6266.566    
    6381.589    
    5866.025    
    6125.205    
    6283.466    
    5790.696    
    5905.958    
    6535.998    
    6708.608    
    6812.438    
    7286.960    
    7615.270    
    7390.176    
    7607.931    
    7158.051    
    7464.717    
    7626.466    
    7675.040    
    7091.037    
    6837.541    
    6727.598    
    6666.114    
    7363.069    
    7677.742    
    7959.409    
    8035.172    
    7737.484    
    7730.435    
    7814.380    
    7889.432    
    8061.789    
    8192.797    
    8468.227    
    8742.809    
    8558.541    
    8106.125    
    7824.419    
    7977.678    
    8019.050    
    8285.051    
    8764.645    
    8182.335    
    8051.894    
    8073.699    
    8133.747    
    7788.378    
    7929.164    
    7898.724    
    7589.922    
    7252.372    
    7186.710    
    7043.517    
    6805.054    
    6596.056    
    6856.062    
    6687.297    
    6722.630    
    6626.169    
    6404.754    
    6711.111    
    6576.898    
    6802.529    
    6518.093    
    6104.545    
    6194.763    
    5684.074    
    5391.478    
    5195.639    
    5084.390    
    4556.672    
    4868.018    
    3322.110    
    2968.425    
    3279.026    
    3646.565    
    4132.707    
    4251.991    
    5293.077    
    5641.395    
    5434.056    
    4452.639    
    4295.503    
    3398.604    
    3340.188    
    3864.190    
    3944.759    
    3682.835    
    4012.925    
    4145.431    
    5132.875    
    4401.181    
    4746.531    
    5278.134    
    4382.592    
    3808.515    
    3589.913    
    3827.638    
    4263.196    
    3630.351    
    3176.055    
    3463.833    
    2727.374    
    2600.849    
    2545.432    
    2258.037    
    1966.844    
    1694.267    
    2052.442    
    1515.610    
    1496.849    
    1609.855    
    1359.904    
    1199.484    
    1273.394    
    1137.760    
    1020.752    
    1053.048    
    1182.103    
    1410.417    
    1454.587    
    1404.994    
    1375.514    
    1213.691    
    1075.490    
    1068.187    
    1313.156    
    1421.920    
    1238.037    
    964.6191    
    950.4734    
    1084.180    
    1340.108    
    1319.353    
    1296.114    
    1477.158    
    1523.544    
    2005.080    
    1803.022    
    1301.672    
    994.1985    
    1205.379    
    1037.170    
    1092.938    
    1037.424    
    1342.311    
    980.9346    
    1112.724    
    1387.367    
    1769.452    
    1537.702    
    1941.167    
    2061.599    
    1878.072    
    2796.849    
    2898.271    
    3243.735    
    3076.559    
    3301.313    
    2859.399    
    2648.266    
    2917.067    
    2031.287    
    1820.759    
    1951.960    
    2300.266    
    1957.044    
    2155.389    
    1894.405    
    2076.438    
    1644.065    
    1769.328    
    1990.599    
    1841.072    
    1665.466    
    1996.333    
    2238.295    
    2687.859    
    2469.070    
    2425.774    
    2323.418    
    2117.328    
    1637.272    
    1873.280    
    1491.714    
    1921.892    
    1568.126    
