    2481.905    
    2820.429    
    3251.026    
    4100.094    
    4512.860    
    4280.691    
    4449.878    
    5365.619    
    5907.314    
    5269.576    
    6019.186    
    6313.369    
    6629.962    
    6527.179    
    5701.276    
    4393.475    
    3963.594    
    4172.289    
    5115.543    
    5218.587    
    5628.770    
    5725.309    
    5558.029    
    5984.568    
    6527.194    
    6581.564    
    7533.797    
    7543.396    
    7596.128    
    7615.196    
    7789.175    
    7448.450    
    6956.824    
    6674.142    
    6719.388    
    6745.224    
    6752.615    
    6400.177    
    6185.192    
    6210.377    
    6284.401    
    6336.756    
    6485.215    
    6445.038    
    6268.971    
    6403.809    
    6560.673    
    6690.532    
    6846.335    
    6634.650    
    6990.253    
    6538.847    
    6788.019    
    7185.980    
    7118.069    
    7395.983    
    7233.923    
    7278.250    
    7455.108    
    7626.758    
    7656.170    
    7325.573    
    7242.211    
    6765.636    
    6696.619    
    7035.306    
    6894.976    
    7125.136    
    7103.283    
    6918.730    
    6770.997    
    7012.450    
    6592.861    
    6657.000    
    6341.396    
    6046.803    
    5866.323    
    6098.586    
    5817.205    
    5438.305    
    6160.318    
    6503.889    
    6841.043    
    7205.114    
    7304.425    
    7355.924    
    7799.882    
    7990.415    
    7867.612    
    8174.997    
    7899.969    
    8031.818    
    8136.505    
    8250.354    
    8253.977    
    8101.987    
    7855.049    
    7749.991    
    8096.771    
    8108.915    
    7938.651    
    7549.021    
    7464.665    
    7175.594    
    7076.958    
    7071.367    
    7150.561    
    7019.580    
    7221.121    
    6870.904    
    7245.190    
    6864.545    
    6903.989    
    7172.945    
    7373.261    
    7603.880    
    7845.106    
    7822.197    
    7853.051    
    7737.232    
    7746.791    
    7877.959    
    7908.516    
    8282.641    
    8781.725    
    8540.264    
    8507.387    
    8192.762    
    8743.654    
    8061.430    
    8084.927    
    7659.719    
    7702.151    
    7093.751    
    6825.378    
    7091.522    
    6707.341    
    6711.514    
    6799.497    
    6712.257    
    6829.801    
    6242.483    
    6131.764    
    6371.920    
    6545.025    
    6495.919    
    6639.829    
    6567.860    
    6600.969    
    6614.624    
    6966.416    
    6907.526    
    7053.197    
    6711.107    
    6436.897    
    6032.414    
    4973.619    
    5390.708    
    4362.819    
    5083.997    
    5338.986    
    6233.938    
    5966.291    
    5747.808    
    5299.112    
    4768.058    
    3877.670    
    3718.927    
    3808.410    
    3333.950    
    3203.492    
    3732.938    
    3512.211    
    3349.542    
    3570.802    
    3327.396    
    3081.565    
    2774.734    
    2686.848    
    2931.111    
    2967.263    
    2450.303    
    1790.050    
    1815.556    
    1553.295    
    1448.581    
    1406.173    
    1445.019    
    1505.048    
    1812.024    
    1964.044    
    2530.375    
    2217.090    
    2907.678    
    3006.894    
    2889.093    
    2165.791    
    2123.693    
    2668.360    
    1475.086    
    1261.291    
    1414.953    
    1528.283    
    1226.276    
    1486.890    
    1589.200    
    1877.792    
    1853.447    
    1621.517    
    1396.638    
    1227.189    
    1179.361    
    1189.842    
    1095.817    
    1382.066    
    1070.253    
    1075.168    
    1060.780    
    1031.521    
    997.8854    
    1035.380    
    1424.420    
    1326.075    
    1032.824    
    1010.241    
    1046.134    
    947.5568    
    1208.550    
    1462.865    
    1399.137    
    1426.108    
    1336.524    
    1582.859    
    1526.462    
    1148.136    
    1346.323    
    1084.559    
    910.3514    
    1093.776    
    1291.445    
    1362.515    
    1278.759    
    1395.159    
    1542.544    
    2004.817    
    2083.826    
    3230.418    
    3268.970    
    3620.481    
    3369.194    
    3395.951    
    4316.182    
    4420.455    
    3693.707    
    4402.194    
    3913.243    
    3472.024    
    3118.667    
    2603.052    
    3612.922    
    4204.068    
    4305.991    
    3989.236    
    2808.804    
    2137.674    
    2321.577    
    2098.205    
    2049.965    
    2027.000    
    1983.969    
    1988.416    
    2273.954    
    2293.150    
    2173.595    
    1864.644    
    1890.502    
    2215.914    
    1970.935    
    1911.931    
    1797.796    
    1987.703    
    1492.312    
    1384.204    
    1686.837    
    1649.560    
    1708.662    
    1748.661    
    2018.734    
    1623.016    
    1993.604    
    2743.424    
    2839.445    
    3210.548    
    2864.752    
    2095.483    
    1983.582    
    2366.335    
    2415.393    
    2641.984    
    3087.630    
