    6437.543    
    6662.586    
    6612.731    
    6734.300    
    6923.737    
    6757.239    
    6471.161    
    6726.579    
    6728.048    
    6737.584    
    6187.919    
    6295.408    
    6284.640    
    6182.472    
    6492.489    
    7061.055    
    6862.862    
    6880.512    
    6929.790    
    7170.589    
    6817.148    
    6784.504    
    6919.834    
    7141.765    
    7274.098    
    7443.592    
    7551.038    
    7777.318    
    7695.851    
    7599.874    
    7751.521    
    7921.714    
    7799.562    
    7876.223    
    7554.722    
    7359.471    
    7490.701    
    7517.480    
    7683.036    
    7907.052    
    7806.815    
    7734.023    
    7943.395    
    7935.860    
    7859.166    
    7321.923    
    7081.516    
    6576.812    
    6165.340    
    6484.191    
    5784.400    
    5847.892    
    5649.973    
    5350.106    
    5670.956    
    5974.216    
    5904.513    
    6223.345    
    6528.760    
    6395.681    
    6559.883    
    6642.350    
    7054.984    
    6803.173    
    6930.036    
    7014.223    
    7092.153    
    6890.038    
    6840.848    
    6590.338    
    6942.419    
    6653.097    
    6712.867    
    7198.641    
    7133.250    
    7469.116    
    7611.717    
    7325.208    
    8014.822    
    7851.025    
    8058.250    
    7829.547    
    8113.475    
    8654.468    
    8114.971    
    8161.776    
    8482.936    
    8275.373    
    8685.971    
    8052.533    
    7865.341    
    7892.139    
    7989.389    
    8137.813    
    8164.320    
    8471.736    
    7977.019    
    8103.641    
    7608.496    
    7708.127    
    7354.905    
    7234.684    
    7304.472    
    6978.603    
    6360.097    
    5801.495    
    6624.139    
    6904.093    
    7113.713    
    7218.667    
    7003.823    
    6749.160    
    6821.828    
    6427.884    
    6688.208    
    6730.526    
    6375.549    
    5575.249    
    5089.403    
    4405.114    
    4177.276    
    4916.864    
    4202.757    
    5021.549    
    4581.542    
    4368.140    
    3790.706    
    2887.291    
    2889.333    
    3321.720    
    3192.874    
    2985.595    
    2855.092    
    2042.787    
    1726.027    
    1663.582    
    2146.709    
    2381.940    
    2458.729    
    3275.593    
    3568.213    
    2981.535    
    2744.586    
    3150.341    
    3828.175    
    4256.732    
    3978.434    
    3432.598    
    3493.477    
    2536.653    
    2808.070    
    2834.789    
    2001.370    
    2112.063    
    2021.740    
    2700.952    
    2670.492    
    1767.465    
    1400.344    
    1390.537    
    1048.670    
    933.1112    
    1178.512    
    1301.180    
    1800.194    
    2178.066    
    2075.066    
    1888.062    
    1856.721    
    2004.006    
    2226.065    
    2522.898    
    3022.233    
    3347.898    
    3059.351    
    3242.962    
    3589.918    
    3263.141    
    3034.111    
    1955.724    
    1899.005    
    1612.009    
    3216.059    
    2773.168    
    2348.749    
    1975.740    
    2296.579    
    1994.276    
    1506.147    
    1625.112    
    1419.617    
    1318.631    
    1360.283    
    1291.091    
    1230.383    
    1417.260    
    1262.022    
    1196.247    
    1013.285    
    1043.921    
    1086.545    
    1293.694    
    1430.661    
    1784.389    
    1919.760    
    1561.226    
    1583.823    
    1410.397    
    1081.959    
    1107.742    
    1027.757    
    962.4614    
    913.6369    
    984.5469    
    1074.895    
    1001.885    
    1160.320    
    1118.228    
    1372.686    
    1526.278    
    1456.363    
    1868.715    
    2062.740    
    2199.562    
    1576.705    
    1477.533    
    1442.199    
    1385.997    
    1452.951    
    1835.789    
    1710.876    
    1493.821    
    1201.740    
    1375.852    
    1490.005    
    1449.043    
    1541.627    
    1626.611    
    1422.725    
    1551.694    
    2121.952    
    2492.241    
    2820.175    
    2624.479    
    3122.664    
    3534.811    
    3743.013    
    3717.940    
    4292.868    
    3602.682    
    3678.536    
    3443.292    
    3172.820    
    2279.879    
    2034.826    
    2026.615    
    2175.362    
    2182.284    
    2406.833    
    2578.334    
    3246.600    
    4125.442    
    5279.181    
    5384.012    
    5863.762    
    4723.689    
    4238.625    
    4343.381    
    4451.573    
    4413.832    
    5233.618    
    5229.419    
    5304.958    
    6107.537    
    6532.234    
    6513.751    
    6629.301    
    6633.413    
    6702.544    
    6830.102    
    7180.311    
    7415.574    
    7638.210    
    7215.644    
    7233.764    
    7289.423    
    7211.453    
    7088.462    
    7048.411    
    6550.513    
    5513.292    
    5967.896    
    6193.922    
    6070.778    
    6040.531    
    6336.857    
    6245.534    
    6235.571    
    6506.882    
    6423.765    
