    6586.356    
    6691.200    
    6605.198    
    6834.282    
    7696.382    
    7781.294    
    7732.455    
    7573.757    
    7288.413    
    6669.840    
    6349.281    
    6322.053    
    6167.908    
    6296.243    
    6430.756    
    6408.406    
    6304.337    
    5337.125    
    5822.554    
    5164.335    
    4733.015    
    5637.792    
    6161.031    
    6317.914    
    6634.392    
    6504.410    
    6702.376    
    6552.475    
    6518.643    
    6478.645    
    6621.420    
    6392.622    
    6718.049    
    6660.943    
    6950.413    
    7018.236    
    6782.054    
    6569.276    
    6389.772    
    5945.461    
    4507.492    
    4447.354    
    5337.430    
    4345.222    
    4012.377    
    4249.150    
    3702.822    
    3486.137    
    3462.067    
    3277.733    
    2929.778    
    3015.962    
    2983.682    
    2265.916    
    2047.045    
    1687.178    
    1624.002    
    2015.314    
    1619.396    
    1378.756    
    1393.691    
    1137.732    
    1127.071    
    1276.153    
    1931.240    
    2126.399    
    2149.719    
    1933.967    
    1843.142    
    1554.545    
    1487.179    
    1433.867    
    1801.760    
    1472.250    
    1352.660    
    1103.479    
    1176.342    
    1054.544    
    1355.137    
    1773.504    
    1422.427    
    1335.199    
    1114.706    
    992.3750    
    904.7952    
    1019.552    
    1071.759    
    1164.365    
    1051.126    
    1229.621    
    1374.794    
    1814.449    
    2154.589    
    1927.314    
    2006.127    
    1780.613    
    1978.050    
    1672.903    
    1957.907    
    1716.261    
    1448.729    
    1224.165    
    1205.599    
    1493.238    
    1654.522    
    1590.369    
    1467.063    
    1305.996    
    1542.379    
    1506.266    
    1445.058    
    1402.571    
    1317.398    
    1412.193    
    1320.659    
    1388.988    
    1028.530    
    947.2351    
    1044.031    
    1093.377    
    1514.331    
    1937.898    
    2121.220    
    2065.531    
    1901.979    
    1557.546    
    1735.071    
    1892.119    
    2092.383    
    2557.092    
    2830.358    
    2291.203    
    2478.000    
    2648.973    
    3193.777    
    2961.615    
    3152.363    
    2797.291    
    3183.300    
    3216.677    
    3263.463    
    3039.836    
    3049.761    
    2872.067    
    3234.022    
    3078.244    
    2804.745    
    2404.021    
    2691.404    
    2764.938    
    2867.939    
    2693.038    
    2503.472    
    2319.659    
    2361.839    
    2592.238    
    2426.275    
    2318.491    
    2076.334    
    1885.768    
    1430.525    
    1818.152    
    1260.600    
    1871.913    
    1629.060    
    2236.736    
    3295.754    
    3388.322    
    3568.913    
    3334.763    
    3661.299    
    3884.303    
    5178.747    
    5012.358    
    5185.017    
    4744.238    
    4180.915    
    5236.059    
    4305.424    
    4212.387    
    3857.181    
    3739.519    
    3688.467    
    3817.489    
    3971.293    
    5992.093    
    6234.845    
    6510.639    
    6569.564    
    6766.763    
    6894.647    
    7098.458    
    6870.671    
    6849.591    
    6489.414    
    6581.177    
    6972.838    
    7100.875    
    7126.133    
    7170.001    
    7218.481    
    7080.864    
    6826.448    
    6742.097    
    6860.096    
    6733.833    
    6974.026    
    7053.807    
    7265.732    
    7311.674    
    7187.892    
    6724.808    
    6736.314    
    6816.696    
    6911.726    
    6928.825    
    7017.723    
    7124.789    
    7635.317    
    7830.710    
    7674.334    
    6910.974    
    7066.134    
    7461.560    
    8092.438    
    8172.907    
    8113.155    
    8033.996    
    7944.520    
    8044.371    
    8214.795    
    8347.912    
    8155.822    
    7964.732    
    7650.913    
    7647.185    
    7846.449    
    7221.424    
    7666.850    
    7465.423    
    7836.525    
    7737.959    
    7922.854    
    8064.179    
    8485.434    
    8683.092    
    8736.186    
    8409.018    
    7890.457    
    7807.687    
    7984.439    
    8025.580    
    7994.317    
    7857.287    
    7721.168    
    7570.933    
    7361.590    
    7352.053    
    7268.767    
    7027.280    
    7148.295    
    6752.325    
    6462.968    
    6687.199    
    6616.284    
    6932.935    
    7239.416    
    7773.965    
    7503.201    
    7233.340    
    7351.218    
    7553.791    
    7818.271    
    7340.738    
    7229.940    
    7210.753    
    7005.859    
    6807.355    
    5815.062    
    5689.733    
    4958.128    
    5470.594    
    6019.180    
    5751.459    
    5597.679    
    5924.295    
    6085.692    
    5878.200    
    6149.221    
    6182.879    
    5841.124    
    5321.058    
    4475.111    
    4370.551    
    4376.714    
    4104.155    
    4524.497    
    6129.778    
    6523.988    
    6704.158    
