    1129.639    
    1056.104    
    1081.610    
    1300.278    
    1443.490    
    1460.115    
    1592.825    
    1455.709    
    1519.726    
    1615.988    
    1888.337    
    1678.689    
    1535.770    
    1477.910    
    1491.872    
    2330.562    
    3526.530    
    3917.808    
    4214.448    
    4224.541    
    5049.979    
    4244.244    
    4730.648    
    3038.131    
    2822.255    
    3174.732    
    3550.051    
    4022.307    
    3764.967    
    3300.694    
    2866.641    
    2502.079    
    1853.812    
    2430.618    
    2412.952    
    2320.677    
    3365.235    
    4207.463    
    3319.659    
    3604.802    
    4077.438    
    4353.304    
    5377.510    
    5645.446    
    6057.752    
    6048.850    
    6133.033    
    6255.035    
    6304.694    
    6477.251    
    6485.206    
    6195.317    
    5936.817    
    6376.404    
    6615.526    
    6796.241    
    6723.954    
    6877.513    
    7020.033    
    7048.677    
    7111.199    
    7537.585    
    6953.314    
    7492.920    
    7582.695    
    7430.467    
    7349.975    
    7709.258    
    7165.519    
    7203.876    
    7458.941    
    7537.069    
    7682.065    
    8035.013    
    8122.069    
    8128.718    
    7778.841    
    7977.758    
    8299.071    
    8487.084    
    8077.898    
    7867.492    
    7640.697    
    7671.048    
    7774.588    
    7754.406    
    7785.167    
    7295.260    
    7262.728    
    7066.547    
    7175.171    
    7131.351    
    7111.545    
    6905.966    
    6935.139    
    7085.021    
    7376.377    
    7720.636    
    7751.341    
    7330.012    
    7488.320    
    7247.646    
    7124.517    
    7317.991    
    7280.136    
    7274.768    
    7690.666    
    7626.309    
    7822.120    
    7408.952    
    8040.584    
    8778.725    
    8723.979    
    8149.182    
    7941.751    
    7888.538    
    8091.993    
    8126.386    
    8205.056    
    8551.979    
    7910.202    
    7847.267    
    7962.532    
    8110.063    
    8196.010    
    7841.737    
    7868.508    
    7798.667    
    7304.728    
    7055.334    
    7124.511    
    7255.322    
    7210.474    
    7175.532    
    6981.648    
    6833.569    
    6912.175    
    6860.012    
    6662.072    
    6708.482    
    6658.364    
    6810.861    
    6944.472    
    6847.730    
    6676.413    
    6740.124    
    6780.980    
    6593.522    
    6704.540    
    6730.078    
    6641.979    
    6447.039    
    6621.830    
    6749.077    
    6812.020    
    6665.981    
    6238.327    
    6267.130    
    6492.187    
    6500.684    
    6541.952    
    6631.136    
    6358.960    
    6579.580    
    6520.841    
    6310.162    
    6531.780    
    6552.755    
    6603.537    
    6407.475    
    6325.655    
    5855.226    
    5933.341    
    5520.103    
    5280.592    
    5269.082    
    5720.735    
    5877.926    
    6029.308    
    6165.898    
    5999.229    
    5812.606    
    6229.517    
    6516.558    
    6433.438    
    6177.248    
    6103.097    
    5667.784    
    5290.520    
    5532.333    
    5282.958    
    4587.066    
    4409.410    
    3879.702    
    3224.680    
    3593.259    
    3474.548    
    3730.581    
    3818.524    
    3330.812    
    2858.643    
    2065.484    
    2022.422    
    1791.387    
    2073.663    
    2002.086    
    2714.471    
    2213.738    
    2587.950    
    2031.988    
    2180.947    
    2980.131    
    2901.500    
    2795.609    
    2362.831    
    1923.157    
    2097.587    
    1805.396    
    2250.302    
    2107.044    
    2580.438    
    2240.019    
    2282.607    
    1912.585    
    1883.468    
    1947.617    
    1586.961    
    1898.672    
    2120.462    
    2738.701    
    2993.728    
    1987.760    
    1541.431    
    1447.738    
    1433.576    
    1606.264    
    1668.943    
    1652.451    
    1747.242    
    2015.999    
    2041.917    
    1850.510    
    2018.199    
    2719.945    
    3035.504    
    2816.709    
    3095.896    
    3231.612    
    3634.187    
    3403.399    
    2841.036    
    2968.283    
    3259.661    
    2151.587    
    2115.535    
    2398.955    
    2199.933    
    3144.900    
    3661.322    
    4943.866    
    4164.799    
    4293.866    
    4969.732    
    5078.024    
    4615.947    
    4131.395    
    3154.997    
    2628.143    
    1555.794    
    1485.389    
    1825.906    
    1522.243    
    1394.637    
    1277.070    
    1380.092    
    1249.615    
    1089.013    
    1360.016    
    1433.084    
    1412.992    
    1298.656    
    1002.281    
    880.5720    
    918.7764    
    928.8750    
    982.1436    
    1321.619    
    1069.990    
    1135.005    
    1345.725    
    1163.363    
    1112.650    
    1021.598    
    1027.023    
    1175.457    
    1371.726    
    1364.238    
    1148.498    
    1226.967    
    1219.377    
