    2175.360    
    2297.138    
    2326.121    
    2670.350    
    2764.024    
    2918.073    
    2808.433    
    2001.689    
    2077.267    
    1792.000    
    1957.705    
    1465.352    
    1622.896    
    1547.602    
    1981.620    
    2533.760    
    2023.560    
    2145.796    
    2447.350    
    3391.593    
    4028.487    
    4894.482    
    5246.572    
    5061.966    
    5026.380    
    5404.960    
    5668.639    
    5791.215    
    5728.656    
    5500.106    
    5166.698    
    4124.316    
    3674.074    
    3778.682    
    3605.384    
    3729.262    
    3748.299    
    3628.265    
    3887.758    
    4162.106    
    4288.919    
    4599.135    
    6084.840    
    5293.884    
    4757.972    
    4324.749    
    4264.820    
    4382.495    
    5234.518    
    5997.541    
    6503.768    
    6727.817    
    6936.430    
    6752.708    
    6609.027    
    6500.240    
    6668.451    
    6724.829    
    6631.858    
    6486.402    
    6777.208    
    6931.222    
    6849.801    
    6621.184    
    6542.656    
    6371.597    
    6672.546    
    6975.378    
    6932.559    
    7212.035    
    7005.606    
    6969.625    
    7255.274    
    7131.159    
    6863.462    
    6745.987    
    6801.930    
    6712.905    
    7550.739    
    7419.461    
    8110.293    
    7849.368    
    8048.346    
    8264.922    
    8510.580    
    8715.742    
    8682.422    
    7858.707    
    8016.561    
    8125.502    
    7590.664    
    7641.115    
    7115.172    
    7329.477    
    7404.708    
    7430.903    
    7255.915    
    7337.419    
    7218.885    
    7805.514    
    7973.188    
    8032.177    
    7961.519    
    7624.857    
    7915.498    
    8414.881    
    8002.704    
    7771.408    
    8091.536    
    7732.573    
    7618.938    
    7366.856    
    7287.587    
    7149.419    
    7173.585    
    7748.898    
    7675.050    
    7710.218    
    7609.488    
    8060.527    
    7755.947    
    7904.023    
    7306.185    
    7296.928    
    7228.530    
    6910.802    
    6907.779    
    6883.848    
    6761.336    
    6573.812    
    6771.857    
    6753.527    
    6213.351    
    6411.007    
    6189.667    
    6247.432    
    6223.690    
    5950.286    
    5466.243    
    5889.771    
    4444.615    
    5301.302    
    6017.896    
    4491.438    
    4349.979    
    4421.422    
    5754.693    
    5935.659    
    6279.897    
    6493.400    
    6440.181    
    6150.526    
    6378.953    
    6284.333    
    6415.304    
    6316.210    
    6518.477    
    6646.569    
    7055.898    
    7088.382    
    7989.694    
    7860.688    
    7662.426    
    7314.494    
    7065.005    
    7171.324    
    7545.245    
    7811.464    
    7789.054    
    7122.701    
    6700.807    
    6770.276    
    7201.755    
    7196.793    
    7784.401    
    7830.006    
    7928.003    
    7526.199    
    7247.096    
    6914.800    
    6824.349    
    6857.737    
    7075.384    
    7047.613    
    6899.532    
    6591.265    
    6582.815    
    6353.515    
    5907.031    
    6322.777    
    6623.646    
    6460.333    
    6127.162    
    5639.196    
    4428.160    
    3874.144    
    3508.513    
    2468.297    
    2224.825    
    2869.878    
    2907.286    
    3214.669    
    2963.725    
    3193.578    
    3171.641    
    3233.910    
    3350.056    
    3004.178    
    2793.020    
    3033.700    
    2355.029    
    2706.526    
    2492.869    
    3056.702    
    2590.816    
    2028.471    
    1827.444    
    2062.971    
    1968.515    
    1600.477    
    1877.908    
    1724.492    
    1840.814    
    1950.516    
    2093.838    
    1941.101    
    1608.638    
    1530.570    
    1597.414    
    1642.448    
    1750.092    
    1700.000    
    1567.978    
    1575.384    
    1425.204    
    1398.446    
    1472.266    
    1413.282    
    1104.434    
    1116.163    
    1337.781    
    1232.010    
    1063.840    
    975.9714    
    1049.355    
    1005.424    
    1184.899    
    1328.606    
    1358.940    
    1149.934    
    1089.235    
    991.7007    
    1025.345    
    982.7051    
    919.2275    
    933.6001    
    1019.805    
    1200.495    
    1241.486    
    1072.488    
    1174.497    
    1244.248    
    1280.254    
    1388.812    
    1455.391    
    1339.064    
    1418.975    
    1549.273    
    1503.560    
    1892.272    
    1861.774    
    1633.282    
    1811.886    
    1392.742    
    1911.500    
    1486.750    
    1401.396    
    1438.288    
    1520.168    
    1480.210    
    1864.983    
    2186.745    
    2851.300    
    3137.792    
    2800.314    
    2266.752    
    2649.518    
    2976.997    
    3299.213    
    3341.294    
    3249.614    
    3547.701    
    3205.890    
    3114.123    
    2731.339    
    2183.715    
    1889.952    
    2017.759    
    2419.112    
    2179.449    
