    7235.884    
    7214.494    
    7274.601    
    6826.683    
    6726.381    
    6644.611    
    6867.648    
    6953.218    
    6879.883    
    6892.225    
    6717.490    
    7076.775    
    6847.495    
    6897.387    
    6685.395    
    6484.812    
    6359.895    
    5701.062    
    5804.390    
    4274.656    
    3896.145    
    3622.928    
    3455.053    
    3067.429    
    2909.997    
    3404.922    
    3686.874    
    3656.901    
    3739.418    
    3879.855    
    3998.473    
    3902.672    
    5149.094    
    5173.109    
    6029.854    
    5052.459    
    5223.341    
    5599.787    
    5221.355    
    5211.543    
    5362.218    
    4304.003    
    4068.362    
    3703.577    
    3363.929    
    3225.694    
    2890.482    
    3210.627    
    3503.686    
    3597.612    
    3431.508    
    3120.684    
    3296.117    
    2865.217    
    3147.465    
    3123.987    
    3314.656    
    3021.816    
    2657.089    
    2467.047    
    2046.496    
    2210.612    
    1660.955    
    1535.238    
    1825.777    
    2074.766    
    2772.902    
    3336.561    
    3198.034    
    2806.348    
    2356.150    
    2059.938    
    1979.002    
    1935.753    
    1769.463    
    1660.205    
    1391.586    
    1247.882    
    1150.042    
    1074.960    
    942.5549    
    939.0203    
    895.5730    
    973.0298    
    1002.188    
    1199.925    
    1136.977    
    1255.012    
    1330.768    
    1375.270    
    1360.973    
    1264.813    
    1329.470    
    1292.037    
    1522.199    
    1839.183    
    1592.145    
    1793.214    
    1889.614    
    1974.875    
    2092.150    
    1862.641    
    1611.941    
    1912.738    
    1699.512    
    2026.881    
    2248.491    
    2350.861    
    2803.246    
    2714.087    
    2546.174    
    2883.715    
    2961.166    
    2997.688    
    3056.271    
    2515.786    
    2462.730    
    2268.603    
    2203.671    
    1971.811    
    2013.156    
    1361.450    
    1489.029    
    1444.269    
    1343.075    
    1347.485    
    1355.463    
    1049.908    
    1186.925    
    1439.330    
    1546.395    
    1508.619    
    1408.784    
    1398.671    
    1485.947    
    1427.189    
    1303.928    
    1067.802    
    1101.562    
    952.6353    
    967.4714    
    835.2483    
    866.9636    
    880.5859    
    989.8232    
    1129.142    
    1402.140    
    1704.896    
    2036.296    
    2173.923    
    1849.242    
    1590.904    
    1716.906    
    2129.836    
    2131.959    
    1633.457    
    1874.546    
    2023.752    
    2735.427    
    2383.613    
    2167.364    
    2607.464    
    3328.665    
    3830.962    
    4365.192    
    6130.849    
    6291.285    
    6268.869    
    4964.514    
    4459.824    
    4808.880    
    4369.143    
    4477.622    
    6203.578    
    5751.574    
    6145.030    
    5965.198    
    5472.853    
    4615.515    
    5110.026    
    5854.896    
    5563.229    
    4408.040    
    4229.634    
    4471.351    
    4501.464    
    6147.411    
    6213.135    
    6387.259    
    6494.288    
    6542.517    
    6663.131    
    6795.815    
    6821.880    
    7078.749    
    7243.732    
    7112.366    
    6914.215    
    6908.635    
    7284.131    
    7352.146    
    7434.595    
    7452.100    
    7776.845    
    8036.246    
    8039.330    
    8124.039    
    7952.243    
    7651.042    
    7589.523    
    8618.554    
    8371.430    
    7784.933    
    7532.483    
    7678.865    
    7375.639    
    7824.241    
    7930.012    
    8212.581    
    8123.548    
    8158.257    
    7990.646    
    7998.358    
    8077.676    
    7746.615    
    7455.584    
    7210.594    
    7120.405    
    7183.235    
    6570.407    
    6735.159    
    6779.956    
    7147.152    
    7093.081    
    6940.708    
    6540.379    
    6599.277    
    6755.140    
    6482.198    
    6521.974    
    6421.943    
    6018.695    
    5920.995    
    6318.100    
    5864.031    
    6063.184    
    5718.312    
    6099.210    
    5931.004    
    6230.968    
    6365.937    
    6365.760    
    6725.777    
    6612.454    
    6786.151    
    6966.436    
    6739.069    
    6609.067    
    6874.485    
    6557.875    
    6550.345    
    6699.512    
    6710.947    
    6500.163    
    7044.456    
    7197.796    
    7193.925    
    7705.691    
    7830.930    
    8423.169    
    8668.136    
    8262.104    
    7716.035    
    7886.268    
    7919.978    
    7901.007    
    7880.736    
    7856.449    
    7768.684    
    8127.595    
    8083.885    
    8202.602    
    8056.581    
    7648.654    
    7479.418    
    7619.725    
    7802.370    
    7544.908    
    7180.169    
    7024.714    
    6989.537    
    6855.958    
    6626.270    
    6670.362    
    6445.266    
    6643.089    
    7010.008    
    7104.423    
    7333.234    
    7153.283    
