    1586.021    
    1945.969    
    2427.832    
    2135.342    
    1613.980    
    1877.830    
    2037.064    
    2172.859    
    2497.101    
    2827.751    
    2885.724    
    2818.973    
    3026.958    
    2855.230    
    2983.050    
    2836.137    
    2913.074    
    3328.890    
    3630.251    
    4168.314    
    5178.277    
    4758.602    
    4434.149    
    4441.766    
    5318.619    
    5352.191    
    5633.461    
    5814.577    
    6698.383    
    5510.892    
    5932.260    
    5958.561    
    6532.104    
    6758.328    
    6745.574    
    6223.834    
    5658.167    
    5445.321    
    5323.625    
    6021.208    
    6145.921    
    6172.768    
    6140.521    
    6289.999    
    5973.556    
    6235.279    
    6163.394    
    6479.235    
    6768.107    
    6989.627    
    7124.763    
    6454.620    
    5983.210    
    6580.624    
    7217.961    
    7775.023    
    8017.165    
    8060.927    
    8169.314    
    8124.479    
    7946.229    
    7322.262    
    7165.296    
    7115.244    
    7036.469    
    7783.670    
    7507.105    
    7552.982    
    7589.407    
    7892.343    
    8109.380    
    8540.979    
    8458.357    
    8342.168    
    8777.691    
    8221.600    
    8141.085    
    8054.329    
    7456.007    
    6570.582    
    6346.555    
    6515.076    
    6542.213    
    7202.850    
    7302.490    
    7329.728    
    7412.520    
    7811.861    
    7397.275    
    8048.035    
    8702.139    
    8001.110    
    8080.703    
    7741.180    
    7806.664    
    6876.875    
    6728.358    
    6362.423    
    6185.534    
    6312.194    
    6658.155    
    7125.739    
    7243.740    
    7194.830    
    7718.037    
    7080.553    
    7045.797    
    7353.917    
    7088.535    
    6821.782    
    6940.848    
    6946.682    
    6794.669    
    6726.482    
    6519.367    
    6604.995    
    6683.046    
    6493.783    
    6468.520    
    5844.596    
    5773.978    
    6408.791    
    6198.518    
    6619.738    
    6641.097    
    6809.774    
    7056.179    
    6921.224    
    7820.156    
    7608.682    
    7558.272    
    7702.924    
    7090.561    
    6828.457    
    6915.403    
    6847.233    
    6285.602    
    6685.526    
    6377.400    
    6548.393    
    6707.320    
    6599.752    
    6615.030    
    6401.680    
    6663.319    
    6819.676    
    6674.589    
    6888.325    
    7146.335    
    7616.031    
    7922.847    
    7855.873    
    7823.661    
    7861.291    
    7213.379    
    7497.288    
    7642.955    
    7673.976    
    7215.707    
    7627.053    
    7180.438    
    7788.866    
    7285.629    
    7025.519    
    7665.375    
    7277.864    
    6871.244    
    6738.995    
    6984.641    
    7051.026    
    6523.394    
    6077.849    
    5754.427    
    5225.514    
    5116.633    
    4900.497    
    3767.591    
    3180.786    
    3062.391    
    3548.867    
    4120.819    
    4564.254    
    5042.381    
    4400.453    
    3666.375    
    3306.642    
    3402.226    
    3330.250    
    3438.186    
    4014.152    
    4285.635    
    3929.677    
    3705.073    
    3378.485    
    3460.550    
    3295.031    
    3119.885    
    2278.230    
    2737.533    
    1642.240    
    1443.374    
    1717.861    
    1482.281    
    1414.117    
    1087.365    
    1075.077    
    1356.759    
    1255.841    
    1381.712    
    1584.669    
    1786.166    
    1923.285    
    2231.123    
    2335.227    
    2717.956    
    2588.667    
    3017.890    
    3128.563    
    3242.752    
    3274.609    
    3635.076    
    3838.406    
    4335.929    
    3898.038    
    3741.116    
    4262.402    
    4375.676    
    4468.788    
    4325.683    
    3151.030    
    2780.192    
    2395.387    
    2067.192    
    1939.204    
    1537.331    
    1543.110    
    1399.140    
    1948.266    
    1858.759    
    2031.622    
    2087.451    
    2325.250    
    2597.206    
    2377.256    
    1848.482    
    1451.987    
    1471.425    
    1315.479    
    1375.969    
    1526.300    
    1563.150    
    1333.270    
    1025.848    
    988.0259    
    1036.825    
    933.9478    
    998.7356    
    965.9487    
    1186.914    
    1232.251    
    1208.138    
    1300.029    
    1224.457    
    1092.777    
    1423.448    
    1308.939    
    1072.783    
    1394.191    
    2010.281    
    2536.139    
    2314.684    
    2073.270    
    1840.451    
    1816.882    
    1825.960    
    1690.946    
    1460.971    
    1772.881    
    1491.376    
    1487.856    
    1445.773    
    1404.960    
    1090.748    
    1145.019    
    1016.270    
    937.8970    
    994.1304    
    1186.075    
    1503.219    
    1553.841    
    1966.508    
    2127.251    
    2697.730    
    1988.053    
    1705.841    
    1905.004    
    1994.393    
    2150.534    
    1978.033    
    1362.192    
