    6243.158    
    6375.549    
    6710.298    
    6915.315    
    7152.915    
    7118.152    
    7206.136    
    7247.930    
    7521.119    
    7703.423    
    7823.582    
    7502.009    
    7838.396    
    7925.048    
    8146.256    
    8367.749    
    8463.165    
    8169.701    
    7901.819    
    7285.535    
    7102.134    
    6890.709    
    6762.902    
    6956.030    
    6761.304    
    6950.160    
    6839.195    
    6819.348    
    6863.887    
    6780.895    
    6639.550    
    6578.374    
    6589.619    
    6601.130    
    6215.360    
    6086.110    
    5712.433    
    4386.657    
    4173.998    
    4331.163    
    3999.140    
    4339.172    
    3852.789    
    3555.466    
    3323.081    
    3254.494    
    2878.768    
    2942.652    
    3188.296    
    3069.147    
    2688.622    
    2302.226    
    2118.525    
    1944.196    
    1981.994    
    1860.841    
    1800.114    
    1676.192    
    1581.813    
    1520.677    
    1766.712    
    1343.562    
    1220.279    
    1122.850    
    857.2053    
    1005.542    
    891.0356    
    1057.767    
    972.1335    
    1040.396    
    1023.975    
    1136.904    
    1169.625    
    1421.055    
    1410.339    
    1933.912    
    2098.906    
    1692.108    
    1991.882    
    2195.584    
    2129.245    
    2042.173    
    2265.448    
    1734.594    
    1971.621    
    1574.675    
    1534.461    
    1536.819    
    1216.179    
    1465.487    
    2011.623    
    2234.055    
    2410.395    
    2185.432    
    2181.077    
    1833.911    
    1856.780    
    1979.505    
    1604.701    
    1675.794    
    1553.850    
    1482.050    
    1455.248    
    1414.612    
    1268.100    
    1505.259    
    1869.577    
    2324.047    
    2733.968    
    2911.456    
    2867.697    
    3375.510    
    3630.273    
    3659.053    
    3618.064    
    3193.075    
    2272.374    
    1436.986    
    1245.256    
    955.2815    
    1065.203    
    1153.736    
    1011.542    
    1323.628    
    1276.480    
    1105.200    
    1432.256    
    1323.163    
    1364.684    
    1345.682    
    1401.369    
    1083.035    
    1103.708    
    1076.554    
    1296.409    
    1383.175    
    1300.800    
    1418.567    
    1390.621    
    1624.378    
    1922.299    
    2822.978    
    2442.058    
    2921.396    
    2669.109    
    2610.131    
    2163.244    
    2494.207    
    3001.354    
    3305.771    
    3481.121    
    3452.970    
    3125.145    
    2629.949    
    2760.574    
    2809.794    
    2953.692    
    2791.346    
    2054.612    
    1879.937    
    1993.562    
    1759.826    
    2003.791    
    2465.862    
    3105.613    
    3516.615    
    3355.592    
    3274.364    
    3343.535    
    3648.594    
    4052.153    
    5593.488    
    5935.445    
    5854.170    
    5152.855    
    4425.999    
    4438.948    
    5246.053    
    5366.446    
    4316.255    
    3964.375    
    5170.071    
    5783.803    
    4184.837    
    4541.737    
    3874.860    
    3723.681    
    4242.218    
    4891.879    
    5402.518    
    5190.336    
    5625.591    
    5732.818    
    5304.706    
    5254.023    
    4793.744    
    5695.046    
    4491.961    
    5055.853    
    4469.887    
    5528.837    
    5891.477    
    6069.408    
    6488.567    
    6759.160    
    6671.576    
    6744.226    
    6721.277    
    7202.445    
    7422.838    
    7054.212    
    7231.054    
    7084.412    
    6820.412    
    6984.542    
    7256.700    
    7373.355    
    7622.750    
    7832.157    
    7790.841    
    7774.310    
    6943.680    
    6968.286    
    7187.466    
    7056.046    
    7090.776    
    7694.686    
    7931.998    
    8387.373    
    8662.314    
    8046.964    
    7873.151    
    7518.727    
    7076.875    
    7556.632    
    7530.185    
    6463.844    
    6293.766    
    6332.147    
    6511.720    
    6510.111    
    6682.492    
    6520.909    
    6495.583    
    6182.987    
    6594.604    
    6646.745    
    7130.810    
    7346.654    
    7172.031    
    7240.935    
    7032.175    
    6894.515    
    6905.242    
    6545.609    
    6415.672    
    6789.401    
    6614.256    
    6769.204    
    7245.976    
    7447.200    
    7769.848    
    7728.228    
    7798.898    
    7455.945    
    6656.250    
    6459.965    
    6435.600    
    6406.516    
    6561.921    
    6626.849    
    6843.547    
    7175.672    
    7141.596    
    7603.533    
    7673.646    
    7976.196    
    7822.247    
    7753.445    
    8085.629    
    8061.630    
    8115.651    
    8687.533    
    8182.592    
    8102.076    
    8040.204    
    7650.574    
    7605.200    
    7690.397    
    7217.577    
    7347.943    
    7006.914    
    6747.378    
    6727.138    
    6300.885    
    6262.985    
    6142.265    
    6122.528    
    6185.966    
    5920.581    
