    8414.870    
    8130.237    
    7851.577    
    7824.233    
    7800.322    
    7914.371    
    8112.963    
    8680.117    
    7953.749    
    8080.204    
    8715.326    
    8038.331    
    7866.647    
    7418.849    
    7409.653    
    7227.520    
    7311.885    
    7057.910    
    6297.910    
    5484.575    
    5375.990    
    6187.577    
    6681.927    
    6626.357    
    6340.363    
    6156.503    
    6469.732    
    6694.278    
    6583.439    
    6566.586    
    6705.971    
    6736.111    
    7078.246    
    7132.188    
    6788.228    
    6520.349    
    6440.362    
    6513.007    
    6007.183    
    6420.521    
    5697.969    
    6260.773    
    5950.949    
    5894.765    
    4680.602    
    5273.706    
    6115.697    
    5968.862    
    5789.902    
    5308.375    
    5326.064    
    4461.133    
    3961.491    
    3927.092    
    4149.681    
    4126.203    
    3876.211    
    4292.277    
    4345.811    
    4333.871    
    5699.597    
    5794.625    
    5176.879    
    6226.915    
    6549.479    
    6657.382    
    6710.030    
    6304.403    
    6166.885    
    5619.243    
    3815.517    
    3253.488    
    2779.010    
    3061.666    
    2995.083    
    2186.146    
    2170.807    
    1881.656    
    1737.615    
    2027.861    
    2915.404    
    2271.687    
    2329.831    
    1972.966    
    1867.678    
    1788.420    
    1581.380    
    2057.564    
    2686.093    
    2100.811    
    2932.370    
    2452.024    
    2559.766    
    2180.778    
    2382.170    
    2873.043    
    3202.142    
    3268.119    
    3237.066    
    2702.803    
    2798.648    
    3177.404    
    3475.864    
    3406.590    
    3368.889    
    3037.834    
    2543.372    
    2777.098    
    2959.891    
    3231.519    
    3295.085    
    3616.627    
    3703.309    
    3582.295    
    3107.418    
    2094.622    
    1981.807    
    1955.689    
    1996.129    
    1970.804    
    2163.510    
    2794.974    
    2517.746    
    2287.391    
    2439.911    
    2348.139    
    2018.655    
    1907.667    
    2021.050    
    1932.490    
    1795.783    
    1842.194    
    1804.927    
    1454.979    
    1280.748    
    1091.564    
    1041.465    
    1122.071    
    1336.100    
    1424.582    
    1378.223    
    1501.866    
    1434.494    
    1621.754    
    1471.033    
    1660.205    
    1618.827    
    1494.576    
    1444.112    
    1227.838    
    1083.352    
    1000.489    
    988.1108    
    1033.794    
    1124.297    
    1373.775    
    1196.831    
    1403.498    
    1601.834    
    1466.933    
    1390.370    
    1352.664    
    1678.817    
    1457.166    
    1525.924    
    1659.106    
    1853.056    
    1708.153    
    1530.851    
    1543.411    
    1486.500    
    1574.616    
    1553.201    
    1825.403    
    1629.400    
    1422.144    
    1052.930    
    948.0837    
    889.1980    
    973.9045    
    1026.205    
    1018.019    
    1236.705    
    1155.447    
    1300.658    
    1291.814    
    1145.156    
    1246.878    
    1923.637    
    2392.118    
    2735.067    
    2590.643    
    2568.181    
    2096.014    
    2834.028    
    3119.764    
    3327.027    
    3563.018    
    3593.538    
    4015.604    
    4279.169    
    4987.043    
    5401.494    
    5225.418    
    5507.848    
    4542.994    
    4435.778    
    4376.141    
    4460.455    
    4802.376    
    5923.024    
    5147.873    
    6196.893    
    6636.602    
    6800.539    
    6838.125    
    6867.416    
    6984.812    
    7143.662    
    7121.644    
    7040.203    
    7230.609    
    7112.205    
    7064.982    
    7251.503    
    7646.790    
    7996.915    
    8183.615    
    8526.729    
    8221.545    
    8313.260    
    8087.819    
    7922.378    
    7590.195    
    7322.104    
    7222.525    
    6944.183    
    6916.093    
    6492.873    
    6590.381    
    6954.343    
    7189.432    
    7214.088    
    6923.854    
    6614.853    
    6227.279    
    6052.650    
    6686.620    
    7155.251    
    7207.805    
    6903.435    
    6833.330    
    6562.827    
    6359.271    
    6425.750    
    6320.901    
    6281.007    
    6363.515    
    6489.721    
    6766.563    
    6712.752    
    6756.758    
    6593.525    
    6707.397    
    6883.976    
    6825.209    
    6812.948    
    7032.646    
    7031.954    
    7779.223    
    8027.470    
    8095.427    
    7541.306    
    7268.879    
    6815.089    
    6478.793    
    6663.069    
    6606.595    
    6848.902    
    7073.914    
    7388.148    
    7359.450    
    7664.451    
    7491.410    
    7709.317    
    7750.997    
    7918.264    
    7681.276    
    8066.905    
    8161.240    
    7881.278    
    7861.688    
    7497.185    
    7311.079    
    7542.440    
    7634.362    
    7615.924    
    7745.969    
    7730.322    
    7789.348    
