    3231.113    
    3375.955    
    3850.851    
    4358.694    
    5211.217    
    5318.053    
    5734.830    
    6160.731    
    6216.935    
    6554.646    
    6950.355    
    6937.486    
    6662.246    
    5946.741    
    4492.508    
    5044.460    
    4590.440    
    4422.603    
    4434.309    
    5419.480    
    6196.400    
    6635.111    
    6816.155    
    7061.875    
    7409.421    
    7348.533    
    7904.034    
    7655.549    
    7576.852    
    7342.231    
    7672.515    
    7791.253    
    8002.769    
    7928.212    
    7254.828    
    7230.977    
    7214.118    
    7247.827    
    7079.906    
    6725.229    
    5697.200    
    5984.401    
    6350.942    
    6257.727    
    6331.484    
    6490.250    
    6575.615    
    6807.714    
    7226.741    
    6593.469    
    6749.140    
    6688.545    
    6743.542    
    6794.514    
    7098.342    
    6666.744    
    6808.442    
    6739.840    
    6738.192    
    6624.421    
    6773.986    
    6465.503    
    6619.725    
    6923.127    
    6901.601    
    7204.047    
    7854.534    
    7542.066    
    7492.367    
    7273.114    
    6994.804    
    6428.669    
    6890.125    
    6538.292    
    6390.605    
    6701.183    
    6552.407    
    6983.800    
    7120.983    
    7139.713    
    7021.382    
    6600.858    
    6727.198    
    6584.999    
    6856.884    
    7174.958    
    7220.793    
    7127.785    
    6859.487    
    7037.498    
    6968.520    
    6597.118    
    6503.292    
    6307.001    
    6191.107    
    6107.597    
    6400.350    
    6368.384    
    6828.457    
    7315.647    
    7464.484    
    7360.229    
    7557.866    
    7483.321    
    7736.720    
    7721.186    
    7993.720    
    8065.481    
    8285.089    
    8446.353    
    8480.677    
    8735.914    
    8180.178    
    8668.938    
    8075.788    
    7807.884    
    7816.289    
    8143.160    
    8086.382    
    8045.975    
    7878.782    
    7699.741    
    7626.282    
    7862.335    
    7670.543    
    7917.477    
    8104.807    
    8029.056    
    7623.636    
    7845.365    
    8035.354    
    7813.840    
    7760.220    
    7709.377    
    7292.004    
    7198.833    
    7029.950    
    6523.935    
    6708.595    
    6718.082    
    7018.891    
    7070.700    
    6910.908    
    6843.091    
    6871.417    
    6436.969    
    6135.307    
    6295.329    
    6034.934    
    5497.466    
    4315.124    
    3586.110    
    3269.169    
    3022.675    
    3323.134    
    3283.234    
    3478.875    
    3658.598    
    3894.611    
    3807.502    
    4101.065    
    3727.329    
    4270.811    
    5360.237    
    5252.266    
    4193.297    
    5106.188    
    5176.048    
    4946.986    
    4747.867    
    5606.477    
    5883.438    
    6034.024    
    4453.775    
    5291.820    
    4056.830    
    4392.758    
    5918.546    
    5846.471    
    5776.342    
    4416.900    
    3819.889    
    3622.637    
    3333.695    
    3643.296    
    3548.621    
    3432.147    
    3134.229    
    2966.590    
    2637.878    
    2439.134    
    2480.654    
    2188.764    
    2457.319    
    2356.026    
    2777.726    
    2873.566    
    2892.198    
    3098.356    
    2947.086    
    2710.097    
    2322.002    
    1925.353    
    1970.481    
    2588.230    
    2718.778    
    2831.886    
    2405.848    
    2091.310    
    1851.029    
    1776.978    
    1988.022    
    1595.747    
    1814.291    
    1859.373    
    2011.170    
    1904.366    
    1792.300    
    1372.126    
    1385.927    
    1187.542    
    1147.743    
    1425.223    
    1778.458    
    2133.334    
    2509.487    
    2267.156    
    2080.188    
    2194.564    
    2678.583    
    2859.324    
    2132.070    
    1836.467    
    1817.256    
    1974.341    
    1956.152    
    2125.885    
    1961.825    
    1979.461    
    1742.362    
    1580.717    
    1569.193    
    1653.160    
    1429.952    
    1522.628    
    1680.516    
    2109.014    
    1937.635    
    1702.473    
    1634.341    
    1377.106    
    1306.567    
    1366.096    
    1223.422    
    1262.245    
    1130.720    
    1386.980    
    1466.126    
    1245.539    
    1141.258    
    1109.384    
    1064.437    
    1427.500    
    1481.372    
    1044.143    
    962.3545    
    1075.590    
    1316.419    
    1332.173    
    1447.462    
    1170.940    
    1044.603    
    1096.517    
    1018.236    
    1077.514    
    1380.485    
    1476.834    
    1270.728    
    1532.719    
    1600.747    
    1559.856    
    1359.899    
    1068.271    
    985.0400    
    1030.892    
    1349.665    
    1490.246    
    1402.500    
    1442.010    
    1402.020    
    1595.221    
    2020.346    
    2160.208    
    2822.128    
    3087.291    
    3205.427    
    3254.689    
    3176.406    
    2992.413    
    3351.771    
