    7469.873    
    7187.767    
    7483.850    
    7631.045    
    7308.600    
    6836.915    
    6666.031    
    7011.134    
    7249.012    
    6936.436    
    6761.937    
    7016.577    
    7116.665    
    6721.243    
    6690.257    
    6366.847    
    5991.946    
    6254.840    
    6737.224    
    6695.637    
    6701.317    
    6905.872    
    6863.940    
    6642.607    
    7056.839    
    7009.463    
    6784.740    
    6940.569    
    6850.012    
    7515.615    
    7807.763    
    7715.988    
    7740.921    
    7855.472    
    7874.870    
    7834.036    
    7819.818    
    7759.273    
    7661.851    
    7637.619    
    7537.052    
    7621.536    
    7781.514    
    7839.616    
    8030.326    
    8047.669    
    8172.722    
    7957.828    
    8091.919    
    8728.860    
    8099.503    
    8710.053    
    8478.693    
    8516.214    
    7968.766    
    7840.386    
    7239.197    
    7144.214    
    6750.069    
    6555.736    
    6598.773    
    6274.847    
    5557.913    
    5905.423    
    5979.134    
    6307.961    
    6410.470    
    6180.356    
    6455.510    
    6496.984    
    6566.851    
    6583.000    
    5343.522    
    4445.297    
    4373.524    
    4950.914    
    4755.303    
    4383.227    
    3674.380    
    2925.311    
    2442.063    
    2142.242    
    3015.391    
    3162.579    
    3368.652    
    2111.656    
    1820.243    
    1948.617    
    1939.493    
    2157.793    
    3285.201    
    3533.192    
    3070.864    
    2354.740    
    2164.882    
    1580.669    
    1448.301    
    1507.783    
    1548.341    
    1888.962    
    2176.944    
    2328.271    
    2789.148    
    2941.342    
    3320.281    
    3610.387    
    3839.664    
    3042.886    
    3798.544    
    2963.530    
    2587.411    
    2317.454    
    2094.447    
    1361.016    
    1304.325    
    1052.970    
    973.7463    
    913.6257    
    996.6997    
    992.8013    
    1087.806    
    1223.855    
    1332.997    
    1291.733    
    1354.034    
    1171.789    
    1160.276    
    1846.030    
    1641.273    
    1720.719    
    1877.992    
    2065.061    
    2487.044    
    3235.999    
    3720.561    
    4336.017    
    4292.673    
    3603.063    
    3290.388    
    2622.853    
    1964.148    
    1842.666    
    1445.031    
    1457.492    
    1559.812    
    1774.595    
    1902.997    
    1992.683    
    1683.617    
    1523.014    
    1562.629    
    1009.541    
    1095.607    
    1264.387    
    1420.488    
    1201.958    
    1433.417    
    1397.808    
    1493.545    
    1405.135    
    1206.580    
    1385.176    
    1610.612    
    1638.538    
    1630.924    
    1986.561    
    1490.913    
    1410.415    
    1345.104    
    1425.350    
    1354.813    
    1285.364    
    1313.119    
    1153.782    
    1079.684    
    1098.856    
    1046.363    
    942.3101    
    937.2615    
    1105.933    
    1542.459    
    1807.267    
    2026.010    
    2014.803    
    2181.766    
    1920.392    
    2530.712    
    1969.888    
    1995.615    
    2049.979    
    2836.559    
    2708.828    
    2252.846    
    2755.942    
    2839.656    
    2432.988    
    2515.754    
    2866.724    
    2267.278    
    2759.897    
    2902.098    
    3214.081    
    3451.978    
    3771.587    
    3494.668    
    3122.008    
    3204.845    
    3265.772    
    3326.998    
    3340.438    
    4050.833    
    3931.534    
    5039.386    
    4538.161    
    4134.037    
    4145.838    
    4352.013    
    5095.698    
    4298.300    
    3627.977    
    4248.151    
    4206.667    
    5195.239    
    5259.324    
    5403.484    
    5211.480    
    5251.029    
    5927.953    
    6145.076    
    5664.024    
    6440.758    
    7037.947    
    7212.368    
    7699.979    
    7276.612    
    7418.735    
    7203.452    
    7234.121    
    7246.332    
    7367.957    
    7164.976    
    6986.773    
    7071.472    
    6776.832    
    7248.208    
    6819.691    
    6519.680    
    6474.316    
    5498.971    
    5723.074    
    6085.813    
    6234.167    
    6361.925    
    6551.700    
    6805.615    
    6920.183    
    6625.809    
    6221.449    
    6539.504    
    6714.604    
    6889.597    
    6739.415    
    6210.442    
    6475.645    
    6199.105    
    5851.089    
    5811.923    
    6276.438    
    6612.927    
    6729.341    
    6891.928    
    7134.980    
    7068.575    
    6827.409    
    7097.909    
    6972.061    
    6689.430    
    6534.923    
    6423.338    
    6295.329    
    5786.505    
    5886.177    
    6130.338    
    6634.398    
    6897.662    
    7340.242    
    7601.417    
    7270.348    
    7754.909    
    7505.535    
    7944.658    
    8154.538    
    8331.010    
    8222.404    
    8212.199    
    8083.422    
    8087.324    
    8126.696    
    7666.771    
    7368.781    
