    2884.551    
    2830.021    
    3048.863    
    3325.174    
    2742.186    
    3093.334    
    3628.743    
    3606.622    
    3116.680    
    2603.707    
    3006.825    
    3307.243    
    3415.881    
    3574.618    
    4317.055    
    4355.131    
    4437.068    
    4576.684    
    5481.815    
    5986.748    
    6185.919    
    6578.897    
    6570.440    
    6222.218    
    6432.184    
    6295.181    
    5778.400    
    5302.341    
    5062.642    
    4379.298    
    5107.744    
    5516.765    
    5367.717    
    5803.928    
    5677.746    
    6440.532    
    5962.345    
    6194.880    
    6607.649    
    6753.128    
    6588.438    
    6771.087    
    6520.182    
    6625.572    
    6787.158    
    6749.343    
    6230.116    
    6036.965    
    6080.969    
    6318.293    
    6358.659    
    5932.008    
    6136.369    
    6132.306    
    6372.155    
    6466.921    
    6197.511    
    6306.184    
    6900.973    
    7036.358    
    7248.667    
    6715.553    
    7077.080    
    7636.441    
    7501.183    
    7572.887    
    7111.305    
    6511.336    
    6462.071    
    6574.294    
    6647.265    
    7031.380    
    6697.941    
    6330.912    
    6278.720    
    6401.351    
    6964.204    
    6998.166    
    6749.016    
    6663.520    
    6592.741    
    6508.310    
    7064.816    
    6710.997    
    6822.384    
    6935.205    
    7007.799    
    6725.858    
    6837.640    
    7281.428    
    7928.856    
    8162.851    
    8731.207    
    8477.699    
    8772.215    
    8153.239    
    8095.102    
    8047.753    
    7798.579    
    7850.364    
    7876.690    
    8068.991    
    7785.710    
    7753.785    
    7493.582    
    7683.569    
    7863.819    
    7202.604    
    7264.788    
    7316.326    
    7726.236    
    7896.737    
    7785.307    
    7822.053    
    7684.417    
    7666.246    
    7825.692    
    8014.870    
    8117.944    
    8083.483    
    7947.655    
    8060.909    
    8425.348    
    7968.592    
    7626.787    
    7440.000    
    6971.899    
    7296.050    
    7226.509    
    7205.281    
    7337.336    
    7583.481    
    7725.648    
    7171.846    
    6703.703    
    6485.215    
    6797.491    
    6639.795    
    6825.452    
    7141.360    
    7104.438    
    7180.577    
    6842.611    
    7143.792    
    7537.880    
    7810.748    
    8277.692    
    8164.948    
    7341.336    
    6869.352    
    6683.571    
    6907.054    
    6933.220    
    7231.190    
    7596.740    
    7358.045    
    6936.854    
    6600.672    
    7090.836    
    7240.439    
    7023.080    
    7230.982    
    7385.231    
    6895.426    
    6746.186    
    5939.809    
    5250.902    
    4960.321    
    5305.506    
    5346.933    
    5797.804    
    5649.587    
    5228.286    
    4746.564    
    4413.845    
    4271.066    
    3896.950    
    3677.164    
    3761.922    
    2777.655    
    2905.844    
    2727.172    
    3287.951    
    3220.188    
    3166.475    
    2534.991    
    2309.335    
    1392.670    
    1476.521    
    1438.459    
    1360.008    
    1293.885    
    1273.409    
    1016.159    
    1011.687    
    943.6887    
    1114.485    
    1104.367    
    1046.711    
    1442.957    
    1188.121    
    1111.959    
    964.3450    
    1286.056    
    1418.862    
    1030.738    
    1231.707    
    1241.409    
    1202.242    
    1335.159    
    1955.308    
    1603.893    
    1922.920    
    1412.131    
    1372.768    
    1782.507    
    1464.277    
    2046.218    
    1989.852    
    1907.892    
    1546.217    
    2346.752    
    2303.877    
    2193.312    
    1987.318    
    2981.679    
    3427.961    
    4084.097    
    3997.808    
    3685.229    
    3226.477    
    2794.085    
    1839.104    
    2174.912    
    1806.621    
    1509.610    
    1856.048    
    2157.669    
    1870.226    
    1532.162    
    1859.963    
    2077.554    
    1487.858    
    1879.827    
    1974.322    
    1387.525    
    1082.875    
    1148.126    
    1040.142    
    1086.466    
    1006.205    
    1060.890    
    1465.143    
    1513.141    
    1404.337    
    1544.764    
    2443.342    
    2816.393    
    3811.744    
    3647.806    
    4145.301    
    4325.803    
    4208.254    
    4367.000    
    3868.436    
    3340.894    
    2137.920    
    2145.454    
    1822.111    
    1980.231    
    2034.993    
    1573.521    
    1587.304    
    1658.990    
    2000.350    
    1482.812    
    1307.658    
    1431.343    
    1729.322    
    1679.726    
    1628.017    
    1321.286    
    1381.553    
    1391.068    
    2123.994    
    2672.918    
    2102.031    
    2065.620    
    2015.192    
    1645.265    
    1961.276    
    2393.950    
    2986.988    
    2635.523    
    3470.882    
    3254.719    
    2862.034    
    3195.334    
    2370.480    
    2471.024    
