    3623.922    
    3653.470    
    4687.594    
    5381.288    
    5766.895    
    5986.538    
    6317.989    
    6754.192    
    6211.753    
    6892.812    
    6735.456    
    7257.959    
    7780.476    
    7554.313    
    7476.176    
    7209.449    
    6968.868    
    6723.641    
    6288.632    
    6627.639    
    6915.661    
    6703.171    
    6897.906    
    7078.451    
    6990.384    
    7229.484    
    7247.659    
    7058.294    
    7100.041    
    6706.570    
    6509.896    
    6715.144    
    6538.041    
    6225.760    
    6485.727    
    6739.542    
    6528.677    
    6249.264    
    6470.737    
    6925.542    
    7038.911    
    6796.596    
    6952.532    
    6886.518    
    6715.390    
    6585.270    
    6853.842    
    6773.415    
    6833.457    
    6632.434    
    6210.005    
    6056.021    
    5864.280    
    5913.743    
    5246.871    
    5334.745    
    5688.428    
    5278.260    
    4435.729    
    4384.197    
    5606.147    
    5899.067    
    6814.524    
    7274.219    
    7564.498    
    7394.508    
    8040.876    
    7679.368    
    7751.301    
    7332.148    
    8173.044    
    7780.167    
    7862.247    
    7457.284    
    6736.411    
    6675.752    
    7029.809    
    7156.688    
    7916.973    
    7532.879    
    7390.848    
    7155.570    
    7226.299    
    7622.161    
    6858.018    
    6696.663    
    6446.188    
    6652.328    
    6586.394    
    6455.607    
    6491.811    
    6332.631    
    6406.724    
    6738.837    
    7198.586    
    6836.143    
    6944.017    
    7299.335    
    7813.979    
    7885.830    
    7719.850    
    8035.760    
    8138.693    
    8105.743    
    7831.650    
    8003.155    
    8098.394    
    7958.834    
    7738.607    
    7988.783    
    7657.938    
    7868.799    
    8080.328    
    8063.060    
    8011.088    
    7624.138    
    6862.986    
    7052.677    
    7048.937    
    7173.666    
    7649.407    
    8266.574    
    8449.496    
    8735.898    
    8698.434    
    8505.262    
    7843.836    
    7237.737    
    7214.261    
    7572.327    
    7859.164    
    7935.724    
    7756.289    
    7124.261    
    7185.980    
    7433.809    
    7359.164    
    7094.379    
    6518.871    
    6642.441    
    6401.888    
    6120.995    
    6368.400    
    6376.817    
    6592.420    
    6595.910    
    6284.718    
    5937.407    
    5784.081    
    5198.959    
    5948.309    
    6185.151    
    6118.454    
    5548.089    
    4909.787    
    4129.951    
    3367.849    
    3416.852    
    3737.286    
    3321.572    
    3074.834    
    2851.294    
    3598.104    
    3847.162    
    4267.993    
    3803.785    
    3879.919    
    3712.473    
    4372.102    
    5028.072    
    4197.000    
    4296.580    
    4285.702    
    3510.052    
    3575.501    
    3987.104    
    5072.249    
    5290.848    
    5444.376    
    4600.411    
    4364.451    
    4221.435    
    4091.498    
    3220.050    
    3298.652    
    2830.510    
    2345.895    
    2954.458    
    2447.396    
    2098.967    
    2090.838    
    1977.278    
    2017.656    
    1866.849    
    1656.122    
    1823.504    
    1861.438    
    1422.383    
    1950.946    
    2280.263    
    1997.376    
    1844.583    
    1992.249    
    1936.951    
    997.8521    
    1224.764    
    981.6633    
    1019.817    
    1056.446    
    1403.011    
    1342.719    
    1617.772    
    1432.303    
    1589.915    
    1981.230    
    2173.641    
    1974.914    
    1650.991    
    1123.634    
    1468.405    
    1500.415    
    1634.304    
    1903.564    
    1547.954    
    1577.517    
    1812.007    
    1601.901    
    1889.977    
    2264.244    
    2904.902    
    3169.653    
    2873.294    
    2628.296    
    2061.101    
    2036.409    
    1924.343    
    1460.230    
    1378.468    
    1456.912    
    1424.845    
    1278.476    
    1412.913    
    1520.485    
    2149.165    
    2415.199    
    2682.766    
    2546.191    
    2424.563    
    2131.275    
    2144.210    
    2218.889    
    1608.012    
    1401.065    
    1086.662    
    1329.870    
    1040.836    
    1371.031    
    1319.800    
    1135.712    
    1223.095    
    1029.464    
    1052.771    
    1083.112    
    966.9900    
    1111.104    
    1261.111    
    1210.434    
    947.7395    
    1165.733    
    1242.248    
    1311.617    
    1412.774    
    1385.208    
    1509.766    
    1448.072    
    1707.598    
    2012.309    
    1560.339    
    1770.445    
    1683.733    
    1395.693    
    2298.408    
    2171.209    
    2622.248    
    2943.131    
    3012.101    
    2475.883    
    2804.661    
    2782.498    
    2698.234    
    3284.093    
    3253.542    
    3449.097    
    3186.670    
    2773.502    
    3043.104    
    3140.112    
    2664.581    
    3264.912    
    2990.710    
