    911.3615    
    1026.145    
    1125.946    
    1164.625    
    1058.784    
    1478.412    
    1431.904    
    1061.490    
    1124.273    
    1364.577    
    1338.665    
    1244.586    
    1420.355    
    1083.042    
    962.4434    
    1015.979    
    1010.351    
    1356.449    
    1414.212    
    1017.645    
    986.2751    
    1070.345    
    1289.255    
    1401.820    
    1954.970    
    1587.104    
    1983.328    
    1557.259    
    1457.417    
    1395.797    
    1545.558    
    1632.815    
    1823.226    
    2021.546    
    1573.978    
    1424.170    
    1935.094    
    1507.704    
    1915.819    
    2141.898    
    2040.972    
    1879.595    
    2202.142    
    1970.894    
    2051.610    
    1607.006    
    1623.835    
    1188.168    
    1437.231    
    1497.676    
    1966.082    
    1662.813    
    1444.531    
    1104.610    
    1216.733    
    1639.827    
    1498.946    
    1826.572    
    2292.128    
    2180.197    
    2270.519    
    1950.218    
    2100.262    
    2255.939    
    2162.814    
    1891.606    
    1843.255    
    1300.041    
    1518.181    
    1569.934    
    1793.494    
    2339.753    
    2498.700    
    2591.427    
    2720.519    
    2562.515    
    2462.469    
    2808.865    
    2713.275    
    3055.023    
    3310.882    
    3380.394    
    3215.997    
    3195.155    
    3313.772    
    3292.490    
    3342.183    
    3640.787    
    3286.804    
    3020.308    
    3164.100    
    2962.469    
    2885.899    
    2848.619    
    2252.669    
    2110.280    
    2103.111    
    1747.373    
    1286.510    
    1407.589    
    1279.348    
    1392.629    
    1942.366    
    1847.942    
    1460.642    
    1918.591    
    2396.405    
    2758.780    
    2916.861    
    2853.090    
    3058.149    
    3579.748    
    3466.478    
    3607.153    
    3648.718    
    3678.286    
    3909.364    
    3822.421    
    4240.253    
    3840.491    
    4073.230    
    5232.251    
    5027.160    
    4503.726    
    5486.668    
    5643.424    
    6084.282    
    4702.198    
    4847.580    
    6125.938    
    6696.249    
    6556.022    
    6660.603    
    5890.544    
    4331.963    
    4152.709    
    4353.717    
    5188.051    
    5461.783    
    5964.332    
    6576.157    
    6474.622    
    6670.034    
    6898.973    
    6711.916    
    6588.726    
    6417.449    
    6946.080    
    6985.269    
    6990.339    
    6781.276    
    6204.159    
    6382.252    
    6549.802    
    6154.111    
    5821.645    
    5994.419    
    6387.993    
    6642.716    
    6635.055    
    6513.010    
    6169.188    
    6704.335    
    6616.884    
    6533.729    
    6581.243    
    6256.942    
    6464.487    
    6363.918    
    6856.450    
    7064.034    
    7131.848    
    7309.804    
    7047.496    
    7300.025    
    7317.064    
    7244.131    
    7540.928    
    7253.047    
    7209.017    
    6956.098    
    7163.172    
    7387.499    
    7713.032    
    8037.009    
    7855.374    
    7636.485    
    8047.662    
    8473.042    
    8696.349    
    8704.065    
    8093.913    
    7816.542    
    7825.647    
    7788.680    
    8012.214    
    8078.207    
    7842.496    
    7591.365    
    7379.896    
    7043.567    
    7123.121    
    7183.724    
    7207.693    
    7647.479    
    7732.926    
    7790.742    
    7110.472    
    6881.619    
    6767.316    
    6897.494    
    7205.604    
    6728.767    
    6314.634    
    5331.966    
    5982.817    
    5379.020    
    6471.291    
    6836.884    
    6813.792    
    7221.300    
    7073.518    
    7569.465    
    7629.200    
    7906.592    
    7819.166    
    7991.129    
    7915.896    
    7888.158    
    7221.559    
    7024.351    
    6629.916    
    6510.435    
    6050.299    
    6214.270    
    6309.289    
    6425.733    
    6291.551    
    6885.516    
    6854.730    
    6925.110    
    7037.339    
    7018.191    
    6682.725    
    6868.983    
    6820.001    
    6744.162    
    6793.563    
    7279.404    
    7527.593    
    7519.147    
    7463.096    
    7722.387    
    7746.065    
    8284.384    
    8494.043    
    8152.388    
    8212.839    
    8251.781    
    8131.503    
    7951.558    
    7898.867    
    8059.288    
    7681.813    
    7699.521    
    7436.299    
    7055.638    
    6725.418    
    6531.622    
    6298.361    
    5761.873    
    5512.080    
    5090.634    
    4506.433    
    4941.093    
    4429.921    
    4186.529    
    4297.345    
    4463.560    
    5707.203    
    6231.077    
    6690.292    
    6456.430    
    6212.915    
    5314.351    
    5793.635    
    4418.516    
    3889.393    
    3736.960    
    3488.754    
    3075.172    
    3180.523    
    3080.538    
    2902.266    
    2679.076    
    2318.220    
    2421.870    
    1702.368    
    1173.536    
    974.2517    
