    8042.713    
    7926.458    
    7720.728    
    7658.875    
    7635.742    
    7856.513    
    7618.643    
    7529.331    
    8343.609    
    8663.742    
    8404.665    
    7954.617    
    7617.545    
    7220.746    
    7504.059    
    7575.199    
    8014.971    
    7801.497    
    8116.499    
    7820.932    
    7798.938    
    7828.538    
    7124.267    
    7448.802    
    7036.821    
    6902.786    
    6490.454    
    6707.062    
    6813.760    
    6683.510    
    6527.597    
    6352.870    
    6508.272    
    6696.986    
    6219.184    
    6198.204    
    6272.761    
    6560.242    
    6682.809    
    6669.386    
    6896.950    
    6710.075    
    6600.477    
    6645.543    
    7020.564    
    7061.050    
    7094.759    
    6742.648    
    6884.125    
    6825.514    
    6735.057    
    6632.949    
    6484.241    
    6069.646    
    5727.400    
    5697.150    
    5990.610    
    6383.594    
    6339.849    
    6315.816    
    6284.460    
    6189.699    
    6836.157    
    6426.066    
    6626.361    
    6751.852    
    6460.121    
    6856.921    
    7154.526    
    7200.980    
    7514.946    
    7717.737    
    8077.475    
    8166.202    
    8180.612    
    7948.010    
    7744.795    
    7374.727    
    7263.385    
    7287.425    
    7307.186    
    7318.874    
    7682.365    
    7234.181    
    7366.473    
    7046.604    
    6806.772    
    6574.084    
    7147.181    
    7256.295    
    7109.930    
    6036.938    
    5275.161    
    4450.718    
    4609.629    
    5412.981    
    5539.660    
    6149.091    
    6115.685    
    5955.386    
    5613.822    
    6004.718    
    5891.830    
    6658.222    
    7075.886    
    6977.169    
    6690.558    
    6552.036    
    6515.364    
    6580.662    
    6432.358    
    6164.113    
    5742.326    
    4380.172    
    4292.416    
    5133.891    
    4181.741    
    3459.953    
    3781.958    
    3321.674    
    2945.584    
    2346.393    
    2216.769    
    2707.519    
    2393.913    
    3170.088    
    3170.269    
    3295.441    
    2831.742    
    2602.221    
    2153.886    
    1631.892    
    1706.679    
    1871.498    
    1975.120    
    1821.548    
    1903.253    
    1887.876    
    1886.323    
    1993.992    
    1998.033    
    1963.415    
    2143.539    
    2017.221    
    1643.784    
    1605.819    
    1450.874    
    1315.508    
    1391.997    
    1274.814    
    1055.155    
    1036.472    
    975.9352    
    886.5928    
    929.4056    
    988.9510    
    1104.776    
    1254.613    
    1169.701    
    1367.392    
    1669.621    
    1986.272    
    2210.933    
    2004.233    
    2413.502    
    2042.533    
    2220.456    
    2114.744    
    1920.258    
    1756.309    
    1646.053    
    1550.110    
    1519.036    
    1482.605    
    1374.520    
    1362.811    
    1560.271    
    1370.063    
    1434.361    
    1403.912    
    1471.648    
    1317.557    
    1343.301    
    1373.317    
    1225.336    
    1418.294    
    1355.235    
    1341.577    
    1230.547    
    1128.459    
    1083.438    
    958.5710    
    915.3218    
    821.3683    
    992.8442    
    1030.312    
    946.0771    
    1188.070    
    871.2549    
    998.6309    
    1151.436    
    1409.840    
    1508.605    
    1601.337    
    1833.231    
    1809.906    
    1726.781    
    2135.056    
    3139.048    
    3627.467    
    3308.039    
    2524.882    
    2447.788    
    2258.050    
    2012.924    
    2063.182    
    2034.387    
    2888.000    
    3116.030    
    3500.962    
    3587.025    
    4796.633    
    4117.437    
    5139.616    
    4992.379    
    3632.342    
    3581.430    
    3211.399    
    2949.915    
    2770.243    
    3049.971    
    3263.025    
    3104.500    
    2849.913    
    3369.669    
    3562.554    
    4248.144    
    4361.966    
    3906.430    
    4318.624    
    5063.041    
    5262.051    
    5279.500    
    3741.187    
    3329.502    
    3042.945    
    2692.224    
    2322.690    
    2790.774    
    2200.830    
    2520.401    
    2481.196    
    2883.515    
    2669.014    
    2813.179    
    3019.369    
    3351.616    
    3872.334    
    4036.440    
    3818.858    
    4129.979    
    4339.404    
    4408.538    
    4763.692    
    5757.355    
    5914.204    
    6468.369    
    6635.043    
    6889.554    
    6241.739    
    6292.727    
    6728.685    
    6783.295    
    6538.654    
    6867.293    
    6873.970    
    6930.922    
    6953.588    
    7119.509    
    7157.430    
    7206.579    
    6953.989    
    7730.912    
    7496.372    
    7344.575    
    7264.558    
    7287.608    
    8290.326    
    8031.175    
    8026.731    
    7913.889    
    7971.630    
    7749.526    
    7872.935    
    7851.942    
    7402.636    
    7556.192    
    7759.615    
    8099.970    
    8684.178    
