    1045.589    
    1079.223    
    1306.364    
    1440.388    
    1395.568    
    1583.896    
    1365.913    
    1461.623    
    1875.606    
    2136.341    
    2806.314    
    3384.134    
    3633.578    
    3516.863    
    4315.336    
    3846.384    
    4346.303    
    5276.574    
    5375.907    
    4699.632    
    4415.858    
    4328.584    
    3866.674    
    3957.350    
    5322.255    
    5731.190    
    6038.162    
    6101.184    
    6517.727    
    6735.702    
    6385.810    
    6300.936    
    6571.382    
    6625.229    
    6577.758    
    7035.953    
    6781.476    
    6459.738    
    6610.178    
    6510.618    
    6835.793    
    7171.212    
    7093.041    
    6899.556    
    7135.074    
    7213.362    
    7190.253    
    6710.787    
    6632.324    
    6688.680    
    6530.111    
    6421.703    
    6592.148    
    6213.805    
    6139.310    
    5950.416    
    6167.593    
    6328.294    
    6400.001    
    6279.328    
    6444.392    
    6830.588    
    7476.275    
    7194.273    
    7071.416    
    6861.955    
    6482.147    
    6422.813    
    6555.522    
    6660.947    
    6614.775    
    6823.448    
    6758.842    
    6703.762    
    6887.557    
    6813.795    
    7262.188    
    7608.464    
    7663.327    
    7837.862    
    7615.250    
    7525.133    
    6877.059    
    7232.564    
    7125.412    
    6789.164    
    6919.899    
    6859.186    
    7027.388    
    6708.711    
    7067.377    
    6740.642    
    6986.472    
    7276.928    
    7555.330    
    7865.815    
    7347.004    
    7224.988    
    6923.659    
    6936.812    
    6271.559    
    6351.416    
    6765.190    
    6676.757    
    6197.638    
    6243.397    
    5791.382    
    5879.399    
    6507.060    
    7016.133    
    6756.113    
    6544.882    
    5981.615    
    6495.154    
    7052.347    
    7077.191    
    7345.694    
    7788.518    
    7833.949    
    7815.795    
    8046.965    
    8130.607    
    8696.781    
    8297.264    
    8179.712    
    8472.688    
    8082.188    
    8004.956    
    7720.648    
    7997.961    
    8412.562    
    8112.169    
    8723.552    
    8042.265    
    7821.434    
    7777.501    
    7738.853    
    7309.191    
    7765.445    
    7341.468    
    7820.756    
    7278.063    
    7111.145    
    6946.230    
    6970.206    
    7149.414    
    7460.210    
    7671.833    
    7567.652    
    7418.248    
    7637.632    
    7922.276    
    8193.742    
    7746.197    
    7898.769    
    7507.478    
    7961.132    
    7386.766    
    8067.974    
    7942.859    
    7773.512    
    7247.520    
    6690.561    
    5904.757    
    5319.637    
    5532.413    
    5174.773    
    4177.591    
    3725.861    
    3596.358    
    3121.151    
    3267.452    
    3075.131    
    3784.770    
    4895.016    
    5205.460    
    5651.665    
    5804.415    
    6209.315    
    6003.621    
    5470.783    
    4399.488    
    4051.324    
    4360.617    
    4302.072    
    5056.690    
    4110.118    
    4195.652    
    4980.635    
    4545.364    
    4226.148    
    3587.314    
    3338.738    
    3294.541    
    2633.539    
    3284.266    
    3572.070    
    3655.019    
    3097.877    
    3035.050    
    2149.417    
    2036.716    
    1988.422    
    1682.509    
    1993.641    
    1853.754    
    1552.340    
    1475.000    
    1610.393    
    1588.875    
    1931.597    
    1749.460    
    2056.547    
    1624.526    
    1526.270    
    1517.979    
    1391.944    
    1371.745    
    1222.502    
    1427.434    
    1360.000    
    1090.509    
    1007.124    
    970.6685    
    941.8992    
    1124.302    
    1288.667    
    1190.358    
    1014.557    
    1420.885    
    1538.603    
    1391.198    
    1450.218    
    1284.312    
    1126.508    
    1197.818    
    1359.657    
    1331.447    
    1413.743    
    1244.328    
    1028.593    
    1137.531    
    1206.749    
    1072.649    
    1044.597    
    1030.444    
    1387.452    
    1250.281    
    1146.292    
    1407.319    
    1480.288    
    1566.370    
    2109.310    
    2034.225    
    2968.731    
    3419.371    
    3248.390    
    3158.706    
    2952.514    
    2326.071    
    2517.219    
    2369.914    
    2210.413    
    2473.009    
    1964.116    
    2175.989    
    2073.069    
    2399.191    
    1794.675    
    1887.230    
    2793.466    
    3243.117    
    2830.885    
    2696.079    
    2330.386    
    2435.507    
    2870.933    
    3175.049    
    3205.315    
    2163.010    
    1828.157    
    1967.582    
    2217.952    
    2445.342    
    2861.465    
    2584.665    
    2660.143    
    2903.605    
    2745.986    
    2757.788    
    2133.283    
    1843.184    
    1638.961    
    1921.743    
    1902.325    
    2003.665    
    1926.740    
    1964.594    
    1672.212    
    1765.510    
