    5710.955    
    5940.537    
    6040.235    
    5943.477    
    6430.371    
    6611.625    
    6803.972    
    7250.046    
    7130.735    
    7315.828    
    7073.504    
    6628.788    
    6850.302    
    6392.560    
    6571.396    
    6701.891    
    6600.495    
    6717.182    
    6982.131    
    7290.282    
    7717.476    
    7928.239    
    7738.574    
    8087.452    
    8192.067    
    8154.149    
    8109.381    
    7850.667    
    7871.323    
    8065.970    
    7965.774    
    7478.995    
    7262.124    
    6912.404    
    7058.330    
    7419.092    
    7837.313    
    7595.895    
    7890.069    
    7691.605    
    7437.276    
    7273.708    
    7297.146    
    7766.628    
    7113.941    
    7336.483    
    7220.312    
    7150.334    
    6921.731    
    7185.728    
    6765.950    
    6786.886    
    6643.429    
    6739.749    
    7088.177    
    7018.866    
    6604.726    
    6585.429    
    6516.818    
    6691.672    
    6799.062    
    6873.002    
    6860.949    
    6760.439    
    6582.503    
    6676.581    
    6768.194    
    6946.192    
    7038.425    
    6828.887    
    7464.139    
    7127.926    
    7158.583    
    7613.600    
    7776.368    
    7994.526    
    8056.750    
    7975.238    
    7637.478    
    7197.286    
    7310.091    
    7631.826    
    7591.466    
    7675.311    
    7547.979    
    7009.424    
    7738.893    
    7231.387    
    7816.607    
    7495.395    
    6905.882    
    6499.159    
    6418.786    
    6338.995    
    6208.521    
    6285.957    
    6713.723    
    6625.487    
    6726.311    
    6873.733    
    7319.595    
    7052.791    
    7168.596    
    7603.783    
    8364.377    
    7811.322    
    7858.073    
    8163.269    
    8752.285    
    8242.792    
    8572.521    
    8725.003    
    8293.221    
    7890.865    
    7907.226    
    7214.819    
    6941.948    
    6897.310    
    6933.957    
    6534.975    
    6457.415    
    6466.892    
    6174.828    
    6055.669    
    6180.734    
    6122.245    
    6276.147    
    6173.922    
    6250.938    
    6372.249    
    6510.810    
    6537.369    
    6738.120    
    6554.460    
    6633.741    
    6304.340    
    5908.162    
    5828.320    
    5277.784    
    5265.615    
    5631.993    
    5598.763    
    4571.919    
    4373.906    
    3874.534    
    3914.373    
    3546.218    
    3262.343    
    2820.281    
    2021.630    
    2016.428    
    2052.145    
    2043.055    
    1957.336    
    2247.641    
    3176.785    
    3039.535    
    2168.486    
    2000.349    
    2378.567    
    2347.771    
    2835.956    
    2438.721    
    2283.055    
    2227.613    
    2006.961    
    2518.488    
    3657.035    
    4393.642    
    4344.105    
    4338.499    
    4688.519    
    3629.686    
    3747.902    
    4243.907    
    3959.267    
    4212.821    
    4782.154    
    4035.409    
    3244.879    
    2591.364    
    2651.331    
    3158.200    
    3212.700    
    3307.559    
    4180.389    
    4906.969    
    5028.013    
    5242.534    
    3524.616    
    3618.000    
    3029.656    
    2860.683    
    2213.537    
    1967.390    
    1777.247    
    1658.003    
    1453.510    
    1808.059    
    1627.869    
    1587.068    
    1691.692    
    1928.048    
    1886.313    
    2036.710    
    2344.087    
    2160.880    
    2940.699    
    2552.889    
    2898.121    
    2818.439    
    1833.060    
    1858.764    
    1433.988    
    1372.035    
    1302.005    
    1219.543    
    1032.266    
    906.0727    
    873.9521    
    895.0195    
    938.4323    
    1008.534    
    996.3628    
    1088.351    
    1123.655    
    1366.037    
    1578.306    
    1342.787    
    1618.656    
    1642.896    
    1551.032    
    1400.323    
    1470.851    
    1717.848    
    1878.246    
    1600.265    
    1552.274    
    1409.448    
    1484.632    
    1511.251    
    1425.451    
    1111.669    
    1420.499    
    1398.588    
    1564.114    
    1547.499    
    1516.707    
    1443.637    
    1259.993    
    1207.251    
    1286.735    
    1315.645    
    1395.021    
    1212.317    
    1158.137    
    1047.002    
    953.2065    
    945.9761    
    970.4233    
    1051.610    
    1161.057    
    1404.725    
    1461.944    
    1962.939    
    1909.172    
    2966.383    
    3603.217    
    4070.057    
    2893.705    
    2419.365    
    2267.587    
    2217.119    
    3077.415    
    2719.437    
    2705.224    
    2067.247    
    2165.122    
    2088.868    
    2582.701    
    2795.186    
    2526.136    
    3122.804    
    3413.237    
    3794.753    
    4251.521    
    3728.523    
    3384.293    
    3531.354    
    3342.422    
    3306.039    
    4283.403    
    5153.559    
    5171.311    
    5381.261    
    5353.368    
    5853.406    
    5791.329    
    5733.279    
    5574.899    
