    2100.068    
    2022.369    
    2007.823    
    1600.596    
    1756.740    
    1049.447    
    962.7565    
    999.6636    
    955.0469    
    883.6983    
    948.4496    
    921.9300    
    1012.351    
    1069.905    
    1112.985    
    1148.130    
    1090.912    
    1341.952    
    1874.658    
    2128.598    
    2576.018    
    2777.563    
    2950.710    
    3448.925    
    2804.988    
    1974.991    
    2411.461    
    2373.815    
    2329.254    
    2003.654    
    1597.146    
    1583.490    
    1474.049    
    1421.116    
    1455.653    
    1118.410    
    1391.953    
    1425.132    
    1222.119    
    1217.260    
    1781.353    
    1278.964    
    1313.591    
    1422.354    
    1180.666    
    1263.009    
    1427.777    
    1304.827    
    1484.472    
    1471.457    
    1353.428    
    1374.184    
    1916.412    
    1519.126    
    1493.779    
    1409.617    
    1559.645    
    1684.510    
    1723.254    
    2219.733    
    2709.439    
    2078.500    
    1661.603    
    2162.598    
    1647.773    
    1432.661    
    1149.092    
    1552.988    
    1583.984    
    1451.637    
    1533.145    
    1615.781    
    1701.182    
    2009.541    
    2614.867    
    2756.932    
    2743.910    
    2158.779    
    1852.264    
    1883.439    
    1919.068    
    1440.530    
    1803.715    
    1860.406    
    2311.682    
    1839.957    
    1993.294    
    1999.882    
    1642.339    
    2197.598    
    2875.111    
    2786.982    
    2443.003    
    3174.222    
    2832.303    
    2890.932    
    2471.549    
    2932.651    
    1971.905    
    1411.558    
    1544.815    
    1947.940    
    2291.452    
    2514.659    
    3141.970    
    3577.239    
    3209.470    
    3244.589    
    3511.510    
    3197.883    
    3222.768    
    2766.161    
    2172.536    
    2095.711    
    2204.791    
    3357.160    
    3051.482    
    3552.266    
    3738.837    
    4242.871    
    4841.104    
    4252.888    
    4198.606    
    3668.365    
    3835.934    
    4354.844    
    5290.397    
    5574.598    
    5725.491    
    5322.553    
    4589.579    
    4420.179    
    4706.956    
    6124.465    
    6693.321    
    6667.244    
    6644.798    
    6566.190    
    6661.112    
    6514.322    
    6146.147    
    6382.089    
    6787.892    
    6406.545    
    6450.036    
    5656.630    
    5763.660    
    5981.666    
    6483.512    
    6371.644    
    6194.845    
    5927.797    
    6195.190    
    6175.227    
    6623.943    
    6829.025    
    7071.710    
    6909.667    
    7093.308    
    6993.530    
    7879.839    
    8029.093    
    8167.668    
    8505.404    
    8529.300    
    8755.862    
    8745.428    
    8280.095    
    8085.044    
    7908.753    
    7258.563    
    7199.451    
    7692.143    
    7665.844    
    7818.845    
    7253.231    
    7619.887    
    6955.075    
    6926.123    
    7048.404    
    7103.382    
    7498.980    
    7507.439    
    7775.216    
    7988.236    
    8062.883    
    7743.042    
    7388.964    
    7243.846    
    7184.349    
    7812.284    
    7474.555    
    7590.216    
    7640.292    
    7241.473    
    8049.000    
    8158.529    
    7557.073    
    7435.570    
    7958.402    
    8101.062    
    7846.111    
    7680.881    
    7083.722    
    7158.647    
    7273.898    
    7138.545    
    7283.194    
    6971.609    
    6587.776    
    6508.759    
    6764.150    
    6745.814    
    6696.634    
    6584.941    
    6719.358    
    6757.231    
    6868.669    
    6689.263    
    6616.234    
    6608.282    
    6479.637    
    6633.440    
    6882.834    
    6922.079    
    6657.025    
    6811.255    
    6723.983    
    6218.957    
    6356.461    
    6003.722    
    5979.787    
    6290.022    
    6425.069    
    6530.799    
    6283.016    
    6577.593    
    6315.325    
    7042.666    
    6842.100    
    6867.242    
    7126.328    
    7046.763    
    6818.903    
    6748.716    
    6492.546    
    6187.336    
    5159.657    
    5174.610    
    4382.297    
    4366.936    
    5023.609    
    5302.696    
    5872.282    
    6334.153    
    6555.420    
    6892.750    
    7035.408    
    7311.191    
    7744.950    
    8019.580    
    7964.588    
    7860.352    
    7595.703    
    7803.229    
    8026.846    
    8115.257    
    7856.764    
    7891.562    
    7773.850    
    7654.449    
    7380.790    
    7299.198    
    7270.823    
    7361.749    
    7370.296    
    7165.472    
    6917.098    
    6075.390    
    5484.149    
    5904.559    
    5813.248    
    5409.061    
    5096.302    
    4129.734    
    4295.627    
    3865.992    
    3647.546    
    3080.287    
    3293.722    
    3095.471    
    3231.285    
    3324.283    
    3914.949    
    3396.069    
    4036.693    
    4142.839    
    3698.243    
    3237.904    
    2993.769    
