    7856.959    
    7771.203    
    7295.759    
    6918.826    
    6891.379    
    6608.531    
    6860.302    
    7043.205    
    6864.571    
    6615.446    
    6473.662    
    6477.634    
    6165.944    
    6029.052    
    6655.750    
    6890.471    
    6723.233    
    6784.200    
    6556.178    
    6408.535    
    6255.254    
    6514.162    
    6747.716    
    6706.222    
    6611.043    
    6573.286    
    6286.732    
    6007.492    
    5800.789    
    5331.703    
    4394.601    
    4410.966    
    4124.779    
    4975.073    
    4213.357    
    3769.369    
    3548.189    
    3381.764    
    3129.646    
    3050.396    
    2586.917    
    2838.993    
    2312.982    
    2669.409    
    2794.739    
    2700.397    
    2356.390    
    2237.936    
    2155.354    
    2107.934    
    2479.747    
    2234.229    
    2507.100    
    1993.381    
    2021.853    
    1834.755    
    1648.242    
    1989.885    
    1781.867    
    1525.624    
    1332.161    
    1361.829    
    1047.888    
    1011.946    
    1018.798    
    986.3679    
    956.4265    
    1397.248    
    1198.389    
    1001.090    
    1005.761    
    980.8569    
    968.4006    
    1122.420    
    1160.233    
    1055.039    
    1168.794    
    1300.485    
    1413.265    
    1270.917    
    1832.168    
    1880.511    
    1926.605    
    1975.749    
    1998.358    
    1918.896    
    2043.601    
    1596.463    
    2009.708    
    1724.669    
    2081.397    
    1630.632    
    1496.285    
    1424.629    
    1465.839    
    1642.031    
    1688.842    
    1522.225    
    1414.233    
    1255.023    
    1262.617    
    1444.950    
    1587.908    
    1462.953    
    1398.345    
    1378.784    
    1097.680    
    1458.063    
    1807.123    
    1600.796    
    1476.793    
    1593.422    
    1483.040    
    1405.060    
    1556.308    
    1819.615    
    1846.821    
    1971.499    
    1910.362    
    1548.712    
    1808.329    
    1313.647    
    1077.931    
    1028.573    
    1176.610    
    1251.978    
    1480.923    
    1707.622    
    2120.842    
    2132.871    
    2385.536    
    2907.563    
    2810.998    
    3073.942    
    2191.121    
    2810.279    
    2422.813    
    2157.802    
    2172.919    
    2741.650    
    3113.823    
    3636.950    
    4066.672    
    4171.084    
    4277.989    
    3652.223    
    4518.991    
    5379.835    
    5228.750    
    5218.983    
    4342.615    
    3318.221    
    2736.165    
    2415.381    
    2523.426    
    2939.845    
    2985.156    
    3037.724    
    4796.075    
    4923.248    
    4033.808    
    3941.150    
    4465.087    
    5172.062    
    5216.356    
    4727.711    
    4327.266    
    3671.029    
    3689.014    
    3468.277    
    3340.035    
    2922.727    
    3219.623    
    3286.422    
    3254.970    
    3193.733    
    3510.080    
    3773.319    
    3169.666    
    2869.461    
    3247.977    
    3466.197    
    3857.252    
    5584.491    
    5697.979    
    6137.346    
    6518.394    
    6538.011    
    6821.015    
    6734.046    
    7318.458    
    6983.461    
    7259.891    
    7054.285    
    7647.793    
    7802.976    
    8041.277    
    7858.926    
    7211.686    
    7234.378    
    7200.842    
    6697.854    
    6764.125    
    6849.459    
    7100.585    
    7849.026    
    7441.223    
    7619.460    
    7383.855    
    7129.869    
    7593.021    
    7138.687    
    7109.699    
    6936.120    
    7254.466    
    7311.236    
    7820.276    
    8039.968    
    8080.816    
    8046.438    
    8004.602    
    8229.646    
    8145.522    
    8118.229    
    8216.018    
    8289.255    
    8761.564    
    8551.887    
    8705.586    
    8481.978    
    7894.513    
    7460.522    
    7080.090    
    6762.980    
    6711.406    
    6426.353    
    6393.729    
    6742.068    
    6667.668    
    7096.253    
    7720.412    
    7743.713    
    7607.777    
    7752.219    
    7824.713    
    7556.507    
    7719.533    
    7987.013    
    8071.944    
    7907.817    
    7474.012    
    7010.032    
    6634.114    
    7192.034    
    7028.071    
    7534.321    
    7562.611    
    7076.673    
    7186.606    
    6729.155    
    6545.374    
    6920.030    
    7158.566    
    7368.765    
    7276.950    
    6804.755    
    6297.920    
    6158.826    
    6207.875    
    5834.799    
    6078.646    
    6092.053    
    5178.447    
    4442.693    
    5628.266    
    5520.537    
    5954.017    
    5947.287    
    5770.807    
    5904.797    
    6201.990    
    6290.936    
    6693.289    
    6639.220    
    6969.142    
    6951.069    
    6896.725    
    6775.118    
    6923.106    
    6362.041    
    6464.147    
    6632.903    
    7304.180    
    7070.711    
    7692.808    
    7946.675    
    7872.564    
    7689.288    
    7290.480    
    7439.841    
