    2046.756    
    2181.320    
    2095.759    
    1987.164    
    1625.937    
    1586.104    
    1598.214    
    1364.518    
    1452.318    
    1435.401    
    1636.428    
    1523.962    
    1405.106    
    1574.055    
    1513.898    
    1292.611    
    1344.669    
    1195.830    
    1447.186    
    1188.153    
    1137.615    
    1022.756    
    1091.574    
    1008.800    
    969.6373    
    984.9722    
    1036.371    
    1072.135    
    1192.123    
    1392.278    
    1402.384    
    1399.410    
    1473.296    
    1714.697    
    1461.822    
    1591.302    
    1424.160    
    1408.858    
    1372.148    
    1382.559    
    1681.283    
    1867.840    
    1979.738    
    2194.865    
    2364.551    
    2168.433    
    2446.623    
    2651.751    
    2800.086    
    3189.286    
    3302.510    
    3090.177    
    2866.833    
    2827.043    
    3088.537    
    2994.972    
    3198.391    
    3577.988    
    3336.926    
    2972.284    
    2753.260    
    2679.959    
    2473.991    
    2217.662    
    1996.001    
    1871.349    
    1845.395    
    1620.759    
    1909.180    
    1427.619    
    992.2522    
    1115.193    
    931.0542    
    944.4441    
    1057.185    
    1062.356    
    1146.635    
    1232.752    
    1245.129    
    1320.231    
    1314.790    
    1493.668    
    1648.770    
    1811.298    
    1425.142    
    1376.619    
    1744.010    
    1898.519    
    1969.330    
    2138.538    
    1944.557    
    2266.450    
    2317.119    
    2388.204    
    2522.921    
    1976.711    
    1933.462    
    1828.683    
    1782.878    
    2031.404    
    2079.113    
    1562.016    
    2011.842    
    2009.074    
    2162.063    
    2723.423    
    3040.063    
    3779.535    
    4433.249    
    5212.557    
    6163.940    
    6271.907    
    6260.703    
    6047.302    
    6383.509    
    6356.661    
    5221.057    
    4273.261    
    4458.450    
    4793.565    
    5833.265    
    5496.298    
    5791.868    
    5399.190    
    6004.910    
    6428.271    
    6841.763    
    7017.556    
    6973.916    
    6761.041    
    6611.064    
    6221.642    
    6144.094    
    6563.256    
    6704.574    
    6909.651    
    7217.658    
    7293.954    
    7713.144    
    7258.826    
    7680.480    
    7536.396    
    7758.519    
    7251.945    
    7862.541    
    7833.108    
    8181.300    
    8165.562    
    8109.550    
    8055.523    
    8035.063    
    7676.417    
    7570.521    
    7829.110    
    7387.898    
    7721.975    
    7366.426    
    7176.928    
    6915.962    
    6929.452    
    7115.877    
    7434.025    
    7619.112    
    7452.610    
    7082.507    
    7810.288    
    7983.430    
    8242.129    
    8698.420    
    8658.605    
    8023.032    
    7557.658    
    7972.790    
    7739.259    
    7812.890    
    7160.010    
    6831.365    
    7315.999    
    7396.623    
    7615.818    
    7493.789    
    7269.684    
    6803.552    
    6848.581    
    7024.554    
    7043.814    
    7051.477    
    7881.909    
    7915.871    
    8092.807    
    8516.512    
    8492.986    
    7944.747    
    8066.749    
    7936.939    
    7783.002    
    7240.521    
    7210.974    
    7144.968    
    7283.492    
    6887.972    
    6951.379    
    6651.848    
    6122.958    
    6193.546    
    6606.859    
    6823.961    
    6681.684    
    6856.706    
    6629.285    
    6647.664    
    6473.907    
    6787.512    
    6467.750    
    6406.317    
    5940.600    
    5983.911    
    5814.450    
    6350.636    
    6689.022    
    6756.087    
    6925.012    
    6867.182    
    6527.754    
    6586.481    
    6485.604    
    6519.161    
    6728.005    
    6732.508    
    6691.978    
    6548.333    
    6439.134    
    5912.186    
    4348.234    
    4407.625    
    6233.815    
    6183.018    
    5643.343    
    6498.957    
    5731.398    
    6495.529    
    6714.813    
    7173.225    
    7729.145    
    8032.373    
    7649.178    
    7815.583    
    7314.847    
    7074.920    
    7129.468    
    7292.608    
    7506.101    
    7079.917    
    6975.981    
    6734.938    
    6571.113    
    6292.426    
    6312.502    
    6628.161    
    6749.489    
    5973.568    
    5389.970    
    5657.382    
    4571.519    
    4218.822    
    4991.996    
    4348.804    
    4855.083    
    4163.464    
    4349.254    
    3309.136    
    3267.317    
    3433.110    
    3482.281    
    3898.186    
    3708.148    
    4027.358    
    3830.061    
    3739.319    
    3649.840    
    3243.021    
    3342.797    
    3228.289    
    3509.827    
    3537.523    
    4107.020    
    5070.342    
    5424.825    
    5294.244    
    4397.112    
    3631.745    
    3288.651    
    3118.168    
    2904.452    
    2921.207    
    2838.117    
    2813.311    
    2580.312    
    2283.514    
    2108.394    
