    6157.109    
    6501.563    
    6759.415    
    6743.981    
    7737.978    
    7331.421    
    6929.940    
    6965.690    
    6842.301    
    6865.845    
    6941.314    
    6946.014    
    6588.049    
    6486.172    
    6465.724    
    6112.112    
    6272.778    
    5892.025    
    6496.990    
    6405.807    
    6881.488    
    6888.964    
    6692.112    
    6608.369    
    7075.722    
    7140.977    
    7861.808    
    7199.741    
    7629.298    
    7593.636    
    7417.610    
    7265.463    
    7495.735    
    7400.119    
    7824.765    
    7558.260    
    7184.889    
    7459.845    
    7503.274    
    7807.156    
    7980.179    
    7699.388    
    7762.313    
    7896.135    
    8130.217    
    8468.549    
    8583.055    
    8343.213    
    8805.890    
    8781.298    
    8197.188    
    8073.874    
    7900.390    
    7004.827    
    6817.825    
    6685.258    
    6648.126    
    6701.199    
    6621.744    
    6541.774    
    6805.322    
    7613.711    
    7728.619    
    7571.086    
    7301.706    
    7159.437    
    7049.917    
    7218.888    
    7715.667    
    7582.929    
    7046.316    
    7176.245    
    7087.021    
    7203.441    
    7268.010    
    7661.118    
    8063.065    
    8046.843    
    7836.343    
    7929.989    
    8096.367    
    8087.748    
    8185.951    
    8171.630    
    7826.729    
    7249.175    
    7043.201    
    6861.062    
    6895.698    
    7093.811    
    7231.797    
    7119.154    
    6925.154    
    6741.480    
    6666.237    
    6719.215    
    6844.693    
    6802.916    
    7130.517    
    7382.740    
    7796.119    
    7959.441    
    8057.177    
    7851.272    
    7544.619    
    7289.427    
    7347.132    
    7225.876    
    6995.914    
    6598.458    
    6550.241    
    6555.813    
    6106.440    
    5905.574    
    5710.544    
    5341.216    
    5255.088    
    5183.934    
    5345.611    
    5122.998    
    4967.953    
    4573.454    
    4361.786    
    3903.304    
    3841.830    
    3963.553    
    4197.557    
    4662.308    
    4056.831    
    4238.368    
    4213.657    
    3663.842    
    3159.098    
    2816.539    
    2426.970    
    1977.491    
    1829.361    
    1835.699    
    1824.008    
    1599.143    
    1624.099    
    1506.250    
    1363.614    
    1099.958    
    1404.873    
    1116.996    
    1253.686    
    1031.328    
    1158.298    
    1076.793    
    1064.309    
    1207.842    
    935.7911    
    1009.849    
    1077.382    
    969.4043    
    1007.680    
    988.2659    
    948.9659    
    1054.709    
    1045.155    
    1317.617    
    1374.932    
    1390.773    
    1341.111    
    1301.489    
    1185.552    
    1121.518    
    1332.228    
    1496.878    
    1464.004    
    1668.268    
    1529.262    
    1737.138    
    1657.968    
    2009.906    
    2185.451    
    3172.243    
    3280.315    
    2651.602    
    3513.680    
    2936.356    
    3566.749    
    3509.497    
    3288.463    
    3224.016    
    2346.510    
    2857.448    
    2772.242    
    2572.512    
    1781.290    
    1858.648    
    1941.093    
    2529.770    
    1580.955    
    1886.406    
    2800.866    
    3076.421    
    2984.769    
    2167.245    
    1510.886    
    1548.361    
    1414.572    
    1151.613    
    1375.251    
    1559.570    
    1917.994    
    2475.992    
    2379.678    
    2028.041    
    2890.731    
    2140.649    
    2196.134    
    2440.712    
    2693.835    
    1874.827    
    1540.360    
    1397.724    
    1359.172    
    1448.238    
    1492.023    
    1435.920    
    1395.515    
    1215.328    
    1452.315    
    1457.853    
    1958.141    
    2021.918    
    3416.824    
    4305.821    
    3735.526    
    2740.157    
    2005.690    
    1701.472    
    1982.708    
    2123.239    
    2837.845    
    2969.738    
    2526.606    
    3321.057    
    3624.970    
    4256.389    
    4112.768    
    4356.718    
    4400.637    
    3619.259    
    3441.293    
    3251.710    
    3038.576    
    2835.275    
    3383.048    
    3145.824    
    2758.108    
    2376.193    
    2239.156    
    2038.289    
    1711.640    
    2046.332    
    2129.743    
    2032.938    
    2069.496    
    2276.909    
    2163.968    
    3221.818    
    3274.727    
    3789.651    
    4337.279    
    5267.542    
    5634.201    
    5932.492    
    6127.838    
    6395.009    
    5351.555    
    5467.168    
    5998.068    
    6242.108    
    6337.557    
    6527.746    
    5873.920    
    5497.764    
    5590.719    
    5785.271    
    6355.478    
    6045.747    
    6295.508    
    6266.889    
    6604.004    
    6753.397    
    6679.619    
    6723.022    
    5960.619    
    5732.436    
    6163.656    
    6474.412    
    6434.663    
    6711.283    
    6485.361    
    6179.752    
    6392.431    
    6257.780    
