    7688.298    
    7360.097    
    7199.548    
    7723.550    
    7905.699    
    7864.151    
    7569.405    
    7187.948    
    7132.742    
    7220.315    
    7304.491    
    7547.188    
    7260.471    
    6584.373    
    6615.212    
    6768.315    
    6648.854    
    6887.112    
    7230.351    
    6833.570    
    7107.268    
    7596.718    
    7558.779    
    7945.591    
    7775.808    
    7066.699    
    7391.699    
    7001.057    
    6715.005    
    6310.491    
    6637.024    
    6752.956    
    6909.544    
    6563.595    
    6577.652    
    6864.116    
    6807.092    
    6676.770    
    6749.406    
    6746.225    
    6860.866    
    6962.497    
    6818.199    
    6447.041    
    5950.026    
    6176.896    
    6165.489    
    5911.322    
    6606.623    
    6273.974    
    6733.542    
    7105.533    
    8037.114    
    8242.716    
    8142.064    
    7799.736    
    7844.085    
    7744.517    
    6939.556    
    6131.251    
    5226.046    
    4741.662    
    5776.281    
    5329.418    
    4928.510    
    5204.466    
    4381.724    
    5030.599    
    5731.071    
    6127.292    
    5693.877    
    5907.004    
    6153.899    
    6457.657    
    6560.454    
    6439.812    
    6356.692    
    5862.639    
    5810.457    
    5980.334    
    6398.811    
    6510.154    
    6624.871    
    6492.884    
    6678.149    
    6338.662    
    6321.146    
    6702.718    
    6667.920    
    6901.084    
    6655.266    
    6538.489    
    6521.781    
    6603.521    
    6239.429    
    6038.150    
    5495.926    
    4463.688    
    4311.027    
    4320.287    
    4421.327    
    4275.545    
    4204.986    
    3829.508    
    2934.168    
    2784.603    
    2589.150    
    2498.587    
    2907.712    
    3025.402    
    2758.767    
    2838.163    
    2214.775    
    1973.649    
    1594.964    
    2036.371    
    1875.702    
    1873.910    
    1968.353    
    1930.662    
    1791.007    
    1232.091    
    1110.084    
    1105.371    
    1193.191    
    1046.910    
    1275.013    
    1364.368    
    1429.616    
    1515.546    
    1647.145    
    1989.133    
    2399.670    
    2538.959    
    2359.199    
    1910.586    
    1580.855    
    1694.466    
    1389.795    
    1208.882    
    1435.837    
    1224.028    
    1447.330    
    1439.789    
    1529.484    
    1410.759    
    1472.250    
    1821.650    
    2021.420    
    2634.874    
    3300.743    
    3421.848    
    3714.950    
    3329.404    
    3354.247    
    3759.204    
    3859.540    
    3621.906    
    3595.234    
    3602.247    
    2977.027    
    2129.094    
    2407.876    
    2811.487    
    2333.979    
    1841.473    
    1382.073    
    1169.873    
    1063.231    
    1091.249    
    1405.772    
    1555.201    
    1478.213    
    1440.461    
    1361.895    
    1019.256    
    987.5798    
    939.2491    
    918.6744    
    953.1766    
    998.6772    
    1142.501    
    1486.191    
    1592.302    
    1938.965    
    2261.321    
    2238.318    
    2723.283    
    2169.052    
    2051.783    
    2320.631    
    2064.333    
    1546.071    
    1608.682    
    1423.730    
    1411.251    
    1314.732    
    1032.432    
    1048.528    
    1070.174    
    1296.858    
    1405.205    
    1297.346    
    1604.365    
    1620.394    
    1676.995    
    1951.029    
    1949.613    
    2089.958    
    2156.812    
    1797.736    
    1494.539    
    1758.828    
    1836.812    
    2662.797    
    3436.861    
    3742.819    
    3468.130    
    3267.898    
    2846.852    
    2450.636    
    2079.107    
    2144.761    
    2800.978    
    3077.651    
    3263.083    
    3241.087    
    3039.788    
    2965.972    
    3183.958    
    3523.111    
    3215.419    
    3628.717    
    4025.290    
    3090.039    
    3191.785    
    3952.064    
    4132.365    
    4392.813    
    4401.408    
    4672.091    
    5463.029    
    5639.873    
    5437.101    
    6091.847    
    5177.956    
    6182.434    
    5359.847    
    6383.265    
    6510.322    
    6516.798    
    6993.607    
    7416.667    
    7507.954    
    7052.242    
    6912.894    
    7216.021    
    7026.781    
    6778.230    
    6839.466    
    7481.484    
    7021.602    
    7285.921    
    7210.102    
    7157.540    
    7099.442    
    7275.604    
    7636.861    
    7086.841    
    7118.792    
    7841.994    
    8087.708    
    7981.987    
    7956.879    
    8054.319    
    8056.915    
    8026.344    
    7770.236    
    7692.333    
    7256.793    
    7650.604    
    8001.928    
    8473.850    
    8121.442    
    7836.929    
    7348.548    
    6880.817    
    6723.206    
    6770.373    
    7436.164    
    7454.952    
    7611.602    
    7091.496    
    7934.517    
    8176.137    
    8754.102    
    8811.048    
    8562.949    
    7879.670    
    8159.579    
