    6323.780    
    6825.565    
    7148.236    
    7088.933    
    7055.934    
    6939.398    
    6897.576    
    6633.370    
    6046.210    
    6023.637    
    6257.050    
    6719.471    
    6820.499    
    6983.406    
    6768.017    
    6555.478    
    6482.638    
    6658.086    
    6187.480    
    6664.659    
    6724.503    
    6521.748    
    5953.159    
    5735.335    
    5794.137    
    5549.706    
    5991.401    
    6160.499    
    6582.243    
    6372.185    
    6705.577    
    6735.032    
    6489.305    
    6677.010    
    6580.375    
    7033.309    
    6923.656    
    7271.378    
    7296.828    
    7230.858    
    7415.262    
    7761.812    
    7534.107    
    8045.906    
    7902.800    
    7926.376    
    7568.214    
    8115.765    
    8016.487    
    7713.496    
    7669.620    
    7606.336    
    7325.207    
    7842.750    
    7646.857    
    7638.745    
    7952.861    
    8171.318    
    8315.843    
    8738.170    
    8777.417    
    8540.547    
    8451.574    
    8090.332    
    8069.127    
    7702.121    
    7394.802    
    7505.506    
    7383.760    
    7841.005    
    8033.295    
    7604.472    
    7181.000    
    6513.958    
    6533.991    
    6472.278    
    6446.846    
    6369.221    
    6424.145    
    6696.602    
    6876.532    
    7242.605    
    6735.270    
    6226.563    
    6317.611    
    5830.284    
    6594.411    
    6618.359    
    6935.574    
    6604.808    
    6201.043    
    6392.189    
    6267.306    
    5975.068    
    6283.790    
    6132.924    
    6686.332    
    6899.661    
    7199.365    
    7024.172    
    7744.050    
    7488.866    
    7999.463    
    7449.434    
    7121.929    
    6741.624    
    6840.040    
    6850.075    
    6589.173    
    6499.937    
    6759.218    
    7094.722    
    6817.929    
    6850.259    
    7059.790    
    7713.267    
    7832.861    
    8103.194    
    8160.271    
    8046.178    
    7916.391    
    7823.171    
    7811.658    
    7873.447    
    7117.171    
    7250.241    
    7279.425    
    6779.471    
    6107.639    
    5874.853    
    5940.467    
    6509.402    
    7178.010    
    7692.264    
    7573.079    
    7370.488    
    7082.484    
    7008.421    
    7317.797    
    7236.860    
    7217.826    
    6962.489    
    6643.675    
    5145.512    
    5355.970    
    5435.911    
    4443.827    
    5458.356    
    5237.169    
    5641.193    
    5305.672    
    4417.194    
    4709.093    
    5203.740    
    5018.362    
    4901.464    
    4146.875    
    3119.933    
    2706.170    
    2603.294    
    3060.499    
    2678.675    
    3214.663    
    3553.942    
    2930.800    
    2155.391    
    3000.145    
    3215.729    
    3262.392    
    3200.130    
    2850.209    
    2328.411    
    2631.322    
    2828.974    
    3162.144    
    2968.677    
    3260.316    
    3612.990    
    4034.130    
    3758.319    
    3497.524    
    2964.818    
    2390.872    
    2088.414    
    1661.811    
    1352.469    
    1400.599    
    1295.037    
    1650.958    
    1451.600    
    1475.421    
    1384.270    
    1830.845    
    1946.264    
    1988.697    
    3056.195    
    3458.840    
    3877.635    
    3717.002    
    4316.021    
    4368.307    
    4334.055    
    4113.656    
    3404.273    
    3676.765    
    3343.332    
    3430.650    
    2890.441    
    2752.635    
    2031.030    
    2162.473    
    2140.103    
    2176.061    
    2256.237    
    2111.318    
    1897.623    
    1386.770    
    1371.944    
    1052.717    
    1566.438    
    1600.667    
    1188.545    
    1308.851    
    1458.641    
    1403.763    
    1424.040    
    1559.866    
    1507.356    
    1425.110    
    1875.939    
    1980.160    
    2371.222    
    2842.761    
    2467.255    
    2046.214    
    1866.357    
    1890.061    
    1676.572    
    1789.225    
    1413.684    
    1336.076    
    1395.708    
    1195.548    
    1084.735    
    1040.590    
    1255.336    
    1291.536    
    1428.639    
    1101.447    
    1167.299    
    1001.306    
    940.3992    
    923.5278    
    1009.007    
    1069.169    
    1115.949    
    1440.089    
    1079.374    
    1399.426    
    1493.429    
    1236.726    
    1027.594    
    1582.520    
    1613.125    
    1537.256    
    1224.094    
    1137.343    
    1126.723    
    1270.131    
    1486.101    
    1822.602    
    2018.606    
    2091.505    
    1939.064    
    2069.387    
    1853.180    
    1536.171    
    1620.188    
    1989.647    
    2339.371    
    2247.869    
    1961.950    
    2537.909    
    2427.776    
    1901.488    
    1963.920    
    2806.667    
    2310.483    
    2766.095    
    3303.410    
    3790.305    
    3836.855    
    3335.529    
    3646.262    
    4575.034    
    4328.202    
    4364.600    
    4257.044    
    4247.940    
    5300.973    
