    1293.957    
    1387.538    
    1340.504    
    1534.443    
    1515.418    
    1452.391    
    1595.587    
    1866.875    
    1638.558    
    1600.293    
    1887.158    
    1967.012    
    2411.797    
    2848.594    
    2338.518    
    2534.531    
    2192.200    
    2233.321    
    2713.650    
    2572.025    
    2769.144    
    2647.528    
    2808.079    
    2243.141    
    1986.439    
    1536.551    
    1824.704    
    1662.561    
    2078.644    
    2826.957    
    2802.517    
    3056.230    
    3031.839    
    2883.159    
    3323.144    
    3780.901    
    4255.685    
    5042.385    
    5247.665    
    5172.229    
    5255.721    
    5108.658    
    4823.503    
    4089.707    
    3675.447    
    3190.090    
    2481.306    
    2174.783    
    2146.990    
    1932.642    
    1468.180    
    1653.559    
    1510.223    
    1689.047    
    1951.025    
    2010.141    
    2730.967    
    2323.364    
    2180.259    
    2633.900    
    2485.801    
    2187.103    
    3001.256    
    3630.135    
    3311.662    
    3636.369    
    3480.284    
    3927.520    
    4388.074    
    4655.246    
    6499.959    
    6248.673    
    6371.739    
    5981.496    
    5784.870    
    6122.727    
    5707.414    
    6148.951    
    6447.566    
    6809.356    
    6625.632    
    6723.356    
    7039.678    
    7443.140    
    6905.182    
    7381.791    
    7190.904    
    7150.394    
    7205.895    
    7679.809    
    7792.126    
    7761.437    
    7912.778    
    8094.873    
    8373.539    
    8812.898    
    8807.068    
    8282.619    
    8185.926    
    8218.808    
    8238.000    
    8082.516    
    8049.759    
    8070.780    
    8006.373    
    7881.034    
    7975.534    
    8149.469    
    8117.467    
    8478.881    
    8524.831    
    7936.484    
    7677.267    
    7417.460    
    7235.222    
    6810.523    
    6949.901    
    7170.878    
    7015.510    
    7229.057    
    7461.124    
    7655.862    
    7717.294    
    7709.588    
    7782.510    
    7644.042    
    7628.931    
    6949.654    
    7215.875    
    6918.133    
    6746.135    
    6634.518    
    6561.090    
    6478.097    
    6775.002    
    6860.739    
    7649.775    
    7260.774    
    7337.858    
    6997.447    
    7567.966    
    7303.215    
    7199.867    
    6739.022    
    6656.799    
    6428.652    
    6609.968    
    6516.917    
    6058.893    
    6219.698    
    6313.085    
    6687.760    
    6658.763    
    7183.001    
    6819.520    
    7012.869    
    6686.532    
    6925.694    
    6703.955    
    6581.831    
    6289.511    
    6002.030    
    6576.017    
    6846.902    
    6891.666    
    7133.196    
    6442.937    
    6352.537    
    6535.070    
    6647.033    
    6976.630    
    7065.739    
    6742.304    
    6626.658    
    6991.319    
    6728.561    
    6892.675    
    7059.781    
    6856.283    
    7296.649    
    7083.759    
    7279.203    
    7116.603    
    7590.218    
    7828.765    
    7902.841    
    7542.514    
    7840.748    
    7508.688    
    7105.817    
    6228.853    
    5488.196    
    5905.361    
    5575.935    
    6595.007    
    6731.258    
    6344.522    
    6242.198    
    6550.174    
    6767.248    
    6833.557    
    7377.452    
    7560.992    
    7605.754    
    7161.515    
    6197.434    
    6360.809    
    6532.821    
    6467.293    
    6019.186    
    6395.524    
    5969.723    
    5590.609    
    4456.547    
    4437.773    
    5363.049    
    5915.932    
    4525.235    
    4502.639    
    4374.930    
    4393.767    
    5646.745    
    5742.119    
    4717.866    
    4157.851    
    3819.510    
    3392.291    
    3078.273    
    3161.529    
    3401.764    
    3595.026    
    4193.463    
    4940.312    
    3992.928    
    3842.172    
    3341.954    
    3102.066    
    2983.540    
    3212.358    
    3227.331    
    3568.262    
    3283.240    
    3541.977    
    3347.995    
    2932.077    
    2427.033    
    2349.039    
    2116.037    
    1735.427    
    1487.032    
    1427.966    
    1398.767    
    1380.116    
    1234.151    
    1353.868    
    1259.123    
    1418.038    
    1443.858    
    1841.698    
    1993.568    
    1908.523    
    2061.036    
    2076.154    
    2043.629    
    1553.935    
    1409.488    
    1324.683    
    1158.357    
    1134.434    
    1116.675    
    1017.567    
    1083.062    
    1415.052    
    1634.435    
    1851.077    
    1990.979    
    1781.304    
    1984.011    
    1974.618    
    1827.046    
    1547.151    
    1626.926    
    1436.528    
    1359.552    
    1300.371    
    1440.367    
    1047.613    
    924.2764    
    1170.501    
    1266.492    
    1069.630    
    1003.678    
    960.9353    
    885.8408    
    908.5154    
    860.7092    
    940.8914    
    991.7056    
    1035.465    
    1188.342    
