    8127.179    
    8099.720    
    8713.613    
    8296.377    
    8515.224    
    8403.613    
    7888.581    
    7697.889    
    8032.187    
    7785.266    
    7640.131    
    7341.567    
    7272.140    
    7028.786    
    6809.137    
    6630.938    
    6745.853    
    6695.002    
    6557.268    
    6683.727    
    6926.829    
    7049.080    
    6999.424    
    7016.656    
    6805.668    
    6522.240    
    6354.093    
    6483.289    
    6054.463    
    6374.155    
    6617.991    
    6674.631    
    6565.036    
    6429.908    
    6518.149    
    6205.752    
    5932.498    
    5583.406    
    6141.944    
    6289.489    
    5888.302    
    5754.481    
    5694.022    
    5332.406    
    4317.638    
    4025.152    
    3880.053    
    3909.151    
    4384.887    
    4434.729    
    4875.407    
    4358.839    
    4277.185    
    4988.657    
    5111.042    
    5233.243    
    5192.047    
    4738.545    
    5101.669    
    4584.364    
    3779.985    
    4135.224    
    3248.463    
    2631.332    
    1972.823    
    2032.310    
    2220.738    
    2162.569    
    2003.472    
    1670.451    
    1704.921    
    1643.110    
    2429.525    
    2204.776    
    2479.593    
    2989.613    
    3258.967    
    3279.018    
    3053.501    
    2781.579    
    2504.698    
    1437.953    
    1381.904    
    1056.196    
    1019.285    
    1093.637    
    1304.345    
    1410.878    
    1296.383    
    1470.007    
    1367.789    
    1246.616    
    1206.735    
    1292.958    
    1132.231    
    1132.019    
    984.6606    
    1045.805    
    1594.598    
    2684.233    
    2818.070    
    1840.171    
    1858.495    
    1478.785    
    1456.031    
    2006.475    
    2640.833    
    1605.809    
    2070.034    
    2938.437    
    2745.702    
    2421.302    
    3040.549    
    2911.117    
    2942.083    
    1850.220    
    1434.876    
    1574.129    
    1368.587    
    1493.874    
    1942.048    
    1515.371    
    1115.513    
    1039.077    
    1209.549    
    1023.188    
    973.4047    
    955.1971    
    1075.470    
    1353.820    
    1638.379    
    1486.052    
    1421.688    
    1531.188    
    1546.605    
    1487.784    
    1924.887    
    1518.459    
    1829.564    
    2347.663    
    2549.942    
    2801.807    
    2153.716    
    1689.564    
    1417.151    
    1311.818    
    1170.461    
    1222.382    
    1118.568    
    1174.682    
    1424.317    
    1567.076    
    2015.931    
    2102.094    
    1736.067    
    2138.992    
    3132.274    
    3298.706    
    3142.885    
    2315.152    
    1788.006    
    1816.281    
    1556.418    
    2105.502    
    1884.719    
    2815.593    
    3088.135    
    3623.922    
    3423.016    
    3509.562    
    3541.718    
    3666.423    
    4287.709    
    3735.302    
    4145.463    
    3215.229    
    2182.123    
    2089.280    
    1989.474    
    2317.583    
    2440.093    
    2697.152    
    1809.932    
    1981.012    
    1909.250    
    1981.069    
    2764.089    
    3261.829    
    3579.708    
    3473.529    
    3201.328    
    3367.064    
    3578.190    
    4096.104    
    4356.628    
    4443.761    
    5645.184    
    6126.438    
    6589.236    
    6710.409    
    6730.533    
    6465.874    
    6918.101    
    6704.834    
    7076.051    
    7212.322    
    7283.803    
    7418.979    
    7514.880    
    7854.191    
    7900.760    
    7920.830    
    7672.520    
    7448.318    
    7683.019    
    7854.815    
    7756.441    
    7585.995    
    7502.093    
    7264.597    
    7596.886    
    7203.888    
    7207.288    
    7127.566    
    7225.589    
    7331.897    
    7533.082    
    7134.386    
    7239.182    
    7036.912    
    7219.156    
    6913.936    
    6848.953    
    6658.917    
    6892.497    
    6795.721    
    6867.579    
    6981.742    
    7154.875    
    6802.002    
    6622.487    
    6548.492    
    6493.084    
    6503.622    
    6453.601    
    6304.435    
    6278.159    
    6401.153    
    6183.873    
    6077.581    
    6271.687    
    6195.611    
    5988.094    
    6156.340    
    5496.231    
    5435.674    
    5307.821    
    5958.100    
    5815.021    
    6313.825    
    5997.419    
    6341.045    
    6599.375    
    6750.625    
    6762.823    
    6967.190    
    6752.516    
    6719.295    
    6939.018    
    6634.947    
    6939.030    
    7171.708    
    7835.896    
    8661.187    
    7877.222    
    7737.539    
    7798.585    
    7995.146    
    8190.110    
    8140.732    
    8210.598    
    7937.440    
    6861.511    
    7110.768    
    6825.174    
    6988.898    
    7081.328    
    7118.331    
    7230.222    
    7286.970    
    7382.696    
    7622.369    
    7636.509    
    7968.341    
    8049.475    
    7867.017    
    8065.774    
    7953.440    
    8078.193    
    7771.211    
