    7148.670    
    7312.477    
    7296.471    
    7342.456    
    7688.108    
    7709.216    
    7156.411    
    7012.151    
    7606.774    
    7826.444    
    8031.217    
    7950.939    
    8149.549    
    7942.959    
    8024.594    
    7774.635    
    7747.643    
    7720.342    
    7083.889    
    6955.651    
    7620.417    
    7452.693    
    7286.995    
    7384.671    
    7894.838    
    7548.920    
    7748.297    
    7123.856    
    7209.252    
    6671.573    
    6631.465    
    6690.350    
    7351.906    
    7274.610    
    7542.804    
    7255.234    
    7152.693    
    7030.647    
    7325.321    
    7370.046    
    7076.754    
    6934.876    
    6651.162    
    6615.271    
    6506.693    
    6492.275    
    6262.121    
    6206.805    
    6148.637    
    6452.761    
    6525.852    
    6750.771    
    6537.510    
    6807.555    
    6844.506    
    6871.217    
    6824.494    
    6645.764    
    6542.832    
    6676.192    
    6780.748    
    6776.822    
    6712.942    
    6563.048    
    6305.671    
    6588.748    
    6636.730    
    6782.282    
    6595.324    
    6895.883    
    6359.859    
    6463.646    
    6722.887    
    6198.641    
    5947.939    
    5412.614    
    5756.996    
    6220.112    
    6163.465    
    6377.889    
    6178.909    
    6494.149    
    6609.203    
    6742.971    
    6833.502    
    6929.636    
    6717.071    
    6978.574    
    7038.442    
    6941.323    
    7208.824    
    7233.571    
    7111.365    
    7052.956    
    6877.308    
    6705.944    
    6765.798    
    6408.269    
    6338.375    
    6295.441    
    5940.852    
    4529.737    
    5089.421    
    4471.222    
    4754.021    
    4374.775    
    4405.288    
    3490.025    
    2912.169    
    2841.205    
    3032.784    
    3293.982    
    3647.052    
    5611.167    
    5994.479    
    5900.583    
    5462.944    
    5723.432    
    5822.424    
    6017.070    
    5866.385    
    5301.831    
    5179.443    
    4250.281    
    3737.792    
    3283.341    
    3220.872    
    3297.477    
    3352.496    
    3258.190    
    3101.780    
    2393.566    
    2593.697    
    2319.034    
    2821.039    
    3392.439    
    2947.755    
    2546.445    
    2261.051    
    1435.039    
    1339.298    
    1351.249    
    1243.667    
    1050.948    
    1398.386    
    1506.822    
    1999.646    
    2050.358    
    1891.749    
    2022.219    
    1928.990    
    1904.852    
    1600.305    
    1634.875    
    1569.190    
    1420.989    
    1595.514    
    1542.531    
    1528.032    
    1487.018    
    1538.259    
    1470.751    
    1271.116    
    1330.923    
    1198.196    
    1044.986    
    1187.395    
    979.2024    
    1097.569    
    1029.136    
    953.5817    
    1175.478    
    1291.637    
    1179.428    
    1105.003    
    1070.302    
    1355.730    
    1086.489    
    1389.106    
    1427.632    
    1227.701    
    1109.142    
    1027.887    
    1035.637    
    916.6324    
    1165.352    
    1001.644    
    1333.329    
    1506.548    
    1447.761    
    1461.801    
    1589.187    
    1807.931    
    2102.071    
    2226.923    
    2116.274    
    2169.735    
    2184.737    
    2012.074    
    1779.068    
    2138.359    
    2178.059    
    1848.958    
    1553.016    
    1865.953    
    1935.716    
    1977.210    
    1880.187    
    1985.589    
    2207.840    
    3096.725    
    2940.515    
    3598.664    
    3809.930    
    3636.734    
    4185.530    
    3689.175    
    3512.785    
    3244.138    
    3060.976    
    3999.892    
    3180.678    
    2522.623    
    2321.628    
    2771.990    
    3149.062    
    3923.096    
    3570.406    
    3075.247    
    2930.706    
    2366.451    
    2147.052    
    1900.208    
    2435.450    
    2726.937    
    2709.877    
    2415.685    
    1841.426    
    1659.152    
    1737.385    
    1471.372    
    1569.036    
    1708.329    
    1629.688    
    1974.150    
    1954.096    
    2858.123    
    2827.553    
    2006.968    
    2043.022    
    2700.051    
    3852.461    
    4319.596    
    5189.399    
    5282.114    
    4990.590    
    4553.123    
    5244.501    
    4874.185    
    3796.078    
    4242.046    
    4096.596    
    4170.576    
    5499.361    
    5768.338    
    6312.589    
    6385.278    
    6758.993    
    6993.929    
    6873.949    
    6857.898    
    7088.432    
    7165.199    
    7637.503    
    7479.192    
    7555.889    
    7497.354    
    7819.461    
    8111.421    
    8200.737    
    8128.913    
    8551.062    
    8738.837    
    8197.898    
    8103.337    
    8442.293    
    8076.338    
    8658.168    
    8056.886    
    7804.577    
    8263.469    
    8008.941    
    7859.645    
    7848.470    
    7681.082    
    7429.105    
    7717.908    
    7798.619    
    7652.535    
    7248.775    
