    7782.913    
    7303.595    
    6793.312    
    6714.735    
    6479.153    
    6303.199    
    6363.370    
    6198.125    
    5821.635    
    5725.989    
    5461.632    
    5330.492    
    5578.016    
    5128.136    
    4529.794    
    5386.148    
    6320.185    
    6899.669    
    7031.827    
    6890.093    
    6997.018    
    6646.157    
    6393.672    
    6306.739    
    5658.943    
    4670.411    
    5080.353    
    5765.332    
    5913.229    
    5296.051    
    4125.323    
    4255.920    
    3721.530    
    3805.191    
    4160.426    
    3817.755    
    3393.610    
    3755.035    
    3029.911    
    2041.578    
    1603.054    
    1869.792    
    1847.411    
    1846.361    
    2066.953    
    1991.686    
    1915.062    
    1522.471    
    1717.574    
    1998.235    
    2516.384    
    2946.043    
    2175.297    
    3111.461    
    2869.793    
    3541.658    
    3638.141    
    3622.570    
    3977.126    
    3769.249    
    3437.500    
    2729.320    
    2146.291    
    1959.956    
    2260.288    
    2155.285    
    1852.942    
    1666.417    
    1621.461    
    1386.056    
    1568.888    
    1534.925    
    2008.309    
    2784.644    
    3156.417    
    3281.445    
    2371.990    
    1935.633    
    2141.999    
    2918.004    
    2933.385    
    2634.759    
    2760.550    
    2647.664    
    3010.876    
    3201.686    
    3265.042    
    3058.293    
    2800.218    
    2116.183    
    2133.098    
    2486.553    
    3172.287    
    2080.274    
    2844.734    
    2384.740    
    2008.388    
    2200.908    
    2709.736    
    2426.836    
    2569.482    
    2045.808    
    2321.141    
    2224.937    
    1675.363    
    1460.826    
    1581.326    
    1747.740    
    1218.584    
    1232.960    
    1383.531    
    1321.185    
    1429.937    
    1945.841    
    2398.287    
    2946.588    
    3229.723    
    3168.474    
    3251.696    
    3315.054    
    2663.767    
    1802.487    
    1487.090    
    1372.833    
    1466.410    
    1635.263    
    1503.034    
    1540.064    
    1399.484    
    1149.661    
    1003.158    
    1081.644    
    986.7996    
    1090.201    
    1346.871    
    1185.696    
    1341.112    
    1406.996    
    1373.686    
    1317.051    
    1050.616    
    1022.890    
    1067.896    
    1110.446    
    927.6184    
    1075.970    
    1007.837    
    968.0044    
    1145.742    
    1253.311    
    1494.593    
    1485.277    
    1390.615    
    1534.956    
    1190.200    
    1186.782    
    1269.755    
    1444.489    
    1423.303    
    1622.744    
    1892.463    
    1705.275    
    2275.958    
    1991.209    
    3484.708    
    3563.178    
    4049.306    
    4247.680    
    4207.820    
    4328.404    
    5275.773    
    4712.130    
    5194.122    
    5207.126    
    4426.317    
    4437.193    
    4476.081    
    5005.774    
    5700.087    
    6228.807    
    6730.412    
    6830.786    
    6938.779    
    6926.012    
    7039.106    
    7067.112    
    6883.918    
    6734.066    
    6567.006    
    6279.560    
    6394.166    
    6761.452    
    6505.126    
    6677.964    
    7236.934    
    7282.423    
    7689.595    
    7382.668    
    7072.968    
    6548.095    
    6450.933    
    6038.817    
    6073.077    
    6156.221    
    6235.257    
    6182.374    
    5995.679    
    5960.345    
    5991.144    
    6412.857    
    6490.692    
    6573.094    
    6858.038    
    6689.410    
    6529.723    
    6959.039    
    7254.612    
    7732.486    
    8013.512    
    8049.392    
    8114.841    
    8054.486    
    8033.894    
    8646.230    
    8244.167    
    8468.590    
    8740.431    
    8545.249    
    8077.476    
    7833.461    
    7803.626    
    7882.630    
    7745.840    
    7681.586    
    7496.717    
    7158.448    
    7477.497    
    7628.113    
    7772.535    
    8198.093    
    8156.299    
    8191.977    
    8106.660    
    8121.363    
    7868.670    
    7649.395    
    7719.654    
    7887.071    
    7412.388    
    7617.611    
    7776.933    
    7601.158    
    7815.612    
    7984.983    
    7913.450    
    7539.544    
    7358.686    
    7387.729    
    7378.781    
    7752.316    
    7319.735    
    7239.786    
    6827.038    
    6875.410    
    6631.211    
    6655.887    
    7081.301    
    6699.878    
    6928.400    
    6555.839    
    6688.247    
    6611.063    
    6470.830    
    6533.252    
    6616.097    
    7002.962    
    7191.121    
    7063.835    
    7140.084    
    7161.265    
    7129.993    
    6515.003    
    7029.013    
    6842.642    
    7095.221    
    7219.481    
    7550.508    
    7246.299    
    6747.530    
    6718.312    
    6579.639    
    6189.396    
    6120.215    
    6668.751    
    6723.316    
    6636.730    
    6977.334    
    7466.908    
    7845.203    
    7292.219    
