    2076.206    
    1978.018    
    1954.177    
    1875.386    
    2210.863    
    2560.992    
    2640.261    
    2602.818    
    2873.381    
    3993.944    
    4156.813    
    4972.254    
    3757.092    
    2989.937    
    2777.513    
    2923.500    
    2824.622    
    2344.446    
    2195.500    
    2239.438    
    2467.438    
    3277.423    
    3240.931    
    3855.792    
    3433.497    
    3558.133    
    3363.862    
    2444.519    
    2129.530    
    2832.351    
    2784.497    
    2330.754    
    2859.176    
    2402.126    
    2040.123    
    2095.211    
    1904.571    
    2223.999    
    2152.519    
    2106.312    
    2477.113    
    1824.824    
    1707.780    
    1609.965    
    1668.583    
    1615.542    
    1856.909    
    1498.051    
    1879.822    
    1507.337    
    1762.744    
    1487.647    
    1444.253    
    1394.743    
    1786.029    
    1834.284    
    1634.023    
    1464.243    
    1373.099    
    1534.814    
    1345.214    
    1936.599    
    3097.716    
    3577.395    
    3384.820    
    2661.888    
    3060.095    
    3190.626    
    3337.242    
    3338.494    
    3579.662    
    2835.557    
    2314.708    
    1980.878    
    2003.959    
    1869.792    
    1482.201    
    1533.865    
    1694.508    
    1971.523    
    2005.585    
    1581.105    
    1420.994    
    1196.975    
    991.3804    
    1072.167    
    1441.163    
    1317.220    
    1561.399    
    1587.298    
    1548.679    
    1237.652    
    1014.999    
    1012.848    
    1148.135    
    1410.100    
    1437.209    
    1293.306    
    1019.048    
    1051.905    
    1132.124    
    1218.646    
    1332.620    
    1094.659    
    920.5587    
    940.8734    
    1037.693    
    1102.353    
    1357.534    
    1176.594    
    1054.785    
    1106.867    
    956.4563    
    1370.751    
    1380.938    
    1336.355    
    1385.117    
    1327.956    
    1466.186    
    2068.055    
    2738.459    
    3031.036    
    3272.387    
    3294.969    
    4295.322    
    4428.143    
    5228.355    
    5882.533    
    5122.941    
    5694.021    
    6038.830    
    5821.559    
    5871.238    
    6190.789    
    6623.742    
    6601.647    
    6426.667    
    6444.657    
    6257.690    
    6138.601    
    6679.402    
    7093.890    
    7243.210    
    7330.671    
    7129.756    
    7107.858    
    7071.924    
    6551.190    
    6654.829    
    6326.283    
    6310.442    
    6337.197    
    6724.383    
    6773.513    
    7052.573    
    6770.377    
    6711.830    
    7193.237    
    7138.319    
    6881.990    
    7210.757    
    7827.995    
    7888.408    
    7234.439    
    7257.328    
    6865.292    
    7040.889    
    6837.399    
    6791.272    
    6579.900    
    6965.974    
    7263.450    
    7692.905    
    8033.278    
    8170.903    
    8055.382    
    8048.606    
    8099.020    
    7299.595    
    6757.495    
    6771.294    
    6709.594    
    6942.301    
    6849.558    
    6953.395    
    7310.271    
    7170.606    
    7998.428    
    8074.829    
    7550.875    
    7531.508    
    7514.797    
    7479.059    
    7836.556    
    7926.275    
    7915.485    
    7823.167    
    7274.063    
    6993.592    
    7354.370    
    6932.692    
    6796.320    
    7452.706    
    7209.413    
    7851.667    
    7666.644    
    7626.577    
    7394.492    
    7400.733    
    7235.606    
    6869.424    
    6970.366    
    6906.329    
    6872.555    
    6713.040    
    6895.403    
    6521.758    
    6613.974    
    6816.213    
    7026.177    
    7005.679    
    7716.257    
    7579.765    
    7945.415    
    7964.218    
    7786.979    
    8112.893    
    7708.062    
    7892.569    
    8261.755    
    8761.276    
    8741.233    
    8516.739    
    8485.087    
    8027.685    
    7695.583    
    7841.514    
    7464.812    
    7654.285    
    7767.952    
    7770.024    
    7606.007    
    7364.000    
    7043.934    
    6464.654    
    6156.697    
    5966.744    
    6051.957    
    6208.523    
    6370.604    
    6617.533    
    6535.488    
    7079.269    
    6765.329    
    6641.812    
    6728.882    
    6554.871    
    6693.585    
    6450.439    
    6499.839    
    6375.823    
    6180.323    
    6490.646    
    6636.194    
    6407.951    
    6219.729    
    6503.710    
    5978.279    
    5925.664    
    5615.351    
    5758.759    
    5207.599    
    5265.292    
    5394.824    
    5256.842    
    4264.240    
    3817.338    
    3026.084    
    3363.228    
    3230.998    
    3622.758    
    4091.796    
    4315.657    
    4379.601    
    4552.744    
    4394.798    
    4705.455    
    5511.287    
    5264.075    
    5446.770    
    4233.216    
    3957.585    
    3711.019    
    4910.312    
    4342.409    
    3645.390    
    3769.987    
    3083.334    
    2186.382    
    2019.718    
