    7298.725    
    7127.410    
    6652.152    
    6654.458    
    6484.000    
    6278.958    
    6007.312    
    6085.450    
    6092.914    
    6082.200    
    6207.568    
    5754.270    
    4344.730    
    5006.550    
    3830.780    
    4153.068    
    3966.156    
    3677.908    
    3372.449    
    3241.247    
    3398.897    
    3246.162    
    3320.833    
    3727.527    
    3551.270    
    3129.713    
    3050.362    
    2728.399    
    2903.341    
    3176.929    
    3410.772    
    5412.317    
    5586.019    
    4889.881    
    5135.376    
    3408.389    
    2999.286    
    3062.646    
    2760.848    
    2285.029    
    2238.958    
    2172.747    
    2478.091    
    2470.771    
    2210.661    
    2665.648    
    2939.248    
    3634.147    
    4026.961    
    4737.001    
    5326.541    
    5237.114    
    4881.033    
    5118.154    
    5194.858    
    4455.645    
    5708.905    
    5461.817    
    5491.231    
    4227.116    
    4970.396    
    5556.738    
    5763.956    
    4402.077    
    3796.765    
    3460.387    
    3283.967    
    3333.956    
    3672.923    
    3373.516    
    3112.237    
    2434.896    
    2251.094    
    2049.164    
    1872.404    
    1974.698    
    2013.598    
    1898.203    
    1892.327    
    1814.124    
    1482.460    
    1387.764    
    1522.327    
    1728.313    
    1967.838    
    1767.442    
    1752.329    
    1982.632    
    2129.593    
    2782.181    
    2860.892    
    2463.661    
    2168.895    
    2189.166    
    1915.293    
    1783.879    
    1381.996    
    1388.349    
    1423.861    
    1140.645    
    1220.130    
    1401.418    
    1369.532    
    1368.966    
    1553.213    
    1278.204    
    1459.043    
    1427.235    
    1637.743    
    1595.203    
    1601.576    
    1655.601    
    1571.509    
    1675.998    
    1414.830    
    1186.618    
    897.0137    
    919.3582    
    873.1445    
    1080.562    
    1004.310    
    984.5259    
    1065.886    
    1254.928    
    1405.861    
    1356.086    
    1375.596    
    1160.164    
    1444.251    
    1352.646    
    1557.812    
    1504.412    
    1453.159    
    1109.202    
    1190.073    
    1296.006    
    1334.545    
    1345.683    
    1265.807    
    1115.635    
    1203.977    
    994.8325    
    854.6021    
    920.8105    
    963.3103    
    1040.278    
    1357.915    
    1612.939    
    1941.454    
    1934.858    
    1949.120    
    1846.569    
    1974.710    
    2092.506    
    2450.196    
    2550.648    
    2436.833    
    2315.868    
    2618.774    
    2663.713    
    2896.478    
    2956.936    
    3462.841    
    3502.092    
    3689.202    
    3902.177    
    4212.159    
    5805.188    
    5976.618    
    6155.876    
    6059.024    
    5732.197    
    5186.603    
    3954.378    
    4383.221    
    4296.699    
    4411.715    
    4420.425    
    4699.103    
    4327.187    
    4663.900    
    6064.711    
    6373.865    
    6310.106    
    6400.052    
    6316.698    
    6226.930    
    6220.686    
    6249.608    
    6545.849    
    6691.818    
    6799.299    
    6712.237    
    6815.417    
    6895.010    
    6919.644    
    6844.876    
    6881.812    
    7419.921    
    7605.563    
    7503.738    
    7755.480    
    7682.889    
    7620.822    
    7229.122    
    6967.953    
    6662.850    
    6559.857    
    6928.107    
    7185.032    
    6642.969    
    6571.382    
    6423.458    
    6585.504    
    6604.699    
    6817.609    
    6765.430    
    6616.659    
    6513.498    
    6535.135    
    6733.384    
    6460.177    
    6523.800    
    6498.314    
    6704.903    
    6904.138    
    6771.644    
    6722.181    
    6921.058    
    7136.934    
    7390.518    
    7126.296    
    7045.553    
    7090.949    
    7632.382    
    7882.946    
    7382.071    
    7271.965    
    6915.654    
    6673.102    
    6746.671    
    6873.333    
    6937.784    
    6949.608    
    7262.988    
    7524.367    
    7563.795    
    7310.775    
    7159.109    
    7549.607    
    7953.353    
    7866.701    
    8196.102    
    8086.573    
    7946.955    
    7410.442    
    7936.732    
    7895.418    
    7799.320    
    7981.239    
    8052.349    
    8117.535    
    8473.211    
    8188.434    
    8098.484    
    8290.049    
    8704.615    
    8710.562    
    8479.514    
    8133.001    
    7860.739    
    8023.989    
    7833.147    
    7715.477    
    7992.671    
    8058.577    
    7841.274    
    7775.287    
    7839.287    
    7649.290    
    7691.038    
    7733.542    
    7215.332    
    7268.965    
    7014.534    
    6705.113    
    7029.134    
    7190.776    
    7075.783    
    7003.714    
    7173.627    
    7225.906    
    7447.277    
    7735.691    
    7711.691    
    7355.554    
    7295.007    
    7082.807    
    7089.427    
    7251.890    
