    7846.979    
    7949.499    
    7838.692    
    7889.514    
    7669.809    
    7264.001    
    7000.993    
    6324.857    
    5904.539    
    6044.351    
    6133.207    
    6211.135    
    6307.493    
    6248.874    
    6379.875    
    7111.795    
    7185.781    
    7099.057    
    7217.696    
    7220.393    
    7030.603    
    7025.306    
    6868.644    
    6516.773    
    5937.930    
    6560.840    
    6565.648    
    7016.925    
    6716.631    
    6678.062    
    6931.996    
    7110.967    
    6705.967    
    7203.289    
    6904.739    
    6583.285    
    6523.042    
    6164.674    
    5974.916    
    5145.527    
    4446.568    
    4255.524    
    4332.695    
    4379.112    
    4496.348    
    5731.644    
    5252.612    
    4683.583    
    4797.771    
    6404.562    
    6018.716    
    5421.035    
    6572.206    
    6746.903    
    6995.047    
    7198.561    
    6848.894    
    6858.507    
    6781.891    
    6722.802    
    7286.036    
    6741.342    
    7236.454    
    6961.749    
    6349.407    
    5358.817    
    6169.891    
    5805.205    
    6611.575    
    6887.014    
    6639.960    
    7058.972    
    6819.821    
    6880.987    
    6696.264    
    6411.748    
    6492.296    
    6185.583    
    6296.303    
    5966.616    
    5775.266    
    5329.529    
    5017.326    
    4357.757    
    4150.515    
    3652.032    
    3636.722    
    3614.420    
    3404.549    
    3686.991    
    3906.469    
    3808.708    
    3283.807    
    3106.211    
    2856.201    
    2185.719    
    2099.333    
    1551.178    
    1193.176    
    1232.153    
    1463.891    
    1383.419    
    1429.780    
    1243.574    
    1022.977    
    940.7593    
    987.4692    
    1310.616    
    1132.981    
    1214.219    
    1127.503    
    1043.390    
    1379.312    
    1453.946    
    1397.416    
    1549.861    
    1434.336    
    1120.662    
    1110.068    
    1403.967    
    1330.421    
    1639.321    
    1386.368    
    1969.329    
    1710.475    
    1982.796    
    1788.096    
    1762.764    
    1443.999    
    1174.976    
    1274.153    
    1373.271    
    1302.011    
    1157.990    
    1652.174    
    1799.067    
    1949.291    
    1783.557    
    1568.429    
    1529.818    
    2286.387    
    2552.646    
    2014.783    
    1926.110    
    1415.521    
    1024.455    
    1009.021    
    1008.108    
    966.3797    
    1067.834    
    1091.299    
    1395.396    
    1493.373    
    1932.633    
    2115.203    
    2022.341    
    2054.748    
    1995.597    
    1871.149    
    1533.409    
    1479.895    
    1610.599    
    2146.097    
    2591.534    
    2319.937    
    2155.666    
    2439.184    
    2259.676    
    3230.250    
    3247.347    
    3491.810    
    3000.835    
    2212.569    
    1977.420    
    1900.480    
    1514.695    
    1618.729    
    1439.135    
    1959.027    
    1339.607    
    1497.539    
    1596.528    
    2143.502    
    1877.454    
    1867.068    
    1729.019    
    1844.319    
    2100.105    
    2302.256    
    2812.270    
    2711.015    
    3062.451    
    2826.406    
    3052.252    
    3180.317    
    2948.712    
    2893.503    
    3141.109    
    3531.827    
    3743.621    
    3978.734    
    3565.597    
    3263.306    
    2696.492    
    2773.107    
    2342.706    
    2857.427    
    2914.704    
    2682.312    
    2482.311    
    2407.137    
    2506.464    
    2805.573    
    3266.245    
    3333.875    
    3303.766    
    3769.941    
    3452.120    
    4084.603    
    5054.985    
    5448.597    
    6594.552    
    6623.406    
    5670.803    
    4470.366    
    4432.862    
    4369.385    
    5283.125    
    5634.574    
    5523.605    
    6221.976    
    6097.215    
    6535.155    
    6907.442    
    6756.562    
    6640.324    
    7096.260    
    7155.420    
    7422.641    
    7167.090    
    7190.632    
    6906.621    
    6686.136    
    6932.111    
    6826.804    
    6793.458    
    6958.480    
    7013.553    
    7091.043    
    6666.955    
    6656.589    
    6841.513    
    7341.706    
    7372.095    
    7476.835    
    7578.542    
    7520.611    
    7735.694    
    7846.026    
    8092.630    
    8015.373    
    7896.793    
    7876.636    
    8101.288    
    8197.508    
    8079.502    
    8114.812    
    8330.412    
    8267.825    
    8807.481    
    8786.231    
    8059.141    
    8168.710    
    8068.839    
    8595.803    
    8481.478    
    8043.522    
    7837.926    
    7609.664    
    7658.571    
    7373.733    
    6776.229    
    6698.923    
    6479.359    
    6445.427    
    6366.256    
    6261.770    
    6502.920    
    7292.644    
    7478.219    
    7698.557    
    7639.200    
    7606.601    
    7545.059    
    7705.278    
    7598.555    
    7808.457    
    7768.427    
    7793.911    
    7924.916    
