    3888.812    
    3666.823    
    3687.842    
    3438.570    
    3191.879    
    2557.648    
    2023.960    
    2169.603    
    2213.585    
    2175.624    
    2984.083    
    3073.422    
    2723.056    
    3009.000    
    2940.925    
    2846.568    
    3086.357    
    2905.917    
    3041.815    
    3242.085    
    2510.067    
    1969.835    
    2061.812    
    2116.186    
    2284.749    
    2380.632    
    2006.281    
    2003.773    
    1829.607    
    1924.096    
    1951.091    
    1962.651    
    2044.590    
    1948.082    
    1936.180    
    1592.671    
    1418.907    
    1182.867    
    1213.798    
    1021.535    
    1365.153    
    1388.448    
    1444.199    
    1127.476    
    1217.920    
    1063.086    
    997.8002    
    1399.546    
    1243.582    
    1085.990    
    1034.252    
    1029.985    
    1135.946    
    954.2502    
    1008.774    
    1029.532    
    1322.088    
    1209.169    
    1083.407    
    1154.491    
    1251.766    
    1388.684    
    1117.178    
    1517.143    
    1753.981    
    1602.082    
    1836.376    
    1448.442    
    1511.826    
    1383.956    
    1368.877    
    1558.000    
    1701.092    
    1666.562    
    1903.686    
    1855.904    
    1861.415    
    1789.212    
    2079.813    
    2246.896    
    2459.751    
    3222.504    
    2877.714    
    2758.208    
    2333.607    
    2191.900    
    2679.519    
    2311.250    
    2601.544    
    2575.860    
    3272.291    
    2836.175    
    3196.655    
    2969.828    
    3169.904    
    3582.120    
    3813.237    
    4214.020    
    4198.481    
    4180.285    
    5128.654    
    5613.453    
    6511.064    
    6696.997    
    6883.955    
    7029.092    
    6833.432    
    6826.790    
    7269.419    
    7397.691    
    6936.827    
    6915.643    
    6414.633    
    5487.884    
    4450.122    
    4350.110    
    5260.361    
    5831.351    
    6358.603    
    6537.712    
    6848.028    
    6639.141    
    6522.014    
    6454.820    
    6426.611    
    6050.497    
    6166.521    
    6618.003    
    7143.666    
    7779.055    
    7914.316    
    8165.369    
    8111.270    
    8137.195    
    8038.123    
    7847.487    
    7693.620    
    8054.708    
    8475.736    
    8442.338    
    8018.234    
    7874.526    
    7642.533    
    7703.943    
    7622.215    
    7542.734    
    7206.970    
    7617.438    
    7251.835    
    7279.358    
    6964.583    
    7275.761    
    7378.248    
    7673.578    
    7490.796    
    7190.226    
    7324.590    
    7221.474    
    7134.998    
    6906.160    
    7589.458    
    7827.259    
    8093.901    
    7938.352    
    7829.958    
    7732.523    
    7467.889    
    7096.438    
    7202.574    
    7178.998    
    7090.347    
    7076.395    
    6716.571    
    6191.671    
    6326.834    
    6976.204    
    6622.304    
    6752.340    
    6930.747    
    6941.748    
    7414.086    
    7492.308    
    7281.059    
    7807.100    
    8085.662    
    8033.927    
    8201.765    
    8065.035    
    7717.803    
    7244.683    
    7223.081    
    6698.624    
    7003.129    
    6649.521    
    6753.576    
    6862.104    
    7557.511    
    7890.158    
    8686.186    
    8701.768    
    8225.891    
    7753.964    
    7760.440    
    7797.847    
    7645.877    
    6709.523    
    6557.388    
    6267.506    
    6395.852    
    6275.576    
    6298.872    
    6159.567    
    6003.715    
    5971.473    
    6117.058    
    5905.512    
    6222.303    
    6505.512    
    6559.577    
    6728.406    
    6497.068    
    5986.844    
    6336.443    
    6067.949    
    5295.746    
    6141.806    
    5729.375    
    6371.790    
    6737.812    
    6788.762    
    6744.875    
    6672.003    
    6652.240    
    6756.868    
    7057.007    
    6852.072    
    7345.622    
    7127.983    
    6984.735    
    6595.269    
    6490.962    
    7039.729    
    6779.608    
    7109.936    
    6858.759    
    6567.930    
    5355.773    
    5294.262    
    4417.394    
    5893.742    
    5696.861    
    4496.372    
    4574.968    
    4434.667    
    4292.945    
    4935.276    
    5428.477    
    5766.235    
    4408.027    
    4781.907    
    5643.796    
    5234.426    
    5057.363    
    4311.835    
    3837.799    
    3641.329    
    4005.311    
    3777.572    
    3405.942    
    3342.105    
    3315.460    
    2708.134    
    2103.742    
    1826.227    
    1815.890    
    1396.930    
    1285.589    
    1291.122    
    1357.810    
    1076.191    
    1360.082    
    1428.662    
    1443.512    
    1344.239    
    1427.496    
    1487.728    
    1609.637    
    1532.065    
    1681.715    
    1561.052    
    1486.695    
    1494.123    
    1574.300    
    2239.528    
    2436.038    
    2840.624    
    3527.984    
    3608.024    
    3459.720    
    3297.043    
