    2176.414    
    2199.533    
    2983.003    
    3122.029    
    3070.214    
    3244.354    
    3285.343    
    3776.680    
    4153.404    
    3518.830    
    3362.811    
    2760.247    
    2866.919    
    2502.270    
    2098.042    
    1485.285    
    1846.901    
    2292.994    
    1858.095    
    1981.047    
    1567.885    
    1957.109    
    2785.030    
    3152.255    
    3225.285    
    2818.395    
    2752.216    
    2857.596    
    3190.919    
    3328.296    
    3065.503    
    3146.604    
    2864.194    
    2436.008    
    2041.677    
    2313.196    
    2125.065    
    1951.594    
    2440.740    
    2326.688    
    2570.729    
    1995.258    
    1648.738    
    1823.570    
    1870.203    
    1625.896    
    1768.014    
    1442.107    
    1850.009    
    1478.632    
    1722.334    
    1947.786    
    1999.110    
    1694.221    
    1919.856    
    1380.415    
    1174.530    
    1005.159    
    996.2443    
    1106.604    
    1428.950    
    1593.762    
    1623.112    
    2082.908    
    1964.263    
    2228.758    
    2019.241    
    1866.737    
    1608.250    
    1534.958    
    1481.201    
    1296.217    
    1239.351    
    1090.270    
    1279.507    
    1375.187    
    1331.125    
    1016.942    
    904.5093    
    937.5188    
    1050.279    
    1072.335    
    1237.657    
    1395.492    
    1455.304    
    1461.402    
    1386.014    
    1443.249    
    1366.326    
    1093.057    
    1024.728    
    1313.278    
    1417.074    
    1537.672    
    1436.420    
    1393.068    
    1193.350    
    1207.972    
    1126.517    
    1000.138    
    888.2543    
    963.4408    
    1192.097    
    1367.154    
    1499.812    
    1622.980    
    1908.574    
    2179.619    
    2193.536    
    2662.733    
    2248.920    
    2060.610    
    1715.761    
    2111.668    
    2841.083    
    2483.854    
    3005.112    
    2727.267    
    3014.763    
    3791.416    
    4367.672    
    5654.894    
    5756.273    
    5316.501    
    6327.167    
    6255.265    
    6526.886    
    6586.881    
    6773.393    
    6726.292    
    6202.471    
    5492.149    
    6177.345    
    6676.940    
    6906.388    
    7483.158    
    7722.485    
    7870.401    
    7941.492    
    7756.580    
    8048.865    
    7684.727    
    7921.972    
    8130.405    
    8140.634    
    7977.026    
    7917.540    
    7536.080    
    7361.608    
    6888.177    
    6851.560    
    6599.831    
    6194.535    
    5264.847    
    5611.707    
    5179.597    
    5119.874    
    4486.252    
    4530.658    
    5480.061    
    6758.297    
    6821.524    
    6833.339    
    6564.338    
    6545.101    
    6624.797    
    7216.573    
    7731.040    
    7783.832    
    7667.505    
    7253.414    
    7132.127    
    7118.969    
    7049.830    
    7068.869    
    7108.463    
    7231.442    
    7090.098    
    7279.486    
    6925.288    
    6445.632    
    6341.870    
    6032.529    
    6144.800    
    6512.041    
    6701.112    
    6294.875    
    6652.489    
    6482.712    
    6362.122    
    6635.631    
    7159.732    
    7167.317    
    7424.170    
    7213.315    
    7601.987    
    7995.377    
    7877.112    
    7826.509    
    8666.885    
    8278.742    
    8692.769    
    8098.372    
    8029.555    
    8048.335    
    7789.142    
    7831.255    
    7750.820    
    7409.391    
    6950.021    
    6590.254    
    6470.650    
    6921.330    
    6872.602    
    6825.837    
    7354.507    
    6981.928    
    6918.114    
    6864.617    
    6764.249    
    6706.509    
    6958.102    
    7033.113    
    7197.788    
    7565.291    
    7809.791    
    8068.239    
    8172.428    
    8507.599    
    8530.311    
    8092.408    
    7856.781    
    7840.216    
    7449.111    
    7643.066    
    7502.396    
    7553.489    
    6994.569    
    7179.709    
    6777.025    
    6721.685    
    7009.495    
    7617.791    
    7320.466    
    7301.680    
    7149.506    
    7221.999    
    7090.585    
    6700.023    
    6685.213    
    6409.030    
    6422.322    
    5974.708    
    5990.374    
    6307.966    
    6267.803    
    6388.423    
    6547.869    
    6791.593    
    6743.768    
    7028.104    
    6618.784    
    6208.599    
    5918.353    
    5366.856    
    6522.924    
    6573.214    
    5652.776    
    5329.948    
    5784.696    
    4937.086    
    5228.852    
    5772.556    
    6054.667    
    6019.462    
    6492.116    
    6224.732    
    4449.225    
    4730.388    
    4273.926    
    4316.161    
    3631.182    
    3661.151    
    3861.764    
    3873.161    
    4341.668    
    4411.154    
    4590.762    
    3759.893    
    3457.798    
    3235.940    
    3424.201    
    3620.998    
    4071.117    
    4116.501    
    4018.995    
    3612.618    
    3308.113    
    2675.806    
    2395.795    
