2137.59
2415.25
2388.33
1941.41
1592.74
1606.04
1895.25
2086.18
1964.31
2007.12
1688.32
1669.13
1966.29
1487.34
1967.28
1973.44
1846.9
1816.47
1448.49
1410.33
1439.05
1410.42
1396.1
1484.46
1288.11
1447.05
1562.65
1593.6
1856.43
2135.27
1195.37
1050.98
1038.07
1115.78
1125.16
1098.29
1070.06
997.5
1024.55
1058.14
1008.64
1050.04
1105.06
1169.57
1321.26
1386.31
1570.2
1425.16
1653.95
1518.55
1879.87
1500.1
1470.53
1221.11
1321.26
1386.25
1406.59
1433.11
1333.71
1235.3
1535.65
1416.09
1787.25
1564.47
1435.88
1865.11
1833.57
1529.65
1974.69
1982.93
2025.58
2092.0
2141.77
2795.3
2584.21
2686.52
2542.69
2458.65
2310.15
2189.77
2722.95
2721.78
2883.21
2908.24
3229.6
3097.92
3190.12
3271.99
3294.08
4002.88
4326.76
4550.53
4366.59
4351.63
4286.46
4129.54
4290.59
3784.23
3369.14
3774.81
3245.26
3266.62
3078.91
2969.83
2825.89
2305.64
1945.82
1992.46
1395.79
1363.32
1201.92
1125.06
1080.37
1253.61
1809.54
2088.95
2143.52
2194.84
2432.89
2612.89
2329.44
2829.02
2852.93
2976.85
2835.11
3005.01
3079.99
3186.77
3290.68
3315.26
3682.73
3865.83
3597.92
3617.29
3547.35
3593.41
3455.24
3426.45
3626.88
3830.49
4111.99
4215.21
4260.41
4341.74
4397.08
4715.64
4938.61
5062.44
5110.86
5219.08
5783.15
5572.09
5300.24
5298.72
5930.17
6061.8
6206.24
6710.4
6446.31
6693.83
6749.28
6646.55
6742.89
6734.99
6672.69
6623.01
6979.81
6642.27
6607.13
6554.04
6839.59
6872.97
7009.56
7060.6
7197.5
7341.65
7276.63
7489.2
7677.73
7670.37
7404.61
7227.96
7532.9
7198.85
7213.44
7152.88
7170.7
7137.03
7086.86
7222.08
7268.06
7312.85
7252.4
7575.15
7573.26
7816.44
8001.57
8069.81
8059.65
7736.07
7630.71
7093.42
6964.01
6661.44
6701.36
6894.23
7331.73
7918.53
8084.88
8035.2
8043.71
8256.28
8098.16
8144.02
7866.52
7703.1
7993.09
7838.22
7840.31
7773.92
7739.86
7832.22
7500.79
7773.31
7641.77
7742.53
7458.99
7927.49
7877.19
8516.02
8724.13
8465.77
8738.72
8144.16
7906.6
8039.45
7830.35
7630.26
7380.32
7227.45
7136.1
7035.76
6785.94
6318.61
6514.72
6508.21
6586.01
6495.15
6729.53
6543.39
6712.21
6890.94
6923.6
6861.31
7046.57
7083.49
6742.97
6833.42
6721.08
6470.74
6593.8
6529.99
6245.18
6814.76
6826.61
6588.28
7245.13
6526.62
6947.06
7106.01
7041.27
6919.59
6627.43
6335.56
6369.28
6923.41
6763.38
6864.87
6398.77
5715.92
5457.82
5672.7
6209.71
6312.03
5989.27
5944.87
5860.99
6015.3
6223.37
5984.26
6165.35
6304.53
6181.06
5799.24
5228.84
5408.52
5308.52
6430.58
6407.52
6197.84
