1433.11
1688.32
1500.1
1447.05
1487.34
1570.2
1856.43
1945.82
1895.25
1562.65
1396.1
1406.59
1416.09
1321.26
1448.49
1410.42
1435.88
1529.65
1386.31
1386.25
1235.3
1105.06
1008.64
1050.98
997.5
1038.07
1115.78
1195.37
1288.11
1333.71
1321.26
1518.55
1395.79
1470.53
1439.05
1535.65
1410.33
1253.61
1221.11
1169.57
1125.06
1024.55
1058.14
1080.37
1098.29
1050.04
1070.06
1125.16
1201.92
1787.25
2388.33
1879.87
1564.47
1484.46
1967.28
1653.95
1941.41
1846.9
1865.11
1606.04
1973.44
2086.18
2141.77
1592.74
1816.47
2722.95
2007.12
2135.27
2088.95
1992.46
1669.13
1809.54
1966.29
2137.59
2143.52
1982.93
2310.15
1833.57
1425.16
1363.32
1593.6
1964.31
1974.69
2025.58
2908.24
2189.77
2795.3
2969.83
3190.12
3097.92
3229.6
2835.11
2976.85
3005.01
2829.02
3079.99
3271.99
3078.91
3186.77
2852.93
2415.25
2584.21
2329.44
2825.89
2542.69
2721.78
2305.64
2194.84
2432.89
2092.0
2686.52
2458.65
2612.89
2883.21
3266.62
3593.41
3245.26
3682.73
3626.88
3784.23
3597.92
3774.81
3830.49
4129.54
4290.59
4286.46
4215.21
4260.41
4326.76
4397.08
4715.64
4938.61
4550.53
4341.74
4002.88
3617.29
3294.08
3426.45
3290.68
3369.14
3315.26
3455.24
3547.35
4111.99
3865.83
4351.63
4366.59
5062.44
5110.86
5219.08
5298.72
5228.84
5300.24
5308.52
5408.52
5572.09
5715.92
5860.99
5783.15
5457.82
6061.8
5989.27
6015.3
6223.37
6197.84
6430.58
6593.8
6607.13
6586.01
6554.04
6627.43
6785.94
6919.59
6947.06
7060.6
7086.86
7198.85
7227.45
7575.15
7918.53
7830.35
7993.09
8039.45
7906.6
7877.19
7331.73
7832.22
7927.49
7840.31
8069.81
8256.28
7677.73
7489.2
7573.26
7252.4
7458.99
7380.32
7739.86
7736.07
7641.77
7630.26
7276.63
7245.13
7093.42
7136.1
7197.5
7227.96
7312.85
7670.37
7816.44
8001.57
8059.65
8043.71
7838.22
7773.92
7404.61
7630.71
8144.16
8035.2
7532.9
7222.08
7268.06
7213.44
7341.65
7137.03
7041.27
6964.01
7083.49
7046.57
7742.53
7152.88
7703.1
7773.31
8084.88
8144.02
8724.13
8738.72
8516.02
8465.77
8098.16
7866.52
7500.79
6833.42
6495.15
6165.35
6206.24
5944.87
5930.17
6304.53
6318.61
6470.74
6864.87
6923.6
6890.94
7035.76
6979.81
6335.56
6701.36
6661.44
6508.21
6721.08
6672.69
6763.38
6543.39
6588.28
6861.31
6894.23
7009.56
7106.01
7170.7
6923.41
6742.89
6529.99
5799.24
6398.77
6407.52
6642.27
6526.62
6514.72
6446.31
6623.01
6710.4
6729.53
6839.59
6826.61
6872.97
6734.99
6646.55
6749.28
6369.28
6814.76
6742.97
6712.21
6693.83
6245.18
5984.26
6181.06
6209.71
6312.03
5672.7
