3190.12
2829.02
1535.65
1982.93
2432.89
2141.77
1606.04
1484.46
1433.11
1195.37
1058.14
1410.42
1447.05
1425.16
1688.32
1593.6
1562.65
1416.09
1410.33
1253.61
1321.26
1125.16
1201.92
1080.37
1070.06
1333.71
1169.57
1288.11
1321.26
1235.3
1050.04
1386.25
1439.05
1518.55
1406.59
1395.79
1396.1
1125.06
1363.32
1024.55
1008.64
997.5
1050.98
1105.06
1098.29
1038.07
1115.78
1221.11
1386.31
1570.2
1856.43
1879.87
2189.77
1895.25
1974.69
2415.25
2137.59
1865.11
1846.9
1833.57
1967.28
2088.95
2194.84
2086.18
2007.12
2135.27
1941.41
1470.53
1435.88
1669.13
1816.47
2310.15
2686.52
2143.52
2835.11
2025.58
1809.54
2542.69
2092.0
1964.31
1966.29
2305.64
2458.65
2852.93
2883.21
2722.95
3294.08
2329.44
2584.21
2795.3
2612.89
2825.89
2908.24
3271.99
3266.62
3079.99
3455.24
3186.77
2721.78
1973.44
1500.1
1592.74
1448.49
1564.47
1529.65
1787.25
1653.95
1487.34
1945.82
1992.46
2388.33
2976.85
3290.68
3784.23
3593.41
3426.45
3245.26
3078.91
3005.01
3369.14
3229.6
2969.83
3315.26
3617.29
3774.81
3626.88
3097.92
3547.35
4111.99
4290.59
4397.08
4351.63
4286.46
4129.54
4002.88
3830.49
3597.92
3682.73
3865.83
4215.21
4260.41
4326.76
4341.74
4366.59
4715.64
5062.44
5228.84
5219.08
4550.53
4938.61
5298.72
5110.86
5408.52
5300.24
5457.82
5930.17
6061.8
6407.52
6508.21
6495.15
6923.6
6964.01
6693.83
6864.87
6661.44
6710.4
6814.76
6209.71
6588.28
6197.84
6223.37
6763.38
6833.42
6861.31
7198.85
7252.4
7630.71
7838.22
7489.2
8039.45
7830.35
7736.07
7927.49
8059.65
7832.22
7877.19
7742.53
8098.16
8001.57
7773.92
7918.53
7703.1
7630.26
7816.44
7197.5
7641.77
7222.08
7268.06
7276.63
7458.99
7136.1
7152.88
7035.76
6947.06
7041.27
7083.49
7060.6
7170.7
7227.96
7573.26
7670.37
7840.31
7677.73
8035.2
7906.6
7993.09
8069.81
8043.71
8144.02
8144.16
8738.72
8516.02
8724.13
8465.77
8256.28
8084.88
7404.61
7773.31
7245.13
7500.79
7312.85
7331.73
7341.65
7575.15
7532.9
7739.86
7866.52
7380.32
7227.45
7106.01
7213.44
7086.86
6979.81
6335.56
6369.28
6514.72
6672.69
5799.24
5572.09
5308.52
5672.7
6206.24
6721.08
6785.94
6712.21
6312.03
6593.8
6642.27
6607.13
6586.01
6742.97
6894.23
6742.89
6646.55
6554.04
6729.53
6749.28
6919.59
6734.99
6446.31
6318.61
6245.18
6543.39
6430.58
6304.53
6529.99
6181.06
6398.77
6165.35
5989.27
6526.62
6627.43
5944.87
6701.36
6623.01
5984.26
5860.99
5783.15
5715.92
6015.3
6470.74
6923.41
7093.42
6839.59
6890.94
6826.61
6872.97
7137.03
7009.56
7046.57
