1487.34
1846.9
1966.29
2137.59
1945.82
1879.87
2143.52
2025.58
1448.49
1982.93
1396.1
1098.29
1410.33
1593.6
1592.74
1787.25
1484.46
1439.05
1410.42
1333.71
1105.06
1201.92
1070.06
1221.11
1386.25
1500.1
1895.25
1363.32
1433.11
1535.65
1809.54
1606.04
1395.79
1529.65
1321.26
1253.61
1169.57
1058.14
1008.64
1038.07
1024.55
997.5
1050.98
1050.04
1080.37
1125.06
1195.37
1235.3
1416.09
1688.32
1816.47
1669.13
1833.57
1125.16
1856.43
1562.65
1435.88
1321.26
1386.31
1115.78
1564.47
1425.16
1406.59
1470.53
1288.11
1518.55
1964.31
1967.28
1447.05
1653.95
1570.2
1941.41
2189.77
2329.44
2721.78
2835.11
3079.99
2825.89
2612.89
2686.52
2584.21
2976.85
2969.83
3097.92
3626.88
4002.88
3593.41
3682.73
3830.49
4260.41
4129.54
3784.23
4215.21
4290.59
4326.76
3455.24
4111.99
3005.01
2415.25
2722.95
2092.0
2388.33
2542.69
3078.91
2795.3
2829.02
2305.64
2135.27
1974.69
1973.44
1865.11
2088.95
2007.12
1992.46
2141.77
2194.84
2086.18
2458.65
2908.24
2310.15
2883.21
2432.89
2852.93
3315.26
3186.77
3617.29
3774.81
3369.14
3190.12
3229.6
3294.08
3290.68
3245.26
3271.99
3266.62
3426.45
3865.83
3597.92
3547.35
4286.46
4351.63
4341.74
4366.59
4397.08
4550.53
4715.64
5062.44
4938.61
5219.08
5228.84
5408.52
5457.82
5298.72
5672.7
5930.17
6245.18
6514.72
6642.27
6623.01
6742.89
6701.36
6508.21
6710.4
6543.39
6588.28
6826.61
6839.59
6593.8
5989.27
6318.61
6554.04
6627.43
6646.55
6672.69
6923.41
6661.44
6890.94
7136.1
7213.44
7245.13
7573.26
7830.35
7877.19
8035.2
7773.92
7630.26
7500.79
7227.96
7152.88
7086.86
7575.15
7312.85
7736.07
7993.09
7380.32
7630.71
7532.9
7489.2
7222.08
7276.63
7227.45
7170.7
6979.81
6894.23
6864.87
7041.27
7197.5
7341.65
7773.31
7838.22
8043.71
8084.88
8144.02
8144.16
8256.28
8465.77
8738.72
8724.13
8516.02
8098.16
7742.53
7404.61
7677.73
7918.53
8039.45
8001.57
7458.99
8059.65
7268.06
7927.49
7641.77
7840.31
7866.52
7906.6
7832.22
7739.86
7670.37
7703.1
7816.44
7252.4
8069.81
7331.73
7198.85
7009.56
6742.97
6833.42
6693.83
6369.28
6206.24
6304.53
6495.15
6749.28
6861.31
6712.21
6872.97
6814.76
7046.57
6947.06
7093.42
7083.49
7106.01
7137.03
7060.6
7035.76
6923.6
6919.59
6964.01
6785.94
6763.38
6734.99
6586.01
6526.62
6446.31
6398.77
5984.26
6335.56
6223.37
5860.99
5783.15
5308.52
5572.09
5715.92
6061.8
5944.87
6407.52
6312.03
5300.24
6015.3
5799.24
6197.84
6430.58
6729.53
6529.99
6470.74
6181.06
6165.35
6209.71
6721.08
6607.13
5110.86
