1846.9
2088.95
2007.12
1833.57
1410.42
1425.16
1535.65
1992.46
1879.87
1982.93
2432.89
2305.64
2329.44
2310.15
2092.0
1967.28
1964.31
2025.58
1973.44
2135.27
2086.18
1564.47
1653.95
1433.11
1321.26
1435.88
1447.05
1406.59
1448.49
1669.13
1098.29
1169.57
1125.16
1201.92
1592.74
1518.55
1195.37
997.5
1050.04
1050.98
1125.06
1070.06
1321.26
1105.06
1080.37
1058.14
1024.55
1008.64
1038.07
1115.78
1253.61
1363.32
1333.71
1221.11
1386.25
1395.79
1396.1
1235.3
1288.11
1416.09
1439.05
1688.32
1895.25
1945.82
1809.54
1606.04
1593.6
1570.2
1816.47
1562.65
1487.34
1787.25
1865.11
2458.65
2189.77
2388.33
2686.52
2542.69
2612.89
2795.3
2852.93
3078.91
3245.26
3266.62
2908.24
3774.81
3290.68
3369.14
3455.24
3617.29
3626.88
3597.92
4290.59
4326.76
3682.73
4286.46
3784.23
3593.41
3294.08
3097.92
3005.01
2883.21
2835.11
2584.21
2722.95
2415.25
2137.59
2194.84
1974.69
1856.43
1484.46
1410.33
1386.31
1529.65
1966.29
2141.77
1941.41
1470.53
1500.1
2143.52
2825.89
2829.02
2721.78
2969.83
2976.85
3079.99
3190.12
3186.77
3229.6
3271.99
3315.26
3547.35
3830.49
3426.45
4215.21
4260.41
4002.88
4111.99
4341.74
3865.83
4715.64
4129.54
4351.63
4397.08
4550.53
4366.59
4938.61
5062.44
5110.86
5298.72
5300.24
5219.08
5228.84
5308.52
5715.92
6197.84
6470.74
6623.01
6861.31
6923.6
6814.76
7060.6
6661.44
6763.38
6742.89
6923.41
6872.97
6642.27
6495.15
5944.87
6398.77
6407.52
6672.69
6729.53
6919.59
6947.06
7046.57
7198.85
7227.45
7641.77
7106.01
7630.71
7703.1
7830.35
7458.99
7213.44
7083.49
7137.03
6833.42
6826.61
6721.08
6890.94
7035.76
7170.7
7227.96
7532.9
7380.32
7500.79
7773.92
7816.44
7840.31
8069.81
7773.31
7739.86
7736.07
7341.65
7993.09
7331.73
7312.85
7197.5
7276.63
7630.26
7918.53
8256.28
8738.72
8724.13
8516.02
8098.16
8001.57
7742.53
8035.2
7866.52
7877.19
8039.45
7677.73
7670.37
7575.15
7832.22
8043.71
8144.02
7838.22
7927.49
8084.88
8059.65
8144.16
8465.77
7906.6
7573.26
7245.13
7136.1
7222.08
7041.27
6864.87
6529.99
6712.21
6508.21
6526.62
6061.8
5799.24
5783.15
5860.99
6245.18
6543.39
6839.59
7009.56
6742.97
6734.99
6894.23
6593.8
6979.81
7093.42
7268.06
7404.61
7489.2
7252.4
7152.88
7086.86
6785.94
6749.28
6701.36
6514.72
6554.04
6646.55
6586.01
6710.4
6607.13
6588.28
6446.31
6206.24
6209.71
6335.56
6693.83
6369.28
6964.01
6312.03
6304.53
5572.09
5408.52
6165.35
5457.82
6181.06
6627.43
6318.61
6430.58
5989.27
6015.3
5930.17
5984.26
6223.37
5672.7
