1470.53
2092.0
2007.12
1982.93
1879.87
1448.49
1535.65
1592.74
1416.09
1386.31
1195.37
1396.1
1425.16
2025.58
1688.32
1653.95
1564.47
1846.9
1435.88
1321.26
1363.32
1235.3
1395.79
1321.26
1221.11
1410.33
1809.54
1974.69
1992.46
1966.29
1669.13
1787.25
1895.25
1439.05
1201.92
1386.25
1058.14
1080.37
1024.55
997.5
1008.64
1050.04
1169.57
1253.61
1125.16
1050.98
1070.06
1038.07
1098.29
1105.06
1115.78
1125.06
1333.71
1288.11
1606.04
1487.34
1529.65
1406.59
1562.65
1447.05
1570.2
1593.6
1833.57
1484.46
1964.31
2310.15
1433.11
2086.18
1941.41
1967.28
2135.27
2432.89
2969.83
3294.08
3617.29
3097.92
3245.26
2829.02
2976.85
2388.33
2141.77
2584.21
2542.69
3186.77
3597.92
3455.24
3315.26
3005.01
3190.12
3229.6
3078.91
2143.52
2825.89
2795.3
3369.14
3271.99
3547.35
3266.62
2852.93
2883.21
2686.52
2908.24
2612.89
2415.25
1973.44
2835.11
1518.55
1500.1
1816.47
1410.42
1865.11
1856.43
2088.95
2189.77
1945.82
2722.95
2305.64
2137.59
2329.44
2458.65
2194.84
2721.78
3079.99
3290.68
3593.41
3426.45
3626.88
3774.81
3682.73
3784.23
3830.49
3865.83
4290.59
4002.88
4260.41
4341.74
4215.21
4351.63
4129.54
4111.99
4286.46
4326.76
4366.59
4550.53
4397.08
4938.61
4715.64
5062.44
5110.86
5219.08
5228.84
5298.72
5408.52
5715.92
6197.84
6335.56
6495.15
6586.01
6672.69
6627.43
6710.4
6607.13
6861.31
7086.86
7227.96
7227.45
7670.37
6979.81
6864.87
6894.23
6785.94
6814.76
6742.97
6923.41
7035.76
7404.61
7137.03
7458.99
7575.15
7677.73
7918.53
7736.07
7816.44
7739.86
7380.32
6763.38
6661.44
6529.99
6514.72
6693.83
7009.56
7197.5
7213.44
7630.26
7838.22
7641.77
7830.35
7773.92
7630.71
7866.52
7276.63
7252.4
6923.6
6701.36
6839.59
7222.08
7331.73
7500.79
7703.1
7773.31
8043.71
8059.65
8144.16
8084.88
8465.77
8256.28
8516.02
8738.72
8039.45
8144.02
8069.81
8724.13
7993.09
8098.16
7927.49
7832.22
7742.53
7532.9
7312.85
7152.88
7268.06
7840.31
8035.2
8001.57
7877.19
7906.6
7245.13
7573.26
7489.2
7093.42
6872.97
6729.53
6554.04
6470.74
6245.18
6369.28
6318.61
5984.26
5989.27
5930.17
6015.3
6304.53
6407.52
6206.24
6430.58
6209.71
6508.21
6543.39
6646.55
6623.01
6890.94
6833.42
7046.57
7170.7
7198.85
7341.65
7060.6
7106.01
7136.1
7083.49
6947.06
6919.59
6742.89
6593.8
6734.99
6826.61
6642.27
6526.62
6061.8
6165.35
6223.37
5672.7
5860.99
5308.52
5944.87
5799.24
5572.09
5300.24
5457.82
6446.31
6712.21
7041.27
6398.77
6181.06
6312.03
6749.28
6964.01
6721.08
6588.28
5783.15
