1856.43
2976.85
1974.69
1865.11
1564.47
1688.32
1592.74
1470.53
1529.65
1447.05
1410.33
1386.25
1535.65
1487.34
1416.09
1435.88
1386.31
1433.11
1406.59
1321.26
1333.71
1253.61
1098.29
1221.11
1235.3
1410.42
1500.1
1425.16
1396.1
1363.32
1201.92
1105.06
1169.57
1125.16
1058.14
1050.98
1038.07
997.5
1050.04
1321.26
1070.06
1125.06
1024.55
1008.64
1080.37
1288.11
1195.37
1115.78
1395.79
1606.04
1973.44
2305.64
2612.89
2194.84
2415.25
2542.69
2310.15
1992.46
1895.25
1593.6
1787.25
1484.46
1439.05
1518.55
1448.49
1653.95
1846.9
1562.65
1809.54
1964.31
1570.2
2135.27
2092.0
2388.33
1982.93
2025.58
2086.18
2458.65
2825.89
2137.59
1967.28
1816.47
1669.13
1833.57
2141.77
2432.89
2795.3
3005.01
3271.99
3593.41
3682.73
3290.68
3315.26
2908.24
2721.78
2835.11
3097.92
3229.6
3190.12
2969.83
2686.52
2722.95
2584.21
3078.91
2829.02
3186.77
2143.52
2088.95
1941.41
1966.29
1945.82
2007.12
1879.87
2189.77
2329.44
2852.93
2883.21
3245.26
3079.99
3626.88
3426.45
3597.92
3617.29
3547.35
3455.24
3266.62
3294.08
3369.14
3774.81
4002.88
4286.46
4366.59
4215.21
4111.99
3865.83
3830.49
3784.23
4129.54
4260.41
4326.76
4290.59
4341.74
4351.63
4397.08
4550.53
4715.64
4938.61
5062.44
5715.92
5799.24
6209.71
6197.84
5672.7
5457.82
6318.61
6407.52
6526.62
6734.99
6742.97
5930.17
6430.58
5989.27
5944.87
5783.15
5308.52
6181.06
6554.04
5219.08
6015.3
5408.52
6245.18
5300.24
5984.26
6061.8
6312.03
6833.42
6712.21
7137.03
7197.5
7341.65
7213.44
7312.85
7739.86
7677.73
7736.07
7927.49
8001.57
8084.88
8059.65
8043.71
8035.2
7866.52
7906.6
7918.53
8039.45
8069.81
8144.16
8256.28
7832.22
7838.22
7630.71
7641.77
7276.63
6923.41
6864.87
7060.6
7227.96
7703.1
7404.61
7532.9
7380.32
7670.37
7773.92
7993.09
8098.16
8144.02
8738.72
8724.13
8465.77
8516.02
7840.31
7573.26
7083.49
7035.76
6710.4
6529.99
6588.28
6839.59
7086.86
7170.7
7198.85
7227.45
7268.06
7575.15
7458.99
7773.31
7830.35
7816.44
7877.19
7742.53
7630.26
7245.13
7093.42
6508.21
6979.81
6964.01
7041.27
6749.28
6623.01
6543.39
6826.61
7222.08
7489.2
7331.73
7252.4
6814.76
6495.15
6701.36
7106.01
6593.8
7500.79
6785.94
6721.08
6890.94
7046.57
6861.31
7136.1
6919.59
6742.89
6894.23
6607.13
6672.69
6661.44
6514.72
6398.77
6729.53
6693.83
6165.35
5860.99
5298.72
6223.37
6646.55
7152.88
7009.56
6627.43
6369.28
5228.84
5572.09
6206.24
5110.86
6470.74
6872.97
6446.31
6586.01
6763.38
6335.56
6642.27
6947.06
6923.6
6304.53
