1982.93
1992.46
1865.11
2086.18
2329.44
1846.9
1570.2
1669.13
1833.57
1653.95
1484.46
2305.64
1966.29
2415.25
2194.84
1964.31
1396.1
1592.74
1433.11
1253.61
1235.3
1321.26
1406.59
1787.25
1973.44
1895.25
2092.0
1535.65
1448.49
1386.31
1425.16
1410.42
1564.47
1518.55
1435.88
1439.05
1386.25
1195.37
1098.29
1038.07
1024.55
1050.04
997.5
1008.64
1058.14
1080.37
1070.06
1050.98
1115.78
1363.32
1333.71
1169.57
1221.11
1105.06
1395.79
1562.65
1593.6
1410.33
1500.1
1447.05
1809.54
1470.53
1529.65
1416.09
1125.06
1321.26
1125.16
1288.11
1201.92
1487.34
1606.04
1941.41
1856.43
1879.87
2143.52
2189.77
2310.15
2795.3
2722.95
2721.78
2829.02
3005.01
3078.91
3266.62
3190.12
3315.26
3229.6
3271.99
3294.08
3617.29
3774.81
4111.99
3784.23
3682.73
3547.35
3369.14
3290.68
3097.92
2969.83
2835.11
2612.89
2432.89
2825.89
2883.21
2908.24
3079.99
2542.69
2007.12
1945.82
1688.32
1816.47
1967.28
2141.77
2686.52
2584.21
2388.33
2135.27
2137.59
1974.69
2025.58
2088.95
2458.65
2852.93
2976.85
3186.77
3245.26
3426.45
3455.24
3626.88
3830.49
3865.83
4260.41
4397.08
3597.92
4002.88
5408.52
5219.08
5298.72
4290.59
4351.63
4326.76
3593.41
4215.21
4129.54
4286.46
4366.59
5300.24
4938.61
5110.86
4341.74
4550.53
5062.44
4715.64
5228.84
5308.52
5457.82
5783.15
6312.03
6693.83
6964.01
6947.06
6872.97
6894.23
6826.61
6701.36
6627.43
6672.69
6470.74
6209.71
6181.06
6197.84
6529.99
6623.01
6607.13
6514.72
6721.08
6763.38
6712.21
6742.97
7106.01
7227.45
7046.57
7458.99
7276.63
7152.88
7136.1
7198.85
7268.06
7227.96
7197.5
7630.71
7739.86
7736.07
7877.19
7773.92
7993.09
7832.22
8144.02
8098.16
8516.02
7866.52
7840.31
8043.71
7573.26
7670.37
7575.15
7816.44
7838.22
7703.1
7677.73
7742.53
7906.6
8001.57
8144.16
8465.77
8084.88
8724.13
8738.72
8256.28
8035.2
7918.53
8059.65
8039.45
7927.49
8069.81
7532.9
7341.65
7222.08
7500.79
7830.35
7630.26
6919.59
7083.49
7773.31
7641.77
7312.85
7213.44
7245.13
7380.32
7252.4
6729.53
6839.59
6642.27
6430.58
6586.01
6508.21
6588.28
6369.28
6245.18
6061.8
6398.77
6554.04
6543.39
6446.31
6742.89
6661.44
6710.4
6749.28
7137.03
6526.62
7060.6
6979.81
6814.76
6923.6
7086.86
7331.73
7489.2
7404.61
6785.94
7170.7
6861.31
7009.56
6833.42
6864.87
6923.41
7041.27
6734.99
7093.42
7035.76
6646.55
6890.94
6593.8
6318.61
6223.37
6304.53
6495.15
5799.24
5984.26
5930.17
5572.09
5672.7
6165.35
5944.87
5989.27
5715.92
6015.3
6407.52
6335.56
6206.24
5860.99
