2310.15
2135.27
1982.93
2143.52
2141.77
2088.95
2092.0
1895.25
1562.65
1518.55
1416.09
1410.33
1447.05
1856.43
1846.9
1570.2
1470.53
1487.34
1500.1
1535.65
1653.95
1941.41
1606.04
1833.57
1879.87
1688.32
1448.49
1386.25
1253.61
1125.06
1105.06
1169.57
1050.98
1070.06
1321.26
1395.79
1425.16
1195.37
1363.32
1058.14
1098.29
1080.37
1115.78
1024.55
1201.92
1125.16
1221.11
1050.04
997.5
1008.64
1235.3
1321.26
1333.71
1038.07
1288.11
1386.31
1410.42
1435.88
1592.74
1484.46
1669.13
1529.65
1593.6
1865.11
1787.25
2137.59
1967.28
1809.54
2007.12
1992.46
1974.69
2194.84
2432.89
1945.82
2584.21
1964.31
2329.44
3079.99
3186.77
3190.12
2829.02
2976.85
2458.65
2825.89
3078.91
2721.78
2883.21
2795.3
2835.11
3455.24
2852.93
3097.92
3229.6
3290.68
3005.01
3315.26
3271.99
2612.89
2542.69
2686.52
2305.64
2415.25
2189.77
2025.58
1966.29
1973.44
1406.59
1396.1
1433.11
1439.05
1564.47
1816.47
2086.18
2388.33
2722.95
3426.45
3682.73
3626.88
3617.29
3774.81
4129.54
4111.99
3784.23
3547.35
3369.14
3294.08
3245.26
2969.83
2908.24
3266.62
3597.92
4290.59
4215.21
3830.49
4286.46
4366.59
4550.53
4715.64
4326.76
3865.83
4002.88
3593.41
4260.41
4341.74
4397.08
4351.63
5457.82
5110.86
5300.24
5228.84
5308.52
4938.61
5298.72
5062.44
5219.08
5408.52
5860.99
6588.28
6839.59
6742.89
6430.58
5930.17
5672.7
5944.87
5572.09
6206.24
6304.53
6470.74
6514.72
6627.43
6642.27
6701.36
6814.76
6864.87
7041.27
7136.1
7227.45
7489.2
7670.37
7245.13
7197.5
7222.08
7331.73
7918.53
7213.44
6923.41
7046.57
7198.85
7227.96
7404.61
8035.2
7742.53
7341.65
7380.32
7630.71
7773.92
7866.52
7993.09
7838.22
8059.65
8144.16
8001.57
7739.86
7458.99
7500.79
7773.31
7641.77
7677.73
7573.26
7703.1
7575.15
7877.19
8039.45
8256.28
8738.72
8069.81
8724.13
8516.02
8465.77
7840.31
7832.22
7276.63
8144.02
7268.06
8043.71
7906.6
7816.44
8084.88
8098.16
7927.49
7830.35
7736.07
7532.9
7630.26
7312.85
7252.4
7170.7
6947.06
6919.59
6749.28
6763.38
6646.55
6015.3
5715.92
5799.24
6223.37
6593.8
6495.15
6369.28
5984.26
6407.52
6197.84
6661.44
6785.94
6826.61
6833.42
6894.23
6872.97
7093.42
6923.6
7035.76
6964.01
7009.56
7060.6
7106.01
7152.88
7137.03
7086.86
7083.49
6979.81
6742.97
6721.08
6861.31
6061.8
6526.62
6734.99
6398.77
6672.69
6312.03
6607.13
6710.4
6529.99
6508.21
6729.53
6318.61
6181.06
5783.15
6209.71
6543.39
6165.35
6693.83
6586.01
6245.18
5989.27
6335.56
6446.31
6712.21
6554.04
6890.94
6623.01
