2007.12
2141.77
1966.29
1992.46
1593.6
1606.04
1653.95
1688.32
1447.05
1363.32
1115.78
1125.06
1439.05
1787.25
1895.25
1856.43
1879.87
1941.41
1846.9
1964.31
1865.11
1816.47
1518.55
1386.31
1080.37
1386.25
1500.1
1564.47
1592.74
1562.65
1416.09
1395.79
1396.1
1410.42
1038.07
1410.33
1288.11
1235.3
1201.92
1105.06
1008.64
997.5
1024.55
1253.61
1448.49
1125.16
1050.04
1050.98
1221.11
1484.46
1669.13
1833.57
1487.34
1435.88
1406.59
1070.06
1195.37
1098.29
1058.14
1169.57
1470.53
1321.26
1425.16
1570.2
1321.26
1333.71
1433.11
1529.65
1535.65
1982.93
1809.54
1945.82
1973.44
2143.52
2092.0
2329.44
2310.15
2458.65
2189.77
2137.59
2025.58
1974.69
2194.84
2542.69
2852.93
2908.24
3245.26
3229.6
3271.99
3078.91
3005.01
2721.78
2722.95
2976.85
3186.77
3266.62
3290.68
3190.12
2969.83
2835.11
2686.52
3097.92
2584.21
2883.21
2825.89
2795.3
2415.25
2388.33
2088.95
1967.28
2086.18
2135.27
2305.64
2432.89
2612.89
2829.02
3079.99
3547.35
3682.73
4550.53
4715.64
3830.49
3617.29
3455.24
3294.08
3315.26
3369.14
3626.88
3774.81
4260.41
4397.08
4341.74
4215.21
3865.83
4002.88
4351.63
4286.46
3593.41
4290.59
4129.54
3426.45
3784.23
3597.92
4111.99
4326.76
4938.61
4366.59
5062.44
5110.86
5219.08
5228.84
5300.24
5308.52
5298.72
5408.52
5457.82
5944.87
5783.15
6642.27
5989.27
6430.58
6015.3
6181.06
6197.84
6304.53
6470.74
6446.31
6335.56
6554.04
6627.43
6763.38
6729.53
6861.31
6890.94
6919.59
7093.42
7137.03
7198.85
7404.61
7380.32
7276.63
7630.26
7245.13
7197.5
6964.01
6947.06
6923.6
6979.81
7009.56
7046.57
7035.76
7106.01
7331.73
7136.1
7500.79
7877.19
7773.92
8144.02
8043.71
8516.02
8039.45
8084.88
8144.16
7816.44
7739.86
7742.53
7736.07
7832.22
7840.31
8059.65
8256.28
8738.72
8724.13
8465.77
7830.35
7866.52
7838.22
8035.2
8069.81
8098.16
7906.6
7993.09
7630.71
7489.2
7703.1
7312.85
7227.96
7252.4
7575.15
7268.06
7152.88
7227.45
7532.9
7641.77
7573.26
7341.65
7670.37
7083.49
7170.7
7222.08
6923.41
6607.13
6209.71
5572.09
5984.26
6369.28
6061.8
5799.24
5672.7
5715.92
6245.18
6526.62
6586.01
6514.72
6661.44
6693.83
6672.69
6734.99
6839.59
6543.39
6826.61
6593.8
6646.55
6833.42
6529.99
6785.94
7458.99
7041.27
7773.31
8001.57
7927.49
7918.53
7677.73
6864.87
6894.23
7060.6
7213.44
7086.86
6872.97
6814.76
6749.28
6710.4
6701.36
6721.08
6742.89
6742.97
6312.03
6623.01
6407.52
6206.24
6398.77
6588.28
6223.37
5930.17
6508.21
5860.99
6318.61
6495.15
6712.21
6165.35
