2086.18
2612.89
1982.93
1787.25
1058.14
1070.06
1470.53
1410.33
1653.95
1606.04
1416.09
1253.61
1518.55
1564.47
1879.87
1967.28
1966.29
1945.82
1395.79
1221.11
1195.37
1333.71
1125.16
1050.04
1080.37
1439.05
1856.43
1098.29
1535.65
1410.42
1363.32
1447.05
1562.65
1500.1
1592.74
1846.9
1487.34
1321.26
1024.55
1008.64
1038.07
997.5
1050.98
1115.78
1125.06
1105.06
1169.57
1386.25
1529.65
1433.11
1809.54
1201.92
1288.11
1235.3
1484.46
1425.16
1895.25
1406.59
1396.1
1435.88
1833.57
1865.11
1974.69
1964.31
1386.31
1941.41
1593.6
1816.47
1448.49
1669.13
1321.26
1688.32
1570.2
1992.46
2007.12
2025.58
2189.77
2310.15
2305.64
2141.77
2143.52
2329.44
2458.65
2686.52
2883.21
2835.11
2852.93
3005.01
3079.99
3455.24
3097.92
3245.26
3597.92
4129.54
4002.88
3682.73
4111.99
3784.23
3186.77
3229.6
2825.89
2795.3
2388.33
2721.78
2432.89
2542.69
2194.84
2415.25
2092.0
1973.44
2135.27
2088.95
2137.59
2722.95
2829.02
2969.83
2584.21
3078.91
3266.62
2908.24
2976.85
3190.12
3290.68
3271.99
3315.26
3294.08
3617.29
3547.35
4260.41
3830.49
4286.46
3865.83
3626.88
3369.14
3426.45
3774.81
3593.41
4215.21
4290.59
4341.74
4326.76
4351.63
4366.59
4397.08
4550.53
4715.64
5062.44
4938.61
5228.84
5219.08
5308.52
5408.52
5672.7
5300.24
5860.99
6061.8
5799.24
6245.18
6495.15
6304.53
6206.24
5930.17
5572.09
5989.27
6181.06
6398.77
6312.03
6015.3
5944.87
6165.35
5783.15
6209.71
6369.28
6586.01
6642.27
6734.99
6833.42
6894.23
6964.01
6872.97
6979.81
7198.85
7083.49
7404.61
7489.2
7341.65
7227.96
7380.32
7276.63
7500.79
7630.26
7630.71
7773.92
7773.31
7677.73
7866.52
8059.65
8465.77
8724.13
8738.72
8084.88
7877.19
8001.57
7573.26
7703.1
7736.07
7830.35
7670.37
7832.22
8516.02
8098.16
8144.02
8069.81
7993.09
7840.31
7906.6
8039.45
8144.16
8256.28
8043.71
8035.2
7918.53
7816.44
7742.53
7575.15
7035.76
6814.76
6826.61
7170.7
7458.99
7331.73
7106.01
7245.13
7641.77
7838.22
7927.49
7739.86
7532.9
7227.45
6923.41
6923.6
6785.94
6742.89
6672.69
6446.31
6223.37
6514.72
5110.86
5984.26
6407.52
6729.53
6742.97
6335.56
6508.21
6947.06
7213.44
7252.4
7060.6
7152.88
7041.27
7136.1
7086.86
7137.03
7222.08
7093.42
7312.85
7268.06
7197.5
7009.56
6864.87
6318.61
6430.58
6197.84
5298.72
6470.74
6710.4
6607.13
6701.36
6712.21
6839.59
7046.57
6919.59
6890.94
6763.38
6721.08
6749.28
6588.28
6861.31
6693.83
6627.43
6646.55
6661.44
6529.99
6554.04
5457.82
5715.92
6543.39
6593.8
6623.01
6526.62
