1653.95
1967.28
1606.04
2329.44
2415.25
1879.87
1688.32
1410.33
1321.26
1235.3
1396.1
1447.05
1787.25
1833.57
1964.31
1856.43
1895.25
1816.47
1529.65
1562.65
1809.54
1435.88
1470.53
1406.59
1425.16
1487.34
1669.13
1439.05
1416.09
1484.46
1448.49
1395.79
1221.11
1169.57
1201.92
1321.26
1253.61
1125.16
1125.06
1098.29
1080.37
997.5
1008.64
1050.98
1058.14
1105.06
1070.06
1024.55
1038.07
1050.04
1115.78
1333.71
1195.37
1288.11
1386.31
1500.1
1518.55
1564.47
1592.74
1593.6
1570.2
1846.9
1966.29
1973.44
2189.77
2432.89
1982.93
2584.21
2305.64
2310.15
2088.95
2025.58
2135.27
2007.12
2086.18
1974.69
1945.82
2092.0
2143.52
2141.77
1992.46
2137.59
2388.33
2825.89
2795.3
2829.02
2852.93
2835.11
3079.99
3315.26
3369.14
3547.35
3593.41
3597.92
3186.77
3271.99
3229.6
2722.95
2686.52
2458.65
2721.78
2976.85
2908.24
3005.01
3078.91
2883.21
2542.69
2194.84
1941.41
1535.65
1433.11
1363.32
1386.25
1410.42
1865.11
2612.89
2969.83
3455.24
3294.08
4111.99
4260.41
4002.88
3784.23
3830.49
3290.68
3245.26
3266.62
3190.12
3097.92
3426.45
3774.81
3626.88
3682.73
3617.29
4290.59
4351.63
4326.76
4366.59
4341.74
4129.54
4286.46
3865.83
4215.21
4397.08
4550.53
4715.64
5062.44
4938.61
5110.86
5219.08
5228.84
5298.72
5300.24
5308.52
5572.09
5930.17
5860.99
6209.71
6470.74
6526.62
6710.4
6586.01
6588.28
6734.99
6529.99
6593.8
6369.28
6607.13
5944.87
6061.8
6661.44
6742.97
6872.97
6861.31
7086.86
7093.42
7060.6
7245.13
7500.79
7312.85
7137.03
7677.73
7736.07
7816.44
7380.32
7227.45
7152.88
7106.01
6923.6
6894.23
6919.59
6979.81
6864.87
7009.56
6833.42
7227.96
7573.26
8144.02
8043.71
8144.16
8035.2
7838.22
7670.37
7276.63
7630.71
7877.19
7630.26
7906.6
7832.22
7404.61
7331.73
7532.9
7773.31
7268.06
7993.09
8084.88
8738.72
8516.02
8724.13
8465.77
8256.28
8069.81
7840.31
7927.49
7918.53
7641.77
7703.1
7222.08
7489.2
8098.16
7742.53
8039.45
8059.65
7830.35
8001.57
7866.52
7739.86
7341.65
7773.92
7575.15
7458.99
7170.7
6947.06
5457.82
5984.26
6304.53
6407.52
5799.24
6197.84
5408.52
6015.3
6398.77
7136.1
7041.27
6245.18
6495.15
6312.03
6223.37
6430.58
6335.56
6543.39
6206.24
6627.43
6923.41
6554.04
7083.49
7198.85
7213.44
7252.4
7197.5
6749.28
6890.94
6814.76
6729.53
6763.38
6826.61
7046.57
6964.01
6318.61
7035.76
6446.31
6508.21
6693.83
6839.59
6712.21
6721.08
6672.69
6785.94
6742.89
6514.72
6642.27
6181.06
5989.27
5783.15
5672.7
6165.35
6623.01
6646.55
6701.36
5715.92
