1941.41
2137.59
2025.58
1966.29
1846.9
1529.65
1809.54
1562.65
1484.46
1433.11
1416.09
1396.1
1386.25
1425.16
1570.2
1787.25
1865.11
1470.53
1321.26
1235.3
1195.37
1201.92
1125.16
1253.61
1169.57
1363.32
1435.88
1288.11
1535.65
1593.6
1688.32
1439.05
1447.05
1333.71
1321.26
1221.11
1105.06
1050.98
1038.07
997.5
1024.55
1008.64
1058.14
1050.04
1080.37
1070.06
1115.78
1098.29
1125.06
1406.59
1395.79
1386.31
1410.42
1410.33
1500.1
1487.34
1592.74
1448.49
1518.55
1856.43
1967.28
1895.25
2305.64
1992.46
1982.93
3005.01
2612.89
2883.21
2458.65
2141.77
1964.31
2088.95
2721.78
3186.77
2829.02
2086.18
2976.85
3266.62
2835.11
2852.93
1973.44
1945.82
1669.13
1816.47
1564.47
1653.95
1606.04
1833.57
1879.87
2007.12
2194.84
2135.27
2092.0
2686.52
2310.15
2908.24
2722.95
2329.44
2584.21
2969.83
2143.52
2189.77
2542.69
2825.89
3078.91
2415.25
2432.89
2795.3
3271.99
1974.69
3369.14
3229.6
2388.33
3190.12
3079.99
3245.26
3294.08
3097.92
3455.24
3290.68
3426.45
3315.26
3547.35
3597.92
3617.29
3593.41
3626.88
3682.73
3774.81
4129.54
4215.21
4351.63
4397.08
3865.83
4366.59
4326.76
4341.74
4286.46
4260.41
3784.23
4290.59
4002.88
3830.49
4111.99
4550.53
4715.64
4938.61
5219.08
5308.52
5062.44
5228.84
5298.72
5300.24
5110.86
5572.09
5783.15
6015.3
6335.56
6526.62
6814.76
6693.83
6923.41
6833.42
7041.27
6742.89
6872.97
6894.23
6749.28
6623.01
6529.99
6890.94
6588.28
6861.31
7197.5
7500.79
7703.1
7840.31
7830.35
7773.92
7573.26
7532.9
7312.85
7152.88
6923.6
6742.97
6979.81
7198.85
6729.53
7060.6
7575.15
7252.4
7489.2
7736.07
7670.37
7341.65
7641.77
7331.73
7866.52
7773.31
7918.53
7677.73
7816.44
6763.38
6785.94
6947.06
7458.99
7630.71
7993.09
8084.88
8039.45
8059.65
7927.49
7742.53
7380.32
7630.26
7832.22
8465.77
8738.72
8724.13
7877.19
7213.44
6710.4
6734.99
7222.08
7227.45
6646.55
6919.59
7046.57
7227.96
8035.2
8098.16
8516.02
8256.28
8144.02
8043.71
8069.81
8144.16
7906.6
8001.57
7739.86
7838.22
6712.21
6430.58
5989.27
5930.17
5984.26
5944.87
5457.82
5408.52
5672.7
5715.92
6181.06
6369.28
6223.37
6627.43
6593.8
6839.59
7083.49
7404.61
7137.03
7276.63
7268.06
7245.13
7170.7
6964.01
7106.01
7093.42
7009.56
7035.76
6826.61
6701.36
6672.69
6642.27
6470.74
6543.39
7086.86
6514.72
6721.08
6398.77
6407.52
6446.31
6586.01
6864.87
7136.1
6661.44
6312.03
6245.18
6318.61
6554.04
6209.71
6197.84
6061.8
6165.35
5860.99
5799.24
6206.24
6508.21
6495.15
6607.13
6304.53
