2137.59
2135.27
1484.46
1321.26
1564.47
2086.18
1592.74
1410.42
1235.3
1221.11
1386.25
1321.26
1846.9
1992.46
1787.25
1570.2
1406.59
1448.49
1487.34
1410.33
1688.32
1416.09
1856.43
1809.54
1433.11
1386.31
1879.87
2194.84
2189.77
1439.05
1050.98
997.5
1201.92
1169.57
1115.78
1038.07
1008.64
1024.55
1050.04
1105.06
1070.06
1058.14
1098.29
1080.37
1125.16
1125.06
1195.37
1288.11
1470.53
2141.77
1945.82
1653.95
1518.55
1396.1
1535.65
1395.79
1333.71
1253.61
1529.65
1363.32
1895.25
1982.93
1500.1
1425.16
1593.6
1606.04
1562.65
1447.05
1669.13
1973.44
1435.88
2584.21
1816.47
2007.12
1833.57
1966.29
1941.41
2092.0
1964.31
2432.89
2825.89
2721.78
2329.44
2542.69
2415.25
3266.62
3097.92
2969.83
2686.52
2852.93
3593.41
3078.91
3294.08
3369.14
3005.01
3426.45
3455.24
3229.6
3547.35
3190.12
2795.3
3079.99
3186.77
2835.11
2310.15
2388.33
1974.69
2025.58
2088.95
1865.11
2143.52
1967.28
2458.65
2908.24
2883.21
2722.95
2305.64
2829.02
2612.89
2976.85
3245.26
3290.68
3271.99
3315.26
3597.92
3617.29
3626.88
3682.73
3774.81
4111.99
3865.83
3830.49
4215.21
3784.23
4260.41
4326.76
4290.59
4341.74
4715.64
5062.44
5228.84
4351.63
4129.54
4938.61
4002.88
4286.46
4366.59
4397.08
4550.53
5110.86
5219.08
5300.24
5298.72
5308.52
5572.09
5457.82
6223.37
6245.18
6470.74
6693.83
6734.99
7041.27
6710.4
6712.21
6607.13
6749.28
6919.59
6742.97
6661.44
6627.43
6763.38
6964.01
7137.03
7500.79
7380.32
7573.26
7532.9
7458.99
7252.4
7630.26
7736.07
7830.35
7773.92
7832.22
7739.86
7773.31
7670.37
7816.44
7575.15
7404.61
7245.13
7276.63
7213.44
7312.85
7268.06
7489.2
7641.77
7927.49
7993.09
8069.81
7918.53
7630.71
7046.57
6721.08
6554.04
6588.28
7035.76
7677.73
7877.19
7703.1
7742.53
7906.6
8084.88
8098.16
8724.13
8256.28
8516.02
8738.72
8465.77
8144.16
8144.02
8043.71
7840.31
7227.45
7198.85
7086.86
7227.96
7083.49
7866.52
8001.57
8059.65
8035.2
8039.45
7838.22
7106.01
7222.08
6864.87
6785.94
6833.42
6826.61
6729.53
6407.52
6197.84
5408.52
5715.92
5672.7
5930.17
6015.3
6061.8
5860.99
5783.15
6312.03
6586.01
6335.56
6526.62
6206.24
6181.06
6304.53
6514.72
6642.27
6672.69
6742.89
6872.97
6894.23
6923.41
7170.7
7197.5
7152.88
7060.6
7341.65
7136.1
7331.73
7093.42
7009.56
6890.94
6979.81
6923.6
6947.06
6814.76
6839.59
6701.36
6543.39
6165.35
5989.27
5799.24
5984.26
6209.71
5944.87
6369.28
6318.61
6446.31
6529.99
6508.21
6495.15
6430.58
6646.55
6861.31
6623.01
6593.8
6398.77
