1941.41
1964.31
1653.95
1487.34
1386.25
1570.2
1856.43
1809.54
1592.74
1593.6
1564.47
1470.53
1500.1
1433.11
1253.61
1235.3
1410.33
1363.32
1169.57
1201.92
1098.29
1195.37
1058.14
1105.06
1070.06
1221.11
1406.59
1435.88
1447.05
1562.65
1606.04
1518.55
1535.65
1529.65
1396.1
1439.05
1321.26
1125.16
1288.11
1125.06
1115.78
1008.64
1050.04
1050.98
1038.07
1024.55
1080.37
997.5
1410.42
1669.13
1787.25
1688.32
1484.46
1333.71
1448.49
1416.09
1425.16
1321.26
1395.79
1386.31
1846.9
1865.11
2092.0
1816.47
1879.87
2086.18
1945.82
2143.52
2189.77
2795.3
3190.12
2388.33
2852.93
3079.99
2194.84
2584.21
2310.15
2612.89
2432.89
2141.77
1966.29
1982.93
2007.12
1833.57
2305.64
2025.58
2458.65
2721.78
3294.08
2835.11
3245.26
3271.99
3369.14
3266.62
3097.92
3186.77
3315.26
3290.68
3229.6
3005.01
2883.21
2825.89
2542.69
2976.85
2135.27
2722.95
2686.52
2329.44
2415.25
2088.95
1967.28
1973.44
1992.46
1895.25
2829.02
2137.59
1974.69
3078.91
3547.35
3774.81
3426.45
2908.24
2969.83
3455.24
3784.23
3597.92
3626.88
3865.83
4215.21
4326.76
4550.53
4002.88
4286.46
3830.49
4290.59
4715.64
4397.08
4341.74
4260.41
4351.63
4111.99
3617.29
3682.73
3593.41
4129.54
4366.59
5062.44
5219.08
5228.84
5308.52
5457.82
5408.52
5298.72
4938.61
5110.86
5300.24
5572.09
6197.84
6407.52
6312.03
6890.94
5989.27
6245.18
6369.28
6398.77
6701.36
6864.87
6861.31
6734.99
6554.04
6729.53
6646.55
6627.43
6721.08
6826.61
6894.23
6919.59
6742.97
7060.6
7222.08
7136.1
7268.06
7276.63
7331.73
7573.26
7641.77
7630.71
7739.86
7404.61
7198.85
7252.4
7227.96
7703.1
7773.31
7380.32
7245.13
7197.5
7773.92
7918.53
7927.49
7840.31
7736.07
7742.53
7341.65
7630.26
7838.22
7677.73
7832.22
7877.19
7816.44
7993.09
8069.81
8039.45
8098.16
8516.02
8465.77
8738.72
8724.13
7906.6
7500.79
7227.45
7213.44
6964.01
7083.49
7575.15
7458.99
7830.35
7670.37
7489.2
8001.57
7532.9
8043.71
8256.28
8144.02
8059.65
8144.16
8084.88
8035.2
7866.52
7312.85
7137.03
6749.28
6526.62
5984.26
5799.24
5783.15
6015.3
5672.7
5944.87
5715.92
6061.8
6514.72
6446.31
6430.58
6712.21
6607.13
6763.38
6785.94
7046.57
6923.6
7035.76
7106.01
7152.88
7093.42
7086.86
7170.7
7041.27
6947.06
7009.56
6872.97
6979.81
6672.69
6923.41
6661.44
6693.83
6586.01
6623.01
6470.74
6508.21
6642.27
6588.28
6529.99
6833.42
6814.76
6710.4
6543.39
6304.53
6181.06
6223.37
6335.56
6593.8
6742.89
6839.59
6495.15
6209.71
5860.99
5930.17
6206.24
6318.61
6165.35
