1974.69
1787.25
1879.87
1941.41
1846.9
1688.32
1816.47
1833.57
1410.33
1562.65
1425.16
1395.79
1487.34
1809.54
1606.04
1529.65
1564.47
1406.59
1125.16
1221.11
1363.32
1435.88
1416.09
1386.31
1386.25
1396.1
1201.92
1115.78
1050.04
1058.14
1024.55
1195.37
1050.98
1098.29
1235.3
1410.42
1500.1
1333.71
1447.05
1321.26
1288.11
1080.37
1125.06
1105.06
1070.06
997.5
1253.61
1008.64
1038.07
1169.57
1433.11
1321.26
1484.46
1518.55
1593.6
1982.93
1967.28
2135.27
1945.82
1895.25
1535.65
1448.49
1570.2
1470.53
1439.05
1592.74
1669.13
1653.95
1966.29
1992.46
2007.12
2189.77
2432.89
2542.69
2388.33
2025.58
2305.64
2883.21
3593.41
3617.29
3290.68
2612.89
2686.52
2908.24
3369.14
2969.83
2415.25
3079.99
3229.6
3245.26
3626.88
3547.35
3294.08
3455.24
3426.45
3315.26
3186.77
3271.99
2194.84
2852.93
2143.52
2137.59
1973.44
2092.0
2088.95
2086.18
1865.11
1856.43
1964.31
2141.77
2329.44
2458.65
2584.21
2722.95
2835.11
2795.3
2829.02
3005.01
3266.62
3078.91
3097.92
2825.89
2310.15
2721.78
2976.85
3190.12
3597.92
3682.73
4215.21
4366.59
3830.49
4129.54
4260.41
4111.99
4002.88
4938.61
4715.64
4550.53
4326.76
3784.23
4286.46
3774.81
3865.83
4341.74
4290.59
4351.63
4397.08
5062.44
5110.86
5219.08
5300.24
5298.72
5308.52
5228.84
5783.15
5799.24
6318.61
6470.74
6593.8
6398.77
6304.53
6446.31
6586.01
6742.97
6526.62
6763.38
6833.42
6588.28
6646.55
6701.36
6839.59
7009.56
6979.81
7106.01
7500.79
7227.45
7136.1
7252.4
7227.96
7170.7
7137.03
7222.08
7312.85
7703.1
7773.31
7840.31
7866.52
7906.6
7736.07
7575.15
7341.65
6923.6
7035.76
7198.85
7083.49
7830.35
7739.86
7742.53
7832.22
8039.45
7773.92
7641.77
7630.71
7152.88
7268.06
7331.73
7458.99
7670.37
7489.2
7404.61
7213.44
7573.26
7197.5
7245.13
7677.73
8035.2
8256.28
8738.72
8516.02
8724.13
8465.77
8084.88
7993.09
8059.65
8098.16
8144.02
8144.16
8069.81
8001.57
8043.71
7877.19
7918.53
7927.49
7838.22
7816.44
7630.26
7046.57
7060.6
6785.94
6923.41
7041.27
6872.97
6661.44
5930.17
5944.87
5860.99
6206.24
5715.92
5408.52
5457.82
5672.7
5984.26
6209.71
6335.56
6165.35
6627.43
6861.31
6749.28
6919.59
6890.94
6964.01
7380.32
7276.63
7532.9
7093.42
7086.86
6894.23
6826.61
6734.99
6061.8
6407.52
6015.3
6245.18
5572.09
5989.27
6197.84
6495.15
6693.83
6721.08
6729.53
6814.76
6742.89
6712.21
6947.06
6672.69
6864.87
6529.99
6514.72
6312.03
6181.06
6223.37
6430.58
6623.01
6642.27
6508.21
6369.28
6554.04
6607.13
6710.4
6543.39
