1895.25
1941.41
1787.25
1865.11
2137.59
1564.47
1846.9
1945.82
1879.87
1535.65
1470.53
1439.05
1500.1
1653.95
1562.65
1410.33
1115.78
1416.09
1816.47
1592.74
1448.49
1406.59
1447.05
1593.6
1570.2
2086.18
2143.52
1974.69
2141.77
2092.0
1973.44
1966.29
1669.13
1396.1
1386.25
1321.26
1333.71
1195.37
1050.04
1038.07
1008.64
997.5
1024.55
1080.37
1105.06
1363.32
1288.11
1253.61
1221.11
1169.57
1395.79
1125.06
1201.92
1050.98
1433.11
1425.16
1410.42
1070.06
1098.29
1125.16
1058.14
1518.55
1529.65
1484.46
1606.04
1964.31
1688.32
1435.88
1386.31
1321.26
1235.3
1487.34
1809.54
2007.12
1982.93
2088.95
2189.77
2135.27
2025.58
1967.28
1856.43
1833.57
1992.46
2458.65
2908.24
2194.84
2329.44
2835.11
2722.95
3547.35
3426.45
3229.6
3294.08
3597.92
3617.29
3774.81
3315.26
3593.41
3682.73
3186.77
3005.01
3271.99
2976.85
3245.26
3078.91
3455.24
2686.52
2829.02
2612.89
2542.69
2305.64
2795.3
2415.25
2432.89
2388.33
2310.15
2584.21
2721.78
2825.89
2883.21
3190.12
2852.93
2969.83
3079.99
3290.68
3097.92
3266.62
3369.14
3784.23
3626.88
3830.49
3865.83
4260.41
4002.88
4938.61
5062.44
4550.53
4351.63
4111.99
4129.54
4290.59
4326.76
4341.74
5298.72
4397.08
5228.84
5110.86
4286.46
4366.59
4215.21
4715.64
5219.08
5300.24
5308.52
5408.52
5672.7
6508.21
6430.58
6623.01
6318.61
6209.71
6197.84
6206.24
6407.52
6586.01
6672.69
6864.87
6369.28
5944.87
5457.82
5860.99
5989.27
6165.35
6398.77
6514.72
6721.08
6529.99
6890.94
6712.21
6872.97
7060.6
7093.42
7252.4
7245.13
7500.79
7404.61
7532.9
7573.26
7575.15
7816.44
7866.52
7993.09
7918.53
8001.57
8035.2
8043.71
7927.49
8098.16
8144.02
8084.88
7877.19
7840.31
7838.22
7736.07
7641.77
7677.73
7703.1
7906.6
7830.35
8724.13
8516.02
8738.72
8465.77
8144.16
8256.28
8059.65
8039.45
8069.81
7832.22
7739.86
7630.26
7331.73
6734.99
7341.65
6742.97
6814.76
6627.43
6710.4
6979.81
7227.96
7276.63
7670.37
7742.53
7773.92
7773.31
7630.71
7489.2
7222.08
7197.5
7136.1
6923.41
6646.55
6312.03
5984.26
5572.09
6015.3
5930.17
6061.8
6223.37
5715.92
6470.74
6526.62
6607.13
6543.39
7041.27
6826.61
6947.06
7046.57
6923.6
6749.28
6894.23
7106.01
7198.85
7086.86
7227.45
7268.06
7312.85
7380.32
7458.99
6919.59
6861.31
7152.88
7213.44
7137.03
7083.49
7170.7
7009.56
6964.01
6642.27
6588.28
6763.38
6839.59
6729.53
6593.8
6742.89
6495.15
6304.53
5783.15
5799.24
6245.18
6446.31
7035.76
6833.42
6554.04
6335.56
6785.94
6661.44
6701.36
6693.83
6181.06
