1487.34
2189.77
1879.87
1570.2
1395.79
1433.11
1945.82
2143.52
2305.64
2141.77
1992.46
1967.28
2086.18
2135.27
1593.6
1964.31
1564.47
1966.29
1688.32
1592.74
1406.59
1201.92
1195.37
1386.25
1396.1
1484.46
1535.65
1448.49
1321.26
1321.26
1410.33
1363.32
1221.11
1024.55
1050.98
1058.14
1070.06
1008.64
1115.78
1038.07
1080.37
997.5
1125.16
1098.29
1105.06
1050.04
1125.06
1169.57
1253.61
1606.04
1416.09
1386.31
1235.3
1288.11
1447.05
1439.05
1500.1
1425.16
1562.65
1333.71
1470.53
1435.88
1518.55
1410.42
1653.95
1529.65
1816.47
1787.25
1982.93
2329.44
1973.44
2415.25
2137.59
2025.58
1974.69
1846.9
2092.0
2310.15
1833.57
1669.13
1856.43
1809.54
1865.11
2194.84
2542.69
2388.33
2612.89
2976.85
3097.92
3315.26
3186.77
3078.91
3190.12
4002.88
3865.83
3290.68
3005.01
2852.93
2908.24
2835.11
2795.3
2584.21
2721.78
2825.89
2883.21
2722.95
2458.65
2007.12
1895.25
1941.41
2088.95
2432.89
2686.52
2829.02
2969.83
3369.14
3079.99
4129.54
4286.46
4290.59
4215.21
4326.76
3271.99
3830.49
3784.23
3547.35
3294.08
3229.6
3266.62
3455.24
3593.41
3597.92
3426.45
3245.26
3617.29
3774.81
3626.88
3682.73
4111.99
4260.41
4550.53
4351.63
4938.61
4366.59
4341.74
4397.08
4715.64
5062.44
5308.52
5408.52
5572.09
5989.27
5228.84
5219.08
5110.86
5783.15
6335.56
6529.99
6586.01
6508.21
6593.8
6514.72
6543.39
6430.58
6206.24
6015.3
6446.31
6407.52
6642.27
6588.28
6742.97
6763.38
6734.99
6701.36
6894.23
6872.97
6861.31
6833.42
7222.08
7198.85
7152.88
7489.2
7739.86
7703.1
7341.65
7252.4
7083.49
7773.92
6923.41
7060.6
7106.01
7170.7
7276.63
7670.37
7312.85
7458.99
7630.26
8043.71
8465.77
8738.72
8144.02
7630.71
7093.42
6814.76
6919.59
7009.56
7245.13
7575.15
7918.53
8069.81
7832.22
7866.52
7500.79
7838.22
7816.44
8039.45
8144.16
8724.13
8516.02
8084.88
7927.49
7877.19
7532.9
7830.35
7677.73
7773.31
7641.77
8059.65
7906.6
8001.57
7993.09
8256.28
8098.16
8035.2
7736.07
7840.31
7742.53
7227.45
7331.73
6979.81
6890.94
6495.15
6209.71
5672.7
5457.82
5799.24
5298.72
5300.24
5715.92
5860.99
6181.06
6623.01
6470.74
6554.04
6627.43
6672.69
6729.53
6826.61
6923.6
6785.94
7046.57
7197.5
7573.26
7136.1
7404.61
7380.32
7268.06
7227.96
7213.44
7137.03
6947.06
7035.76
7086.86
6839.59
6964.01
7041.27
6864.87
6749.28
6712.21
6721.08
6742.89
6710.4
6661.44
6693.83
6607.13
6526.62
6318.61
6369.28
6223.37
6245.18
6304.53
6646.55
6398.77
6197.84
5944.87
5984.26
6061.8
6165.35
6312.03
5930.17
