3097.92
2458.65
1787.25
1535.65
1688.32
1833.57
1964.31
1941.41
1879.87
1500.1
1435.88
1253.61
1410.33
1406.59
1386.25
1363.32
1195.37
1169.57
1221.11
1105.06
1484.46
1321.26
1425.16
1333.71
1447.05
1592.74
1606.04
1653.95
1448.49
1570.2
1396.1
1816.47
1973.44
1846.9
1865.11
1564.47
1593.6
1125.16
1201.92
1125.06
1098.29
1024.55
1070.06
1050.98
1038.07
997.5
1050.04
1008.64
1058.14
1080.37
1115.78
1321.26
1386.31
1288.11
1562.65
1518.55
1439.05
1416.09
1410.42
1395.79
1235.3
1487.34
1470.53
1529.65
1433.11
1669.13
1809.54
1856.43
1895.25
1966.29
1945.82
2135.27
2088.95
2612.89
2825.89
2969.83
3190.12
3593.41
3547.35
3369.14
2883.21
3078.91
2686.52
3005.01
2852.93
2908.24
3186.77
2976.85
3266.62
3617.29
3455.24
3271.99
3229.6
3682.73
3294.08
3597.92
3245.26
3079.99
3290.68
2795.3
2721.78
2542.69
2829.02
2722.95
2584.21
2388.33
2329.44
1992.46
2305.64
2086.18
2310.15
2092.0
2025.58
2143.52
1974.69
2141.77
1967.28
1982.93
2194.84
2137.59
2189.77
2432.89
2415.25
2007.12
3426.45
2835.11
3315.26
3774.81
3626.88
4366.59
4286.46
4290.59
4397.08
4326.76
4215.21
3865.83
3830.49
3784.23
4111.99
4129.54
4260.41
4002.88
4341.74
4351.63
4550.53
4938.61
5219.08
5110.86
5062.44
5228.84
4715.64
5672.7
5300.24
5944.87
6181.06
6369.28
6586.01
6734.99
6839.59
6979.81
6749.28
6446.31
5860.99
5572.09
5408.52
6015.3
6529.99
6701.36
6661.44
6593.8
6495.15
6165.35
6508.21
6304.53
6627.43
6923.6
7009.56
7227.96
7245.13
7252.4
7276.63
7380.32
7331.73
7736.07
7341.65
7312.85
7086.86
7060.6
6864.87
6919.59
6923.41
6890.94
6872.97
7136.1
7222.08
7489.2
7630.26
7832.22
8001.57
8724.13
8738.72
7816.44
8516.02
7830.35
7773.92
7677.73
7703.1
7993.09
8069.81
7918.53
8098.16
7927.49
8043.71
8059.65
8256.28
7838.22
7877.19
8039.45
8144.16
7866.52
7742.53
7532.9
7458.99
7404.61
7500.79
7575.15
7739.86
8465.77
7670.37
7840.31
7773.31
7641.77
7906.6
8144.02
8084.88
8035.2
7630.71
7093.42
6785.94
6763.38
7137.03
7083.49
6729.53
5930.17
6197.84
6693.83
6947.06
6526.62
5308.52
5298.72
6312.03
6833.42
6514.72
6646.55
6742.97
6607.13
6335.56
7152.88
6712.21
7035.76
6964.01
7041.27
7170.7
7106.01
7046.57
7268.06
7198.85
6894.23
6826.61
6623.01
6407.52
6318.61
6245.18
6588.28
6814.76
7213.44
7197.5
7573.26
7227.45
6861.31
6642.27
6430.58
6206.24
6209.71
6061.8
5984.26
5715.92
5457.82
5783.15
5799.24
5989.27
6721.08
6710.4
6742.89
6470.74
6543.39
6398.77
6223.37
6672.69
6554.04
