1787.25
2092.0
2542.69
2825.89
1973.44
1816.47
1833.57
1593.6
1562.65
1500.1
1484.46
1410.33
1535.65
1653.95
1564.47
1470.53
1395.79
1386.25
1195.37
1321.26
1115.78
1058.14
1038.07
1024.55
1201.92
1321.26
1447.05
1487.34
1895.25
1406.59
1606.04
1439.05
1425.16
1125.16
1050.98
1435.88
1050.04
1098.29
1169.57
1221.11
1410.42
1253.61
1363.32
1386.31
1070.06
1008.64
1235.3
997.5
1080.37
1125.06
1433.11
1333.71
1416.09
1105.06
1288.11
1396.1
1448.49
1518.55
1856.43
1992.46
2584.21
1974.69
1809.54
1529.65
1570.2
2086.18
1846.9
1669.13
1592.74
1966.29
2415.25
2388.33
2795.3
2829.02
3005.01
2722.95
2835.11
3079.99
3369.14
2721.78
2458.65
2143.52
1865.11
1941.41
1879.87
1688.32
1945.82
1964.31
2025.58
2088.95
2141.77
2189.77
2612.89
2969.83
3245.26
3271.99
3294.08
3190.12
3186.77
2976.85
2908.24
3097.92
3315.26
2883.21
3078.91
3229.6
2305.64
2194.84
2007.12
1982.93
2135.27
2329.44
2137.59
2310.15
1967.28
2432.89
2686.52
2852.93
3266.62
3290.68
3426.45
3455.24
3547.35
3617.29
3682.73
3774.81
3865.83
4129.54
4326.76
4550.53
4938.61
5219.08
5298.72
5062.44
5228.84
4366.59
3593.41
3597.92
3784.23
4341.74
4397.08
3626.88
4111.99
4215.21
3830.49
4002.88
4260.41
4286.46
4351.63
4290.59
4715.64
5110.86
5300.24
5308.52
5408.52
5715.92
6304.53
6607.13
6826.61
6814.76
6894.23
6749.28
6642.27
6514.72
6543.39
6245.18
6446.31
5860.99
5944.87
6181.06
6407.52
6627.43
6721.08
6923.41
7252.4
7677.73
7500.79
7816.44
8043.71
7736.07
8738.72
8084.88
8069.81
7838.22
7227.45
7198.85
7136.1
7222.08
7060.6
7380.32
7866.52
7773.92
7641.77
7106.01
7035.76
7093.42
7312.85
8001.57
7927.49
8724.13
7703.1
7832.22
7458.99
7170.7
7489.2
7331.73
7341.65
7227.96
7906.6
7046.57
7532.9
7877.19
8035.2
7918.53
7575.15
7197.5
7573.26
8098.16
8144.02
8516.02
8256.28
8144.16
7742.53
7840.31
7773.31
7404.61
8039.45
8465.77
8059.65
7993.09
7830.35
7630.71
7739.86
7630.26
7152.88
7041.27
6979.81
6923.6
7670.37
7276.63
7213.44
6890.94
6223.37
5799.24
5783.15
5930.17
6197.84
5457.82
5984.26
6209.71
6508.21
6554.04
6646.55
6430.58
6729.53
6526.62
6763.38
6693.83
6964.01
6742.97
6861.31
6742.89
6872.97
6661.44
6588.28
7268.06
6672.69
6785.94
7009.56
6864.87
6833.42
7137.03
6947.06
6710.4
6586.01
6470.74
6529.99
6623.01
6734.99
6919.59
7245.13
7086.86
7083.49
6839.59
6712.21
6335.56
6165.35
6015.3
5672.7
6061.8
5989.27
6312.03
6318.61
6369.28
6206.24
6593.8
6701.36
6495.15
6398.77
5572.09
