1967.28
2542.69
1879.87
1856.43
1406.59
1321.26
1562.65
1535.65
1058.14
1395.79
1386.31
1433.11
1593.6
2189.77
1992.46
1809.54
1966.29
1982.93
1570.2
1500.1
1448.49
1201.92
1105.06
1080.37
997.5
1050.04
1098.29
1125.06
1321.26
1447.05
1410.42
1410.33
1363.32
1169.57
1070.06
1125.16
1050.98
1235.3
1221.11
1333.71
1195.37
1024.55
1115.78
1487.34
1439.05
1288.11
1253.61
1038.07
1008.64
1386.25
1435.88
1396.1
1425.16
1416.09
1529.65
1846.9
1688.32
1564.47
1941.41
1895.25
2458.65
2088.95
2025.58
1518.55
1964.31
1816.47
1945.82
1973.44
1669.13
1865.11
1833.57
1974.69
2143.52
2612.89
2686.52
2086.18
2092.0
2305.64
1606.04
1787.25
1592.74
1470.53
1484.46
1653.95
2007.12
2388.33
2883.21
2329.44
3369.14
2852.93
3078.91
3190.12
3186.77
3097.92
2969.83
2976.85
3229.6
3245.26
3005.01
3294.08
3315.26
3271.99
3079.99
2908.24
2722.95
2432.89
2141.77
2194.84
2137.59
2415.25
2310.15
2825.89
2135.27
2829.02
2584.21
2795.3
2721.78
2835.11
3266.62
3290.68
3455.24
3426.45
3617.29
3626.88
3547.35
3593.41
3597.92
3865.83
3830.49
4286.46
4341.74
4397.08
4715.64
4326.76
4366.59
4260.41
3784.23
3774.81
3682.73
4002.88
4111.99
4215.21
4129.54
4351.63
4290.59
4550.53
4938.61
5110.86
5062.44
5219.08
5228.84
5298.72
5300.24
5308.52
5457.82
5860.99
6061.8
6529.99
6623.01
6586.01
6646.55
6514.72
6318.61
6304.53
5984.26
5989.27
6526.62
6197.84
6335.56
6209.71
6554.04
6398.77
6430.58
6588.28
6672.69
6785.94
6919.59
7268.06
7500.79
7773.31
7840.31
7906.6
7866.52
8001.57
7918.53
8084.88
8069.81
7993.09
7816.44
7773.92
7927.49
7742.53
7703.1
7245.13
7341.65
7197.5
7573.26
7739.86
8059.65
8516.02
8465.77
7670.37
6964.01
6543.39
6446.31
6710.4
6864.87
7458.99
7736.07
7630.26
7830.35
8035.2
7380.32
8043.71
7677.73
7838.22
8144.16
8724.13
8256.28
8738.72
8098.16
8144.02
8039.45
7877.19
7832.22
7630.71
7532.9
7227.96
7046.57
7136.1
6734.99
6890.94
7035.76
7227.45
7137.03
7641.77
7198.85
7575.15
7404.61
7213.44
7060.6
6861.31
6627.43
6181.06
5799.24
5672.7
5944.87
6223.37
6245.18
6312.03
6369.28
6642.27
6742.97
6814.76
6839.59
6749.28
6742.89
6661.44
6826.61
6872.97
6979.81
7083.49
7041.27
7093.42
7222.08
7331.73
7489.2
7312.85
7252.4
7106.01
7276.63
6894.23
7170.7
6923.41
7152.88
7086.86
7009.56
6947.06
6721.08
6923.6
6833.42
6763.38
6712.21
6593.8
6495.15
6508.21
6607.13
6015.3
6206.24
6165.35
6407.52
6701.36
6729.53
6470.74
5572.09
5408.52
5783.15
5715.92
6693.83
5930.17
