1945.82
2007.12
1809.54
1518.55
1288.11
1195.37
1833.57
1879.87
2310.15
2542.69
1856.43
1606.04
1564.47
1529.65
1439.05
1395.79
1321.26
1653.95
1169.57
1500.1
1125.06
1253.61
1396.1
1487.34
1410.42
1846.9
1669.13
1235.3
2092.0
1435.88
1562.65
1425.16
1433.11
1406.59
1321.26
1201.92
1363.32
1386.25
1535.65
1570.2
1416.09
1008.64
1070.06
1105.06
1115.78
1080.37
1038.07
1058.14
997.5
1050.04
1050.98
1024.55
1098.29
1125.16
1221.11
1470.53
1410.33
1333.71
1386.31
1484.46
1787.25
1941.41
1865.11
1688.32
2137.59
2025.58
2141.77
1973.44
2086.18
1982.93
2088.95
2189.77
2415.25
2305.64
2329.44
2722.95
3186.77
3097.92
2969.83
2883.21
2825.89
2835.11
2829.02
3547.35
3455.24
3774.81
3784.23
4002.88
3626.88
4341.74
3865.83
4111.99
3271.99
3294.08
3229.6
3426.45
3597.92
3290.68
3005.01
2612.89
2388.33
2143.52
1895.25
2458.65
2584.21
2686.52
2432.89
1966.29
1816.47
1448.49
1447.05
1593.6
1592.74
1974.69
1967.28
2135.27
1964.31
1992.46
2194.84
2721.78
2795.3
2976.85
2908.24
3245.26
2852.93
3079.99
3078.91
3190.12
3266.62
3369.14
3682.73
3617.29
3315.26
3593.41
3830.49
4129.54
4286.46
4260.41
4290.59
4351.63
4326.76
4215.21
4397.08
4366.59
4715.64
4550.53
5062.44
5228.84
5219.08
5298.72
5308.52
5110.86
5300.24
5408.52
5944.87
6407.52
6318.61
6701.36
6964.01
6742.89
6979.81
7170.7
7093.42
7106.01
7046.57
6923.6
6826.61
6586.01
6430.58
6446.31
6627.43
6623.01
6721.08
6734.99
6839.59
7197.5
7227.96
7458.99
7866.52
7641.77
7773.31
7575.15
7670.37
7918.53
7268.06
7222.08
7877.19
7136.1
6864.87
7083.49
7009.56
6861.31
6947.06
7060.6
6919.59
7213.44
7086.86
7252.4
7227.45
7380.32
7630.26
7573.26
7532.9
7276.63
7245.13
7489.2
7341.65
7630.71
8001.57
7703.1
7906.6
8069.81
8043.71
8039.45
8144.02
8059.65
8465.77
8738.72
8516.02
8724.13
8256.28
8144.16
8098.16
8084.88
8035.2
7832.22
7736.07
7927.49
7993.09
7838.22
7742.53
7830.35
7816.44
7840.31
7404.61
7312.85
7500.79
7331.73
7773.92
7739.86
7677.73
7198.85
6923.41
6749.28
6607.13
6693.83
6710.4
6508.21
5799.24
5860.99
5984.26
6206.24
6526.62
6588.28
6554.04
6543.39
6593.8
6642.27
6833.42
6872.97
6890.94
7035.76
7152.88
6742.97
7137.03
7041.27
6894.23
6729.53
6814.76
6785.94
6646.55
6672.69
6495.15
6312.03
6514.72
6661.44
6398.77
6369.28
6209.71
6335.56
6470.74
6304.53
6165.35
6181.06
6015.3
5989.27
5572.09
5457.82
4938.61
5783.15
6197.84
6223.37
5715.92
5672.7
5930.17
6245.18
6529.99
6712.21
6763.38
6061.8
