1688.32
1846.9
1529.65
1865.11
1964.31
1966.29
2088.95
2388.33
2137.59
1982.93
1879.87
2007.12
2025.58
2141.77
2135.27
2329.44
2458.65
2584.21
2194.84
1973.44
1809.54
1945.82
1500.1
1592.74
1253.61
1195.37
1235.3
1125.16
1080.37
1288.11
1098.29
1105.06
1386.31
1221.11
1333.71
1321.26
1321.26
1386.25
1435.88
1396.1
1363.32
1058.14
997.5
1008.64
1038.07
1070.06
1050.04
1024.55
1050.98
1125.06
1410.33
1169.57
1395.79
1447.05
1518.55
1564.47
1484.46
1115.78
1416.09
1201.92
1425.16
1470.53
1448.49
1410.42
1535.65
1669.13
1562.65
1593.6
1816.47
1787.25
1653.95
1856.43
1895.25
1967.28
2092.0
2086.18
2143.52
2310.15
2432.89
3078.91
2829.02
2722.95
3190.12
3229.6
3369.14
4002.88
4326.76
4550.53
4341.74
4286.46
4290.59
4129.54
3865.83
3626.88
3593.41
3597.92
3426.45
3294.08
3245.26
3186.77
3005.01
3097.92
2976.85
2969.83
2686.52
2795.3
2415.25
1992.46
1833.57
1487.34
1433.11
1406.59
1439.05
1606.04
1570.2
1941.41
1974.69
2189.77
2305.64
2612.89
2721.78
2825.89
2835.11
3079.99
2852.93
2542.69
2908.24
3271.99
2883.21
3290.68
3266.62
3315.26
3455.24
3547.35
3774.81
4260.41
3830.49
3784.23
4366.59
3617.29
4111.99
3682.73
4215.21
4351.63
4397.08
4715.64
4938.61
5062.44
5110.86
5219.08
5298.72
5783.15
5408.52
6181.06
6661.44
6407.52
6710.4
6721.08
6693.83
6833.42
6672.69
6646.55
6430.58
6607.13
6508.21
6623.01
6627.43
6642.27
6586.01
6304.53
7268.06
6749.28
6742.97
7035.76
7276.63
7009.56
6923.41
7093.42
7106.01
6979.81
7170.7
7227.96
7137.03
7312.85
7404.61
7573.26
7380.32
7197.5
7041.27
6763.38
7046.57
7222.08
7152.88
6729.53
6785.94
6947.06
7060.6
7630.26
7773.31
8098.16
8144.02
8724.13
8043.71
7736.07
7742.53
7906.6
7993.09
7927.49
7739.86
7245.13
7136.1
7489.2
7866.52
7630.71
7840.31
7832.22
8144.16
8738.72
8516.02
8039.45
8035.2
7773.92
7532.9
7641.77
7213.44
6894.23
7083.49
7227.45
7575.15
7918.53
7703.1
8084.88
8256.28
8465.77
7838.22
8059.65
8001.57
7877.19
8069.81
7830.35
7500.79
7252.4
6826.61
6209.71
6245.18
6318.61
6495.15
5944.87
6446.31
6312.03
6529.99
6742.89
7198.85
7458.99
7341.65
6864.87
6964.01
6814.76
7670.37
7816.44
7677.73
6861.31
6919.59
6839.59
6872.97
7331.73
7086.86
6890.94
6923.6
6712.21
6734.99
6701.36
6588.28
6470.74
6554.04
6593.8
6206.24
5572.09
5457.82
5672.7
6526.62
5984.26
6223.37
6543.39
6165.35
6197.84
6514.72
6061.8
6335.56
6369.28
5989.27
5930.17
5799.24
5228.84
5308.52
5715.92
5860.99
6398.77
6015.3
5300.24
