1562.65
2007.12
2141.77
1606.04
1669.13
2432.89
3078.91
2305.64
2088.95
1653.95
1787.25
1500.1
1410.33
1447.05
1235.3
1592.74
1535.65
1433.11
1321.26
1865.11
1253.61
1879.87
1439.05
1564.47
1410.42
1448.49
1570.2
1416.09
1333.71
1386.25
1125.16
1169.57
1363.32
1201.92
1221.11
1195.37
1098.29
1105.06
1125.06
1050.04
1070.06
997.5
1024.55
1050.98
1038.07
1008.64
1058.14
1080.37
1115.78
1288.11
1406.59
1321.26
1395.79
1396.1
1484.46
1518.55
1435.88
1386.31
1425.16
1487.34
1529.65
1470.53
1941.41
1945.82
1593.6
2310.15
1967.28
1966.29
1833.57
1846.9
1816.47
1856.43
1982.93
1992.46
1688.32
1964.31
2194.84
2415.25
2388.33
2189.77
1974.69
2086.18
2137.59
2584.21
3079.99
3186.77
3190.12
3290.68
3294.08
3597.92
3593.41
4002.88
3097.92
3315.26
3617.29
3369.14
4260.41
4286.46
3682.73
3455.24
3245.26
3229.6
3005.01
2976.85
2883.21
2829.02
2542.69
2135.27
2025.58
1973.44
1895.25
1809.54
2092.0
2329.44
2143.52
2721.78
2458.65
2722.95
2825.89
2612.89
2686.52
2795.3
2852.93
3426.45
3266.62
2969.83
2835.11
2908.24
3271.99
3547.35
3626.88
3784.23
3774.81
3865.83
4129.54
4326.76
3830.49
4111.99
4290.59
4215.21
4341.74
4351.63
4366.59
4397.08
5219.08
5989.27
5944.87
6245.18
5308.52
5672.7
5860.99
5783.15
5572.09
5457.82
6061.8
6446.31
6623.01
6627.43
6693.83
6661.44
6672.69
6312.03
6223.37
6318.61
6206.24
6197.84
6335.56
4938.61
5300.24
4715.64
5298.72
5062.44
5408.52
5799.24
6470.74
6742.97
6864.87
6979.81
7041.27
7046.57
7009.56
7532.9
7816.44
7742.53
7152.88
7227.45
7312.85
7736.07
7773.92
7703.1
7906.6
7838.22
7832.22
7866.52
7840.31
7877.19
7993.09
8084.88
8516.02
8724.13
8098.16
8059.65
8043.71
7927.49
7773.31
7641.77
7670.37
7739.86
8001.57
8465.77
8256.28
8738.72
8144.16
8144.02
8069.81
8039.45
7918.53
8035.2
7677.73
7830.35
7630.71
7500.79
7245.13
7268.06
7222.08
7198.85
7136.1
7106.01
7137.03
7227.96
7213.44
7197.5
7573.26
7093.42
7276.63
7630.26
7489.2
7083.49
7380.32
7060.6
7341.65
7086.86
6872.97
6554.04
6430.58
6495.15
6508.21
5715.92
5110.86
4550.53
5228.84
6165.35
6209.71
6833.42
6894.23
6923.6
7331.73
7404.61
7575.15
7458.99
7252.4
7170.7
7035.76
6839.59
6947.06
6923.41
6919.59
6890.94
6964.01
6861.31
6701.36
6588.28
6712.21
6304.53
6607.13
6785.94
6721.08
6763.38
6729.53
6710.4
6826.61
6646.55
6749.28
6814.76
6543.39
6586.01
6369.28
6642.27
6529.99
6526.62
6593.8
6734.99
6514.72
6181.06
6015.3
5930.17
6407.52
6742.89
6398.77
5984.26
