2092.0
2329.44
1973.44
1895.25
1484.46
1787.25
1833.57
1669.13
1688.32
1535.65
1500.1
1425.16
1406.59
1416.09
1562.65
1653.95
1809.54
1865.11
1592.74
1606.04
1433.11
1253.61
1125.06
1058.14
1050.98
1125.16
1235.3
1080.37
1288.11
1410.33
1410.42
1395.79
1363.32
1386.25
1050.04
1333.71
1321.26
1070.06
1024.55
1038.07
997.5
1008.64
1195.37
1098.29
1115.78
1221.11
1487.34
1105.06
1448.49
1435.88
1396.1
1201.92
1321.26
1169.57
1447.05
1564.47
1593.6
1439.05
1386.31
1470.53
1529.65
1570.2
1964.31
2135.27
1846.9
1816.47
1518.55
1982.93
2137.59
2007.12
1974.69
2025.58
1992.46
2458.65
2883.21
2969.83
2976.85
3229.6
3369.14
3186.77
3005.01
2908.24
2686.52
2721.78
2829.02
2835.11
3097.92
3426.45
3271.99
4129.54
3830.49
3547.35
3290.68
3617.29
3455.24
3266.62
3294.08
2795.3
2415.25
2612.89
2305.64
2189.77
2086.18
1967.28
1966.29
2088.95
1856.43
1879.87
1941.41
1945.82
2194.84
2432.89
2310.15
2542.69
2825.89
2852.93
2722.95
2141.77
2143.52
2388.33
2584.21
3245.26
3315.26
3078.91
3682.73
3626.88
3865.83
4215.21
3784.23
4002.88
4260.41
3597.92
4290.59
3079.99
3190.12
3593.41
3774.81
4351.63
4326.76
4111.99
4286.46
4341.74
4366.59
4715.64
4397.08
4550.53
5110.86
4938.61
5228.84
5062.44
5219.08
5298.72
5300.24
5308.52
5672.7
5989.27
6061.8
6318.61
6335.56
6197.84
5944.87
5860.99
5783.15
6206.24
5930.17
6430.58
6495.15
6607.13
6554.04
6701.36
6672.69
6729.53
6826.61
7009.56
7213.44
7198.85
7227.45
7245.13
7489.2
7276.63
7227.96
7252.4
7404.61
7703.1
7331.73
7312.85
6864.87
7532.9
6890.94
7093.42
7086.86
7106.01
7137.03
7222.08
7573.26
7816.44
7832.22
8144.02
8256.28
8738.72
8724.13
7773.31
7380.32
6833.42
6814.76
6861.31
7170.7
7341.65
7268.06
7742.53
7773.92
8059.65
8043.71
7830.35
7840.31
7906.6
8098.16
8516.02
8465.77
8035.2
8084.88
8144.16
7877.19
8069.81
7927.49
7739.86
7918.53
8039.45
7993.09
8001.57
7866.52
7838.22
7736.07
7630.26
7458.99
7641.77
7630.71
7677.73
7670.37
7575.15
7500.79
7152.88
7041.27
6593.8
6369.28
6398.77
6407.52
5715.92
6470.74
6015.3
6514.72
6742.97
6742.89
6894.23
6919.59
6661.44
6693.83
6839.59
6721.08
6734.99
6763.38
7060.6
7083.49
7035.76
6947.06
6964.01
6785.94
6710.4
6646.55
6586.01
6312.03
5408.52
6165.35
6508.21
7046.57
7136.1
6749.28
6712.21
6872.97
6623.01
6642.27
6446.31
5984.26
6223.37
5799.24
5457.82
5572.09
6209.71
6588.28
6923.6
6979.81
7197.5
6923.41
6543.39
6304.53
6181.06
6526.62
6529.99
6627.43
6245.18
