2137.59
2194.84
2969.83
2310.15
1967.28
1564.47
1529.65
1470.53
1321.26
1195.37
1201.92
1235.3
1448.49
1487.34
1816.47
1518.55
1500.1
1592.74
1535.65
1363.32
1570.2
1098.29
1321.26
1008.64
1024.55
1050.98
1080.37
997.5
1169.57
1125.06
1058.14
1253.61
1406.59
1433.11
1410.42
1425.16
1386.25
1038.07
1221.11
1070.06
1115.78
1050.04
1105.06
1125.16
1288.11
1333.71
1395.79
1386.31
1416.09
1435.88
1447.05
1410.33
1396.1
1439.05
1484.46
1973.44
1846.9
1653.95
1879.87
1992.46
2135.27
2086.18
1964.31
1669.13
1606.04
2088.95
1688.32
1941.41
1945.82
2092.0
2007.12
2415.25
2883.21
3078.91
2432.89
3190.12
2329.44
3097.92
2825.89
2835.11
2721.78
2305.64
2025.58
2143.52
2686.52
2458.65
2852.93
2584.21
2542.69
2908.24
2795.3
3229.6
3245.26
2976.85
3186.77
3079.99
2829.02
2722.95
2141.77
2189.77
1982.93
1865.11
1809.54
1856.43
1593.6
1895.25
1787.25
1562.65
1966.29
1833.57
1974.69
2612.89
2388.33
3005.01
3266.62
3271.99
3294.08
3547.35
4002.88
4326.76
3865.83
3315.26
3369.14
3426.45
3290.68
4111.99
4286.46
3597.92
4366.59
3784.23
4260.41
4129.54
4215.21
3455.24
3774.81
4341.74
4290.59
3830.49
3626.88
3682.73
3617.29
3593.41
4351.63
4397.08
4550.53
4715.64
4938.61
5062.44
5110.86
5219.08
5228.84
5298.72
5300.24
5308.52
5457.82
5860.99
5783.15
5572.09
5715.92
6015.3
5408.52
5989.27
5944.87
5984.26
6335.56
6623.01
6894.23
6826.61
6206.24
6749.28
6742.97
6947.06
7227.96
7252.4
7489.2
7331.73
7276.63
7500.79
7573.26
7877.19
7703.1
7927.49
7866.52
8035.2
8001.57
7742.53
7773.31
7380.32
7152.88
7227.45
6890.94
7086.86
6872.97
6833.42
6701.36
6923.41
7198.85
7670.37
7830.35
8039.45
7739.86
7213.44
6839.59
6529.99
6646.55
6964.01
7404.61
7773.92
7677.73
7106.01
7041.27
7341.65
7575.15
7832.22
7736.07
7630.26
8059.65
8069.81
8098.16
8144.02
8738.72
8084.88
8724.13
8516.02
8465.77
7993.09
7838.22
8144.16
7906.6
8256.28
8043.71
7918.53
7840.31
7816.44
7630.71
7532.9
7458.99
7197.5
7222.08
7312.85
7245.13
7083.49
6861.31
6446.31
6627.43
6593.8
6470.74
6223.37
5930.17
5672.7
6209.71
6543.39
6742.89
7009.56
7137.03
7035.76
6919.59
6785.94
6814.76
6729.53
6710.4
7046.57
6554.04
6864.87
7093.42
7136.1
7641.77
7268.06
7060.6
6979.81
6661.44
6607.13
6398.77
6245.18
6312.03
6734.99
6586.01
6763.38
6672.69
6721.08
6693.83
6712.21
6514.72
6642.27
6588.28
6318.61
6508.21
6304.53
6430.58
5799.24
6181.06
6197.84
6369.28
6061.8
6165.35
6407.52
6526.62
6923.6
7170.7
6495.15
