1974.69
1945.82
1787.25
1895.25
1570.2
1564.47
1833.57
1593.6
1425.16
1050.04
997.5
1058.14
1416.09
1518.55
1941.41
1967.28
1865.11
1964.31
1487.34
1606.04
1535.65
1484.46
1410.33
1447.05
1195.37
1221.11
1435.88
1080.37
1115.78
1288.11
1439.05
1433.11
1125.06
1038.07
1008.64
1070.06
1098.29
1386.25
1333.71
1235.3
1321.26
1024.55
1050.98
1169.57
1386.31
1529.65
1470.53
1410.42
1125.16
1321.26
1406.59
1253.61
1363.32
1105.06
1201.92
1395.79
1500.1
1396.1
1448.49
1592.74
1966.29
2007.12
2415.25
2025.58
2086.18
1669.13
1688.32
1653.95
1809.54
1846.9
1856.43
1992.46
2088.95
2721.78
2329.44
2829.02
2908.24
3078.91
2825.89
1879.87
1562.65
1816.47
2388.33
3369.14
3315.26
2852.93
2432.89
2722.95
2189.77
3079.99
2686.52
2135.27
2194.84
2542.69
2969.83
2835.11
3229.6
3186.77
3190.12
2976.85
2458.65
2305.64
2310.15
2795.3
2584.21
3097.92
2612.89
2141.77
1982.93
2143.52
1973.44
2092.0
2137.59
2883.21
3005.01
3266.62
3245.26
3271.99
3294.08
3593.41
3626.88
3426.45
3290.68
3597.92
3547.35
3455.24
3682.73
3617.29
3865.83
4002.88
3784.23
3830.49
4111.99
3774.81
4215.21
4290.59
4326.76
4260.41
4129.54
4397.08
4366.59
4286.46
4351.63
4341.74
4715.64
5110.86
5228.84
4938.61
4550.53
5062.44
5219.08
5300.24
5298.72
5308.52
5408.52
5572.09
5989.27
6206.24
6586.01
6543.39
6642.27
6529.99
6672.69
6646.55
6701.36
6861.31
6763.38
6209.71
5984.26
5457.82
6430.58
5783.15
6318.61
6661.44
6407.52
7009.56
7035.76
7086.86
7152.88
7575.15
7736.07
8043.71
7840.31
7993.09
7816.44
7677.73
7703.1
7877.19
7630.26
7532.9
7630.71
7276.63
7742.53
7093.42
7458.99
7918.53
8098.16
8516.02
8724.13
8738.72
8256.28
8035.2
7838.22
7573.26
7041.27
7106.01
7197.5
7341.65
7641.77
7489.2
7500.79
7739.86
7136.1
7060.6
7670.37
7773.31
7213.44
8465.77
7830.35
7906.6
7773.92
8069.81
7866.52
8059.65
8039.45
7832.22
7312.85
7198.85
7227.96
7331.73
7170.7
7404.61
8084.88
8144.02
8144.16
7927.49
8001.57
7252.4
7222.08
7245.13
7137.03
6785.94
6495.15
5799.24
5860.99
6061.8
6015.3
5930.17
6245.18
5672.7
6181.06
6607.13
6223.37
6734.99
6742.89
6890.94
6947.06
6894.23
7227.45
6919.59
6964.01
6979.81
7380.32
6923.41
7268.06
7083.49
7046.57
6872.97
6712.21
6742.97
6508.21
6304.53
6165.35
5715.92
5944.87
6369.28
6446.31
6923.6
6864.87
6833.42
6814.76
6721.08
6514.72
6627.43
6729.53
6839.59
6588.28
6623.01
6398.77
6312.03
6470.74
6693.83
6826.61
6749.28
6335.56
6526.62
6710.4
6554.04
6593.8
6197.84
