1945.82
2388.33
1964.31
2542.69
2143.52
2007.12
2584.21
1879.87
1396.1
1966.29
1195.37
1856.43
1974.69
2135.27
2329.44
2721.78
2415.25
2141.77
1973.44
1816.47
1669.13
1895.25
1809.54
1410.33
1333.71
1201.92
1395.79
1410.42
1406.59
1363.32
1386.25
1416.09
1435.88
1235.3
1221.11
1321.26
1169.57
1105.06
1125.06
1038.07
1070.06
1050.04
1098.29
1080.37
1024.55
997.5
1008.64
1058.14
1050.98
1288.11
1570.2
1592.74
1787.25
1470.53
1518.55
1448.49
1425.16
1321.26
1562.65
1386.31
1433.11
1115.78
1253.61
1125.16
1484.46
1606.04
1564.47
1535.65
1593.6
1967.28
1447.05
1833.57
2086.18
3097.92
3186.77
2829.02
2025.58
2686.52
2908.24
3271.99
2976.85
3078.91
2969.83
2883.21
3245.26
3294.08
3229.6
3290.68
3626.88
3865.83
3830.49
4129.54
3784.23
4215.21
4326.76
3455.24
4002.88
3369.14
3079.99
3190.12
2852.93
2825.89
2305.64
2432.89
2189.77
2458.65
2137.59
1500.1
1846.9
1653.95
1865.11
1941.41
1688.32
1439.05
1487.34
1982.93
1529.65
1992.46
2092.0
2088.95
2194.84
2612.89
2310.15
2722.95
2795.3
2835.11
3266.62
3005.01
3426.45
3617.29
4290.59
4111.99
4351.63
3682.73
3315.26
3593.41
3774.81
4366.59
4397.08
4260.41
3547.35
3597.92
4286.46
4341.74
4550.53
4938.61
5062.44
5298.72
5219.08
5408.52
5457.82
5984.26
6061.8
6206.24
6446.31
6646.55
6814.76
6864.87
6923.41
6826.61
6833.42
6526.62
6623.01
6593.8
6554.04
6749.28
6872.97
6693.83
6642.27
6661.44
6742.97
6734.99
6742.89
6861.31
7035.76
7060.6
7136.1
7252.4
7312.85
7739.86
7575.15
7404.61
7046.57
7832.22
7670.37
7703.1
7641.77
7341.65
7227.96
7276.63
7500.79
6979.81
6721.08
6672.69
6763.38
6890.94
7152.88
7532.9
7268.06
7830.35
7677.73
7489.2
7736.07
7458.99
7222.08
7838.22
7816.44
7742.53
7331.73
7137.03
7083.49
7227.45
7245.13
7213.44
7630.26
7773.92
7918.53
8043.71
8035.2
7877.19
7840.31
7866.52
7773.31
7927.49
7993.09
8001.57
8059.65
8098.16
8069.81
8465.77
8738.72
8256.28
8724.13
8516.02
8144.16
8084.88
8144.02
8039.45
7906.6
7630.71
7573.26
7106.01
6701.36
6318.61
6181.06
5989.27
5930.17
5799.24
5860.99
6015.3
6197.84
6304.53
6627.43
6785.94
6839.59
6919.59
7170.7
7198.85
7380.32
7197.5
7041.27
7086.86
7093.42
7009.56
6923.6
6947.06
6894.23
6710.4
6964.01
6729.53
6586.01
6529.99
6470.74
6245.18
6543.39
6712.21
6588.28
6607.13
6165.35
6430.58
6335.56
6369.28
6312.03
6398.77
6407.52
6223.37
5572.09
5715.92
5300.24
4715.64
5228.84
5110.86
5308.52
5672.7
5783.15
6209.71
6495.15
6514.72
6508.21
5944.87
