1967.28
2141.77
1592.74
1606.04
1333.71
1787.25
1982.93
2305.64
2329.44
2388.33
2135.27
1992.46
2189.77
2088.95
2086.18
2025.58
1941.41
1669.13
1562.65
1846.9
1974.69
1973.44
1484.46
1688.32
1416.09
1448.49
1865.11
1653.95
1945.82
1593.6
1470.53
1439.05
1363.32
1288.11
1201.92
1125.16
1105.06
1050.98
997.5
1050.04
1024.55
1038.07
1070.06
1058.14
1008.64
1115.78
1098.29
1080.37
1125.06
1195.37
1425.16
1235.3
1406.59
1500.1
1321.26
1447.05
1570.2
1221.11
1395.79
1253.61
1435.88
1169.57
1386.31
1321.26
1410.33
1433.11
1386.25
1518.55
1410.42
1564.47
1833.57
2415.25
2542.69
2829.02
3078.91
2825.89
2852.93
2976.85
3097.92
3271.99
2908.24
2835.11
2721.78
2194.84
2686.52
2795.3
3547.35
3593.41
3079.99
3186.77
3626.88
3005.01
3245.26
3369.14
3315.26
3426.45
3294.08
3455.24
3597.92
3190.12
3229.6
3266.62
2612.89
2969.83
2584.21
2458.65
2310.15
1966.29
2007.12
1816.47
1535.65
1856.43
1879.87
1895.25
1487.34
1529.65
1396.1
1809.54
1964.31
2092.0
2143.52
2137.59
2432.89
2722.95
2883.21
3290.68
3784.23
4129.54
4290.59
4326.76
4366.59
4550.53
4351.63
4002.88
3830.49
3774.81
3617.29
3682.73
3865.83
4260.41
4341.74
4111.99
4286.46
4397.08
4215.21
5228.84
4938.61
4715.64
5219.08
5300.24
5572.09
5308.52
5408.52
5457.82
5799.24
5930.17
6206.24
6495.15
6369.28
6526.62
6672.69
6407.52
6223.37
6015.3
6209.71
6165.35
6181.06
5984.26
5860.99
6197.84
6642.27
7035.76
7222.08
7041.27
6785.94
6872.97
6923.6
6890.94
7086.86
7093.42
7227.45
7380.32
7832.22
7906.6
7742.53
7458.99
7331.73
7312.85
7213.44
7245.13
7739.86
7877.19
8059.65
8256.28
8039.45
7993.09
8043.71
7866.52
8035.2
8069.81
7840.31
7773.92
7670.37
7703.1
7404.61
7500.79
7268.06
7341.65
7630.26
7641.77
7816.44
8001.57
8084.88
7918.53
8144.02
8465.77
8098.16
8738.72
8516.02
8724.13
8144.16
7838.22
7773.31
7927.49
7736.07
7532.9
7677.73
7630.71
7489.2
7830.35
7573.26
7575.15
7252.4
7276.63
7170.7
7227.96
6947.06
6734.99
6742.89
6749.28
7136.1
7106.01
6627.43
5944.87
5783.15
6312.03
6470.74
6398.77
6430.58
6593.8
6742.97
6894.23
6864.87
6826.61
6833.42
6693.83
6923.41
6729.53
7152.88
6814.76
7060.6
7197.5
7198.85
7137.03
6964.01
7046.57
6839.59
6979.81
7083.49
6919.59
7009.56
6861.31
6763.38
6607.13
6623.01
6588.28
6529.99
6646.55
6701.36
6710.4
6661.44
6586.01
6508.21
6335.56
5715.92
5298.72
5110.86
5062.44
5672.7
6061.8
6543.39
6712.21
6721.08
6554.04
6245.18
5989.27
6304.53
6446.31
6514.72
6318.61
