1967.28
1973.44
1518.55
1833.57
1992.46
2088.95
1816.47
2086.18
1846.9
1964.31
1787.25
1470.53
1941.41
1564.47
1416.09
1386.31
1395.79
1169.57
1235.3
1321.26
1288.11
1321.26
1410.33
1484.46
1688.32
1570.2
2025.58
1974.69
1487.34
1433.11
1363.32
1410.42
1105.06
1098.29
1195.37
1070.06
1024.55
997.5
1050.04
1115.78
1125.06
1008.64
1058.14
1038.07
1080.37
1125.16
1386.25
1050.98
1253.61
1448.49
1669.13
1333.71
1406.59
1201.92
1447.05
1592.74
1966.29
1879.87
1809.54
1535.65
1500.1
1653.95
1435.88
1593.6
1562.65
1606.04
1529.65
1396.1
1425.16
1221.11
1439.05
1865.11
1895.25
1982.93
1856.43
1945.82
2007.12
2137.59
2305.64
2329.44
2143.52
2092.0
2135.27
2388.33
2432.89
2542.69
2415.25
2795.3
2458.65
2976.85
3190.12
2584.21
3097.92
2883.21
3078.91
3005.01
2722.95
2686.52
2141.77
2194.84
2189.77
2310.15
2612.89
2721.78
2908.24
2852.93
2835.11
2825.89
2829.02
3186.77
2969.83
3229.6
3079.99
3245.26
3290.68
3271.99
3426.45
3455.24
4002.88
3774.81
3597.92
3617.29
3369.14
3784.23
3593.41
3294.08
3315.26
3266.62
3547.35
3626.88
3830.49
3865.83
3682.73
4111.99
4290.59
4938.61
5228.84
5110.86
5062.44
4715.64
4550.53
4215.21
4351.63
4326.76
4260.41
4129.54
4286.46
4341.74
4366.59
4397.08
5219.08
5300.24
5298.72
5308.52
5408.52
5572.09
5715.92
6495.15
6693.83
6508.21
6470.74
6197.84
6335.56
6318.61
5799.24
6712.21
6061.8
5672.7
5457.82
5930.17
6661.44
6588.28
6554.04
6181.06
7046.57
7137.03
7198.85
7252.4
7106.01
7152.88
7197.5
7404.61
7380.32
7773.31
7331.73
7773.92
7838.22
8084.88
7993.09
8256.28
8098.16
8516.02
8144.16
8043.71
7927.49
7877.19
8039.45
7918.53
7866.52
8001.57
7341.65
7739.86
7227.45
7170.7
7083.49
7060.6
7227.96
7736.07
7830.35
7742.53
7677.73
7670.37
7500.79
7816.44
8035.2
8069.81
8144.02
8738.72
8724.13
8465.77
8059.65
7906.6
7840.31
7832.22
7641.77
7575.15
7489.2
7630.71
7630.26
7703.1
7573.26
7276.63
7093.42
7222.08
7035.76
7532.9
6861.31
6947.06
6839.59
6872.97
7458.99
7213.44
6593.8
5860.99
6245.18
6398.77
6304.53
5944.87
6890.94
6642.27
7009.56
7268.06
7312.85
6979.81
6672.69
6543.39
6586.01
6514.72
6206.24
6223.37
6165.35
6015.3
5989.27
5783.15
6430.58
6446.31
6749.28
6923.6
6964.01
6923.41
6701.36
7245.13
7136.1
6785.94
7086.86
6919.59
6814.76
6627.43
6710.4
6646.55
6742.89
6734.99
6833.42
7041.27
6607.13
6864.87
6826.61
6729.53
6894.23
6529.99
6526.62
6369.28
6209.71
6312.03
6407.52
6623.01
6742.97
6721.08
6763.38
5984.26
