1856.43
1941.41
1416.09
1846.9
1787.25
1895.25
1439.05
1321.26
1433.11
1470.53
1321.26
1169.57
1396.1
1386.31
1425.16
1395.79
1333.71
1125.16
1201.92
1235.3
1447.05
1653.95
1570.2
1833.57
1484.46
1410.33
1518.55
1529.65
1592.74
1688.32
1435.88
1535.65
1562.65
1500.1
1410.42
1253.61
1125.06
1050.98
997.5
1024.55
1050.04
1008.64
1098.29
1105.06
1070.06
1115.78
1195.37
1080.37
1058.14
1038.07
1221.11
1386.25
1288.11
1406.59
1973.44
2007.12
1992.46
1966.29
1879.87
1606.04
1809.54
1593.6
1669.13
1363.32
1816.47
1448.49
1487.34
1564.47
1865.11
1945.82
1964.31
2135.27
2835.11
3593.41
3547.35
3290.68
3266.62
3426.45
3626.88
3455.24
2852.93
2310.15
2086.18
2432.89
2721.78
2686.52
2908.24
3097.92
3271.99
3005.01
3186.77
2883.21
2795.3
2969.83
3190.12
3229.6
3597.92
3078.91
3079.99
2829.02
2305.64
2825.89
2458.65
3245.26
3294.08
3315.26
2722.95
2415.25
2092.0
2612.89
2141.77
2189.77
2542.69
2137.59
2143.52
2025.58
1967.28
1982.93
2088.95
1974.69
2329.44
2194.84
2388.33
2584.21
2976.85
3369.14
3617.29
3774.81
4111.99
3682.73
4715.64
4286.46
4215.21
3830.49
3784.23
4341.74
4351.63
4366.59
4290.59
4260.41
4002.88
3865.83
4129.54
4326.76
4550.53
4938.61
5228.84
4397.08
5062.44
5219.08
5110.86
5298.72
5300.24
5408.52
5783.15
5984.26
6181.06
6734.99
6839.59
6693.83
6742.89
6672.69
6627.43
6661.44
6470.74
6407.52
6701.36
6430.58
6508.21
6312.03
6593.8
6749.28
6785.94
6864.87
6833.42
7086.86
7046.57
7213.44
7276.63
7312.85
7380.32
7227.45
7341.65
7268.06
7252.4
7222.08
7093.42
7106.01
6919.59
6947.06
7083.49
7035.76
6964.01
7009.56
7137.03
7198.85
7404.61
7489.2
7830.35
7630.71
7877.19
7736.07
7575.15
7773.92
7866.52
8039.45
7927.49
8256.28
8144.16
8516.02
8043.71
8738.72
8724.13
8144.02
7840.31
7838.22
8098.16
8084.88
8465.77
8035.2
8069.81
8001.57
7532.9
7906.6
8059.65
7816.44
7670.37
7993.09
7573.26
7918.53
7832.22
7773.31
7739.86
7500.79
7703.1
7641.77
7677.73
7742.53
7331.73
7227.96
7136.1
6872.97
6814.76
6015.3
6061.8
6495.15
6318.61
5672.7
6335.56
5308.52
5989.27
6245.18
6526.62
6588.28
6642.27
6712.21
6554.04
6763.38
6890.94
6529.99
6861.31
6721.08
6826.61
6894.23
6979.81
7041.27
7152.88
6923.6
7060.6
6923.41
6710.4
6586.01
6543.39
6446.31
6729.53
7197.5
7458.99
7630.26
7245.13
7170.7
6514.72
6398.77
6607.13
6304.53
5799.24
5572.09
5457.82
5860.99
5930.17
5715.92
6206.24
6197.84
6165.35
6223.37
6209.71
6369.28
6646.55
6623.01
6742.97
5944.87
