1396.1
1410.42
1386.31
1484.46
1447.05
1439.05
1435.88
1606.04
1856.43
1448.49
1433.11
1321.26
1425.16
1966.29
1688.32
1518.55
2141.77
1973.44
1992.46
1967.28
1809.54
1487.34
1395.79
1235.3
1500.1
1288.11
1941.41
1879.87
1406.59
1253.61
1125.16
1169.57
1363.32
1570.2
1221.11
1070.06
1024.55
1098.29
1125.06
1050.98
1080.37
997.5
1058.14
1008.64
1050.04
1038.07
1105.06
1115.78
1201.92
1816.47
1846.9
1833.57
1564.47
1386.25
1787.25
1562.65
1529.65
1535.65
1653.95
1195.37
1945.82
1321.26
1410.33
1333.71
1593.6
1964.31
1669.13
1470.53
1416.09
1592.74
1865.11
1982.93
1895.25
2310.15
2825.89
2305.64
2086.18
2432.89
2025.58
2007.12
2088.95
2969.83
2976.85
3266.62
3626.88
3547.35
3682.73
3593.41
3455.24
3617.29
3426.45
3315.26
2883.21
3005.01
3186.77
2329.44
3290.68
3229.6
2908.24
2686.52
2584.21
3245.26
3078.91
3079.99
2852.93
2795.3
2415.25
2612.89
3190.12
2458.65
2137.59
2143.52
2135.27
2194.84
2721.78
2722.95
1974.69
2092.0
2835.11
2189.77
2829.02
2542.69
2388.33
3097.92
3369.14
3271.99
3294.08
3597.92
3774.81
3784.23
4111.99
4215.21
4002.88
4326.76
4341.74
4351.63
4260.41
4286.46
4290.59
4366.59
4397.08
3865.83
3830.49
4129.54
4550.53
4715.64
4938.61
5110.86
5062.44
5228.84
5219.08
5308.52
5300.24
5672.7
5984.26
6181.06
6206.24
6318.61
6446.31
6209.71
6588.28
6407.52
6398.77
6430.58
6586.01
6979.81
7213.44
7137.03
6734.99
6508.21
6721.08
7035.76
7136.1
6964.01
7106.01
7086.86
7009.56
7197.5
7245.13
7227.96
7380.32
7575.15
7670.37
7927.49
7993.09
7816.44
7630.26
7773.31
7458.99
7331.73
7739.86
7830.35
7404.61
7677.73
7227.45
7276.63
7532.9
8001.57
8043.71
8069.81
7877.19
7489.2
7222.08
7041.27
6864.87
6947.06
6894.23
7060.6
7198.85
7341.65
7703.1
8039.45
8084.88
8144.16
8465.77
8256.28
8516.02
8738.72
8724.13
8144.02
8098.16
7918.53
7742.53
7252.4
7573.26
7312.85
7268.06
7500.79
7736.07
8059.65
8035.2
7838.22
7641.77
7773.92
7866.52
7906.6
7840.31
7630.71
7832.22
7152.88
7170.7
6872.97
6661.44
5930.17
5783.15
5860.99
5944.87
5457.82
6223.37
5572.09
6197.84
6304.53
6015.3
6061.8
5799.24
5408.52
6165.35
6245.18
6470.74
6312.03
6335.56
6514.72
6701.36
6554.04
6729.53
6923.6
7083.49
7093.42
6919.59
6923.41
6763.38
6833.42
6839.59
6529.99
6672.69
7046.57
6642.27
6646.55
6495.15
6369.28
6826.61
6623.01
6785.94
6890.94
6749.28
6814.76
6742.97
6593.8
6607.13
6543.39
6710.4
6627.43
6693.83
6526.62
6861.31
6742.89
6712.21
5989.27
5715.92
5298.72
