1966.29
2829.02
2137.59
2143.52
1816.47
1529.65
1669.13
1410.42
1333.71
1363.32
1169.57
1386.25
1562.65
1606.04
1593.6
1470.53
1535.65
1484.46
1433.11
1435.88
1395.79
1448.49
1410.33
1439.05
1487.34
1846.9
1895.25
1787.25
1833.57
1564.47
1396.1
1221.11
1125.16
1195.37
1098.29
1070.06
1050.98
1050.04
1024.55
1008.64
1038.07
997.5
1058.14
1105.06
1125.06
1080.37
1321.26
1115.78
1201.92
1518.55
1688.32
1416.09
1856.43
1653.95
1974.69
1992.46
1809.54
1425.16
1406.59
1321.26
1386.31
1288.11
1253.61
1235.3
1447.05
1500.1
1570.2
1964.31
1592.74
2007.12
1941.41
1879.87
1973.44
2135.27
2086.18
2141.77
2194.84
2686.52
2722.95
3190.12
3245.26
3266.62
3597.92
3682.73
3774.81
3369.14
3186.77
2976.85
1945.82
1865.11
2088.95
3097.92
3078.91
3294.08
3830.49
3426.45
3271.99
3229.6
2825.89
2721.78
2432.89
2612.89
2388.33
2883.21
2305.64
2415.25
2189.77
2025.58
1967.28
1982.93
2092.0
2310.15
2329.44
2458.65
2795.3
2852.93
2542.69
2584.21
2969.83
2908.24
2835.11
3079.99
3005.01
3315.26
3455.24
3290.68
3593.41
3547.35
3617.29
3626.88
4260.41
4129.54
4111.99
4002.88
4215.21
4290.59
4326.76
4341.74
4351.63
4366.59
3865.83
3784.23
4286.46
4397.08
4550.53
4715.64
4938.61
5062.44
5219.08
5228.84
5110.86
5298.72
5308.52
5408.52
6181.06
6015.3
5860.99
6646.55
6864.87
6826.61
7086.86
7093.42
6861.31
6833.42
6742.89
6672.69
6712.21
6508.21
6245.18
6304.53
6526.62
6593.8
6701.36
6785.94
6947.06
7331.73
7500.79
7341.65
7268.06
7227.96
7152.88
7213.44
7252.4
7458.99
7222.08
7575.15
7137.03
7009.56
7060.6
7312.85
7630.26
7739.86
7773.31
8039.45
7918.53
8084.88
7877.19
8256.28
7832.22
8144.16
7816.44
7573.26
7670.37
7489.2
7404.61
7677.73
7245.13
7227.45
7276.63
7046.57
7197.5
7641.77
8059.65
7736.07
7380.32
7532.9
8724.13
8738.72
8465.77
8043.71
8098.16
8035.2
7830.35
7866.52
7742.53
7703.1
7927.49
8516.02
7840.31
8144.02
7993.09
8001.57
7906.6
8069.81
7838.22
7773.92
7630.71
7198.85
7136.1
7106.01
6919.59
6734.99
6749.28
6407.52
6514.72
6209.71
6312.03
5457.82
5572.09
5715.92
5930.17
6165.35
6586.01
6398.77
5944.87
6446.31
5672.7
5799.24
6061.8
5989.27
6318.61
6369.28
6543.39
6627.43
6729.53
6763.38
6890.94
6923.41
6923.6
6979.81
6894.23
6872.97
6964.01
7041.27
7083.49
7170.7
7035.76
6839.59
6661.44
6607.13
6554.04
5783.15
6335.56
6588.28
6223.37
6710.4
6206.24
6430.58
5984.26
5300.24
6495.15
6742.97
6693.83
6529.99
6197.84
6623.01
6721.08
6814.76
6642.27
6470.74
