2135.27
2612.89
1967.28
1529.65
1321.26
1386.31
1592.74
1982.93
1816.47
1974.69
1846.9
1653.95
1787.25
1879.87
1945.82
1964.31
1973.44
1895.25
1688.32
1410.33
1439.05
1425.16
1406.59
1564.47
1410.42
1470.53
1435.88
1253.61
1333.71
1363.32
1396.1
1288.11
1105.06
1038.07
1058.14
1050.98
1024.55
1448.49
1050.04
1098.29
1080.37
1008.64
997.5
1070.06
1386.25
1169.57
1201.92
1115.78
1195.37
1125.16
1235.3
1125.06
1221.11
1321.26
1416.09
1500.1
1484.46
1395.79
1447.05
1433.11
1562.65
1570.2
1487.34
1669.13
1809.54
1966.29
1992.46
2388.33
2143.52
2086.18
2141.77
2584.21
2310.15
2137.59
2329.44
1941.41
2025.58
2415.25
2542.69
2092.0
2432.89
2908.24
2829.02
2795.3
2852.93
2976.85
2722.95
3290.68
3597.92
3547.35
3426.45
3078.91
3079.99
3245.26
3294.08
3593.41
3315.26
3266.62
3186.77
2835.11
2721.78
2686.52
2305.64
2458.65
2825.89
2194.84
1606.04
1856.43
1535.65
1518.55
1593.6
1865.11
1833.57
2088.95
2189.77
2969.83
2007.12
2883.21
3005.01
3097.92
3190.12
3229.6
3369.14
3626.88
4215.21
3774.81
4002.88
4290.59
3865.83
5062.44
4351.63
4715.64
4366.59
4286.46
4260.41
4111.99
3455.24
3784.23
3682.73
4129.54
4326.76
4341.74
3830.49
3271.99
3617.29
4938.61
5298.72
5110.86
4397.08
4550.53
5219.08
5228.84
5308.52
5300.24
5408.52
5457.82
5944.87
6554.04
6661.44
6398.77
6430.58
6701.36
6245.18
6335.56
5799.24
5672.7
5860.99
5572.09
5930.17
5715.92
6623.01
5989.27
6470.74
5984.26
6588.28
6729.53
7137.03
7380.32
7341.65
7197.5
7245.13
7458.99
7773.92
7918.53
7993.09
8043.71
7927.49
7906.6
7742.53
7677.73
7773.31
7575.15
7736.07
7670.37
7703.1
7739.86
7830.35
8001.57
8084.88
8144.16
7838.22
7641.77
7331.73
7198.85
7268.06
7630.71
7532.9
7816.44
7866.52
7840.31
7877.19
8069.81
8035.2
8039.45
8516.02
8098.16
8724.13
8738.72
8256.28
8465.77
8144.02
8059.65
7832.22
7630.26
7227.45
7060.6
7106.01
7213.44
7222.08
7500.79
7312.85
7489.2
7252.4
7573.26
7152.88
7404.61
7276.63
7227.96
7170.7
7086.86
7046.57
6890.94
6593.8
6514.72
6693.83
6304.53
6864.87
6543.39
6919.59
6923.6
7041.27
7136.1
7083.49
7035.76
6872.97
6586.01
6672.69
6061.8
6526.62
6165.35
6197.84
6529.99
7009.56
6979.81
6947.06
7093.42
6894.23
6833.42
6749.28
6734.99
6785.94
6627.43
6446.31
6223.37
6742.97
6721.08
6814.76
6923.41
6964.01
6826.61
6861.31
6607.13
6312.03
6839.59
6318.61
6369.28
6495.15
6407.52
6508.21
6015.3
6710.4
6763.38
6646.55
6181.06
5783.15
6206.24
6712.21
6742.89
6642.27
6209.71
