1982.93
2135.27
1992.46
1941.41
1470.53
1487.34
1570.2
1653.95
1447.05
1221.11
1321.26
1406.59
1846.9
1973.44
2025.58
1945.82
1484.46
1321.26
1105.06
1592.74
1098.29
1606.04
1425.16
1879.87
1448.49
1895.25
1856.43
1809.54
1518.55
1562.65
1410.42
1410.33
1080.37
1201.92
1050.98
1433.11
1395.79
1333.71
1038.07
1125.16
1115.78
1024.55
1050.04
1070.06
1288.11
997.5
1363.32
1008.64
1195.37
1416.09
1564.47
1439.05
1253.61
1169.57
1386.31
1688.32
1435.88
1529.65
1535.65
1816.47
1833.57
1787.25
1500.1
1058.14
1125.06
1865.11
1593.6
1396.1
1235.3
1386.25
1669.13
1966.29
2388.33
2542.69
2722.95
2415.25
2976.85
3078.91
3294.08
3190.12
3229.6
3097.92
3186.77
3290.68
3547.35
3245.26
3005.01
2908.24
3079.99
3426.45
3617.29
3626.88
3774.81
3865.83
3597.92
3369.14
3315.26
2825.89
2835.11
2458.65
2088.95
2007.12
2092.0
2143.52
2686.52
2852.93
2829.02
2795.3
2329.44
2194.84
1967.28
1964.31
2086.18
1974.69
2137.59
2612.89
2310.15
2141.77
2432.89
2189.77
2305.64
2584.21
2721.78
2883.21
2969.83
3266.62
3271.99
3593.41
3784.23
4002.88
4286.46
4215.21
3830.49
3455.24
3682.73
4129.54
4397.08
5228.84
4111.99
5110.86
4260.41
4326.76
4366.59
4715.64
4550.53
4341.74
4938.61
4290.59
4351.63
5062.44
5308.52
5298.72
5300.24
5219.08
5408.52
5783.15
6470.74
7083.49
6833.42
6894.23
7060.6
6872.97
6923.6
6923.41
6642.27
6245.18
6430.58
5672.7
5930.17
5457.82
5799.24
6165.35
6526.62
6588.28
6661.44
6586.01
6701.36
6749.28
6979.81
6947.06
7093.42
7152.88
7227.45
7341.65
7458.99
7331.73
7573.26
8256.28
7736.07
7927.49
8069.81
7773.92
7773.31
7630.26
7742.53
7816.44
7838.22
7918.53
8039.45
7866.52
7739.86
7641.77
7670.37
7532.9
7630.71
7830.35
8035.2
8084.88
8043.71
8098.16
7993.09
8001.57
7703.1
7840.31
7906.6
8059.65
8144.16
8738.72
8724.13
8516.02
8144.02
8465.77
7832.22
7877.19
7677.73
7489.2
7404.61
7500.79
7380.32
7575.15
7197.5
7252.4
7222.08
7227.96
7245.13
7276.63
7268.06
7198.85
7136.1
7106.01
7086.86
7009.56
6742.89
6446.31
6206.24
6181.06
5944.87
5860.99
6061.8
5572.09
5989.27
6529.99
6623.01
6763.38
6864.87
7312.85
7170.7
7213.44
7137.03
7035.76
6890.94
6919.59
6964.01
6785.94
6693.83
6826.61
7046.57
6593.8
6839.59
6672.69
6729.53
6398.77
6543.39
6197.84
6646.55
6721.08
6710.4
6814.76
6742.97
6554.04
6734.99
6312.03
6335.56
6495.15
6607.13
6627.43
6318.61
6223.37
6015.3
5984.26
5715.92
6304.53
6407.52
6508.21
6369.28
6209.71
7041.27
6712.21
6861.31
6514.72
