2137.59
2388.33
1964.31
1966.29
1669.13
1945.82
1846.9
1593.6
1425.16
1433.11
1410.33
1386.31
1395.79
1410.42
1439.05
1787.25
1809.54
1974.69
1435.88
1406.59
1321.26
1080.37
1050.98
1008.64
1024.55
1125.16
1253.61
1105.06
1125.06
1169.57
1235.3
1038.07
1201.92
1321.26
997.5
1221.11
1195.37
1050.04
1115.78
1070.06
1098.29
1058.14
1333.71
1288.11
1386.25
1363.32
1396.1
1416.09
1447.05
1816.47
1529.65
1982.93
1895.25
1564.47
1470.53
1484.46
1535.65
1606.04
1653.95
1688.32
2025.58
1500.1
2542.69
2194.84
2135.27
1992.46
1518.55
1865.11
1592.74
1570.2
1487.34
1562.65
1879.87
2088.95
2584.21
2189.77
2458.65
3079.99
2432.89
3078.91
2415.25
2976.85
2329.44
2829.02
3245.26
2825.89
2305.64
2141.77
2143.52
2908.24
3005.01
2722.95
2721.78
2686.52
2852.93
3229.6
3266.62
2969.83
2795.3
2092.0
1941.41
1856.43
1448.49
1833.57
1973.44
2007.12
1967.28
2086.18
2310.15
2612.89
3186.77
3190.12
2835.11
2883.21
3097.92
3426.45
3290.68
3271.99
3315.26
3294.08
3369.14
3617.29
3455.24
3597.92
3682.73
3593.41
3774.81
3784.23
3830.49
4002.88
4129.54
4341.74
4397.08
4290.59
4111.99
3547.35
3626.88
5219.08
5298.72
4215.21
3865.83
4351.63
4938.61
4366.59
4550.53
4715.64
5062.44
4260.41
5308.52
4286.46
4326.76
5110.86
5228.84
5300.24
5408.52
5715.92
6209.71
6593.8
6693.83
6861.31
6814.76
6749.28
6529.99
6586.01
6245.18
6369.28
6495.15
5457.82
5783.15
5799.24
5944.87
6335.56
6318.61
6588.28
6890.94
6947.06
7137.03
7227.45
7500.79
7816.44
7575.15
8144.16
7906.6
8516.02
8724.13
8738.72
8059.65
7927.49
7918.53
7877.19
7773.31
7268.06
7198.85
7060.6
7136.1
7331.73
7641.77
7736.07
7670.37
7832.22
7573.26
8084.88
6672.69
6642.27
6407.52
6526.62
6627.43
6894.23
7170.7
7252.4
7312.85
7630.26
8256.28
7276.63
7838.22
8043.71
8098.16
8465.77
8001.57
7993.09
8144.02
7866.52
8035.2
8039.45
7830.35
7489.2
7532.9
7739.86
7677.73
7840.31
7227.96
7404.61
7213.44
7341.65
7152.88
7458.99
8069.81
7703.1
7773.92
7742.53
7630.71
7380.32
7245.13
6964.01
6864.87
7035.76
6839.59
6742.97
6923.6
6430.58
6661.44
6979.81
7197.5
7046.57
7093.42
6833.42
6923.41
7106.01
7222.08
6763.38
7009.56
6543.39
6398.77
6446.31
5672.7
5860.99
5989.27
5572.09
5984.26
6015.3
6181.06
6197.84
6223.37
6165.35
6470.74
6646.55
6554.04
6785.94
6712.21
6872.97
6742.89
6701.36
6919.59
7041.27
7083.49
7086.86
6826.61
6734.99
6729.53
6607.13
6721.08
6710.4
6623.01
6508.21
5930.17
6061.8
6304.53
6312.03
6514.72
6206.24
