1593.6
2584.21
2795.3
2721.78
1856.43
1535.65
2007.12
2329.44
2189.77
2141.77
1787.25
1386.31
1321.26
1321.26
1125.16
1115.78
1395.79
1333.71
1410.42
1288.11
1235.3
1195.37
1098.29
1253.61
1221.11
1447.05
1846.9
1518.55
1570.2
2143.52
1500.1
1606.04
1809.54
1410.33
1201.92
1169.57
1058.14
1038.07
1050.04
1024.55
997.5
1008.64
1050.98
1070.06
1080.37
1105.06
1396.1
1865.11
2835.11
2092.0
2852.93
1448.49
2686.52
2829.02
1941.41
1433.11
1435.88
1416.09
1125.06
1363.32
1386.25
1406.59
1425.16
1529.65
1879.87
2722.95
2883.21
2415.25
2194.84
1982.93
1964.31
1967.28
1966.29
2612.89
2825.89
2305.64
2969.83
2542.69
1992.46
1974.69
1833.57
1688.32
1973.44
2137.59
2310.15
3186.77
3079.99
2908.24
3005.01
3266.62
3290.68
3547.35
3369.14
3626.88
3597.92
3593.41
3315.26
3229.6
3078.91
2432.89
2135.27
2388.33
1439.05
1653.95
2088.95
2025.58
2086.18
1895.25
1564.47
1470.53
1487.34
1484.46
1562.65
1945.82
1592.74
1669.13
1816.47
2458.65
2976.85
3097.92
3245.26
3271.99
3294.08
3426.45
3455.24
3190.12
3682.73
3617.29
3774.81
3830.49
4215.21
3865.83
4129.54
4002.88
4260.41
4290.59
4111.99
4341.74
4366.59
4397.08
4351.63
3784.23
4326.76
4286.46
4550.53
5062.44
5219.08
4938.61
4715.64
5110.86
5715.92
5308.52
5457.82
5300.24
5298.72
5572.09
5930.17
6430.58
6710.4
6826.61
6947.06
6890.94
6514.72
6588.28
6864.87
7773.31
7742.53
7198.85
7035.76
7489.2
7630.26
7341.65
7222.08
7227.45
7331.73
6729.53
7227.96
7060.6
7009.56
7458.99
7703.1
7670.37
7736.07
7840.31
7041.27
7213.44
7106.01
7630.71
7152.88
7532.9
7575.15
7312.85
7252.4
7093.42
6923.6
6894.23
6923.41
7404.61
7197.5
7083.49
6839.59
6814.76
6763.38
6861.31
6919.59
6721.08
6749.28
6872.97
6712.21
7380.32
7268.06
7838.22
8035.2
8059.65
8144.02
8001.57
8069.81
8738.72
8144.16
8098.16
7866.52
7170.7
6661.44
6742.97
7136.1
7500.79
7906.6
8256.28
8465.77
8084.88
7993.09
7918.53
8039.45
8724.13
8043.71
8516.02
7927.49
7739.86
7816.44
7677.73
7773.92
7573.26
7046.57
6526.62
6734.99
6495.15
6607.13
5984.26
6165.35
6223.37
6627.43
6646.55
6529.99
6369.28
6335.56
6209.71
6470.74
6672.69
6318.61
6593.8
6742.89
6785.94
7086.86
6979.81
7276.63
7877.19
7830.35
7832.22
7641.77
7245.13
7137.03
6964.01
6833.42
6623.01
6701.36
6693.83
6642.27
6554.04
6543.39
6407.52
6398.77
5944.87
5799.24
5783.15
5408.52
5860.99
5672.7
5989.27
6015.3
6245.18
6508.21
6586.01
6446.31
6304.53
6206.24
6061.8
6197.84
6312.03
6181.06
5228.84
