1992.46
2686.52
1941.41
1856.43
1470.53
1410.33
1435.88
1321.26
1396.1
1395.79
1518.55
1562.65
1669.13
1945.82
1787.25
1593.6
1487.34
1535.65
1653.95
1500.1
1439.05
1333.71
1169.57
1253.61
1125.16
1201.92
1386.25
1321.26
1221.11
1447.05
1416.09
1115.78
1288.11
1410.42
1363.32
1406.59
1125.06
1038.07
1024.55
1050.04
1098.29
1058.14
1050.98
997.5
1008.64
1070.06
1235.3
1080.37
1105.06
1195.37
1386.31
1433.11
1816.47
1846.9
2088.95
2305.64
3229.6
2976.85
1964.31
2007.12
1688.32
1425.16
1484.46
1529.65
1564.47
1570.2
1865.11
1973.44
1966.29
1833.57
1967.28
1809.54
1879.87
2086.18
2135.27
2143.52
2458.65
2329.44
2722.95
2584.21
3271.99
2835.11
2194.84
2852.93
2189.77
2883.21
3079.99
3078.91
2137.59
3266.62
3190.12
2415.25
2721.78
2825.89
2432.89
2388.33
2795.3
2141.77
2310.15
2025.58
1895.25
1606.04
1592.74
2908.24
2612.89
2829.02
1448.49
1974.69
1982.93
2092.0
2542.69
2969.83
3097.92
3005.01
3186.77
3245.26
3290.68
3294.08
3455.24
3626.88
3593.41
3617.29
3315.26
3426.45
3369.14
4002.88
4326.76
4260.41
3682.73
3774.81
4129.54
4341.74
4550.53
4366.59
4397.08
4351.63
4290.59
4215.21
4111.99
3865.83
3597.92
3547.35
3784.23
3830.49
4286.46
4715.64
5062.44
4938.61
5110.86
5219.08
5228.84
5298.72
5300.24
5308.52
5572.09
6312.03
6197.84
6785.94
6646.55
6607.13
6701.36
6593.8
6890.94
6721.08
6833.42
7170.7
7312.85
6529.99
6712.21
6223.37
6554.04
6919.59
7227.45
7404.61
7380.32
7458.99
7630.71
7830.35
8035.2
8084.88
8059.65
7877.19
8069.81
7918.53
7816.44
7341.65
7500.79
7222.08
7106.01
7152.88
6749.28
6672.69
6398.77
5799.24
5989.27
6206.24
6526.62
6947.06
7136.1
7532.9
7227.96
7213.44
7041.27
6729.53
6693.83
6923.41
7083.49
7276.63
7268.06
7489.2
7573.26
7575.15
7677.73
7703.1
7866.52
7927.49
8465.77
8001.57
8043.71
7993.09
7641.77
8256.28
7245.13
8144.02
7773.92
7840.31
7773.31
7742.53
8039.45
8724.13
8144.16
8516.02
8738.72
8098.16
7906.6
7838.22
7832.22
7670.37
7736.07
7739.86
7630.26
7331.73
7252.4
6586.01
6734.99
6894.23
6446.31
6209.71
6407.52
5715.92
6627.43
7035.76
7093.42
6979.81
7060.6
6923.6
7009.56
7198.85
7197.5
7046.57
6861.31
6661.44
6742.97
6763.38
6710.4
7086.86
7137.03
6623.01
6495.15
6304.53
5930.17
6318.61
5944.87
5860.99
5984.26
6015.3
6335.56
6964.01
6864.87
6826.61
6814.76
6508.21
6642.27
6588.28
6470.74
6245.18
6061.8
6430.58
6514.72
6369.28
6165.35
6181.06
5408.52
5672.7
5457.82
6543.39
6839.59
6742.89
6872.97
5783.15
