2795.3
2852.93
1669.13
1562.65
1363.32
1321.26
1406.59
1201.92
1966.29
1570.2
1564.47
1321.26
1433.11
1879.87
1439.05
1593.6
1410.33
1535.65
1448.49
1500.1
1518.55
1688.32
1410.42
1386.31
1333.71
1487.34
1592.74
1386.25
1395.79
1435.88
1416.09
1396.1
1288.11
1125.16
1058.14
1115.78
1080.37
1070.06
1050.98
1125.06
1195.37
997.5
1105.06
1050.04
1008.64
1038.07
1098.29
1024.55
1169.57
1253.61
1447.05
1235.3
1484.46
1221.11
1425.16
1470.53
1653.95
1606.04
1816.47
1529.65
1856.43
1967.28
1895.25
2143.52
1964.31
2329.44
1809.54
1846.9
1865.11
1945.82
1787.25
2086.18
2722.95
2976.85
3005.01
2835.11
3097.92
2883.21
2829.02
2432.89
2092.0
1973.44
2088.95
2969.83
2908.24
2135.27
1833.57
2721.78
3186.77
3369.14
3455.24
3294.08
3078.91
3245.26
3271.99
3290.68
3229.6
2825.89
2612.89
2310.15
1974.69
1982.93
2007.12
2458.65
2194.84
2584.21
2542.69
2415.25
2137.59
2141.77
2305.64
2388.33
2189.77
2025.58
1992.46
2686.52
1941.41
3079.99
3190.12
3266.62
3315.26
3626.88
3426.45
3547.35
3593.41
3597.92
3784.23
3617.29
4111.99
4215.21
4397.08
4260.41
3830.49
3682.73
4002.88
4290.59
3865.83
4129.54
3774.81
4286.46
4326.76
4341.74
4351.63
4366.59
4550.53
4715.64
4938.61
5062.44
5110.86
5219.08
5228.84
5408.52
5572.09
5672.7
6015.3
6526.62
6407.52
7227.96
7312.85
7213.44
7137.03
7083.49
7198.85
7060.6
6642.27
6693.83
6430.58
6209.71
6588.28
7222.08
7630.71
7532.9
7677.73
7641.77
7573.26
7500.79
7268.06
7458.99
7380.32
7276.63
7670.37
7742.53
7736.07
7703.1
7331.73
7252.4
6304.53
7152.88
6607.13
6627.43
6672.69
6763.38
7009.56
7106.01
6529.99
6833.42
6890.94
7093.42
7136.1
7227.45
7170.7
7035.76
6623.01
6245.18
6197.84
6495.15
6721.08
6947.06
7575.15
7630.26
7341.65
7739.86
7245.13
7404.61
7840.31
8724.13
8738.72
8001.57
7830.35
8144.16
8465.77
8516.02
7993.09
8035.2
7866.52
7816.44
7773.31
7838.22
7832.22
8069.81
8084.88
7906.6
8144.02
8256.28
8043.71
8098.16
8039.45
7918.53
8059.65
7877.19
7927.49
7773.92
7489.2
6742.97
6312.03
6398.77
5944.87
5298.72
5930.17
5783.15
6554.04
6919.59
6826.61
6586.01
6223.37
5989.27
6181.06
6508.21
6646.55
6785.94
6979.81
7041.27
7046.57
6964.01
6749.28
6861.31
7086.86
6872.97
6814.76
6839.59
6661.44
6734.99
6923.41
6543.39
6894.23
6710.4
6742.89
6864.87
6701.36
6318.61
6369.28
5715.92
5984.26
5799.24
5457.82
5308.52
5300.24
5860.99
6165.35
6335.56
6729.53
6923.6
6470.74
6593.8
6061.8
6206.24
6514.72
6712.21
7197.5
6446.31
