1809.54
2088.95
1487.34
1406.59
1321.26
1125.06
1846.9
1865.11
1879.87
1396.1
1038.07
1008.64
1973.44
1992.46
1050.04
1425.16
1169.57
1395.79
1439.05
1518.55
1321.26
1410.33
1098.29
1221.11
1363.32
1593.6
1688.32
1653.95
1669.13
1945.82
1856.43
1941.41
1895.25
1592.74
1606.04
1500.1
1433.11
1386.25
1125.16
1058.14
1050.98
997.5
1115.78
1024.55
1288.11
1105.06
1410.42
1253.61
1416.09
1787.25
1570.2
1448.49
1484.46
1435.88
1833.57
1564.47
1470.53
1201.92
1080.37
1070.06
1195.37
1333.71
1235.3
1386.31
1447.05
1529.65
1535.65
1562.65
1816.47
1974.69
2194.84
3079.99
3186.77
3005.01
2432.89
2135.27
2458.65
2835.11
2795.3
2883.21
2189.77
2025.58
1982.93
2388.33
2721.78
3266.62
3547.35
3617.29
3626.88
3597.92
3426.45
3315.26
2976.85
2908.24
3245.26
2852.93
2137.59
2007.12
2305.64
2086.18
2415.25
3369.14
2829.02
3455.24
3229.6
2825.89
2329.44
2542.69
2143.52
2141.77
2686.52
2969.83
3290.68
3593.41
3271.99
3078.91
3097.92
2612.89
2722.95
2584.21
2092.0
1964.31
1966.29
1967.28
2310.15
3190.12
3294.08
3682.73
3774.81
3830.49
4341.74
4351.63
4002.88
3784.23
4215.21
4290.59
4129.54
4397.08
4326.76
4286.46
4111.99
3865.83
4260.41
4366.59
4550.53
4715.64
5228.84
4938.61
5298.72
5110.86
5062.44
5219.08
5300.24
5308.52
5408.52
5572.09
5457.82
5930.17
6470.74
6318.61
6742.97
6721.08
6446.31
6607.13
6672.69
6872.97
7106.01
7041.27
7035.76
6964.01
7276.63
7222.08
7086.86
6861.31
6894.23
6627.43
6710.4
6712.21
6826.61
7152.88
6839.59
7083.49
7404.61
7641.77
7380.32
8069.81
7866.52
7739.86
7575.15
7341.65
7489.2
7742.53
7832.22
7773.31
7773.92
7703.1
7630.26
8098.16
8465.77
8724.13
8256.28
8084.88
7213.44
7046.57
7312.85
7573.26
7877.19
7838.22
7736.07
7816.44
7993.09
8035.2
8059.65
8039.45
7830.35
7927.49
8144.02
8738.72
8516.02
8144.16
8043.71
8001.57
7630.71
7670.37
7331.73
7245.13
7137.03
7532.9
7677.73
7906.6
7918.53
7840.31
7500.79
7458.99
7268.06
7227.96
7252.4
7060.6
7198.85
6661.44
6642.27
6223.37
6514.72
5715.92
5860.99
6209.71
5989.27
5672.7
6015.3
6369.28
6529.99
6734.99
6586.01
6508.21
6554.04
6543.39
5799.24
6407.52
5783.15
5944.87
6495.15
6646.55
6890.94
6763.38
6979.81
7009.56
7197.5
7170.7
7227.45
7136.1
7093.42
6814.76
6864.87
6593.8
6693.83
6919.59
6923.41
6749.28
6701.36
6729.53
6623.01
6526.62
6245.18
6398.77
6165.35
6312.03
6181.06
6061.8
6206.24
6197.84
6335.56
6833.42
6304.53
6430.58
6588.28
6742.89
6923.6
6947.06
6785.94
5984.26
