1593.6
1816.47
1570.2
1487.34
1592.74
1992.46
2722.95
2135.27
1964.31
1966.29
2432.89
1945.82
1895.25
1973.44
1865.11
2137.59
2825.89
1787.25
1235.3
1195.37
1500.1
1967.28
1562.65
1448.49
1416.09
1470.53
1518.55
1484.46
1439.05
1395.79
1169.57
1125.06
1080.37
1050.98
1050.04
1070.06
1105.06
1058.14
1024.55
1008.64
1038.07
997.5
1115.78
1098.29
1201.92
1125.16
1221.11
1386.25
1363.32
1321.26
1410.33
1386.31
1435.88
1406.59
1433.11
1447.05
1425.16
1321.26
1333.71
1253.61
1288.11
1396.1
1410.42
1809.54
1529.65
1606.04
1688.32
1856.43
1669.13
1653.95
1535.65
2007.12
1982.93
2189.77
2329.44
2835.11
2388.33
3271.99
3290.68
3266.62
2852.93
2088.95
2086.18
2143.52
3229.6
3315.26
3597.92
3294.08
3245.26
2883.21
2721.78
2976.85
2686.52
3186.77
3078.91
3426.45
2141.77
3097.92
2310.15
2305.64
2415.25
3005.01
2458.65
2584.21
1974.69
1879.87
1833.57
1564.47
1941.41
1846.9
2025.58
2194.84
2092.0
2829.02
2969.83
2795.3
2612.89
2542.69
2908.24
3079.99
3190.12
3369.14
3593.41
3547.35
3682.73
3774.81
3455.24
3626.88
3617.29
3784.23
3865.83
4129.54
4351.63
4290.59
4326.76
4002.88
4111.99
4215.21
4715.64
4366.59
3830.49
5219.08
4286.46
4341.74
4397.08
5298.72
5110.86
4938.61
5228.84
4260.41
4550.53
5062.44
5300.24
5308.52
5572.09
5930.17
6206.24
6335.56
6554.04
6304.53
6646.55
6826.61
6785.94
7041.27
6526.62
6947.06
6712.21
6508.21
6586.01
6593.8
6470.74
6446.31
6734.99
6529.99
6661.44
7009.56
6923.6
7198.85
7170.7
7106.01
6979.81
6833.42
7152.88
7906.6
7739.86
7641.77
7489.2
7773.31
8043.71
8039.45
7993.09
8035.2
7840.31
7703.1
7670.37
7918.53
7927.49
8069.81
8084.88
8098.16
7742.53
7312.85
7227.96
7093.42
7245.13
7137.03
7197.5
7268.06
7331.73
7341.65
7500.79
7773.92
7838.22
8059.65
8144.16
8465.77
8738.72
8724.13
8516.02
8256.28
8144.02
7830.35
7677.73
7816.44
7736.07
7573.26
7630.26
7458.99
7575.15
7866.52
8001.57
7877.19
7832.22
7630.71
7380.32
7404.61
7532.9
7035.76
7222.08
6919.59
6710.4
6495.15
6223.37
5672.7
5408.52
5799.24
6015.3
6165.35
5984.26
5944.87
6318.61
6430.58
6543.39
6672.69
6890.94
6693.83
6642.27
6763.38
6749.28
6742.97
6923.41
7046.57
7252.4
7276.63
7213.44
7227.45
7083.49
6864.87
7060.6
7136.1
7086.86
6872.97
6894.23
6742.89
6814.76
6839.59
6861.31
6964.01
6729.53
6623.01
6701.36
6514.72
6407.52
6627.43
6369.28
6209.71
5860.99
5457.82
5783.15
5989.27
5715.92
6181.06
6061.8
6197.84
6312.03
6588.28
6721.08
6607.13
6398.77
6245.18
