1564.47
1787.25
1470.53
1973.44
2088.95
1396.1
1435.88
1395.79
1410.33
1386.31
1416.09
1410.42
1448.49
1606.04
1879.87
1964.31
1966.29
1809.54
1688.32
1833.57
1592.74
1500.1
1487.34
1321.26
1321.26
1201.92
1169.57
1115.78
1363.32
1253.61
1386.25
1105.06
1080.37
1024.55
997.5
1058.14
1098.29
1008.64
1070.06
1038.07
1221.11
1125.16
1288.11
1195.37
1050.04
1050.98
1235.3
1125.06
1333.71
1406.59
1425.16
1447.05
1562.65
1535.65
1982.93
2305.64
2086.18
1529.65
1593.6
1433.11
1518.55
1653.95
1570.2
1484.46
1816.47
1865.11
1669.13
1992.46
1945.82
2025.58
1846.9
2135.27
2458.65
2835.11
2825.89
2388.33
2612.89
3078.91
2189.77
2329.44
1856.43
1439.05
1967.28
2007.12
2141.77
2137.59
2143.52
2415.25
3079.99
3271.99
3266.62
3455.24
3245.26
3593.41
3547.35
3617.29
3426.45
3290.68
3626.88
3190.12
3005.01
2852.93
2721.78
2432.89
2976.85
2310.15
2584.21
1895.25
1941.41
1974.69
2883.21
2722.95
2908.24
2829.02
2542.69
2686.52
2092.0
2194.84
2795.3
3097.92
3315.26
3294.08
3369.14
2969.83
3186.77
3229.6
3597.92
3682.73
3784.23
3774.81
4260.41
4111.99
3865.83
3830.49
4002.88
4351.63
4397.08
4286.46
4215.21
4129.54
4341.74
4290.59
4326.76
4366.59
5062.44
5300.24
5308.52
5298.72
5228.84
5110.86
4715.64
4550.53
5219.08
4938.61
5457.82
5930.17
5989.27
6430.58
6785.94
6763.38
7009.56
6742.97
6894.23
7198.85
6710.4
6508.21
6526.62
6165.35
6061.8
5944.87
6015.3
5860.99
5672.7
5783.15
5984.26
6223.37
7041.27
7670.37
8059.65
8144.16
7739.86
6890.94
6729.53
7060.6
7046.57
7093.42
7630.26
8001.57
7918.53
8043.71
8035.2
8144.02
8098.16
8084.88
8256.28
8516.02
7866.52
8738.72
8465.77
8724.13
8069.81
7927.49
7458.99
7197.5
7213.44
7677.73
7742.53
7906.6
7641.77
7268.06
7222.08
7227.45
7106.01
7136.1
7083.49
7086.86
7877.19
7736.07
7252.4
7573.26
7500.79
7532.9
7575.15
7331.73
7816.44
7276.63
7404.61
7773.92
7840.31
7832.22
7773.31
7380.32
7245.13
7312.85
7630.71
7838.22
8039.45
7830.35
7703.1
7341.65
7489.2
7137.03
7152.88
6923.41
6919.59
6672.69
6514.72
5799.24
5715.92
5408.52
6206.24
6721.08
7035.76
6607.13
6947.06
6814.76
6701.36
7227.96
7993.09
6864.87
6964.01
7170.7
6979.81
6661.44
6446.31
6923.6
6839.59
6693.83
6712.21
6872.97
6209.71
6495.15
6312.03
6197.84
6245.18
6588.28
6833.42
6861.31
6304.53
6543.39
6369.28
6181.06
6529.99
6554.04
6627.43
6749.28
6586.01
6318.61
6642.27
6398.77
6646.55
6470.74
6734.99
6335.56
6593.8
6742.89
6826.61
6623.01
6407.52
5572.09
