2086.18
2143.52
1974.69
1669.13
1816.47
1570.2
1564.47
1410.33
1288.11
1253.61
1321.26
1221.11
1333.71
1787.25
1865.11
1833.57
1562.65
1487.34
1500.1
1535.65
1470.53
1386.31
1195.37
1235.3
1050.04
1038.07
1125.16
997.5
1008.64
1024.55
1050.98
1396.1
1435.88
1410.42
1606.04
1529.65
1653.95
1592.74
1447.05
1386.25
1321.26
1105.06
1098.29
1201.92
1058.14
1080.37
1070.06
1115.78
1169.57
1125.06
1416.09
1363.32
1484.46
1439.05
1448.49
1433.11
1425.16
1395.79
1406.59
1518.55
1593.6
1945.82
1973.44
1895.25
1992.46
2310.15
2007.12
1967.28
1846.9
1688.32
1879.87
1964.31
2137.59
2829.02
2721.78
2612.89
2141.77
3005.01
2194.84
2415.25
2329.44
2458.65
2135.27
2852.93
2969.83
2908.24
2883.21
2584.21
3078.91
3190.12
2722.95
3229.6
3294.08
3597.92
3682.73
3784.23
3547.35
3315.26
3369.14
3266.62
2825.89
3245.26
2305.64
2189.77
2542.69
2025.58
1982.93
1941.41
1856.43
1809.54
1966.29
2088.95
2092.0
2388.33
2976.85
2835.11
3186.77
2686.52
2795.3
2432.89
3079.99
3097.92
3271.99
3290.68
3426.45
3626.88
4002.88
4260.41
4286.46
4129.54
4111.99
4290.59
3865.83
3455.24
4215.21
4326.76
3774.81
3593.41
4351.63
3617.29
4341.74
3830.49
4550.53
4366.59
4397.08
4715.64
4938.61
5062.44
5110.86
5219.08
5228.84
5298.72
5300.24
5408.52
5715.92
5944.87
6529.99
6710.4
6742.97
6588.28
6554.04
6701.36
6015.3
6245.18
6312.03
6398.77
6607.13
6318.61
6642.27
6693.83
6923.41
7213.44
7245.13
7227.45
7083.49
6814.76
6407.52
6061.8
6430.58
6861.31
7035.76
7677.73
8069.81
8098.16
7773.31
7816.44
7532.9
7009.56
6923.6
6833.42
7041.27
6964.01
7458.99
7276.63
7086.86
7312.85
6947.06
7573.26
7630.26
7866.52
7736.07
8039.45
7830.35
7630.71
7575.15
7500.79
7404.61
7227.96
7198.85
6894.23
7137.03
7060.6
7670.37
7742.53
8516.02
8144.02
8738.72
8724.13
8256.28
8465.77
8084.88
7993.09
7877.19
7918.53
7838.22
7773.92
7840.31
7739.86
7906.6
8144.16
8059.65
7927.49
8001.57
8035.2
7832.22
8043.71
7703.1
7268.06
7331.73
7489.2
7641.77
7106.01
6864.87
6593.8
6543.39
6646.55
6734.99
5572.09
5860.99
5672.7
5799.24
6181.06
6209.71
6223.37
6712.21
5989.27
6721.08
6749.28
7136.1
7152.88
7380.32
7252.4
7341.65
7197.5
6979.81
7093.42
7046.57
7222.08
6890.94
5984.26
5308.52
5457.82
6623.01
6919.59
6446.31
5783.15
6197.84
6304.53
6672.69
6785.94
7170.7
6826.61
6839.59
6742.89
6335.56
6470.74
6763.38
6872.97
6627.43
6369.28
6661.44
6729.53
6586.01
6526.62
6508.21
6495.15
6514.72
6206.24
6165.35
5930.17
