2143.52
2305.64
1941.41
1321.26
1050.98
1321.26
1288.11
1484.46
1396.1
1105.06
1787.25
1098.29
1433.11
1564.47
1535.65
1833.57
1846.9
1562.65
1416.09
1235.3
1221.11
1410.33
1363.32
1410.42
1386.31
1518.55
1470.53
1333.71
1080.37
1058.14
1050.04
1024.55
997.5
1008.64
1038.07
1070.06
1115.78
1195.37
1125.06
1201.92
1386.25
1169.57
1253.61
1447.05
1125.16
1395.79
1448.49
1439.05
1406.59
1435.88
1529.65
1592.74
1973.44
1688.32
1593.6
1895.25
1982.93
1992.46
2086.18
1606.04
1653.95
1487.34
1966.29
1816.47
1570.2
1500.1
1425.16
1945.82
1974.69
2092.0
1879.87
1967.28
1964.31
2007.12
2135.27
1856.43
2088.95
2189.77
2310.15
2458.65
2612.89
2137.59
2329.44
2388.33
2795.3
2141.77
2432.89
2194.84
2584.21
2722.95
2829.02
2686.52
2835.11
2969.83
3245.26
3290.68
3682.73
3186.77
3597.92
3097.92
3266.62
3593.41
3190.12
3617.29
3315.26
3294.08
2976.85
2721.78
2415.25
1865.11
1669.13
1809.54
2025.58
2542.69
3005.01
3369.14
3426.45
3079.99
2883.21
2852.93
2825.89
2908.24
3078.91
3229.6
3455.24
3626.88
3774.81
3784.23
3865.83
4129.54
4111.99
4260.41
4002.88
3271.99
3547.35
3830.49
4215.21
4326.76
4341.74
4397.08
4351.63
4290.59
4286.46
4366.59
4550.53
4938.61
5298.72
5300.24
5219.08
5110.86
4715.64
5062.44
5308.52
5572.09
5984.26
5457.82
5228.84
5408.52
6529.99
6742.97
6543.39
6245.18
6369.28
6209.71
6206.24
6181.06
6015.3
5783.15
5715.92
5860.99
5799.24
5930.17
6398.77
6223.37
6701.36
6495.15
6607.13
6826.61
7137.03
7170.7
7312.85
7380.32
7773.31
7677.73
7575.15
7331.73
7222.08
7106.01
7227.96
7093.42
7532.9
7404.61
7832.22
7877.19
8043.71
8059.65
8069.81
8084.88
8738.72
8144.16
8465.77
8144.02
8256.28
7840.31
7927.49
7906.6
7227.45
6919.59
6763.38
6979.81
7816.44
7736.07
7573.26
7213.44
7742.53
8039.45
8516.02
8724.13
8098.16
7993.09
8035.2
8001.57
7773.92
7703.1
7276.63
7252.4
7500.79
7838.22
7830.35
7866.52
7670.37
7918.53
7630.71
7630.26
7341.65
7739.86
7458.99
7268.06
7641.77
7245.13
7197.5
7152.88
6947.06
6721.08
6734.99
6742.89
6627.43
6446.31
6508.21
6304.53
6312.03
6623.01
6672.69
6661.44
6833.42
6872.97
6890.94
7041.27
7046.57
6923.6
7083.49
6894.23
7198.85
6839.59
7009.56
7136.1
6710.4
7086.86
6923.41
6646.55
6318.61
5944.87
6165.35
5672.7
5989.27
6197.84
6430.58
6964.01
7060.6
6864.87
7489.2
6588.28
6785.94
6729.53
6749.28
6693.83
6470.74
6407.52
6586.01
6642.27
6814.76
6861.31
7035.76
6526.62
6712.21
6593.8
6554.04
6335.56
6514.72
6061.8
