1787.25
1833.57
1879.87
1967.28
1982.93
1941.41
2135.27
2088.95
1973.44
1564.47
1484.46
1518.55
1592.74
1856.43
1846.9
1570.2
1433.11
1425.16
1406.59
1410.42
1386.31
1386.25
1395.79
1396.1
1235.3
1321.26
1363.32
1201.92
1098.29
1115.78
1169.57
1125.16
1024.55
1050.98
997.5
1058.14
1008.64
1050.04
1038.07
1080.37
1288.11
1070.06
1125.06
1253.61
1221.11
1105.06
1195.37
1410.33
1333.71
1562.65
1945.82
1447.05
1470.53
1321.26
1487.34
1416.09
1439.05
1435.88
1500.1
1895.25
1966.29
1974.69
2194.84
1688.32
2141.77
2092.0
1535.65
1606.04
1669.13
1865.11
1809.54
2329.44
2143.52
2686.52
2722.95
2458.65
2825.89
2883.21
3271.99
2542.69
3005.01
2415.25
2584.21
2388.33
2829.02
2305.64
3078.91
2432.89
2835.11
3186.77
3315.26
3369.14
3593.41
3426.45
3290.68
3079.99
2969.83
2189.77
2086.18
2137.59
2795.3
3190.12
2976.85
2721.78
2310.15
1992.46
1816.47
1529.65
1593.6
1448.49
1653.95
1964.31
2007.12
2612.89
2025.58
2852.93
2908.24
3229.6
3097.92
3245.26
3266.62
3294.08
3547.35
3617.29
3774.81
3455.24
3682.73
3597.92
3784.23
3830.49
4002.88
4215.21
4129.54
3865.83
4111.99
4260.41
3626.88
4326.76
4286.46
4341.74
4366.59
4290.59
4351.63
4550.53
4397.08
4938.61
5110.86
4715.64
5308.52
5300.24
5572.09
5930.17
5944.87
5984.26
6181.06
6209.71
6642.27
6529.99
6964.01
7152.88
7227.45
7198.85
7136.1
6923.41
6833.42
6672.69
6661.44
6304.53
6197.84
6061.8
6495.15
6318.61
6165.35
6223.37
6543.39
6526.62
6712.21
6947.06
7035.76
7046.57
7222.08
7245.13
7380.32
7276.63
7341.65
7197.5
7227.96
7170.7
7137.03
7041.27
7773.31
7830.35
8001.57
7832.22
7736.07
7840.31
7641.77
7489.2
8043.71
7630.71
7742.53
7331.73
7213.44
6729.53
6514.72
6369.28
6607.13
6721.08
6785.94
6890.94
7009.56
7083.49
7268.06
7252.4
7312.85
7532.9
7677.73
8059.65
7838.22
7630.26
7458.99
7575.15
7500.79
7773.92
7866.52
7877.19
7906.6
7927.49
8256.28
8144.16
8039.45
8465.77
8144.02
8516.02
8098.16
8084.88
7993.09
8035.2
8069.81
8738.72
8724.13
7918.53
7404.61
6742.89
6015.3
6470.74
5219.08
5062.44
5228.84
5715.92
6245.18
6623.01
6919.59
6839.59
6826.61
6864.87
6923.6
7093.42
7573.26
7670.37
7816.44
7703.1
7739.86
7106.01
7060.6
7086.86
6872.97
6763.38
6693.83
6646.55
6508.21
6430.58
6710.4
6206.24
6593.8
6861.31
6979.81
6734.99
6894.23
6749.28
6814.76
6586.01
6588.28
6742.97
6701.36
6554.04
6446.31
5672.7
5457.82
5799.24
6398.77
6335.56
6627.43
6312.03
5298.72
5408.52
5783.15
5989.27
6407.52
5860.99
