2883.21
2086.18
1235.3
1396.1
1484.46
1448.49
1406.59
1487.34
1787.25
1518.55
1433.11
1529.65
1570.2
1653.95
1669.13
1395.79
1253.61
1470.53
1201.92
1410.42
1221.11
1439.05
1564.47
1321.26
1333.71
1973.44
1535.65
1606.04
1592.74
1856.43
1833.57
1816.47
1865.11
1593.6
1425.16
1416.09
1098.29
997.5
1008.64
1050.98
1024.55
1105.06
1038.07
1058.14
1050.04
1125.06
1435.88
1447.05
1500.1
1967.28
1992.46
2092.0
2088.95
1895.25
1964.31
1846.9
1809.54
1410.33
1386.31
1125.16
1321.26
1288.11
1386.25
1115.78
1070.06
1080.37
1169.57
1195.37
1363.32
1562.65
1688.32
1941.41
1945.82
1966.29
2007.12
1982.93
1879.87
1974.69
2137.59
2135.27
2141.77
2310.15
2612.89
2852.93
3005.01
3097.92
3190.12
3186.77
3245.26
3593.41
3547.35
3682.73
3626.88
3426.45
3315.26
3266.62
3369.14
3271.99
3597.92
3294.08
3229.6
3078.91
2825.89
2835.11
2686.52
2795.3
2415.25
2329.44
2143.52
2025.58
2189.77
2305.64
2388.33
2194.84
2432.89
2458.65
2542.69
2721.78
2584.21
2969.83
2908.24
2829.02
2722.95
2976.85
3079.99
3290.68
4129.54
4366.59
4550.53
4715.64
4397.08
4341.74
4286.46
3617.29
3455.24
3774.81
3784.23
3830.49
4002.88
4260.41
4111.99
4290.59
3865.83
4215.21
4326.76
4351.63
5062.44
4938.61
5110.86
5228.84
5298.72
5408.52
5219.08
5300.24
5308.52
5672.7
5457.82
5944.87
6369.28
6245.18
6661.44
5989.27
5572.09
5783.15
5715.92
5860.99
6312.03
6165.35
6209.71
5930.17
6197.84
6430.58
6588.28
6623.01
6554.04
6721.08
6919.59
6701.36
7198.85
6839.59
7213.44
7083.49
7268.06
7404.61
7489.2
7500.79
7742.53
7532.9
7276.63
7736.07
7703.1
7816.44
7840.31
7993.09
8039.45
8043.71
8059.65
8516.02
8069.81
8256.28
8465.77
8144.16
7927.49
7641.77
7060.6
7877.19
7773.31
8738.72
8724.13
8098.16
8001.57
7866.52
7832.22
7906.6
7918.53
7773.92
8084.88
8144.02
8035.2
7838.22
7573.26
7830.35
7227.96
7575.15
7670.37
7222.08
6947.06
7170.7
6734.99
7331.73
7227.45
7093.42
7312.85
7341.65
7458.99
7677.73
7252.4
7009.56
7152.88
7046.57
6894.23
6814.76
6627.43
6470.74
6398.77
6495.15
6861.31
6710.4
6872.97
6335.56
6642.27
6833.42
7041.27
6890.94
7197.5
6712.21
6508.21
6593.8
6672.69
6586.01
6763.38
6742.97
6923.41
6964.01
7106.01
7630.71
7739.86
7630.26
7380.32
7136.1
7035.76
7245.13
6785.94
6826.61
6979.81
7137.03
6864.87
6923.6
6729.53
6646.55
6607.13
6223.37
6304.53
6061.8
6318.61
5799.24
6015.3
6206.24
6526.62
6446.31
6529.99
6693.83
7086.86
6742.89
6543.39
6407.52
6181.06
5984.26
6514.72
6749.28
