2388.33
2141.77
2143.52
1787.25
1500.1
1484.46
1448.49
1487.34
1570.2
1964.31
1879.87
1425.16
1433.11
1321.26
1288.11
1125.16
1058.14
1098.29
1439.05
1406.59
1447.05
1410.33
1201.92
1169.57
1080.37
1125.06
1221.11
1235.3
1410.42
1416.09
1195.37
1395.79
1024.55
1050.04
1038.07
1253.61
1115.78
1008.64
1070.06
997.5
1105.06
1321.26
1529.65
1593.6
1050.98
1396.1
1386.25
1518.55
1562.65
1974.69
1982.93
1941.41
1967.28
1966.29
1895.25
2007.12
1945.82
1856.43
1333.71
1386.31
1363.32
1435.88
1669.13
1535.65
1653.95
1846.9
1816.47
1809.54
1564.47
1973.44
1470.53
1606.04
1592.74
1833.57
1688.32
1865.11
1992.46
2137.59
2415.25
3005.01
2829.02
2976.85
3078.91
3229.6
3593.41
3774.81
3682.73
3626.88
3617.29
3426.45
3784.23
3186.77
3245.26
3315.26
3455.24
3369.14
3597.92
3547.35
3290.68
3271.99
3190.12
2835.11
2721.78
2432.89
2310.15
2088.95
2305.64
2092.0
2194.84
2329.44
2458.65
2086.18
2135.27
2025.58
2189.77
2542.69
2686.52
3097.92
2852.93
2825.89
2795.3
2722.95
2612.89
2908.24
3079.99
2584.21
2883.21
2969.83
3266.62
3294.08
3830.49
4002.88
4111.99
3865.83
4129.54
4260.41
4215.21
4326.76
4290.59
4397.08
4938.61
4286.46
4351.63
4341.74
4366.59
4550.53
4715.64
5062.44
5110.86
5228.84
5219.08
5300.24
5298.72
5308.52
5715.92
6197.84
6245.18
6721.08
6627.43
6734.99
6661.44
6693.83
5944.87
6304.53
5984.26
6312.03
6407.52
6181.06
5572.09
5799.24
5672.7
6526.62
6446.31
6554.04
6623.01
6672.69
6814.76
6763.38
7083.49
7137.03
7213.44
7641.77
8069.81
7918.53
7739.86
7458.99
7573.26
7877.19
7816.44
7993.09
8043.71
7906.6
7927.49
7742.53
7703.1
7489.2
7630.71
7677.73
7866.52
8035.2
7773.31
7630.26
7404.61
7276.63
7268.06
7245.13
7227.45
7035.76
7575.15
7532.9
7670.37
7736.07
8098.16
8059.65
8256.28
8144.16
8516.02
8738.72
8724.13
8465.77
8144.02
8084.88
8039.45
7832.22
7312.85
6979.81
6833.42
7060.6
7152.88
7380.32
7773.92
7840.31
7830.35
8001.57
7341.65
7838.22
7500.79
7252.4
7170.7
7197.5
6839.59
6646.55
6495.15
5989.27
5860.99
6430.58
6894.23
6209.71
6785.94
6742.97
7086.86
7331.73
7222.08
7198.85
6470.74
6710.4
6861.31
7227.96
6742.89
6514.72
6712.21
7093.42
7136.1
6919.59
6701.36
6923.41
6964.01
6947.06
7041.27
7009.56
6890.94
7046.57
6872.97
6593.8
6529.99
6543.39
6335.56
6398.77
6508.21
6607.13
6642.27
6588.28
6165.35
6015.3
5930.17
5408.52
5457.82
5783.15
6586.01
6223.37
6749.28
6729.53
6318.61
6206.24
6061.8
6369.28
6923.6
6864.87
7106.01
6826.61
