1974.69
2835.11
1688.32
1562.65
1363.32
1201.92
1386.25
1253.61
1235.3
1386.31
1395.79
1406.59
1787.25
1865.11
1669.13
1321.26
1058.14
997.5
1050.04
1125.06
1321.26
1098.29
1050.98
1221.11
1410.33
1435.88
1570.2
1487.34
1425.16
1416.09
1433.11
1396.1
1288.11
1195.37
1070.06
1125.16
1105.06
1024.55
1008.64
1115.78
1038.07
1080.37
1169.57
1333.71
1410.42
1470.53
1535.65
1518.55
1448.49
1653.95
1816.47
1809.54
1564.47
1447.05
1593.6
1895.25
1529.65
1879.87
1967.28
1966.29
1833.57
1592.74
1500.1
1484.46
1439.05
1982.93
1964.31
2135.27
2721.78
3005.01
2086.18
2829.02
2189.77
2088.95
2007.12
2143.52
2310.15
2795.3
2432.89
2584.21
2542.69
2388.33
1992.46
2141.77
2686.52
2722.95
3097.92
3271.99
3547.35
3597.92
3369.14
3294.08
3426.45
3315.26
3266.62
3190.12
3290.68
2025.58
2908.24
2825.89
2883.21
3229.6
3245.26
3079.99
2976.85
3186.77
2458.65
1941.41
1945.82
1606.04
1856.43
1846.9
2612.89
2137.59
2092.0
2415.25
2329.44
1973.44
2194.84
2305.64
2852.93
2969.83
3078.91
3593.41
3626.88
3682.73
3774.81
3784.23
4286.46
4326.76
4351.63
4397.08
4550.53
4260.41
4215.21
4290.59
3830.49
4002.88
3455.24
4111.99
4129.54
3617.29
3865.83
4341.74
4366.59
4715.64
4938.61
5062.44
5110.86
5219.08
5228.84
5308.52
5298.72
5300.24
5408.52
5457.82
5783.15
6529.99
6526.62
6964.01
6785.94
6839.59
6712.21
6672.69
6586.01
6742.97
6923.6
6864.87
6763.38
6947.06
7009.56
6923.41
6734.99
6710.4
6721.08
6826.61
6833.42
6919.59
7060.6
7093.42
7170.7
7222.08
7227.96
7380.32
7136.1
7035.76
7106.01
7573.26
7252.4
7312.85
7575.15
7331.73
7198.85
7227.45
7404.61
7083.49
7703.1
8256.28
8738.72
8724.13
8516.02
7830.35
7630.26
6979.81
6814.76
7046.57
7268.06
7927.49
8001.57
7736.07
7773.92
7832.22
7993.09
7458.99
7773.31
7245.13
7838.22
7341.65
7877.19
7532.9
7739.86
7816.44
7670.37
7630.71
7500.79
7641.77
7840.31
8059.65
7866.52
8035.2
8043.71
8069.81
8144.16
8465.77
8144.02
8084.88
7906.6
7918.53
8039.45
8098.16
7742.53
7152.88
6407.52
6245.18
7041.27
7677.73
7137.03
6607.13
6729.53
6508.21
6470.74
6701.36
6642.27
6646.55
6446.31
6514.72
6398.77
6588.28
6181.06
6318.61
6304.53
6312.03
6543.39
6894.23
6890.94
7086.86
7197.5
7276.63
7489.2
7213.44
6749.28
6872.97
6861.31
6693.83
6430.58
6742.89
6593.8
6661.44
6369.28
6206.24
6165.35
5930.17
5860.99
5944.87
5715.92
5572.09
5672.7
5799.24
6209.71
6223.37
6627.43
6623.01
6495.15
6197.84
6061.8
5984.26
6554.04
5989.27
6335.56
6015.3
