1435.88
2584.21
1982.93
1470.53
1253.61
1518.55
1448.49
1856.43
1439.05
1570.2
1386.31
1221.11
1966.29
1973.44
2088.95
1945.82
1425.16
2025.58
1688.32
1500.1
1564.47
1406.59
1235.3
1195.37
1169.57
1321.26
1433.11
1386.25
1535.65
1833.57
1363.32
1288.11
1105.06
1058.14
1050.98
1070.06
1098.29
1038.07
1024.55
997.5
1008.64
1050.04
1080.37
1115.78
1125.06
1125.16
1333.71
1410.42
1484.46
1787.25
1879.87
1562.65
1846.9
1669.13
1809.54
1487.34
1447.05
1201.92
1395.79
1396.1
1410.33
1321.26
1416.09
1606.04
1974.69
2612.89
1592.74
1967.28
2305.64
1529.65
2007.12
2086.18
1653.95
1816.47
1895.25
1992.46
1941.41
2137.59
1865.11
2458.65
2310.15
1593.6
2835.11
2092.0
2852.93
2969.83
2908.24
3186.77
3271.99
3315.26
3455.24
3369.14
3547.35
3426.45
3597.92
3626.88
3617.29
3294.08
2883.21
2825.89
2542.69
2829.02
2432.89
2976.85
3229.6
3290.68
3245.26
3005.01
2722.95
2686.52
2795.3
3097.92
2143.52
2388.33
1964.31
2135.27
2141.77
2189.77
2415.25
2329.44
2194.84
2721.78
3079.99
3078.91
3190.12
3266.62
3593.41
3682.73
4002.88
3774.81
3830.49
3784.23
4111.99
4129.54
4286.46
4351.63
4326.76
4341.74
4397.08
4290.59
4215.21
3865.83
4260.41
4366.59
4550.53
4715.64
5062.44
5228.84
5300.24
5308.52
5457.82
4938.61
5110.86
5219.08
5298.72
5783.15
5984.26
6304.53
6661.44
6588.28
6742.97
6586.01
6529.99
6514.72
6710.4
6763.38
6646.55
6470.74
6430.58
6742.89
6979.81
6947.06
7137.03
7093.42
7341.65
7009.56
7046.57
7083.49
6627.43
7136.1
7106.01
7489.2
7630.26
7742.53
7703.1
7877.19
8001.57
7677.73
7573.26
7575.15
7906.6
7840.31
7832.22
7532.9
7276.63
7380.32
7227.45
7736.07
7670.37
7458.99
7252.4
7641.77
7227.96
7213.44
6872.97
6861.31
6890.94
6923.6
7041.27
7170.7
7312.85
7773.92
7838.22
7993.09
8039.45
8069.81
8465.77
8738.72
8516.02
8144.02
8043.71
7918.53
7739.86
7830.35
7500.79
7630.71
7927.49
8724.13
8084.88
8256.28
8059.65
8098.16
8144.16
8035.2
7816.44
7866.52
7198.85
7197.5
7404.61
6923.41
6749.28
6223.37
6015.3
5715.92
5944.87
5930.17
5989.27
5860.99
5799.24
6061.8
6181.06
6369.28
6446.31
6206.24
6593.8
6508.21
6495.15
6312.03
6623.01
6335.56
6642.27
6826.61
6839.59
6864.87
7086.86
7222.08
7331.73
7245.13
7773.31
7268.06
7060.6
7152.88
6919.59
6721.08
6729.53
6607.13
6543.39
6554.04
6197.84
6398.77
6245.18
6165.35
6209.71
6712.21
6814.76
6701.36
5672.7
5408.52
6407.52
6785.94
6964.01
6894.23
6734.99
6318.61
6526.62
6693.83
6833.42
7035.76
6672.69
5572.09
