2969.83
3547.35
3271.99
2908.24
1966.29
1592.74
2135.27
1982.93
1973.44
1470.53
1333.71
1098.29
1115.78
1024.55
1050.04
1288.11
997.5
1050.98
1535.65
1321.26
1447.05
1425.16
1363.32
1235.3
1195.37
1395.79
1406.59
1321.26
1410.42
1396.1
1169.57
1070.06
1125.16
1105.06
1008.64
1038.07
1058.14
1080.37
1125.06
1221.11
1386.25
1253.61
1201.92
1386.31
1410.33
1529.65
1518.55
1606.04
1593.6
2194.84
1879.87
2025.58
2388.33
1945.82
2086.18
1974.69
1992.46
1846.9
1570.2
1856.43
1809.54
1816.47
2007.12
1688.32
1416.09
1941.41
1564.47
1669.13
1562.65
1448.49
1433.11
1487.34
1435.88
1500.1
1439.05
1484.46
1833.57
2612.89
2825.89
2458.65
2141.77
2092.0
2088.95
2189.77
2143.52
2432.89
2722.95
2883.21
3245.26
3315.26
2852.93
2305.64
2310.15
2686.52
3079.99
3078.91
3426.45
3290.68
3593.41
3455.24
3626.88
2976.85
3186.77
3597.92
3229.6
2415.25
2542.69
1964.31
1865.11
1787.25
1895.25
1653.95
2137.59
1967.28
2795.3
3190.12
3005.01
3294.08
3617.29
2835.11
3097.92
2721.78
2329.44
2584.21
2829.02
3266.62
3369.14
3774.81
3682.73
3784.23
3865.83
4111.99
4002.88
3830.49
4129.54
4215.21
4260.41
4286.46
4550.53
4715.64
4341.74
4290.59
4326.76
5110.86
5219.08
5228.84
5062.44
4938.61
4366.59
4351.63
4397.08
5298.72
5300.24
5672.7
6209.71
6785.94
7227.45
7927.49
7906.6
7773.31
7198.85
6923.41
6593.8
6672.69
6223.37
6861.31
6586.01
6526.62
6061.8
6181.06
6318.61
6495.15
6588.28
6642.27
6814.76
6890.94
6872.97
7083.49
6947.06
7009.56
6964.01
6979.81
7197.5
7093.42
7213.44
7380.32
7252.4
7245.13
7276.63
7227.96
7575.15
7489.2
7866.52
7832.22
7736.07
7739.86
7830.35
8084.88
8098.16
8465.77
8256.28
7993.09
7877.19
7670.37
7500.79
7532.9
7840.31
7630.26
7773.92
7742.53
7630.71
7573.26
8035.2
7312.85
8039.45
8069.81
8724.13
8144.16
8516.02
7838.22
7677.73
7222.08
7035.76
7086.86
7136.1
6833.42
6749.28
7041.27
6894.23
7404.61
7458.99
7641.77
8059.65
8738.72
7918.53
8144.02
8043.71
8001.57
7816.44
7703.1
7331.73
6742.97
6312.03
5572.09
5308.52
6304.53
5944.87
5799.24
5408.52
5457.82
6646.55
7060.6
6864.87
7170.7
7106.01
7341.65
7152.88
6839.59
6721.08
6554.04
6627.43
6710.4
6923.6
7137.03
7046.57
7268.06
6919.59
6729.53
6369.28
6712.21
6514.72
6607.13
6197.84
5984.26
6015.3
5860.99
5930.17
6398.77
6165.35
6446.31
6407.52
6623.01
6543.39
6701.36
6742.89
6529.99
6508.21
6661.44
6763.38
6335.56
6826.61
6734.99
6693.83
5989.27
5783.15
5715.92
6245.18
6430.58
6470.74
6206.24
