2135.27
2088.95
1966.29
2388.33
2137.59
1992.46
2025.58
1895.25
1535.65
1195.37
1115.78
1038.07
1098.29
1787.25
1433.11
1518.55
1448.49
1816.47
1669.13
1688.32
1653.95
1592.74
1529.65
1470.53
1363.32
1447.05
1386.25
1070.06
1008.64
1321.26
997.5
1080.37
1333.71
1321.26
1235.3
1253.61
1201.92
1386.31
1395.79
1439.05
1484.46
1169.57
1050.04
1125.16
1221.11
1105.06
1050.98
1125.06
1288.11
1846.9
1593.6
1487.34
2086.18
1435.88
1964.31
1974.69
1973.44
1410.42
1058.14
1024.55
1406.59
1416.09
1396.1
1410.33
1425.16
1865.11
1856.43
1564.47
1562.65
1945.82
1879.87
2721.78
2415.25
2194.84
2329.44
2310.15
2829.02
2825.89
2852.93
2835.11
3005.01
2969.83
3617.29
3865.83
4129.54
4111.99
4002.88
3784.23
3830.49
3626.88
3774.81
3079.99
3369.14
3186.77
3078.91
3294.08
3271.99
3190.12
3097.92
2795.3
2305.64
2722.95
1967.28
2584.21
2612.89
2092.0
1982.93
1809.54
1833.57
1500.1
1570.2
1606.04
1941.41
2007.12
2189.77
2432.89
2458.65
2883.21
2143.52
2908.24
2141.77
2542.69
2686.52
2976.85
3245.26
3266.62
3229.6
3315.26
3426.45
3455.24
3682.73
3597.92
3593.41
3290.68
3547.35
4366.59
4397.08
4341.74
4260.41
4286.46
4326.76
4351.63
4215.21
4550.53
4290.59
5219.08
5228.84
4938.61
4715.64
5062.44
5110.86
5300.24
5298.72
5457.82
6398.77
6369.28
6923.41
6979.81
7245.13
7009.56
7213.44
6864.87
6947.06
6839.59
6701.36
6245.18
6335.56
6206.24
6209.71
6514.72
6749.28
6833.42
7093.42
7404.61
7198.85
6964.01
7035.76
6894.23
6872.97
6814.76
7060.6
7083.49
7532.9
7773.31
7630.71
7268.06
7276.63
7341.65
7331.73
7489.2
7866.52
7906.6
7993.09
7927.49
7641.77
7575.15
7380.32
7573.26
7739.86
7830.35
7630.26
7677.73
7312.85
7152.88
7227.96
7170.7
7086.86
7252.4
7222.08
7106.01
7136.1
7500.79
7137.03
7832.22
8144.02
8465.77
8738.72
8724.13
8098.16
8084.88
8256.28
8516.02
8035.2
8144.16
8043.71
8039.45
7877.19
7773.92
7918.53
7670.37
7703.1
7742.53
7838.22
8059.65
7816.44
8069.81
8001.57
7840.31
7736.07
7458.99
7197.5
6890.94
6721.08
6318.61
5989.27
6197.84
5984.26
6446.31
6526.62
6223.37
6627.43
6861.31
7227.45
6923.6
7046.57
7041.27
6785.94
6826.61
6763.38
6693.83
6672.69
6529.99
6607.13
6588.28
5672.7
6712.21
6729.53
6734.99
6919.59
6742.97
6710.4
6642.27
6646.55
6470.74
6586.01
6312.03
6495.15
5944.87
5408.52
5308.52
5572.09
5715.92
5799.24
6181.06
6407.52
6304.53
6061.8
5860.99
5930.17
6015.3
6543.39
6623.01
6661.44
6165.35
5783.15
6430.58
6554.04
6593.8
6742.89
6508.21
