1964.31
1895.25
1945.82
2143.52
2088.95
1967.28
1535.65
1562.65
1500.1
1809.54
1856.43
1669.13
1570.2
1865.11
1470.53
1448.49
1416.09
1386.25
1433.11
1439.05
1518.55
1410.42
1288.11
1221.11
1080.37
1235.3
1406.59
1410.33
1435.88
1447.05
1484.46
1487.34
1363.32
1195.37
1201.92
1115.78
1333.71
1125.16
1098.29
1050.04
1058.14
1070.06
1105.06
1169.57
1024.55
1008.64
997.5
1050.98
1038.07
1253.61
1321.26
1386.31
1529.65
1395.79
1653.95
1592.74
1321.26
1125.06
1425.16
1396.1
1564.47
1787.25
1992.46
1833.57
1606.04
1816.47
1593.6
1879.87
1846.9
1966.29
1973.44
2025.58
2388.33
3229.6
3245.26
2458.65
2835.11
3547.35
3315.26
3455.24
2976.85
2795.3
2825.89
2686.52
2829.02
2883.21
2852.93
3266.62
3774.81
4366.59
4129.54
4326.76
3593.41
3097.92
2194.84
2329.44
2137.59
2141.77
2722.95
3190.12
3294.08
3426.45
3079.99
3078.91
2584.21
2721.78
2612.89
2310.15
2305.64
2135.27
2092.0
2007.12
1941.41
1982.93
1688.32
1974.69
2086.18
2189.77
2542.69
2908.24
2415.25
2432.89
3005.01
2969.83
3290.68
3186.77
3271.99
3369.14
3597.92
3784.23
4111.99
3830.49
4260.41
3626.88
4351.63
4550.53
4002.88
4286.46
3865.83
3682.73
4341.74
3617.29
4215.21
4290.59
4397.08
4715.64
5062.44
4938.61
5110.86
5219.08
5298.72
5457.82
5672.7
5715.92
6206.24
6508.21
6749.28
6814.76
6979.81
6919.59
6890.94
6742.97
6588.28
6607.13
6646.55
6627.43
6335.56
6861.31
5228.84
6693.83
6446.31
6586.01
6701.36
6833.42
7035.76
6964.01
7197.5
7380.32
7739.86
7773.92
7830.35
7331.73
7677.73
7573.26
7041.27
7227.45
7170.7
7341.65
7630.71
7532.9
7458.99
7252.4
7136.1
6923.6
6872.97
6894.23
7046.57
7268.06
7630.26
7736.07
7703.1
7276.63
7093.42
7245.13
7198.85
7213.44
7222.08
7312.85
7404.61
7489.2
7575.15
7500.79
7670.37
7773.31
7993.09
7906.6
8144.02
8084.88
8144.16
8069.81
8059.65
8039.45
7927.49
7838.22
8035.2
7840.31
7832.22
7866.52
7918.53
8098.16
8724.13
8738.72
8465.77
8043.71
7816.44
8001.57
8256.28
8516.02
7877.19
7742.53
7641.77
7227.96
6864.87
5944.87
5308.52
5408.52
5930.17
5300.24
5783.15
5984.26
6369.28
6947.06
7152.88
7009.56
7137.03
7106.01
7086.86
7060.6
7083.49
5989.27
6514.72
6526.62
6742.89
6623.01
6554.04
6712.21
6839.59
6923.41
6826.61
6763.38
6197.84
6495.15
6304.53
6661.44
6245.18
6721.08
6729.53
6785.94
6209.71
6470.74
6398.77
6061.8
6642.27
6710.4
6593.8
6407.52
5860.99
5572.09
6015.3
6543.39
6672.69
6529.99
6165.35
6181.06
6312.03
6430.58
6734.99
6318.61
6223.37
5799.24
