1941.41
2137.59
1992.46
1833.57
1435.88
1448.49
1386.31
1487.34
1410.42
1562.65
1816.47
1688.32
1593.6
1535.65
1484.46
1470.53
1500.1
1439.05
1606.04
1973.44
1592.74
1518.55
1410.33
1321.26
1386.25
1809.54
1945.82
2025.58
1982.93
1865.11
1416.09
1253.61
1125.06
1070.06
1098.29
1080.37
1038.07
1008.64
1050.04
997.5
1024.55
1050.98
1105.06
1235.3
1169.57
1125.16
1321.26
1058.14
1115.78
1529.65
1447.05
1221.11
1967.28
1406.59
1653.95
1964.31
1856.43
1425.16
1363.32
1395.79
1396.1
1201.92
1288.11
1333.71
1195.37
1433.11
1669.13
1879.87
1974.69
2088.95
2305.64
2432.89
2825.89
3078.91
3190.12
3271.99
3266.62
3315.26
3097.92
2829.02
2458.65
2542.69
2310.15
2908.24
3245.26
3294.08
3290.68
2584.21
3005.01
3369.14
4002.88
3865.83
3774.81
4111.99
3626.88
3547.35
3597.92
3229.6
2969.83
2795.3
2612.89
2388.33
2329.44
2835.11
2852.93
2722.95
2189.77
2686.52
1846.9
2141.77
1895.25
2092.0
1966.29
1787.25
1570.2
1564.47
2007.12
2415.25
2976.85
2143.52
2086.18
2135.27
2194.84
2721.78
2883.21
3079.99
3186.77
3426.45
3455.24
3682.73
3830.49
3784.23
3617.29
3593.41
4129.54
4215.21
4286.46
4351.63
4550.53
4260.41
4341.74
4326.76
4290.59
4366.59
4397.08
4715.64
5219.08
5298.72
5228.84
5110.86
5062.44
4938.61
5300.24
5308.52
5408.52
5457.82
5783.15
6061.8
6369.28
6526.62
6721.08
6833.42
6693.83
6749.28
6586.01
6785.94
6839.59
6304.53
6642.27
6312.03
6446.31
6470.74
6495.15
6529.99
6742.89
6894.23
6814.76
6742.97
6661.44
6826.61
6964.01
7152.88
7227.45
7213.44
6979.81
7083.49
7106.01
7404.61
7136.1
7197.5
7838.22
7703.1
8144.16
8039.45
7677.73
7573.26
7331.73
7816.44
7866.52
8035.2
7500.79
7532.9
7736.07
7739.86
7832.22
7840.31
7877.19
8043.71
8256.28
7993.09
7773.92
7773.31
7906.6
8144.02
8098.16
8059.65
8516.02
8724.13
8738.72
8465.77
8069.81
8001.57
7918.53
7927.49
7641.77
7630.71
7575.15
7742.53
7670.37
8084.88
7630.26
7830.35
7489.2
7458.99
7380.32
7227.96
7276.63
7252.4
7341.65
7137.03
6923.41
6627.43
6543.39
6430.58
6318.61
6554.04
6206.24
5944.87
5984.26
6197.84
6588.28
6623.01
6861.31
7041.27
6919.59
6672.69
7170.7
7009.56
7093.42
7198.85
7245.13
7222.08
7046.57
6947.06
7086.86
7312.85
7268.06
7060.6
7035.76
6864.87
6729.53
6712.21
6701.36
6245.18
6514.72
6763.38
6407.52
6890.94
6710.4
6646.55
6607.13
5930.17
6165.35
5989.27
5860.99
5572.09
5799.24
5715.92
6015.3
6209.71
6181.06
6398.77
6223.37
6508.21
6593.8
6734.99
6923.6
6872.97
6335.56
5672.7
