1856.43
2086.18
1669.13
1593.6
1535.65
1439.05
1846.9
1386.31
1333.71
1321.26
1253.61
1235.3
1410.42
1396.1
1416.09
1425.16
1487.34
1570.2
1529.65
1447.05
1966.29
1895.25
1809.54
1653.95
1688.32
1395.79
1500.1
1410.33
1288.11
1221.11
1406.59
1070.06
1038.07
1363.32
997.5
1105.06
1050.04
1024.55
1008.64
1050.98
1058.14
1115.78
1098.29
1125.06
1201.92
1386.25
1125.16
1195.37
1321.26
1518.55
1833.57
1964.31
1606.04
1967.28
2092.0
2189.77
2141.77
2088.95
1448.49
1435.88
1592.74
1879.87
1945.82
2007.12
1484.46
1169.57
1080.37
1470.53
1974.69
1973.44
1433.11
1941.41
1992.46
2542.69
2415.25
2584.21
2432.89
3078.91
2835.11
2686.52
2825.89
2795.3
2137.59
2305.64
2458.65
2310.15
3190.12
3593.41
3271.99
3774.81
3455.24
3079.99
2969.83
3315.26
3626.88
2976.85
3369.14
2388.33
2721.78
2612.89
2829.02
3005.01
2883.21
3097.92
3426.45
3266.62
2722.95
2194.84
2143.52
1816.47
1787.25
1564.47
1562.65
1865.11
1982.93
2025.58
2135.27
2329.44
2852.93
3290.68
4111.99
3547.35
3830.49
3294.08
3597.92
2908.24
3229.6
3245.26
3186.77
3617.29
3865.83
4002.88
3784.23
3682.73
4129.54
4351.63
4366.59
4397.08
4290.59
4286.46
4260.41
4215.21
4326.76
4341.74
4550.53
4715.64
4938.61
5062.44
5110.86
5298.72
5219.08
5300.24
5228.84
5457.82
5672.7
6335.56
5944.87
7046.57
6508.21
6646.55
6763.38
6721.08
6734.99
6814.76
6398.77
6430.58
6526.62
6514.72
6369.28
6245.18
5799.24
6223.37
5989.27
6586.01
6712.21
6923.6
7093.42
7245.13
7252.4
7630.26
7532.9
7742.53
7575.15
7703.1
7312.85
7197.5
7198.85
7106.01
7041.27
6890.94
7083.49
6923.41
7136.1
7152.88
7227.45
7276.63
7736.07
8144.16
8043.71
8516.02
8724.13
8465.77
7927.49
7331.73
7677.73
7404.61
7341.65
7489.2
7500.79
7170.7
7227.96
7213.44
7268.06
7458.99
7832.22
7739.86
8084.88
8035.2
8098.16
8256.28
8738.72
8144.02
7866.52
7993.09
8001.57
7838.22
7773.31
7840.31
7918.53
8069.81
8059.65
8039.45
7830.35
7641.77
7630.71
7877.19
7906.6
7816.44
7670.37
7773.92
7573.26
7380.32
7222.08
7086.86
6947.06
6861.31
6742.89
6181.06
5860.99
5783.15
6061.8
6672.69
6749.28
6839.59
6979.81
6964.01
6742.97
6826.61
6864.87
5984.26
6785.94
6642.27
6312.03
6470.74
6304.53
6607.13
6593.8
6554.04
6627.43
6919.59
6495.15
6710.4
6529.99
6588.28
6693.83
7035.76
7009.56
6872.97
6318.61
6446.31
6206.24
6623.01
7137.03
7060.6
6543.39
6209.71
6165.35
6661.44
6833.42
6015.3
6407.52
5715.92
5308.52
5408.52
5930.17
6197.84
6729.53
6701.36
6894.23
5572.09
