2584.21
2835.11
3290.68
2721.78
1653.95
2092.0
1945.82
1865.11
1846.9
1169.57
1050.98
1024.55
1008.64
1195.37
1333.71
1410.42
1809.54
1833.57
1856.43
1816.47
1570.2
1500.1
1363.32
1125.16
1221.11
1321.26
1386.31
1425.16
1125.06
1562.65
1386.25
1253.61
1395.79
1105.06
1098.29
1235.3
1080.37
1058.14
1050.04
997.5
1070.06
1038.07
1288.11
1470.53
1447.05
1529.65
1592.74
1518.55
1787.25
1669.13
1879.87
1487.34
1688.32
1321.26
1448.49
1406.59
1564.47
1396.1
1433.11
1484.46
1606.04
1895.25
1941.41
1535.65
1593.6
1416.09
1410.33
1115.78
1201.92
1435.88
1439.05
1992.46
1974.69
2025.58
2086.18
1973.44
2007.12
2825.89
2415.25
2612.89
2305.64
2137.59
2143.52
2135.27
3097.92
2388.33
2908.24
2795.3
2829.02
2722.95
2686.52
2542.69
2432.89
3005.01
2976.85
3190.12
3315.26
3245.26
3369.14
3271.99
3186.77
2883.21
2310.15
2189.77
2141.77
2329.44
2088.95
1964.31
1967.28
1966.29
1982.93
2194.84
2458.65
3079.99
3426.45
3547.35
3593.41
3617.29
3455.24
3229.6
2852.93
3078.91
3597.92
3682.73
3774.81
3266.62
2969.83
3294.08
4002.88
4326.76
4290.59
3830.49
3865.83
3784.23
3626.88
4215.21
4260.41
4351.63
4341.74
4286.46
4129.54
4111.99
4366.59
4397.08
4715.64
4550.53
4938.61
5110.86
5062.44
5298.72
5228.84
5300.24
5408.52
5219.08
6061.8
6304.53
6742.89
6979.81
7227.96
7093.42
7035.76
6785.94
6712.21
6470.74
6245.18
6223.37
6335.56
5457.82
5672.7
5944.87
6833.42
6181.06
6593.8
6872.97
7136.1
7404.61
7245.13
7170.7
7703.1
7575.15
7918.53
8069.81
7213.44
7573.26
6923.6
7060.6
7380.32
7009.56
7500.79
7489.2
7877.19
7993.09
8084.88
8098.16
8256.28
8144.02
8043.71
8059.65
7458.99
7773.92
7268.06
7252.4
7086.86
6864.87
6826.61
6964.01
7041.27
7532.9
7906.6
7677.73
8035.2
7927.49
7830.35
7832.22
7773.31
8001.57
7630.71
7742.53
7630.26
7276.63
7670.37
7816.44
7866.52
8039.45
7840.31
7341.65
7331.73
7739.86
8738.72
8516.02
7641.77
7106.01
7083.49
7152.88
7222.08
7736.07
8144.16
8724.13
8465.77
7838.22
7227.45
6642.27
6495.15
5308.52
5989.27
6209.71
6398.77
5984.26
6165.35
6015.3
6446.31
6839.59
6890.94
6529.99
6749.28
6672.69
6646.55
6607.13
6701.36
6430.58
6586.01
6588.28
6514.72
6543.39
6729.53
7137.03
7312.85
7198.85
7197.5
7046.57
6947.06
6894.23
6923.41
6526.62
6627.43
6742.97
6369.28
6318.61
5715.92
5572.09
5783.15
5799.24
5930.17
5860.99
6206.24
6197.84
6312.03
6407.52
6623.01
6508.21
6763.38
6861.31
6919.59
6693.83
6734.99
6710.4
6721.08
6814.76
6661.44
6554.04
