1416.09
1406.59
1363.32
1562.65
1895.25
1809.54
1593.6
1564.47
1484.46
1448.49
1669.13
1410.33
1592.74
1439.05
1518.55
1433.11
1396.1
1321.26
1386.31
1410.42
1606.04
1487.34
1535.65
1395.79
1386.25
1435.88
1945.82
1470.53
1235.3
1288.11
1201.92
1070.06
1008.64
997.5
1038.07
1098.29
1125.06
1050.98
1050.04
1024.55
1058.14
1105.06
1125.16
1169.57
1221.11
1253.61
1195.37
1080.37
1115.78
1321.26
1333.71
1425.16
1447.05
1529.65
1570.2
1964.31
1787.25
1688.32
1856.43
1816.47
1941.41
2388.33
2305.64
2542.69
2432.89
2721.78
2415.25
2686.52
2137.59
2007.12
1879.87
2135.27
1967.28
2612.89
2141.77
2086.18
1966.29
2835.11
2092.0
2825.89
2458.65
2829.02
3245.26
3079.99
3593.41
3290.68
3097.92
2310.15
2329.44
2795.3
2584.21
2143.52
2722.95
2852.93
3315.26
3294.08
3369.14
2908.24
3186.77
3229.6
3271.99
3426.45
3455.24
3190.12
2969.83
3005.01
3078.91
1865.11
1974.69
1500.1
1653.95
1973.44
1846.9
1833.57
2025.58
1992.46
2194.84
1982.93
2088.95
2189.77
2883.21
2976.85
3266.62
3547.35
3597.92
3617.29
3682.73
3626.88
3784.23
3774.81
3830.49
3865.83
4111.99
4129.54
4002.88
4341.74
4397.08
4326.76
4260.41
4215.21
4290.59
4286.46
4351.63
4938.61
5062.44
5228.84
5298.72
5408.52
4715.64
4366.59
4550.53
5110.86
5300.24
5219.08
5308.52
5799.24
5783.15
6672.69
7198.85
7227.96
7035.76
7136.1
7268.06
7252.4
6785.94
6814.76
6407.52
5860.99
5715.92
5572.09
5672.7
6165.35
6526.62
6923.6
7093.42
6833.42
6890.94
7245.13
7046.57
7677.73
7573.26
7742.53
7773.92
7906.6
7739.86
7630.26
7276.63
7222.08
7197.5
7106.01
7213.44
7227.45
6749.28
7641.77
7083.49
7060.6
7532.9
7816.44
7840.31
7832.22
7152.88
7137.03
7009.56
6872.97
6923.41
6964.01
6894.23
6763.38
6947.06
6861.31
7041.27
7170.7
7312.85
7489.2
7703.1
7866.52
7838.22
8144.02
8084.88
7630.71
8098.16
7918.53
8256.28
8738.72
8516.02
7993.09
7927.49
8001.57
8035.2
8465.77
8069.81
8059.65
8144.16
7877.19
7404.61
8724.13
7458.99
7773.31
8043.71
7830.35
8039.45
7736.07
7331.73
6742.89
6864.87
6586.01
6369.28
6181.06
6015.3
5984.26
5989.27
6529.99
6398.77
6623.01
6661.44
6430.58
6646.55
6642.27
6721.08
6839.59
6742.97
7341.65
7670.37
7575.15
7380.32
7500.79
7086.86
6979.81
6826.61
6919.59
6554.04
6712.21
6607.13
6710.4
6508.21
6627.43
6470.74
6701.36
6734.99
6693.83
6543.39
6446.31
6514.72
6729.53
6593.8
6588.28
6304.53
6206.24
6495.15
6245.18
6223.37
6209.71
6335.56
5944.87
6197.84
6312.03
6318.61
6061.8
5930.17
5457.82
