2432.89
2829.02
2194.84
1809.54
1653.95
1846.9
1992.46
2388.33
2137.59
1973.44
1966.29
1484.46
1964.31
1669.13
1879.87
1410.42
1500.1
1386.31
1125.06
1098.29
1070.06
1038.07
997.5
1050.04
1008.64
1024.55
1050.98
1195.37
1363.32
1439.05
1080.37
1125.16
1115.78
1288.11
1406.59
1535.65
1606.04
1201.92
1410.33
1221.11
1105.06
1169.57
1058.14
1235.3
1253.61
1448.49
1425.16
1333.71
1435.88
1562.65
1787.25
1470.53
1433.11
1396.1
1395.79
1570.2
1416.09
1593.6
1895.25
2088.95
1816.47
1518.55
1386.25
1321.26
1321.26
1941.41
1833.57
1945.82
1982.93
2458.65
2329.44
2908.24
2976.85
2721.78
2415.25
1865.11
1856.43
2025.58
1564.47
1487.34
1529.65
1447.05
1592.74
1688.32
2686.52
3190.12
3315.26
3229.6
3369.14
3290.68
3426.45
3266.62
3626.88
3271.99
3547.35
3593.41
3455.24
3245.26
3186.77
3005.01
2883.21
3078.91
3079.99
3097.92
2852.93
2722.95
2542.69
1974.69
2305.64
2141.77
2086.18
2092.0
2135.27
2310.15
2584.21
2835.11
2969.83
2612.89
2825.89
2143.52
1967.28
2007.12
2189.77
2795.3
3294.08
3617.29
3682.73
4111.99
4260.41
4129.54
3865.83
3774.81
3784.23
3830.49
3597.92
4351.63
4002.88
4286.46
4326.76
4341.74
4215.21
4290.59
4366.59
4397.08
4550.53
5062.44
4715.64
5228.84
4938.61
5219.08
5110.86
5298.72
5308.52
5300.24
5783.15
5572.09
5989.27
6061.8
6446.31
6588.28
6554.04
6369.28
5860.99
6181.06
6335.56
6721.08
7041.27
6672.69
6646.55
7222.08
6814.76
7198.85
7489.2
7252.4
7458.99
7213.44
7060.6
6964.01
6661.44
6785.94
6861.31
6923.41
7227.96
7838.22
7736.07
7380.32
7245.13
7083.49
7197.5
7152.88
7670.37
7532.9
7832.22
7331.73
7906.6
7830.35
8059.65
8098.16
8256.28
8465.77
8144.16
8039.45
7866.52
7739.86
7773.92
7927.49
8084.88
8724.13
7877.19
7170.7
7106.01
7918.53
8738.72
8144.02
7742.53
7573.26
8035.2
8516.02
8069.81
8043.71
8001.57
7816.44
7404.61
7500.79
7276.63
7227.45
7312.85
7773.31
7630.71
7630.26
7641.77
7341.65
7703.1
7993.09
7677.73
7840.31
7268.06
7046.57
6742.97
7035.76
6607.13
6763.38
6529.99
5408.52
5930.17
5672.7
5984.26
6165.35
6209.71
6508.21
6712.21
7137.03
6710.4
7575.15
6947.06
6526.62
6430.58
6729.53
6623.01
6586.01
6872.97
6864.87
6701.36
6979.81
7093.42
7136.1
7086.86
6742.89
6890.94
7009.56
6894.23
6923.6
6407.52
5944.87
6206.24
6470.74
6693.83
6839.59
6642.27
6398.77
6627.43
6245.18
6304.53
6543.39
6015.3
6197.84
5715.92
5799.24
6312.03
6223.37
6495.15
6734.99
6826.61
6514.72
6593.8
6318.61
6919.59
6749.28
6833.42
5457.82
