2883.21
3245.26
1945.82
3005.01
2432.89
1500.1
1470.53
1439.05
1606.04
1653.95
1688.32
1787.25
1833.57
1895.25
1669.13
1593.6
1410.42
1592.74
1321.26
1253.61
1115.78
1058.14
1098.29
1416.09
1386.31
1410.33
1448.49
1484.46
1564.47
1535.65
1447.05
1169.57
1050.04
997.5
1008.64
1024.55
1038.07
1080.37
1201.92
1321.26
1406.59
1105.06
1288.11
1125.06
1396.1
1195.37
1050.98
1070.06
1125.16
1816.47
1964.31
1856.43
1395.79
1235.3
1425.16
1562.65
1433.11
1333.71
1570.2
1529.65
1865.11
1879.87
1941.41
1487.34
1221.11
1363.32
1435.88
1386.25
1518.55
1846.9
1809.54
1982.93
1974.69
2310.15
2542.69
2415.25
3079.99
3190.12
2976.85
2795.3
2829.02
2686.52
2835.11
2969.83
3229.6
3097.92
3426.45
3597.92
3593.41
3784.23
3547.35
3774.81
3455.24
3617.29
3369.14
3271.99
2584.21
2007.12
2458.65
2305.64
2388.33
2194.84
2135.27
2189.77
2086.18
2141.77
2092.0
1992.46
2143.52
1966.29
2137.59
1967.28
1973.44
2088.95
2025.58
2329.44
2825.89
2908.24
3078.91
3315.26
3266.62
3186.77
2852.93
2722.95
2612.89
2721.78
3290.68
3682.73
3865.83
4341.74
4715.64
5062.44
4550.53
4111.99
3294.08
3626.88
3830.49
4129.54
4002.88
4260.41
4351.63
4215.21
4290.59
4286.46
4366.59
4326.76
4938.61
4397.08
5228.84
5110.86
5219.08
5298.72
5300.24
5308.52
5672.7
5930.17
6627.43
6923.6
7035.76
7136.1
7245.13
6742.89
6742.97
6607.13
6508.21
6245.18
6526.62
6586.01
6223.37
6470.74
6312.03
6165.35
6335.56
6543.39
6814.76
7213.44
7703.1
8035.2
7742.53
7458.99
7838.22
7170.7
7641.77
7918.53
7773.31
7866.52
8059.65
7832.22
7331.73
7152.88
7227.96
7106.01
6712.21
6947.06
6763.38
6710.4
6861.31
7380.32
7830.35
7877.19
7341.65
7739.86
7222.08
6964.01
6923.41
6890.94
6785.94
7198.85
7046.57
7268.06
7404.61
7630.26
7575.15
7670.37
7677.73
7500.79
8001.57
8724.13
8738.72
8069.81
8144.02
7532.9
7630.71
8043.71
8144.16
7840.31
7773.92
7906.6
8039.45
8084.88
8098.16
8256.28
8465.77
8516.02
7927.49
7993.09
7736.07
7227.45
7489.2
7312.85
7083.49
6872.97
6693.83
6407.52
6304.53
5989.27
6206.24
5799.24
5572.09
5408.52
6197.84
6623.01
6701.36
6646.55
7086.86
7041.27
7197.5
6979.81
6919.59
7009.56
7573.26
7093.42
7816.44
7252.4
7276.63
7137.03
6864.87
6672.69
6642.27
6514.72
6061.8
5783.15
5457.82
5984.26
6398.77
6588.28
6833.42
6749.28
6593.8
6721.08
7060.6
6839.59
6734.99
6729.53
6826.61
6446.31
6209.71
6015.3
5944.87
6318.61
6554.04
6661.44
6894.23
6495.15
5715.92
6181.06
6430.58
5860.99
6529.99
6369.28
