2141.77
2852.93
2092.0
1865.11
1487.34
1386.31
1484.46
1564.47
1570.2
1500.1
1447.05
1321.26
1416.09
1529.65
1856.43
1535.65
1448.49
1169.57
1008.64
1363.32
1593.6
1425.16
1201.92
1098.29
1195.37
1221.11
1288.11
1125.06
1333.71
1410.33
1406.59
1105.06
1038.07
1115.78
1024.55
1080.37
1070.06
997.5
1396.1
1125.16
1439.05
1253.61
1235.3
1050.98
1050.04
1058.14
1321.26
1410.42
1435.88
1562.65
1606.04
1395.79
1433.11
1386.25
1470.53
1669.13
1833.57
1688.32
1653.95
1592.74
1846.9
1941.41
1895.25
1992.46
1964.31
2007.12
1966.29
1945.82
1518.55
1809.54
1816.47
1974.69
2088.95
2194.84
2310.15
1787.25
2135.27
2329.44
1982.93
2143.52
2432.89
2612.89
2542.69
3190.12
2969.83
2829.02
2883.21
2835.11
2976.85
3245.26
3271.99
3266.62
3097.92
3229.6
3005.01
3079.99
3078.91
2415.25
2584.21
2825.89
2458.65
2795.3
2722.95
2721.78
2686.52
2388.33
2137.59
2189.77
1967.28
1879.87
2025.58
1973.44
2086.18
2305.64
2908.24
3369.14
3617.29
3774.81
4002.88
4111.99
4351.63
4366.59
4215.21
3865.83
3626.88
3186.77
3315.26
3426.45
3593.41
3597.92
3547.35
3294.08
3290.68
3455.24
3830.49
4326.76
4341.74
4129.54
3682.73
3784.23
4290.59
4260.41
4715.64
4550.53
4286.46
4397.08
4938.61
5062.44
5110.86
5572.09
5408.52
5308.52
5228.84
5219.08
5783.15
5860.99
5457.82
6701.36
5930.17
6165.35
6223.37
6304.53
6181.06
5799.24
5298.72
5715.92
5300.24
5672.7
5944.87
5984.26
6206.24
6593.8
6627.43
6919.59
6749.28
6661.44
6729.53
7083.49
7830.35
8144.16
8256.28
8724.13
8039.45
8035.2
7245.13
7252.4
7630.26
7877.19
7630.71
7677.73
7670.37
7152.88
7331.73
7703.1
7458.99
7832.22
7742.53
7927.49
7906.6
8069.81
8001.57
7866.52
7736.07
7093.42
7086.86
7136.1
7137.03
7213.44
7268.06
7227.45
7341.65
7500.79
7816.44
7840.31
8084.88
8144.02
8516.02
8738.72
8465.77
8098.16
8059.65
7918.53
7641.77
7993.09
7773.92
7404.61
7312.85
7773.31
7227.96
7276.63
7197.5
7838.22
7380.32
7532.9
8043.71
7739.86
7489.2
7198.85
7573.26
7170.7
7575.15
7222.08
6979.81
6369.28
6209.71
6245.18
5989.27
6514.72
6742.97
6861.31
7041.27
7035.76
6947.06
6890.94
6894.23
6814.76
6672.69
6623.01
6529.99
6446.31
6543.39
6710.4
6470.74
6407.52
6430.58
6588.28
6742.89
7009.56
7106.01
7046.57
6734.99
6721.08
6398.77
6061.8
6763.38
6872.97
6318.61
6197.84
6335.56
6693.83
6712.21
6785.94
6923.6
7060.6
6923.41
6864.87
6495.15
6839.59
6607.13
6312.03
6508.21
6526.62
6554.04
6826.61
6646.55
6642.27
6586.01
6833.42
6964.01
6015.3
