1966.29
1982.93
1669.13
1448.49
1487.34
1321.26
1447.05
1593.6
1653.95
1410.33
1435.88
1321.26
1879.87
2135.27
2415.25
2329.44
2584.21
2305.64
2143.52
2007.12
1564.47
1396.1
1363.32
1169.57
1050.04
1008.64
1333.71
1058.14
1386.25
1235.3
1195.37
1105.06
1386.31
1024.55
997.5
1125.06
1070.06
1098.29
1288.11
1125.16
1395.79
1038.07
1050.98
1945.82
1416.09
1592.74
1535.65
1221.11
1253.61
1439.05
1433.11
1425.16
1470.53
1484.46
1865.11
1856.43
1787.25
1201.92
1410.42
1833.57
2092.0
1846.9
1115.78
1080.37
1809.54
2025.58
1518.55
1500.1
1406.59
1570.2
1562.65
1973.44
1964.31
2086.18
1992.46
1974.69
1941.41
1895.25
1816.47
1529.65
1606.04
1688.32
1967.28
2141.77
2194.84
2721.78
3078.91
2908.24
2835.11
2852.93
2883.21
2825.89
3005.01
3190.12
3266.62
3455.24
4111.99
4286.46
4002.88
3626.88
3315.26
3426.45
3271.99
3229.6
3245.26
2969.83
2612.89
2189.77
2137.59
2088.95
2388.33
2458.65
2976.85
3186.77
3079.99
2829.02
2722.95
2542.69
2432.89
2310.15
2686.52
2795.3
3097.92
3290.68
3682.73
3294.08
3593.41
3547.35
3865.83
3617.29
3830.49
3774.81
3597.92
3369.14
3784.23
4129.54
4260.41
4215.21
4341.74
4290.59
4366.59
4326.76
4351.63
4397.08
4715.64
4550.53
4938.61
5062.44
5110.86
5219.08
5228.84
5300.24
5408.52
5298.72
5308.52
5715.92
5783.15
6209.71
6061.8
6197.84
5984.26
6446.31
6369.28
6642.27
6407.52
6588.28
6543.39
6514.72
6206.24
5672.7
5572.09
5860.99
5799.24
6223.37
6335.56
6508.21
6661.44
6672.69
6861.31
7170.7
7331.73
7404.61
7222.08
7268.06
7106.01
7213.44
7276.63
7312.85
7252.4
7197.5
7670.37
7739.86
8039.45
8059.65
8098.16
8465.77
8144.16
8738.72
8516.02
8724.13
8256.28
8069.81
8144.02
7840.31
7927.49
7838.22
7918.53
7877.19
8043.71
7458.99
7906.6
7703.1
7773.31
7736.07
8035.2
7575.15
8084.88
8001.57
7993.09
7830.35
7866.52
7832.22
7816.44
7742.53
7677.73
7227.45
7773.92
7630.71
7573.26
7380.32
7152.88
7489.2
7532.9
7341.65
7137.03
7046.57
7083.49
7035.76
7245.13
7136.1
6864.87
6593.8
6398.77
6312.03
6318.61
6554.04
6470.74
5989.27
6181.06
6165.35
6304.53
6623.01
6627.43
6923.41
6964.01
6729.53
6839.59
6826.61
6947.06
7086.86
7227.96
7630.26
7500.79
7641.77
7198.85
7060.6
6814.76
6712.21
6529.99
6646.55
6245.18
6586.01
6607.13
6710.4
6890.94
6919.59
6894.23
6979.81
6749.28
6833.42
7041.27
6693.83
6701.36
6785.94
6872.97
7093.42
7009.56
6734.99
6742.89
6721.08
6923.6
6763.38
6742.97
6015.3
6430.58
6495.15
6526.62
5944.87
5930.17
5457.82
