2135.27
2194.84
1593.6
2432.89
1982.93
1562.65
1470.53
1606.04
1809.54
1879.87
1570.2
1439.05
1406.59
1447.05
1363.32
1448.49
1529.65
2388.33
1945.82
1964.31
1564.47
1333.71
1201.92
1080.37
1038.07
1195.37
1169.57
1008.64
997.5
1050.04
1024.55
1435.88
1386.25
1125.06
1098.29
1386.31
1787.25
1396.1
1125.16
1221.11
1433.11
1253.61
1321.26
1321.26
1288.11
1050.98
1105.06
1070.06
1058.14
1115.78
1235.3
1395.79
1410.33
1410.42
1846.9
1941.41
2584.21
2721.78
2908.24
2143.52
2722.95
2137.59
1856.43
1895.25
1425.16
1500.1
1535.65
1833.57
1865.11
1967.28
1966.29
1992.46
1974.69
2141.77
2007.12
1973.44
2305.64
2542.69
2092.0
1653.95
1518.55
1416.09
1484.46
2086.18
2612.89
2883.21
3245.26
3682.73
4286.46
4290.59
4111.99
3315.26
3266.62
3229.6
3290.68
3426.45
3626.88
3784.23
3079.99
3190.12
2852.93
2825.89
2976.85
2969.83
2835.11
2415.25
1688.32
2025.58
1592.74
1487.34
1669.13
2088.95
1816.47
2189.77
2458.65
2329.44
2310.15
2686.52
2795.3
2829.02
3005.01
3078.91
3186.77
3271.99
3369.14
3593.41
4129.54
3830.49
3455.24
3597.92
4002.88
3294.08
3097.92
4366.59
3617.29
4341.74
4326.76
4260.41
3865.83
3547.35
3774.81
4215.21
4351.63
4938.61
5219.08
5062.44
4715.64
4397.08
4550.53
5110.86
5298.72
5228.84
5457.82
5572.09
5799.24
6335.56
6430.58
6526.62
6826.61
6446.31
6554.04
5783.15
5944.87
5715.92
5930.17
6015.3
6470.74
6245.18
6209.71
6407.52
6529.99
6607.13
6710.4
6833.42
6979.81
7035.76
7213.44
7276.63
7268.06
7532.9
7773.31
7816.44
7877.19
8059.65
7927.49
7736.07
7739.86
7573.26
7197.5
7227.45
7252.4
6919.59
7046.57
7170.7
7086.86
6861.31
7380.32
7198.85
7227.96
7677.73
7341.65
7458.99
7152.88
7222.08
7136.1
7093.42
6923.6
7245.13
7489.2
7838.22
8084.88
8738.72
7500.79
7575.15
7404.61
7832.22
8256.28
8516.02
8465.77
8144.16
8724.13
8144.02
8069.81
8039.45
8098.16
7993.09
7742.53
8035.2
7866.52
8043.71
8001.57
7331.73
7773.92
7840.31
7830.35
7906.6
7703.1
7670.37
7630.71
7641.77
7918.53
7630.26
7060.6
6588.28
6508.21
6586.01
6197.84
5989.27
5300.24
5308.52
5672.7
6165.35
6061.8
6398.77
6627.43
6729.53
6839.59
6742.97
6814.76
6763.38
6964.01
7083.49
7137.03
6894.23
6923.41
6749.28
7312.85
6890.94
6947.06
6742.89
6318.61
6661.44
6646.55
6593.8
6872.97
7009.56
6712.21
7106.01
6864.87
6734.99
6721.08
6642.27
6693.83
6672.69
6543.39
6514.72
6223.37
6304.53
6495.15
6623.01
6785.94
7041.27
6701.36
6312.03
5860.99
6206.24
6369.28
5984.26
6181.06
5408.52
