1941.41
1895.25
1846.9
1967.28
1653.95
1535.65
1787.25
1500.1
1470.53
1448.49
1416.09
1386.31
1406.59
1396.1
1288.11
1125.16
1253.61
1439.05
1321.26
1201.92
1008.64
1024.55
1050.04
1038.07
1070.06
1221.11
1363.32
1410.33
1592.74
1562.65
1809.54
1564.47
1447.05
1410.42
1386.25
1235.3
1169.57
1050.98
1080.37
1115.78
1105.06
1125.06
997.5
1058.14
1098.29
1195.37
1321.26
1333.71
1395.79
1433.11
1669.13
1435.88
1606.04
1487.34
1518.55
1529.65
1593.6
1425.16
1484.46
1856.43
2612.89
2458.65
2025.58
1833.57
2007.12
2141.77
1688.32
1945.82
1974.69
2092.0
2432.89
2721.78
2835.11
2825.89
2795.3
2137.59
1973.44
2088.95
1865.11
1879.87
1964.31
1982.93
2388.33
2883.21
2908.24
2969.83
3266.62
3229.6
3294.08
3547.35
3271.99
3315.26
3245.26
3186.77
2976.85
3005.01
3078.91
3190.12
3097.92
2852.93
2305.64
2143.52
1992.46
2415.25
2722.95
2329.44
2584.21
2310.15
1966.29
1816.47
2086.18
2135.27
1570.2
2189.77
2194.84
2542.69
2686.52
2829.02
3079.99
3426.45
3369.14
3290.68
3593.41
3455.24
3597.92
3617.29
3626.88
3774.81
4129.54
4111.99
4351.63
4366.59
4341.74
4290.59
4260.41
4215.21
3865.83
3682.73
3784.23
3830.49
4326.76
4002.88
4550.53
4286.46
4715.64
4397.08
4938.61
5110.86
5062.44
5298.72
5300.24
5228.84
5572.09
5219.08
5308.52
5408.52
5457.82
5672.7
6206.24
5783.15
6223.37
6015.3
5715.92
5944.87
5799.24
6508.21
6693.83
6749.28
6586.01
6554.04
6742.89
6833.42
6979.81
6923.41
6947.06
6964.01
7170.7
7276.63
7245.13
7268.06
7222.08
7136.1
7152.88
7500.79
7380.32
7312.85
7198.85
7041.27
7227.45
7736.07
7532.9
7573.26
7816.44
7677.73
7742.53
7773.31
7703.1
8098.16
8035.2
8144.02
7830.35
7773.92
7197.5
6763.38
6712.21
6890.94
7009.56
7093.42
7630.26
7489.2
8256.28
8516.02
8738.72
8724.13
8465.77
7993.09
8043.71
8069.81
8084.88
8059.65
8001.57
7838.22
7630.71
7404.61
7331.73
7083.49
6923.6
7213.44
7458.99
7575.15
7641.77
8039.45
7906.6
7739.86
7927.49
7918.53
7877.19
7866.52
7832.22
8144.16
7840.31
7670.37
7227.96
6646.55
6495.15
6245.18
6627.43
6318.61
6785.94
6814.76
6839.59
6872.97
7035.76
6529.99
6446.31
6514.72
6165.35
6209.71
7341.65
6593.8
6642.27
6470.74
6623.01
6607.13
6864.87
7137.03
7252.4
7060.6
7046.57
7106.01
6826.61
7086.86
6894.23
6661.44
6729.53
6742.97
6710.4
6588.28
6398.77
6430.58
6734.99
6335.56
6701.36
6369.28
6304.53
5930.17
5984.26
5860.99
6543.39
6312.03
6721.08
6919.59
6861.31
6672.69
6407.52
5989.27
6197.84
6061.8
6526.62
6181.06
