1787.25
1564.47
1416.09
1535.65
1425.16
1435.88
1688.32
1363.32
1235.3
1606.04
1333.71
1410.33
1395.79
1484.46
1562.65
1487.34
1447.05
1448.49
1439.05
1518.55
1433.11
1386.31
1201.92
1105.06
1169.57
1221.11
1288.11
1386.25
1321.26
1253.61
1406.59
1125.06
1125.16
1115.78
997.5
1008.64
1058.14
1024.55
1070.06
1038.07
1050.98
1050.04
1080.37
1098.29
1195.37
1321.26
1669.13
1941.41
1593.6
1865.11
1992.46
1982.93
2305.64
1809.54
1895.25
1653.95
1966.29
1500.1
1529.65
1470.53
1856.43
1816.47
1846.9
1833.57
1570.2
1879.87
1967.28
1945.82
1964.31
2086.18
1592.74
2092.0
2137.59
2007.12
2025.58
2141.77
1973.44
2883.21
2908.24
2415.25
1974.69
1410.42
1396.1
2721.78
3005.01
2542.69
2135.27
2686.52
2584.21
2612.89
2825.89
2829.02
2835.11
3190.12
3097.92
3078.91
3290.68
3245.26
2976.85
3186.77
2189.77
2143.52
2088.95
2194.84
2329.44
2795.3
2432.89
2388.33
2458.65
2310.15
2722.95
2852.93
2969.83
3079.99
3271.99
3315.26
3426.45
3547.35
3626.88
3774.81
3597.92
3593.41
3617.29
3682.73
3830.49
4002.88
4111.99
4326.76
5110.86
5219.08
5298.72
4715.64
4286.46
4260.41
4397.08
4351.63
4215.21
3865.83
3369.14
3294.08
3266.62
3229.6
3455.24
3784.23
4290.59
4129.54
5300.24
4938.61
4341.74
4366.59
4550.53
5062.44
5228.84
5308.52
5408.52
5457.82
5715.92
6407.52
6646.55
6526.62
6701.36
6543.39
6593.8
6721.08
6015.3
6623.01
6588.28
6181.06
5672.7
5572.09
6318.61
6586.01
6864.87
7136.1
7489.2
7739.86
7380.32
7213.44
7041.27
7046.57
7106.01
7227.96
7152.88
7222.08
7137.03
7086.86
7227.45
7252.4
7245.13
7532.9
7816.44
7742.53
7677.73
7573.26
7641.77
7832.22
7830.35
8516.02
8256.28
8738.72
8724.13
8059.65
8001.57
7906.6
7630.71
7736.07
7268.06
7060.6
7083.49
6894.23
6964.01
7197.5
7670.37
7575.15
7918.53
7773.31
8144.02
8069.81
8098.16
8144.16
8465.77
8035.2
7500.79
7331.73
7458.99
7341.65
7276.63
7703.1
7840.31
7838.22
7866.52
8039.45
8043.71
8084.88
7927.49
7877.19
7993.09
7404.61
7630.26
7773.92
7312.85
7093.42
6923.6
6304.53
5930.17
6661.44
6061.8
6312.03
5799.24
5860.99
6470.74
6495.15
6642.27
6554.04
6508.21
6165.35
5989.27
5984.26
6734.99
6197.84
6627.43
6672.69
6826.61
6979.81
6729.53
6872.97
6919.59
7009.56
6742.97
7198.85
6607.13
7035.76
7170.7
6890.94
6742.89
6861.31
6693.83
6839.59
6785.94
6749.28
6923.41
6833.42
6710.4
6763.38
6514.72
6446.31
6206.24
6209.71
6223.37
5944.87
6335.56
6245.18
6430.58
6369.28
6398.77
6712.21
6947.06
6814.76
6529.99
5783.15
