1470.53
1570.2
1606.04
1518.55
1562.65
1410.42
1529.65
1564.47
1865.11
1809.54
1669.13
1879.87
1833.57
1941.41
1846.9
1964.31
1787.25
1992.46
1895.25
1974.69
1653.95
1439.05
1416.09
1321.26
1125.06
1386.25
1447.05
1070.06
1396.1
1433.11
1425.16
1395.79
1288.11
1115.78
1058.14
997.5
1038.07
1008.64
1253.61
1592.74
2092.0
1487.34
1105.06
1098.29
1333.71
1201.92
1221.11
1363.32
1410.33
1406.59
1386.31
1235.3
1080.37
1024.55
1050.98
1125.16
1169.57
1050.04
1195.37
1321.26
1435.88
1448.49
1816.47
1593.6
1945.82
1966.29
1967.28
1973.44
2137.59
2007.12
2305.64
2135.27
2088.95
2194.84
2141.77
2189.77
2795.3
2969.83
3190.12
2976.85
2829.02
2722.95
2388.33
2835.11
3245.26
3547.35
3271.99
3455.24
3266.62
3315.26
3229.6
3294.08
3426.45
3369.14
3617.29
3774.81
3830.49
4002.88
4215.21
3597.92
3005.01
3097.92
2415.25
2584.21
2542.69
2458.65
2329.44
1982.93
2025.58
1856.43
1535.65
1500.1
1484.46
1688.32
2086.18
2432.89
2143.52
2612.89
2310.15
2852.93
2883.21
2825.89
2908.24
3078.91
2686.52
2721.78
3079.99
3186.77
3593.41
3626.88
3784.23
3865.83
3682.73
3290.68
4111.99
4260.41
4366.59
4351.63
4397.08
4290.59
4286.46
4129.54
4326.76
4341.74
4550.53
4715.64
5219.08
5308.52
5062.44
5298.72
5110.86
5228.84
4938.61
5300.24
5408.52
6015.3
6197.84
6543.39
6607.13
6623.01
6701.36
6712.21
6586.01
6529.99
6446.31
6514.72
6672.69
6430.58
6223.37
5944.87
6312.03
6061.8
6646.55
6693.83
6864.87
6979.81
7213.44
7252.4
7227.45
7458.99
7222.08
7404.61
7575.15
7500.79
7341.65
7198.85
7041.27
7227.96
7093.42
7489.2
7532.9
7268.06
7736.07
7677.73
7630.26
7866.52
7703.1
8039.45
8035.2
7906.6
8001.57
7773.92
7670.37
7276.63
7312.85
7380.32
7573.26
7630.71
7245.13
7137.03
7170.7
7742.53
7816.44
7840.31
8516.02
7927.49
8059.65
8738.72
8144.16
8724.13
8465.77
8144.02
8084.88
8256.28
7877.19
8069.81
7838.22
7993.09
8043.71
8098.16
7739.86
7830.35
7918.53
7832.22
7773.31
7641.77
7331.73
6814.76
6894.23
6861.31
6763.38
6661.44
6593.8
5572.09
5860.99
5930.17
5715.92
5672.7
5799.24
5457.82
6526.62
6839.59
6826.61
6919.59
6923.41
6742.97
6734.99
6785.94
7136.1
7083.49
7060.6
7009.56
7046.57
6964.01
7035.76
7152.88
7197.5
7106.01
7086.86
6947.06
6923.6
6749.28
6890.94
6742.89
6245.18
6710.4
6181.06
6369.28
6206.24
6588.28
6721.08
6872.97
6729.53
6833.42
6554.04
6508.21
6165.35
6407.52
6209.71
6318.61
6398.77
6495.15
6304.53
5989.27
5783.15
6335.56
6470.74
6627.43
6642.27
5984.26
