2088.95
2086.18
1966.29
1562.65
1435.88
1386.31
1484.46
1433.11
1606.04
1653.95
1846.9
1529.65
1964.31
1816.47
1406.59
1386.25
1169.57
1125.16
1105.06
1321.26
1593.6
1487.34
1125.06
1201.92
1235.3
1425.16
1395.79
1941.41
1288.11
1787.25
1535.65
1669.13
1688.32
1470.53
1410.33
1333.71
1363.32
1195.37
1098.29
1115.78
1050.98
1008.64
997.5
1038.07
1050.04
1024.55
1080.37
1058.14
1070.06
1221.11
1321.26
1396.1
1592.74
1856.43
1865.11
1967.28
1982.93
1439.05
1447.05
1253.61
1410.42
1564.47
1973.44
2432.89
2415.25
2388.33
1974.69
1448.49
1570.2
1416.09
1500.1
1945.82
2025.58
2542.69
2721.78
2458.65
2686.52
2908.24
2584.21
2612.89
2829.02
2310.15
2795.3
2969.83
3097.92
3079.99
3186.77
3271.99
3290.68
3617.29
3830.49
3593.41
3266.62
3294.08
3455.24
3626.88
3682.73
3774.81
3369.14
3245.26
3078.91
2722.95
2825.89
2883.21
2852.93
3005.01
2976.85
2141.77
2305.64
2329.44
2137.59
2189.77
2194.84
2143.52
2135.27
2007.12
1833.57
1809.54
1895.25
1879.87
1518.55
1992.46
2092.0
2835.11
3190.12
3229.6
3426.45
4111.99
3315.26
4002.88
4260.41
4351.63
4397.08
4290.59
4286.46
4341.74
4129.54
3547.35
3784.23
3597.92
3865.83
4215.21
4326.76
4550.53
4366.59
5219.08
4715.64
4938.61
5062.44
5110.86
5228.84
5408.52
5457.82
5989.27
6197.84
6369.28
6721.08
6749.28
6919.59
7009.56
6923.6
6894.23
6890.94
6710.4
6209.71
6206.24
5799.24
5300.24
5308.52
5298.72
5672.7
5572.09
6742.97
5860.99
6701.36
6712.21
6979.81
7086.86
7136.1
7093.42
7137.03
7152.88
7276.63
7252.4
7312.85
7532.9
7877.19
7838.22
7641.77
7736.07
7677.73
7840.31
7458.99
7341.65
7816.44
7222.08
7331.73
7489.2
7573.26
7832.22
7993.09
8039.45
8001.57
7773.92
8035.2
7773.31
7703.1
7404.61
7906.6
7739.86
7670.37
8256.28
8465.77
8516.02
8724.13
8738.72
8144.16
8144.02
7866.52
7575.15
7630.71
8098.16
7830.35
8084.88
7630.26
7227.96
7170.7
7245.13
7197.5
7500.79
7918.53
8043.71
8069.81
8059.65
7742.53
7927.49
7380.32
7106.01
7268.06
7198.85
7227.45
7213.44
7083.49
5984.26
6312.03
6872.97
6826.61
6223.37
5715.92
6061.8
6543.39
6833.42
6763.38
6593.8
6529.99
6318.61
6304.53
6627.43
6646.55
6586.01
6526.62
6430.58
6514.72
6495.15
6693.83
7035.76
6923.41
6729.53
6742.89
6508.21
6015.3
6588.28
6814.76
6672.69
7041.27
6861.31
7046.57
7060.6
6947.06
6785.94
6661.44
6398.77
6335.56
6734.99
6407.52
6165.35
5944.87
5783.15
6181.06
5930.17
6554.04
6964.01
6839.59
6864.87
6623.01
6446.31
6642.27
6470.74
6607.13
6245.18
