1846.9
1592.74
1484.46
1966.29
1433.11
1606.04
1500.1
1518.55
1447.05
1410.33
1333.71
1321.26
1448.49
1570.2
1833.57
1809.54
1816.47
1688.32
1562.65
1593.6
1535.65
1653.95
1410.42
1195.37
1080.37
1098.29
1201.92
1363.32
1487.34
1529.65
1435.88
1321.26
1395.79
1288.11
1125.16
1221.11
1105.06
1058.14
1008.64
1038.07
1024.55
997.5
1070.06
1050.04
1386.25
1050.98
1425.16
1125.06
1169.57
1406.59
1396.1
1253.61
1115.78
1235.3
1386.31
1470.53
1669.13
1564.47
1439.05
1416.09
1787.25
1941.41
2388.33
2686.52
2612.89
3078.91
2825.89
1992.46
3097.92
1982.93
1973.44
2135.27
1974.69
2415.25
2542.69
2432.89
2584.21
2310.15
2141.77
2092.0
1967.28
1865.11
1895.25
2007.12
1964.31
1879.87
1945.82
2025.58
2458.65
2883.21
3190.12
3005.01
3245.26
3266.62
3294.08
3315.26
3290.68
2976.85
2086.18
2137.59
1856.43
2088.95
2721.78
3229.6
3186.77
3079.99
2908.24
2829.02
2305.64
2143.52
2722.95
2189.77
2194.84
2329.44
2795.3
2835.11
2852.93
2969.83
3271.99
3369.14
3593.41
4366.59
4260.41
4351.63
4002.88
4129.54
4215.21
4290.59
3774.81
4111.99
3784.23
3626.88
3455.24
3830.49
4341.74
3547.35
5228.84
3865.83
4286.46
4550.53
3682.73
3597.92
3426.45
3617.29
4326.76
4715.64
5062.44
5110.86
4938.61
4397.08
5219.08
5298.72
5300.24
5308.52
5408.52
5672.7
5457.82
5944.87
5984.26
6181.06
6398.77
6015.3
6061.8
6206.24
5930.17
6430.58
6586.01
6495.15
6209.71
6646.55
6734.99
6826.61
6947.06
7086.86
7046.57
7136.1
7041.27
7312.85
7630.71
7137.03
7840.31
7252.4
7739.86
7918.53
7489.2
7404.61
7268.06
7500.79
7152.88
7380.32
7573.26
7575.15
7742.53
7877.19
8035.2
8144.02
8516.02
8738.72
8465.77
8724.13
8098.16
8144.16
7866.52
7458.99
7331.73
7170.7
7198.85
7227.45
7245.13
7227.96
7677.73
7341.65
7773.92
7736.07
7816.44
7927.49
8069.81
8084.88
7838.22
7213.44
7106.01
7222.08
6861.31
7276.63
7532.9
7009.56
7083.49
7630.26
7670.37
8059.65
8043.71
7906.6
7830.35
8039.45
7832.22
8256.28
8001.57
7993.09
7703.1
7641.77
7773.31
7197.5
7093.42
6701.36
6318.61
6165.35
6223.37
5715.92
5799.24
5572.09
6529.99
6693.83
6833.42
6919.59
7035.76
6923.41
6894.23
6763.38
6729.53
6710.4
6749.28
6839.59
6864.87
6814.76
6721.08
6785.94
6890.94
6872.97
6923.6
7060.6
6979.81
6964.01
6742.89
6470.74
6642.27
6712.21
6627.43
6672.69
6245.18
5860.99
6197.84
5783.15
5989.27
6508.21
6312.03
6369.28
6407.52
6514.72
6543.39
6526.62
6588.28
6661.44
6554.04
6607.13
6446.31
6304.53
6593.8
6623.01
6742.97
6335.56
