1816.47
1967.28
1487.34
1606.04
1410.42
1406.59
1787.25
1688.32
1500.1
1439.05
1333.71
1386.25
1448.49
1846.9
1879.87
1973.44
1941.41
1895.25
1865.11
1570.2
1592.74
1425.16
1221.11
1070.06
1105.06
1321.26
1396.1
1235.3
1169.57
1416.09
1253.61
1447.05
1435.88
1386.31
1201.92
1363.32
1321.26
1125.06
1080.37
1024.55
1058.14
1008.64
1050.04
1050.98
1038.07
997.5
1098.29
1115.78
1195.37
1410.33
1395.79
1288.11
1470.53
1125.16
1518.55
1529.65
1562.65
1535.65
1484.46
1433.11
1669.13
1833.57
2007.12
2025.58
2086.18
2143.52
2135.27
2141.77
2458.65
2835.11
2825.89
2969.83
2976.85
3005.01
2908.24
2415.25
2542.69
2829.02
2329.44
1974.69
1564.47
1856.43
2088.95
2310.15
2795.3
2584.21
2612.89
2686.52
3186.77
3229.6
3369.14
3190.12
3294.08
3271.99
3078.91
3315.26
3455.24
3079.99
3245.26
2883.21
2194.84
2432.89
2092.0
2305.64
1982.93
2137.59
1992.46
1966.29
1653.95
1593.6
1809.54
1945.82
1964.31
2189.77
2388.33
2721.78
2722.95
2852.93
3097.92
3290.68
3266.62
3426.45
3597.92
3626.88
3593.41
3547.35
3617.29
3682.73
3774.81
4111.99
3830.49
3865.83
4002.88
3784.23
4260.41
4366.59
4290.59
4129.54
4286.46
4326.76
4341.74
4215.21
4351.63
4397.08
4550.53
4715.64
4938.61
5298.72
5300.24
5110.86
5228.84
5062.44
5219.08
5308.52
5457.82
5672.7
6335.56
6495.15
6672.69
6646.55
6526.62
6318.61
5984.26
6514.72
6470.74
6529.99
6833.42
6554.04
6586.01
6712.21
7106.01
6923.6
7341.65
7630.71
7670.37
7136.1
6947.06
7276.63
7489.2
7575.15
7630.26
7380.32
7500.79
7742.53
7331.73
7573.26
7137.03
6864.87
6508.21
6181.06
6607.13
6826.61
7083.49
7245.13
7093.42
6734.99
7404.61
7838.22
8035.2
8144.02
8043.71
7906.6
7866.52
7198.85
7268.06
7532.9
6742.89
7213.44
7046.57
6894.23
7197.5
7227.96
6642.27
7458.99
7677.73
7641.77
8144.16
8059.65
7927.49
7918.53
7830.35
7739.86
7773.31
7832.22
7840.31
7816.44
7736.07
7877.19
8084.88
8738.72
8724.13
8516.02
8256.28
8098.16
8069.81
8465.77
8001.57
8039.45
7993.09
7703.1
7773.92
7312.85
6861.31
6588.28
6543.39
6015.3
5930.17
5408.52
5572.09
5799.24
6742.97
6979.81
7035.76
6661.44
7060.6
7227.45
7252.4
7041.27
6890.94
6721.08
6814.76
7086.86
6964.01
6763.38
6872.97
7222.08
6923.41
7170.7
7009.56
6701.36
6839.59
6223.37
6398.77
6061.8
6407.52
6729.53
6627.43
6446.31
5860.99
6165.35
6197.84
6304.53
6206.24
6749.28
6312.03
6369.28
6623.01
6430.58
6785.94
6710.4
6245.18
7152.88
6919.59
5783.15
5944.87
6209.71
5989.27
6693.83
6593.8
5715.92
