3294.08
3079.99
2088.95
1865.11
1333.71
1080.37
1321.26
1529.65
1470.53
1895.25
1879.87
1606.04
1856.43
1562.65
1448.49
1235.3
1125.06
1406.59
1416.09
1410.33
1321.26
1787.25
1105.06
1396.1
1395.79
1518.55
1564.47
1439.05
1447.05
1816.47
1570.2
1535.65
1410.42
1386.25
1050.98
1253.61
1125.16
1038.07
1195.37
1169.57
1201.92
1288.11
1115.78
1098.29
1050.04
1024.55
997.5
1008.64
1058.14
1070.06
1386.31
1435.88
1484.46
1500.1
1669.13
1433.11
1487.34
1688.32
1941.41
2092.0
2137.59
1833.57
1653.95
1425.16
1809.54
1973.44
1846.9
1221.11
1363.32
1592.74
1593.6
2025.58
1967.28
2143.52
2189.77
2415.25
2458.65
2135.27
3455.24
2305.64
2795.3
2432.89
2007.12
1992.46
2612.89
2542.69
2908.24
3229.6
3271.99
3547.35
3186.77
2883.21
2852.93
2388.33
2825.89
3005.01
2835.11
2976.85
2329.44
2194.84
1966.29
1945.82
1964.31
1974.69
2141.77
3097.92
1982.93
2584.21
2722.95
2829.02
3190.12
3266.62
2686.52
2721.78
2086.18
2969.83
3315.26
3597.92
3369.14
3290.68
2310.15
3078.91
3245.26
3617.29
3426.45
3593.41
3626.88
3774.81
4002.88
4351.63
4341.74
4286.46
4215.21
3682.73
3784.23
4260.41
3865.83
4290.59
4397.08
4366.59
4326.76
4111.99
3830.49
4129.54
4550.53
4715.64
4938.61
5062.44
5110.86
5219.08
5300.24
5715.92
5572.09
5672.7
6209.71
6165.35
6642.27
6890.94
7060.6
7268.06
7404.61
7341.65
7046.57
6923.6
6245.18
6318.61
6586.01
5860.99
6514.72
6543.39
6446.31
6223.37
6197.84
6304.53
6554.04
6814.76
7009.56
7137.03
7331.73
7500.79
7742.53
7816.44
8039.45
7906.6
7703.1
7838.22
8001.57
7866.52
7227.96
7276.63
7532.9
7670.37
7739.86
7489.2
7245.13
7227.45
7152.88
7830.35
7573.26
7630.71
7312.85
7170.7
7252.4
7106.01
7093.42
7136.1
7086.86
7927.49
7736.07
7197.5
8098.16
7198.85
7840.31
8084.88
8465.77
8144.02
8724.13
8738.72
8144.16
8516.02
8256.28
8043.71
7380.32
7575.15
7641.77
7677.73
7773.92
8035.2
8059.65
7918.53
7213.44
7458.99
7222.08
7773.31
7993.09
8069.81
7877.19
7832.22
7630.26
7083.49
6872.97
6588.28
6206.24
6015.3
5944.87
5930.17
6061.8
5228.84
5308.52
5298.72
5799.24
6495.15
5984.26
6398.77
6508.21
6369.28
6470.74
6710.4
6721.08
6661.44
7041.27
7035.76
6947.06
6861.31
6894.23
6923.41
6979.81
6919.59
6529.99
6335.56
6181.06
6407.52
6742.89
6607.13
6785.94
6742.97
6833.42
6734.99
6864.87
6623.01
6712.21
6593.8
6701.36
6672.69
6627.43
6312.03
5457.82
5408.52
5989.27
5783.15
6430.58
6693.83
6729.53
6839.59
6749.28
6826.61
6526.62
6763.38
6964.01
6646.55
