1809.54
1941.41
1592.74
1833.57
1447.05
1416.09
1448.49
1606.04
1688.32
1865.11
2086.18
1895.25
2007.12
1787.25
1669.13
1593.6
1570.2
1816.47
1562.65
1435.88
1439.05
1363.32
1410.33
1395.79
1386.25
1221.11
1288.11
1201.92
1050.98
1125.06
1098.29
1195.37
1038.07
1433.11
1169.57
1235.3
1321.26
1105.06
1080.37
1058.14
1008.64
1050.04
1070.06
1253.61
1425.16
1321.26
1115.78
1024.55
997.5
1125.16
1386.31
1410.42
1396.1
1406.59
1529.65
1564.47
1535.65
1500.1
1484.46
1333.71
1518.55
1487.34
1470.53
1879.87
2305.64
2852.93
2329.44
2189.77
2092.0
1973.44
1967.28
1966.29
2137.59
2310.15
2795.3
2415.25
2432.89
2969.83
2722.95
2025.58
2143.52
1846.9
1945.82
2088.95
3190.12
3245.26
3079.99
2829.02
2584.21
1982.93
3455.24
2388.33
2908.24
3229.6
3426.45
3597.92
3626.88
3682.73
3547.35
3290.68
3315.26
3369.14
3266.62
3005.01
2721.78
2612.89
1964.31
2194.84
2135.27
1974.69
1856.43
2542.69
1653.95
2458.65
1992.46
2141.77
2825.89
2835.11
3186.77
3097.92
3078.91
3617.29
2976.85
3294.08
2883.21
2686.52
3271.99
3593.41
3774.81
3784.23
4002.88
4260.41
3830.49
4111.99
3865.83
4129.54
4215.21
4351.63
4286.46
4550.53
4290.59
4366.59
4397.08
5062.44
4715.64
4341.74
4326.76
4938.61
5110.86
5219.08
5300.24
5228.84
5308.52
5298.72
5799.24
5984.26
6015.3
6554.04
6646.55
6661.44
6839.59
6749.28
6701.36
6742.97
6763.38
6642.27
6729.53
6623.01
6627.43
6734.99
6814.76
6785.94
7009.56
6890.94
7136.1
7137.03
7152.88
7245.13
7197.5
7331.73
7083.49
7093.42
7312.85
7630.71
7670.37
7573.26
7086.86
6964.01
6826.61
6894.23
7060.6
7380.32
7046.57
7035.76
7575.15
7268.06
7773.92
7906.6
7532.9
7703.1
7830.35
7918.53
7742.53
7489.2
7227.45
7458.99
7341.65
7252.4
7641.77
7227.96
7213.44
7838.22
7500.79
7877.19
7736.07
8001.57
8516.02
8738.72
8724.13
8098.16
8039.45
7927.49
7832.22
7840.31
7816.44
7677.73
7739.86
8059.65
8035.2
8144.02
8069.81
8144.16
8465.77
8256.28
8043.71
8084.88
7993.09
7866.52
7773.31
7198.85
6833.42
6607.13
6206.24
5408.52
5672.7
5457.82
5944.87
5783.15
5860.99
5715.92
5572.09
5930.17
6165.35
6197.84
6923.41
6318.61
6312.03
6710.4
6742.89
6872.97
6919.59
6947.06
6923.6
6979.81
7106.01
7404.61
7630.26
7170.7
7276.63
7222.08
7041.27
6864.87
6861.31
6588.28
6672.69
6721.08
6693.83
6529.99
6181.06
6335.56
6398.77
6430.58
6369.28
6543.39
6508.21
6526.62
6061.8
6223.37
6209.71
5989.27
6514.72
6470.74
6495.15
6407.52
6304.53
6446.31
6593.8
6586.01
6712.21
6245.18
