1945.82
1535.65
1448.49
1321.26
1235.3
1125.16
1386.25
1410.33
1470.53
2007.12
1879.87
1529.65
1846.9
2141.77
1973.44
2137.59
1487.34
1562.65
2025.58
2135.27
1966.29
1833.57
1856.43
1593.6
1425.16
1653.95
1606.04
1395.79
1816.47
1809.54
1416.09
1396.1
1288.11
1201.92
1105.06
1080.37
997.5
1038.07
1008.64
1024.55
1058.14
1050.98
1050.04
1098.29
1125.06
1070.06
1253.61
1221.11
1169.57
1115.78
1363.32
1195.37
1386.31
1321.26
1406.59
1964.31
1967.28
1484.46
1787.25
1941.41
2143.52
2086.18
1992.46
1592.74
1433.11
1688.32
2092.0
1410.42
1564.47
1669.13
1518.55
1982.93
2310.15
3186.77
3271.99
3229.6
3190.12
3617.29
3290.68
2795.3
2825.89
2542.69
2388.33
2415.25
2722.95
2432.89
2686.52
2976.85
3626.88
3597.92
4260.41
4111.99
4215.21
3865.83
4290.59
4129.54
3774.81
3547.35
3315.26
3455.24
2908.24
3369.14
2194.84
2883.21
2721.78
2829.02
2329.44
2189.77
1974.69
1895.25
1865.11
1500.1
1447.05
1439.05
1333.71
1435.88
1570.2
2088.95
2305.64
3005.01
2852.93
2612.89
2584.21
2458.65
3097.92
3426.45
3294.08
3593.41
3245.26
3266.62
3078.91
2969.83
3079.99
2835.11
3682.73
4002.88
3830.49
3784.23
4286.46
4326.76
4341.74
4351.63
4397.08
4550.53
4366.59
4715.64
4938.61
5062.44
5110.86
5219.08
5300.24
6165.35
5984.26
5672.7
5298.72
5228.84
6642.27
7086.86
7331.73
6894.23
6864.87
6734.99
6861.31
6814.76
6693.83
6701.36
6749.28
6586.01
6061.8
6554.04
6672.69
6890.94
6923.6
6839.59
6826.61
7060.6
6872.97
7170.7
7245.13
7500.79
7773.31
7739.86
7630.26
7532.9
7222.08
7227.45
7252.4
7213.44
7137.03
7136.1
7742.53
7575.15
7458.99
7312.85
7152.88
7276.63
7404.61
7877.19
8035.2
8043.71
7268.06
7046.57
6964.01
6947.06
7198.85
7197.5
7083.49
7106.01
7227.96
7573.26
7380.32
8001.57
7489.2
7927.49
8039.45
8084.88
8516.02
8738.72
8256.28
8724.13
7918.53
8465.77
8144.02
8098.16
8069.81
7906.6
7866.52
7838.22
7773.92
7816.44
7641.77
7703.1
7832.22
7840.31
7677.73
7736.07
7630.71
7670.37
7830.35
7993.09
8144.16
8059.65
7341.65
7041.27
6721.08
6015.3
5715.92
5408.52
5572.09
5989.27
5944.87
6209.71
6407.52
6446.31
6712.21
6661.44
7035.76
6923.41
7093.42
6763.38
6919.59
6833.42
6979.81
6710.4
6607.13
7009.56
6742.97
6742.89
6785.94
6729.53
6623.01
6543.39
6588.28
5308.52
6245.18
6181.06
6318.61
6593.8
6529.99
6430.58
6304.53
6223.37
6312.03
6335.56
6470.74
6369.28
5930.17
6526.62
6398.77
5860.99
6197.84
6495.15
5799.24
5457.82
5783.15
6514.72
6646.55
6627.43
6508.21
6206.24
