2007.12
3294.08
1966.29
1787.25
1235.3
1050.98
1386.25
1592.74
1570.2
1518.55
1425.16
1080.37
1221.11
1447.05
1529.65
1982.93
2088.95
1865.11
1406.59
1410.42
1606.04
1846.9
1895.25
1688.32
1363.32
1435.88
1115.78
1105.06
1058.14
1201.92
1050.04
1070.06
997.5
1008.64
1024.55
1038.07
1169.57
1125.06
1321.26
1253.61
1395.79
1448.49
1593.6
1433.11
1500.1
1321.26
1125.16
1098.29
1288.11
1410.33
1484.46
1487.34
1833.57
1653.95
1879.87
1816.47
2025.58
1669.13
1974.69
2092.0
1973.44
1941.41
1535.65
1562.65
1416.09
1396.1
1333.71
1386.31
1195.37
1439.05
1470.53
1564.47
1809.54
1992.46
2686.52
2829.02
2835.11
3186.77
3078.91
3229.6
2883.21
2825.89
2194.84
2310.15
2143.52
2086.18
2329.44
2458.65
2795.3
2908.24
3097.92
3245.26
3315.26
3597.92
3626.88
3617.29
3455.24
3271.99
2852.93
2584.21
2137.59
2189.77
2415.25
3079.99
2722.95
2976.85
2432.89
3290.68
2141.77
2612.89
2969.83
2542.69
2135.27
2388.33
1964.31
1967.28
1856.43
1945.82
2305.64
2721.78
3005.01
3190.12
3266.62
3426.45
3547.35
3369.14
3593.41
3682.73
3784.23
4129.54
3830.49
3865.83
4002.88
3774.81
4111.99
4260.41
4215.21
4286.46
4366.59
4397.08
4341.74
4326.76
4290.59
4351.63
4550.53
4715.64
4938.61
5062.44
5228.84
5298.72
5457.82
5300.24
5110.86
5219.08
5308.52
5572.09
6181.06
6646.55
6919.59
7197.5
7773.92
7489.2
7331.73
6839.59
5930.17
6588.28
6407.52
5408.52
5860.99
6223.37
6861.31
6864.87
6529.99
6197.84
6508.21
6872.97
7268.06
7276.63
7046.57
6923.6
6712.21
6814.76
7093.42
7458.99
7677.73
7866.52
7877.19
8043.71
7816.44
7918.53
8256.28
8069.81
8144.02
7830.35
7630.26
7532.9
7380.32
7739.86
7838.22
8039.45
7832.22
8144.16
7840.31
7575.15
7703.1
7630.71
7773.31
8084.88
7641.77
7573.26
7170.7
7137.03
7213.44
7670.37
8035.2
7906.6
8724.13
8738.72
8516.02
8465.77
8098.16
8059.65
7993.09
7927.49
7736.07
7404.61
7312.85
7500.79
7742.53
8001.57
6627.43
6894.23
6923.41
6693.83
7227.45
7341.65
7252.4
6947.06
7227.96
6890.94
7152.88
7083.49
7245.13
7086.86
7009.56
6964.01
6701.36
6335.56
6304.53
6015.3
6398.77
6526.62
6165.35
6061.8
6495.15
6369.28
6593.8
6826.61
7041.27
7035.76
7060.6
7136.1
7198.85
6729.53
6623.01
6672.69
6312.03
5989.27
5799.24
5715.92
5783.15
5672.7
6209.71
5984.26
6446.31
6710.4
6742.97
6785.94
6721.08
6749.28
7106.01
6833.42
6979.81
7222.08
6763.38
6742.89
6661.44
6543.39
6607.13
6318.61
6245.18
6514.72
6642.27
6430.58
6554.04
6734.99
6586.01
6470.74
6206.24
5944.87
