1865.11
1973.44
1846.9
1856.43
1570.2
1435.88
1833.57
1592.74
1562.65
1564.47
1941.41
1447.05
1974.69
2025.58
1967.28
1895.25
1816.47
1500.1
1396.1
1201.92
1395.79
1410.42
1288.11
1195.37
1115.78
1125.16
1484.46
1253.61
1653.95
1669.13
1410.33
1221.11
1098.29
1321.26
1439.05
1448.49
1363.32
997.5
1008.64
1169.57
1386.31
1050.04
1058.14
1070.06
1038.07
1024.55
1050.98
1080.37
1333.71
1487.34
1593.6
1416.09
1425.16
1235.3
1386.25
1321.26
1406.59
1105.06
1125.06
1433.11
1518.55
1688.32
1809.54
1535.65
1470.53
1529.65
1606.04
2388.33
1982.93
2007.12
1879.87
2310.15
2137.59
3079.99
2908.24
2835.11
2825.89
2584.21
2189.77
2305.64
2143.52
2329.44
2721.78
3229.6
3266.62
3369.14
3617.29
3830.49
3784.23
4290.59
4002.88
3597.92
4129.54
4260.41
4111.99
3865.83
3294.08
3290.68
3005.01
2829.02
2852.93
2976.85
1992.46
3190.12
2722.95
2969.83
3097.92
3078.91
2883.21
2612.89
2088.95
1966.29
1787.25
1945.82
2194.84
2415.25
2458.65
2542.69
2432.89
2141.77
2086.18
1964.31
2092.0
2135.27
2686.52
2795.3
3186.77
3245.26
3271.99
3315.26
3682.73
3626.88
3547.35
3774.81
4341.74
4351.63
4326.76
4215.21
3455.24
3426.45
3593.41
4286.46
4397.08
4366.59
4550.53
4715.64
4938.61
5298.72
5457.82
5799.24
6197.84
6369.28
5989.27
6335.56
6642.27
6508.21
6721.08
6729.53
6672.69
6607.13
6514.72
6588.28
6495.15
6543.39
6586.01
6742.89
6693.83
6318.61
5930.17
5228.84
5219.08
5110.86
5572.09
6209.71
6304.53
6470.74
5860.99
6734.99
5944.87
6710.4
6894.23
7137.03
7222.08
7532.9
7245.13
7500.79
7404.61
7630.71
7252.4
7630.26
7458.99
7670.37
7838.22
7575.15
7703.1
7736.07
7677.73
7641.77
7840.31
8035.2
8084.88
8144.02
8043.71
8039.45
7877.19
7832.22
7906.6
8256.28
8001.57
7993.09
8069.81
8059.65
8144.16
8465.77
8738.72
8516.02
8724.13
8098.16
7739.86
7341.65
7312.85
7227.45
7331.73
7816.44
7830.35
7489.2
7380.32
7213.44
7227.96
7773.31
7276.63
7742.53
7927.49
7918.53
7866.52
7773.92
7573.26
7198.85
7060.6
7083.49
7093.42
6890.94
6839.59
6593.8
6446.31
6407.52
6526.62
6623.01
6701.36
6554.04
6814.76
7046.57
6833.42
7086.86
7035.76
6947.06
6923.6
6864.87
6979.81
7009.56
6919.59
6872.97
7152.88
7106.01
7136.1
7197.5
6964.01
7268.06
7041.27
6861.31
7170.7
6529.99
6398.77
6181.06
6015.3
6061.8
6165.35
6223.37
5408.52
5308.52
6312.03
6785.94
6923.41
6749.28
6245.18
5984.26
6206.24
5062.44
5672.7
5715.92
5783.15
6430.58
6742.97
6627.43
6646.55
6712.21
6661.44
6763.38
6826.61
5300.24
