2086.18
1448.49
1395.79
1562.65
1653.95
1484.46
1592.74
1606.04
1570.2
1470.53
1410.42
1235.3
1321.26
1406.59
1435.88
1416.09
1410.33
1529.65
1688.32
1564.47
1593.6
1535.65
1169.57
1105.06
1070.06
1386.25
1333.71
1447.05
1425.16
1396.1
1288.11
1253.61
1125.16
1098.29
1221.11
1386.31
1500.1
1439.05
1321.26
1201.92
1115.78
1038.07
1195.37
1058.14
1050.98
1008.64
997.5
1024.55
1050.04
1125.06
1080.37
1363.32
1487.34
1433.11
1518.55
1787.25
1809.54
1669.13
2141.77
1895.25
1879.87
2135.27
2025.58
2007.12
1992.46
2415.25
2542.69
2310.15
2722.95
2852.93
2721.78
2969.83
3547.35
3593.41
3426.45
3245.26
3079.99
2976.85
3190.12
2795.3
2143.52
1982.93
1865.11
1846.9
2092.0
2584.21
2835.11
2829.02
3294.08
3186.77
3290.68
2883.21
3078.91
3271.99
3229.6
3369.14
3315.26
3097.92
2137.59
2432.89
1964.31
1816.47
1856.43
2458.65
2088.95
2825.89
2329.44
1833.57
1966.29
1945.82
1973.44
1941.41
1974.69
1967.28
2189.77
2686.52
2305.64
2612.89
2388.33
3266.62
2194.84
3005.01
2908.24
3455.24
3597.92
3617.29
3626.88
3784.23
3865.83
4002.88
4397.08
4550.53
4366.59
4715.64
4290.59
4286.46
4351.63
4260.41
4129.54
3774.81
4215.21
3830.49
3682.73
4111.99
4341.74
4326.76
4938.61
5219.08
5110.86
5062.44
5228.84
5298.72
5300.24
5308.52
5408.52
5944.87
5783.15
5984.26
6721.08
6223.37
6646.55
6586.01
6526.62
6729.53
6734.99
6833.42
7093.42
6923.41
6814.76
6826.61
6894.23
6839.59
6923.6
6947.06
7106.01
7086.86
7152.88
7222.08
7170.7
7060.6
7136.1
7137.03
7276.63
7312.85
7532.9
7739.86
6861.31
7341.65
7009.56
7035.76
6964.01
7404.61
6872.97
7041.27
7046.57
6919.59
6890.94
7197.5
7245.13
7838.22
7840.31
7500.79
7489.2
7575.15
7906.6
8144.02
8144.16
8069.81
7993.09
7832.22
7227.96
7816.44
7918.53
7641.77
7877.19
7742.53
7677.73
7630.26
7736.07
7703.1
7268.06
7927.49
7213.44
7773.31
7380.32
7227.45
7630.71
7773.92
8465.77
8039.45
8256.28
7866.52
8035.2
8516.02
8084.88
8738.72
8724.13
8043.71
8059.65
8001.57
8098.16
7830.35
7670.37
6785.94
6693.83
6623.01
6642.27
6015.3
6165.35
5989.27
6318.61
6588.28
6672.69
6245.18
6181.06
6206.24
6607.13
6763.38
6470.74
6495.15
6742.97
6979.81
7198.85
7573.26
7331.73
7458.99
7252.4
7083.49
6742.89
6627.43
6593.8
6701.36
6864.87
6712.21
6398.77
6061.8
6304.53
6335.56
6508.21
6749.28
6710.4
6661.44
6209.71
6312.03
5860.99
5799.24
5672.7
5457.82
5715.92
5572.09
5930.17
6543.39
6197.84
6529.99
6407.52
6430.58
6446.31
6514.72
6369.28
6554.04
