1535.65
1653.95
1570.2
1856.43
1410.42
1288.11
1816.47
1435.88
1363.32
1833.57
1562.65
1846.9
1966.29
1945.82
1592.74
1593.6
1606.04
1879.87
1787.25
1470.53
1500.1
1253.61
1333.71
1235.3
1395.79
1386.25
1447.05
1564.47
1529.65
1487.34
1406.59
1416.09
1125.06
1321.26
1169.57
1195.37
1125.16
1105.06
1115.78
1070.06
1098.29
1050.98
1008.64
1038.07
1024.55
997.5
1050.04
1058.14
1080.37
1201.92
1396.1
1221.11
1439.05
1410.33
1448.49
1809.54
1688.32
1433.11
1386.31
1321.26
1425.16
1484.46
1518.55
1669.13
1865.11
2143.52
2329.44
2721.78
2825.89
2388.33
2415.25
2584.21
3245.26
3190.12
3271.99
3186.77
3078.91
2829.02
2458.65
2194.84
1895.25
1982.93
2025.58
1967.28
2852.93
2908.24
3097.92
3315.26
3682.73
3597.92
4286.46
3865.83
3774.81
4215.21
4129.54
3369.14
3426.45
3266.62
2883.21
2795.3
2305.64
2189.77
2088.95
2542.69
2086.18
2310.15
2137.59
1973.44
1974.69
2135.27
2141.77
2432.89
2835.11
2092.0
1964.31
3005.01
1941.41
2722.95
3290.68
3455.24
2612.89
1992.46
2007.12
2686.52
2969.83
2976.85
3229.6
3079.99
3294.08
3547.35
3626.88
4290.59
4002.88
4260.41
4341.74
4351.63
4326.76
4111.99
3593.41
3617.29
3784.23
3830.49
4366.59
4397.08
4550.53
4715.64
4938.61
5062.44
5300.24
5110.86
5984.26
5715.92
5228.84
5308.52
5944.87
6304.53
6398.77
6543.39
6872.97
6623.01
6839.59
6763.38
6833.42
7060.6
7046.57
7106.01
7198.85
6742.89
6693.83
6646.55
6672.69
6721.08
7086.86
6890.94
7137.03
7170.7
7197.5
7276.63
7641.77
7838.22
7866.52
7993.09
7739.86
7703.1
7832.22
7670.37
7341.65
7736.07
7489.2
7252.4
7331.73
7500.79
6923.41
7093.42
7035.76
6861.31
6826.61
7312.85
7213.44
7458.99
7268.06
7136.1
6894.23
6446.31
6554.04
7532.9
7152.88
7404.61
7227.96
7227.45
7222.08
7573.26
7877.19
7742.53
8035.2
8043.71
8084.88
8144.16
8465.77
8059.65
7918.53
7840.31
7630.71
7816.44
8039.45
7630.26
7575.15
7773.92
7906.6
8516.02
8098.16
8738.72
8724.13
8256.28
8144.02
8069.81
7927.49
7830.35
8001.57
7677.73
7773.31
7380.32
7245.13
6979.81
6742.97
6712.21
7041.27
6407.52
6729.53
6514.72
6588.28
6593.8
6508.21
6335.56
6245.18
6197.84
6223.37
6470.74
6495.15
6529.99
6642.27
6607.13
6749.28
6661.44
6701.36
6947.06
6964.01
6814.76
6919.59
7083.49
6923.6
7009.56
6627.43
5860.99
5572.09
6710.4
6734.99
6430.58
5783.15
6312.03
5799.24
6165.35
5930.17
6015.3
5457.82
5298.72
5672.7
6209.71
6061.8
5219.08
5989.27
6181.06
5408.52
6318.61
6369.28
6526.62
6785.94
6864.87
6586.01
6206.24
