1592.74
1964.31
1669.13
1433.11
1333.71
1396.1
1500.1
1593.6
1410.33
1518.55
1448.49
1425.16
1321.26
1363.32
1195.37
1221.11
1288.11
1386.31
1416.09
1447.05
1406.59
1201.92
1125.06
1115.78
1435.88
1846.9
2329.44
1606.04
1484.46
1529.65
1439.05
1386.25
1321.26
1253.61
1098.29
1169.57
1070.06
1050.98
997.5
1038.07
1080.37
1050.04
1008.64
1024.55
1105.06
1058.14
1125.16
1235.3
1410.42
1395.79
2415.25
1470.53
1816.47
1570.2
2092.0
1974.69
2141.77
1967.28
1562.65
1973.44
2137.59
2194.84
2135.27
1945.82
1688.32
2086.18
2007.12
1992.46
2388.33
2584.21
2686.52
3005.01
3190.12
3266.62
3097.92
2908.24
3315.26
3593.41
2883.21
1895.25
1653.95
1487.34
1535.65
2088.95
2795.3
2969.83
3294.08
3229.6
3271.99
3369.14
3186.77
3245.26
3597.92
3455.24
3547.35
3290.68
2976.85
2432.89
2143.52
1856.43
1941.41
1879.87
1787.25
2189.77
2310.15
1865.11
2025.58
2612.89
1982.93
1966.29
2542.69
1833.57
1564.47
1809.54
2305.64
2825.89
2835.11
2852.93
2829.02
2722.95
2721.78
2458.65
3078.91
3079.99
3426.45
3617.29
4215.21
3626.88
4129.54
4290.59
4366.59
4550.53
4326.76
4341.74
4351.63
4260.41
4286.46
3865.83
3682.73
3784.23
3774.81
4002.88
3830.49
4111.99
4397.08
4715.64
5300.24
5799.24
5228.84
5062.44
4938.61
5298.72
5930.17
5219.08
5408.52
5672.7
5860.99
6312.03
6554.04
6335.56
6861.31
6197.84
6446.31
6646.55
6407.52
6734.99
6894.23
6785.94
6543.39
6318.61
6470.74
6369.28
7009.56
7331.73
6964.01
6672.69
6763.38
7035.76
7041.27
6923.6
6864.87
6979.81
7093.42
7500.79
7268.06
7170.7
7276.63
7227.96
7630.71
7703.1
7742.53
7830.35
7838.22
7918.53
7312.85
7404.61
7252.4
7816.44
7573.26
7993.09
7773.31
7489.2
7227.45
7198.85
7677.73
7213.44
7086.86
7245.13
7137.03
7106.01
7739.86
7630.26
7670.37
7773.92
7736.07
7575.15
7927.49
8043.71
7341.65
7877.19
7458.99
7380.32
7532.9
7832.22
8059.65
7906.6
8724.13
8069.81
8144.16
8516.02
8144.02
8098.16
8465.77
8738.72
8256.28
8084.88
8039.45
8001.57
8035.2
7866.52
7840.31
7641.77
7197.5
7046.57
7152.88
7083.49
6919.59
6742.97
6947.06
6607.13
6839.59
6721.08
6710.4
6304.53
6206.24
6015.3
5989.27
6061.8
6223.37
6245.18
6526.62
6593.8
6712.21
6814.76
6701.36
6729.53
6833.42
7060.6
6826.61
7136.1
6872.97
6923.41
6890.94
6514.72
7222.08
6529.99
6627.43
6508.21
6693.83
6661.44
6642.27
6209.71
6181.06
5944.87
5308.52
5715.92
5110.86
5457.82
5783.15
5984.26
6165.35
6398.77
6430.58
6586.01
6495.15
6588.28
6749.28
6742.89
6623.01
5572.09
