2137.59
2092.0
1967.28
1992.46
1833.57
1846.9
1653.95
1433.11
1448.49
1321.26
1410.42
1321.26
1221.11
1169.57
1235.3
1396.1
1201.92
1125.16
1386.25
1363.32
1410.33
1564.47
1470.53
1487.34
1439.05
1518.55
1688.32
1484.46
1447.05
1941.41
1787.25
1592.74
1529.65
1669.13
1500.1
1395.79
1125.06
1008.64
1050.04
1058.14
1070.06
997.5
1024.55
1080.37
1050.98
1098.29
1333.71
1253.61
1562.65
1570.2
1593.6
1535.65
1606.04
1425.16
1809.54
1974.69
1973.44
1865.11
1416.09
1105.06
1038.07
1386.31
2086.18
1945.82
1115.78
1195.37
1288.11
1406.59
1435.88
1895.25
1879.87
2088.95
2189.77
2143.52
2135.27
1856.43
1964.31
2141.77
2007.12
1966.29
1816.47
1982.93
2025.58
2329.44
2584.21
2721.78
3005.01
2976.85
3245.26
3271.99
2908.24
2852.93
2883.21
3078.91
2542.69
2612.89
2722.95
2388.33
2194.84
2310.15
2305.64
2432.89
2415.25
2835.11
2829.02
2795.3
2686.52
2458.65
2825.89
2969.83
3079.99
3097.92
3369.14
3597.92
3865.83
4290.59
4286.46
4002.88
4129.54
4111.99
3784.23
3315.26
3186.77
3190.12
3547.35
3294.08
3682.73
4260.41
4351.63
4715.64
5062.44
4366.59
4341.74
3774.81
3455.24
3266.62
3229.6
3617.29
3830.49
3626.88
4215.21
3426.45
3290.68
3593.41
4326.76
4397.08
4550.53
4938.61
5298.72
5300.24
5219.08
5110.86
5228.84
5308.52
5408.52
5457.82
5572.09
5672.7
5984.26
6165.35
6430.58
6672.69
6245.18
6554.04
5944.87
5930.17
6181.06
6015.3
6061.8
6335.56
6785.94
6712.21
6749.28
6646.55
6701.36
6742.97
6526.62
7083.49
7093.42
7170.7
7227.96
7458.99
7703.1
8035.2
7575.15
8144.02
8001.57
7993.09
7906.6
7630.26
8039.45
7773.31
7670.37
7840.31
7573.26
7918.53
8043.71
7838.22
7736.07
7866.52
7489.2
7404.61
7136.1
7035.76
6923.6
6947.06
7331.73
7341.65
7630.71
7830.35
8059.65
8098.16
8069.81
8084.88
8724.13
8256.28
8516.02
8738.72
8465.77
8144.16
7927.49
7773.92
7532.9
7739.86
7641.77
7832.22
7500.79
7816.44
7742.53
7877.19
7677.73
7312.85
7137.03
7268.06
7041.27
6742.89
7198.85
6508.21
6693.83
6839.59
6919.59
6923.41
6964.01
6398.77
6543.39
6627.43
6642.27
6593.8
6318.61
6312.03
6197.84
6407.52
6529.99
6514.72
6623.01
6607.13
6588.28
6861.31
6826.61
6206.24
6979.81
6470.74
6710.4
6864.87
6729.53
7197.5
7106.01
7213.44
7245.13
7276.63
7227.45
7380.32
7252.4
7060.6
7046.57
7086.86
7222.08
7152.88
7009.56
6661.44
6495.15
6209.71
5989.27
5715.92
5799.24
5860.99
5783.15
6369.28
6304.53
6763.38
6721.08
6872.97
6890.94
6814.76
6446.31
6734.99
6894.23
6833.42
6586.01
6223.37
