1967.28
2086.18
2388.33
1562.65
1386.31
1386.25
1416.09
1484.46
1410.42
1406.59
1201.92
1105.06
1195.37
1500.1
1653.95
1669.13
1865.11
2092.0
1570.2
2025.58
1945.82
1856.43
1688.32
1439.05
1410.33
1115.78
1333.71
1050.04
1050.98
1070.06
1288.11
1321.26
1425.16
1447.05
1592.74
1787.25
1529.65
1363.32
1125.16
1038.07
1008.64
997.5
1024.55
1098.29
1169.57
1125.06
1253.61
1058.14
1080.37
1321.26
1435.88
1448.49
1593.6
1470.53
1535.65
1487.34
1396.1
1235.3
1221.11
1395.79
1433.11
1564.47
1833.57
2007.12
2432.89
3186.77
2835.11
2722.95
1973.44
1816.47
1809.54
1974.69
2135.27
2795.3
2969.83
1964.31
2542.69
3079.99
2883.21
2143.52
1966.29
2305.64
1879.87
2329.44
2141.77
2825.89
2310.15
2852.93
3078.91
3271.99
3266.62
3290.68
3547.35
3774.81
3682.73
4286.46
4215.21
3593.41
3369.14
3245.26
3190.12
2976.85
2458.65
1982.93
2415.25
2721.78
1895.25
1606.04
1846.9
1518.55
1941.41
2584.21
1992.46
2137.59
2194.84
2088.95
2189.77
2612.89
3005.01
2829.02
2686.52
2908.24
3097.92
3229.6
3315.26
3294.08
3426.45
3455.24
3617.29
3865.83
4290.59
4260.41
4129.54
4111.99
4002.88
4326.76
3626.88
3784.23
3597.92
3830.49
4366.59
4341.74
4351.63
4397.08
4550.53
4715.64
4938.61
5062.44
5110.86
5219.08
5298.72
5228.84
5457.82
5308.52
5783.15
6312.03
6508.21
5989.27
6710.4
6529.99
5860.99
6729.53
5930.17
6430.58
5799.24
6495.15
6721.08
6701.36
6712.21
6826.61
6864.87
6861.31
6785.94
6890.94
7106.01
7152.88
7093.42
7197.5
7198.85
7170.7
7252.4
7341.65
7500.79
7677.73
7575.15
7816.44
7532.9
7227.96
7083.49
7086.86
7227.45
7573.26
7866.52
7736.07
7245.13
7136.1
7222.08
8256.28
8724.13
8738.72
8516.02
8059.65
7927.49
7630.26
7404.61
7489.2
7380.32
7630.71
7276.63
7268.06
7331.73
7773.92
8084.88
8069.81
8144.16
8043.71
8039.45
7877.19
8465.77
7742.53
8098.16
7703.1
8035.2
7670.37
7906.6
7832.22
7993.09
7918.53
7830.35
8144.02
7773.31
7840.31
8001.57
7838.22
7739.86
7641.77
7458.99
7312.85
7213.44
7137.03
7035.76
7041.27
6672.69
6554.04
6526.62
6209.71
6181.06
5300.24
5715.92
5408.52
5572.09
5984.26
5944.87
5672.7
6015.3
6407.52
6979.81
6642.27
6693.83
6245.18
6318.61
6369.28
6586.01
6742.97
6734.99
7046.57
6964.01
6763.38
6223.37
6623.01
6206.24
6646.55
6814.76
6593.8
6749.28
7060.6
6894.23
7009.56
6919.59
6923.41
6947.06
6742.89
6872.97
6923.6
6398.77
6661.44
6197.84
6304.53
6588.28
6470.74
6446.31
6627.43
6514.72
6335.56
6165.35
6061.8
6607.13
6833.42
6839.59
6543.39
