1865.11
1833.57
1846.9
2086.18
1966.29
1529.65
1688.32
1606.04
1653.95
1592.74
1593.6
1363.32
1816.47
1535.65
1500.1
1787.25
1895.25
1562.65
1518.55
1964.31
1201.92
1416.09
1105.06
1024.55
997.5
1070.06
1038.07
1058.14
1125.06
1235.3
1288.11
1470.53
1195.37
1487.34
1433.11
1669.13
1169.57
1410.33
1333.71
1386.25
1395.79
1386.31
1396.1
1447.05
1125.16
1425.16
1321.26
1321.26
1008.64
1406.59
1439.05
1115.78
1098.29
1080.37
1221.11
1410.42
1435.88
1253.61
1050.04
1050.98
1564.47
1570.2
1945.82
1941.41
1967.28
2025.58
1973.44
1879.87
1809.54
1856.43
1484.46
1448.49
2135.27
2088.95
2584.21
2969.83
3245.26
3271.99
3266.62
2721.78
2542.69
2137.59
2388.33
2795.3
3315.26
2686.52
3078.91
2835.11
2976.85
2722.95
2908.24
2883.21
2829.02
3186.77
3190.12
3229.6
3294.08
3290.68
3097.92
2825.89
2432.89
2194.84
2189.77
2458.65
2141.77
2852.93
2305.64
2310.15
2092.0
2007.12
1974.69
1992.46
1982.93
2143.52
2329.44
2612.89
2415.25
3079.99
3005.01
3426.45
3369.14
3547.35
3455.24
3682.73
3597.92
3774.81
3617.29
3593.41
3830.49
4129.54
4215.21
4286.46
4260.41
3626.88
3865.83
4351.63
4366.59
4550.53
5062.44
4397.08
4326.76
4111.99
3784.23
4002.88
4290.59
4341.74
4715.64
5110.86
4938.61
5219.08
5228.84
5298.72
5300.24
5457.82
5799.24
6304.53
6430.58
6623.01
6763.38
6814.76
6785.94
6529.99
6710.4
6593.8
6398.77
6627.43
6729.53
6312.03
6206.24
6181.06
6223.37
6721.08
6833.42
6508.21
6839.59
6543.39
6672.69
6872.97
7046.57
7341.65
7630.26
7739.86
7832.22
8069.81
7838.22
7573.26
7670.37
7276.63
7222.08
7331.73
7380.32
7268.06
7404.61
7458.99
7312.85
7866.52
7927.49
8084.88
8039.45
8035.2
7630.71
7500.79
7252.4
7137.03
7198.85
7213.44
6923.41
7083.49
7041.27
7106.01
7532.9
7840.31
8098.16
8144.02
8256.28
8144.16
8724.13
8738.72
8465.77
8516.02
7918.53
7993.09
7742.53
7677.73
7906.6
7830.35
7641.77
7773.92
7877.19
8059.65
7736.07
8043.71
7773.31
8001.57
7816.44
7703.1
7575.15
7489.2
7227.96
6894.23
6947.06
6588.28
6061.8
5984.26
5715.92
5783.15
6165.35
5572.09
5408.52
5308.52
5672.7
5930.17
6245.18
6197.84
6209.71
6514.72
6749.28
6734.99
7086.86
7197.5
7136.1
7227.45
7245.13
6964.01
6979.81
7035.76
7060.6
7152.88
7009.56
7170.7
6923.6
7093.42
6864.87
6526.62
6607.13
6890.94
6826.61
6861.31
6701.36
6369.28
6742.97
6318.61
6335.56
6642.27
6446.31
6646.55
6661.44
6554.04
6919.59
6495.15
6712.21
6742.89
6407.52
6015.3
5989.27
5944.87
6586.01
6693.83
6470.74
5860.99
