3097.92
2908.24
2088.95
1982.93
1570.2
1195.37
1518.55
1593.6
1809.54
1669.13
1333.71
1115.78
1169.57
1562.65
1846.9
1833.57
1653.95
1895.25
1484.46
1105.06
1386.25
1221.11
1321.26
1253.61
1363.32
1448.49
1564.47
1470.53
1606.04
1688.32
1410.42
1396.1
1433.11
1125.16
1201.92
1098.29
1070.06
1024.55
1008.64
1038.07
1050.98
997.5
1050.04
1058.14
1125.06
1288.11
1386.31
1395.79
1406.59
1447.05
1856.43
1425.16
2086.18
1500.1
2612.89
2795.3
2305.64
1410.33
1321.26
1080.37
1235.3
1416.09
1535.65
1787.25
1816.47
1879.87
1945.82
1865.11
1966.29
1941.41
1973.44
1992.46
2025.58
2310.15
2141.77
2194.84
2969.83
3186.77
3079.99
2852.93
2143.52
2542.69
2388.33
2825.89
3271.99
2584.21
2976.85
3005.01
3078.91
3190.12
3245.26
3369.14
3617.29
3774.81
3682.73
3547.35
3455.24
3290.68
3229.6
3266.62
2829.02
2686.52
2721.78
2835.11
2415.25
2883.21
2092.0
1967.28
1487.34
1435.88
1439.05
1592.74
1529.65
1964.31
2135.27
2432.89
1974.69
2007.12
2458.65
2137.59
2189.77
2329.44
2722.95
3294.08
3315.26
3426.45
3597.92
3593.41
3626.88
3784.23
4351.63
4215.21
4397.08
4290.59
4286.46
4111.99
3865.83
3830.49
4002.88
4129.54
4260.41
4326.76
4341.74
4366.59
4550.53
4715.64
5219.08
5062.44
5110.86
4938.61
6015.3
5799.24
6407.52
6470.74
6721.08
6543.39
6826.61
7106.01
7137.03
7009.56
7227.96
6872.97
6785.94
6642.27
6508.21
6529.99
6890.94
6627.43
6646.55
6514.72
6742.89
6701.36
6894.23
6734.99
6923.41
7213.44
7500.79
7830.35
7773.31
7222.08
7093.42
6964.01
7060.6
7404.61
7227.45
7086.86
6947.06
6729.53
6763.38
6712.21
7630.71
7197.5
7136.1
7380.32
7041.27
7245.13
7575.15
7866.52
7838.22
7993.09
7641.77
7742.53
7703.1
7083.49
7532.9
7152.88
6979.81
7489.2
7840.31
7670.37
7458.99
7739.86
7035.76
6593.8
6742.97
7276.63
8098.16
8084.88
7877.19
7252.4
7198.85
6919.59
7312.85
8039.45
7927.49
7906.6
7341.65
7832.22
8035.2
8144.16
8069.81
8724.13
8738.72
8256.28
8465.77
8516.02
8144.02
8043.71
8059.65
7918.53
7816.44
7630.26
6923.6
6661.44
6369.28
6607.13
6672.69
6693.83
6861.31
6749.28
7170.7
7773.92
8001.57
7268.06
7736.07
7046.57
6814.76
6318.61
5715.92
5408.52
5300.24
5930.17
6588.28
6839.59
7573.26
7677.73
7331.73
6864.87
6586.01
6223.37
6181.06
6206.24
5989.27
5783.15
6304.53
6398.77
5860.99
6245.18
5572.09
5984.26
5672.7
5228.84
6554.04
5298.72
5308.52
5944.87
6061.8
5457.82
6197.84
6165.35
6312.03
6446.31
6623.01
6833.42
6209.71
6495.15
6335.56
6430.58
6710.4
6526.62
