1529.65
1809.54
1439.05
1235.3
1253.61
1593.6
2189.77
1787.25
1592.74
1484.46
1500.1
1433.11
1562.65
1570.2
1564.47
1487.34
1470.53
1425.16
1288.11
1410.42
1195.37
1058.14
1098.29
997.5
1221.11
1321.26
1363.32
1201.92
1395.79
1406.59
1535.65
1448.49
1416.09
1435.88
1386.25
1386.31
1321.26
1070.06
1169.57
1125.06
1115.78
1105.06
1024.55
1125.16
1050.04
1008.64
1080.37
1038.07
1050.98
1333.71
1410.33
1396.1
1606.04
1447.05
1688.32
1669.13
1816.47
1973.44
1865.11
1992.46
2025.58
1974.69
2194.84
2135.27
2141.77
2388.33
2092.0
2722.95
2584.21
2612.89
2007.12
2721.78
2432.89
2976.85
2969.83
2883.21
2542.69
2329.44
2305.64
1967.28
1945.82
1941.41
1518.55
1833.57
2086.18
1982.93
2852.93
3005.01
3190.12
3315.26
3271.99
3294.08
3290.68
3078.91
3229.6
3245.26
3186.77
3266.62
3079.99
2908.24
2795.3
2415.25
2686.52
2825.89
2088.95
2835.11
2310.15
1846.9
1895.25
1653.95
1879.87
2137.59
1856.43
2143.52
1966.29
1964.31
2458.65
2829.02
3097.92
3369.14
3455.24
3426.45
3774.81
3626.88
4286.46
3682.73
3593.41
3547.35
3617.29
3830.49
4550.53
4397.08
4366.59
4326.76
4341.74
4290.59
4215.21
4129.54
4260.41
4002.88
3784.23
3597.92
3865.83
4111.99
4351.63
4715.64
4938.61
5062.44
5110.86
5228.84
5219.08
5298.72
5300.24
5308.52
5408.52
5715.92
5944.87
6061.8
6529.99
6554.04
6543.39
6165.35
5672.7
6015.3
5930.17
6672.69
6890.94
6607.13
6209.71
6446.31
6335.56
6742.89
6749.28
6861.31
7009.56
7093.42
7060.6
7245.13
6894.23
6964.01
7106.01
7575.15
7630.26
7197.5
6623.01
6872.97
7458.99
8039.45
7906.6
7222.08
7276.63
7268.06
7736.07
7630.71
7312.85
7252.4
7341.65
7927.49
8035.2
8144.02
7993.09
7840.31
7227.96
7086.86
7136.1
7083.49
7170.7
7152.88
7677.73
7137.03
7670.37
7918.53
7877.19
7227.45
7773.31
7641.77
8043.71
8516.02
8465.77
8256.28
8084.88
7866.52
7703.1
7838.22
7742.53
7331.73
7213.44
7573.26
7739.86
7404.61
7830.35
7816.44
8069.81
8144.16
8098.16
8059.65
8001.57
7773.92
8724.13
8738.72
7832.22
7500.79
7041.27
6814.76
6763.38
6729.53
6586.01
6312.03
5860.99
6245.18
6593.8
6701.36
6734.99
6712.21
6742.97
6642.27
6508.21
6588.28
6710.4
5799.24
6430.58
6470.74
6495.15
6197.84
5989.27
7198.85
7035.76
7489.2
7532.9
7380.32
6923.41
7046.57
6947.06
6826.61
6979.81
6923.6
6864.87
6839.59
6919.59
6833.42
6785.94
6514.72
6369.28
6721.08
6646.55
6318.61
6304.53
5783.15
5572.09
6407.52
5984.26
6661.44
6627.43
6526.62
6223.37
6181.06
6206.24
6398.77
6693.83
5457.82
