1964.31
1856.43
1564.47
1865.11
1941.41
1688.32
1593.6
1529.65
1592.74
1500.1
1570.2
1395.79
1439.05
1470.53
1562.65
1406.59
1410.42
1410.33
1333.71
1125.06
1070.06
1038.07
1024.55
1058.14
1105.06
1535.65
1653.95
1895.25
1973.44
1945.82
1809.54
1833.57
1447.05
1416.09
1433.11
1484.46
1487.34
1448.49
1321.26
1125.16
1050.98
1080.37
997.5
1050.04
1098.29
1008.64
1221.11
1201.92
1169.57
1425.16
1435.88
1321.26
1386.31
1195.37
1115.78
1396.1
1288.11
1253.61
1235.3
1386.25
1363.32
1518.55
1606.04
1669.13
1787.25
1967.28
1966.29
1992.46
1982.93
2025.58
1879.87
2141.77
2795.3
2825.89
2007.12
1846.9
1816.47
2088.95
2584.21
2415.25
2194.84
3005.01
2969.83
3079.99
3426.45
3455.24
3315.26
3290.68
3682.73
3865.83
3626.88
3294.08
3271.99
3369.14
3617.29
3229.6
3186.77
3078.91
2908.24
2976.85
2852.93
2137.59
2092.0
2135.27
2388.33
2721.78
2612.89
1974.69
2686.52
2722.95
2310.15
2143.52
2432.89
2086.18
2329.44
2542.69
2305.64
2189.77
2458.65
2883.21
2835.11
2829.02
3097.92
3245.26
3593.41
4002.88
3547.35
4111.99
4260.41
4326.76
4341.74
4366.59
4290.59
3774.81
3830.49
4129.54
3266.62
3190.12
4215.21
3597.92
3784.23
4286.46
4351.63
4397.08
4550.53
4715.64
4938.61
5300.24
5062.44
5228.84
5219.08
5308.52
5298.72
5457.82
5110.86
5572.09
5944.87
6335.56
6623.01
6729.53
6642.27
6894.23
6495.15
6763.38
6304.53
6701.36
6646.55
6526.62
6693.83
6742.89
6312.03
6165.35
6627.43
5984.26
6543.39
6734.99
6554.04
6710.4
6919.59
6947.06
6964.01
7009.56
7060.6
7213.44
7170.7
7575.15
7630.71
7832.22
7830.35
8001.57
8144.02
7742.53
7736.07
7268.06
7312.85
7276.63
7670.37
7993.09
8043.71
8516.02
8465.77
7773.92
7739.86
7458.99
7918.53
8084.88
8098.16
7641.77
8035.2
7906.6
8039.45
7840.31
7927.49
7866.52
8069.81
7703.1
8256.28
8738.72
8144.16
8724.13
8059.65
7877.19
7677.73
7197.5
7106.01
7532.9
7816.44
7773.31
7630.26
7838.22
7500.79
7404.61
7380.32
7489.2
7136.1
7252.4
7227.45
7227.96
7137.03
7093.42
7046.57
6923.41
6721.08
6206.24
6223.37
6407.52
6661.44
6861.31
6318.61
6369.28
6529.99
6245.18
5799.24
6785.94
5408.52
5989.27
6015.3
6446.31
6470.74
6586.01
6593.8
6872.97
6923.6
7083.49
7086.86
7222.08
7331.73
7573.26
7245.13
7341.65
7198.85
7152.88
7041.27
6826.61
6672.69
6514.72
6061.8
6209.71
5860.99
5930.17
6749.28
6742.97
6890.94
6979.81
7035.76
6833.42
6181.06
5715.92
5672.7
5783.15
6430.58
6814.76
6864.87
6588.28
6839.59
6197.84
6712.21
6607.13
6508.21
6398.77
