2795.3
2908.24
1529.65
2458.65
2088.95
1564.47
1396.1
1433.11
1562.65
1416.09
1439.05
1447.05
1448.49
1470.53
1435.88
1410.42
1406.59
1518.55
1386.31
1321.26
1221.11
1395.79
1115.78
1386.25
1098.29
1125.16
1050.04
1201.92
1070.06
1235.3
1105.06
1363.32
1253.61
1125.06
1333.71
1410.33
1058.14
1195.37
1169.57
1080.37
1321.26
1038.07
1008.64
997.5
1024.55
1050.98
1288.11
1425.16
1669.13
2542.69
2969.83
2722.95
2388.33
1688.32
1973.44
2135.27
2310.15
2584.21
2329.44
1895.25
1992.46
2305.64
2612.89
1487.34
1833.57
2007.12
1500.1
1945.82
1879.87
1865.11
1846.9
2092.0
1982.93
1974.69
1606.04
1570.2
1535.65
1816.47
2141.77
2194.84
1964.31
1592.74
1484.46
1593.6
1966.29
2189.77
2883.21
2137.59
2852.93
2686.52
2432.89
2415.25
3078.91
3315.26
3426.45
3290.68
3245.26
3271.99
3266.62
3229.6
3079.99
3186.77
2976.85
3005.01
2835.11
2721.78
2025.58
1941.41
1809.54
1787.25
1653.95
1856.43
2086.18
1967.28
2143.52
2829.02
2825.89
3097.92
3190.12
3294.08
3547.35
3369.14
3455.24
4286.46
3593.41
4366.59
4550.53
4397.08
4341.74
4326.76
3865.83
4002.88
4111.99
3626.88
3682.73
3830.49
3774.81
4290.59
4260.41
4215.21
4129.54
3617.29
3597.92
3784.23
4351.63
4715.64
4938.61
5062.44
5110.86
5308.52
5228.84
5300.24
5298.72
5219.08
5408.52
5572.09
6514.72
6593.8
6627.43
6701.36
6742.89
6335.56
6304.53
6209.71
6407.52
6543.39
6710.4
7046.57
6623.01
6430.58
7152.88
6872.97
7035.76
6923.6
7041.27
7086.86
7197.5
7575.15
7918.53
7927.49
8001.57
7773.31
7742.53
7877.19
7736.07
7906.6
7832.22
7573.26
7136.1
6861.31
7137.03
7213.44
7245.13
7458.99
7838.22
8039.45
8144.16
8738.72
8516.02
8724.13
8098.16
8256.28
8069.81
7641.77
7830.35
7380.32
7341.65
7312.85
7252.4
7106.01
7093.42
7268.06
7227.45
7276.63
7703.1
7840.31
8084.88
8465.77
8144.02
7773.92
7170.7
6661.44
6061.8
7009.56
7227.96
7670.37
7630.71
7331.73
7222.08
7816.44
7500.79
7866.52
7993.09
8043.71
8059.65
8035.2
7677.73
7739.86
7404.61
7630.26
7532.9
7489.2
7198.85
6223.37
6529.99
6734.99
6964.01
6826.61
6554.04
5457.82
5672.7
6165.35
6586.01
6607.13
5715.92
6206.24
6312.03
5783.15
6470.74
6398.77
6721.08
6894.23
6923.41
7083.49
6919.59
6785.94
6672.69
6526.62
6318.61
5984.26
6508.21
6833.42
6742.97
6015.3
7060.6
6446.31
6864.87
6763.38
6642.27
6646.55
6245.18
5944.87
6712.21
6181.06
6495.15
6197.84
5799.24
6369.28
5860.99
5989.27
6729.53
6693.83
6947.06
6979.81
6890.94
6839.59
6749.28
6588.28
6814.76
5930.17
