1945.82
2415.25
2388.33
2137.59
1865.11
1787.25
1809.54
1653.95
1484.46
1396.1
1535.65
1562.65
1895.25
1688.32
1592.74
1321.26
1433.11
1593.6
1570.2
1564.47
1447.05
1416.09
1448.49
1406.59
1487.34
1833.57
1964.31
1435.88
2189.77
1500.1
1606.04
1669.13
1470.53
1410.33
1221.11
1070.06
1058.14
1008.64
1038.07
997.5
1050.04
1024.55
1050.98
1080.37
1098.29
1105.06
1169.57
1115.78
1195.37
1333.71
1395.79
1201.92
1235.3
1125.16
1321.26
1288.11
1386.25
1125.06
1386.31
1253.61
1363.32
1410.42
1529.65
1518.55
1816.47
1941.41
1439.05
1967.28
1425.16
1856.43
1879.87
1966.29
2305.64
2686.52
2852.93
2976.85
3190.12
3294.08
3078.91
3245.26
2825.89
2835.11
2795.3
2908.24
2969.83
3186.77
2829.02
2721.78
2722.95
3097.92
3079.99
3271.99
3290.68
3369.14
3593.41
3426.45
3229.6
2883.21
2432.89
2310.15
2194.84
2025.58
1974.69
2143.52
1973.44
2007.12
1992.46
2092.0
2141.77
1982.93
2088.95
2086.18
1846.9
2329.44
2135.27
2458.65
2542.69
2612.89
2584.21
3005.01
3266.62
3455.24
3315.26
3547.35
3617.29
3597.92
4111.99
4002.88
4366.59
4215.21
4351.63
4286.46
4260.41
3830.49
3774.81
4326.76
3682.73
4550.53
4715.64
5062.44
4341.74
4129.54
3784.23
3626.88
3865.83
4290.59
4397.08
4938.61
5110.86
5219.08
5298.72
5228.84
5408.52
5300.24
5308.52
5457.82
5572.09
6446.31
6742.89
6923.41
7137.03
6890.94
6304.53
5672.7
6514.72
6430.58
6543.39
6661.44
6015.3
6672.69
6646.55
6701.36
6742.97
6826.61
6839.59
6861.31
6864.87
6894.23
7083.49
6964.01
7213.44
7136.1
6923.6
7170.7
6919.59
7093.42
7060.6
6979.81
7009.56
7380.32
7404.61
7840.31
7866.52
7816.44
7906.6
8043.71
8035.2
8724.13
8465.77
8256.28
8144.02
7927.49
7832.22
7742.53
7773.92
8144.16
8098.16
8039.45
8001.57
7773.31
7830.35
7877.19
7838.22
7993.09
8059.65
8069.81
8516.02
8738.72
8084.88
7918.53
7573.26
7312.85
7331.73
7641.77
7703.1
7670.37
7677.73
7739.86
7736.07
7630.26
7252.4
7227.96
7245.13
7630.71
7489.2
7341.65
7227.45
7086.86
7046.57
6947.06
6833.42
6734.99
6642.27
6398.77
6526.62
6529.99
6593.8
6318.61
6312.03
6223.37
6369.28
6335.56
6407.52
5930.17
6495.15
6508.21
6588.28
6586.01
6729.53
6721.08
6623.01
7035.76
6763.38
6785.94
7106.01
7268.06
7458.99
7575.15
7500.79
7532.9
7222.08
7276.63
7198.85
7197.5
7152.88
7041.27
6712.21
6693.83
6245.18
6206.24
6710.4
6554.04
5944.87
5799.24
5783.15
5984.26
5715.92
5860.99
6165.35
6181.06
6197.84
6607.13
6470.74
6061.8
6209.71
6627.43
6749.28
6872.97
6814.76
5989.27
