1964.31
1982.93
1833.57
1688.32
1487.34
1416.09
1395.79
1386.25
1321.26
1439.05
1518.55
1816.47
1856.43
1941.41
1966.29
1879.87
1592.74
1435.88
1363.32
1288.11
1386.31
1410.33
1425.16
1406.59
1484.46
1500.1
1564.47
1448.49
1470.53
1535.65
1570.2
1593.6
1125.16
1653.95
1105.06
1333.71
1221.11
1050.04
1038.07
1024.55
1008.64
997.5
1080.37
1115.78
1321.26
1125.06
1201.92
1050.98
1058.14
1098.29
1169.57
1070.06
1253.61
1235.3
1447.05
1606.04
1529.65
1396.1
1195.37
1410.42
1809.54
1787.25
1562.65
1433.11
1669.13
1974.69
2310.15
1967.28
2388.33
2007.12
1973.44
2135.27
2908.24
3190.12
3626.88
3597.92
3547.35
3290.68
2329.44
2194.84
1945.82
1865.11
1846.9
1895.25
2141.77
1992.46
2086.18
2088.95
2415.25
2835.11
3186.77
3097.92
3455.24
3369.14
3294.08
3593.41
3079.99
2722.95
2432.89
2612.89
2137.59
2189.77
2143.52
2584.21
2542.69
3245.26
2976.85
3266.62
2825.89
2829.02
3005.01
3229.6
3426.45
3271.99
2686.52
2883.21
2025.58
2092.0
3078.91
2305.64
2852.93
2458.65
2721.78
2969.83
2795.3
3315.26
3617.29
3682.73
3774.81
3784.23
4129.54
4260.41
4290.59
4111.99
4550.53
4341.74
5219.08
4351.63
4286.46
3865.83
3830.49
4002.88
5062.44
4326.76
4715.64
4366.59
5110.86
4215.21
4938.61
4397.08
5228.84
5298.72
5300.24
5308.52
5408.52
5457.82
5672.7
6061.8
6593.8
6627.43
6947.06
6861.31
7035.76
7060.6
7046.57
6979.81
6710.4
6209.71
5783.15
5799.24
6223.37
6729.53
7213.44
7198.85
7227.96
7170.7
7093.42
6923.6
6785.94
6742.89
6826.61
7086.86
7137.03
7312.85
7227.45
7252.4
7573.26
7458.99
7404.61
7276.63
7575.15
8001.57
7670.37
7840.31
7703.1
7630.26
7380.32
7816.44
7773.92
7877.19
7641.77
7739.86
8069.81
7489.2
7906.6
7832.22
7830.35
7677.73
7742.53
7630.71
7736.07
7866.52
8039.45
8043.71
7927.49
7838.22
8059.65
8738.72
8724.13
8516.02
8144.16
7222.08
7106.01
7341.65
8465.77
7331.73
7532.9
8144.02
8098.16
8256.28
8035.2
8084.88
7993.09
7918.53
7500.79
7773.31
7268.06
7197.5
7245.13
7152.88
7136.1
6890.94
6446.31
5944.87
5860.99
5930.17
6181.06
5715.92
6206.24
5572.09
5989.27
6197.84
6165.35
6015.3
6495.15
6312.03
6529.99
6623.01
6514.72
6526.62
6693.83
6749.28
6894.23
6872.97
6864.87
7009.56
6964.01
6919.59
7041.27
6833.42
6839.59
6923.41
6814.76
6318.61
7083.49
6607.13
6661.44
6742.97
6588.28
6430.58
6398.77
6304.53
6470.74
6712.21
6763.38
6646.55
6335.56
6245.18
6369.28
6407.52
6642.27
6672.69
6734.99
6721.08
6586.01
6508.21
6554.04
6543.39
6701.36
5984.26
