1816.47
1879.87
1669.13
1410.42
1098.29
1125.06
1386.25
1518.55
1564.47
1433.11
1406.59
1425.16
1500.1
1688.32
1945.82
2007.12
2310.15
2432.89
1974.69
1982.93
1895.25
1833.57
1593.6
1435.88
1410.33
1396.1
1201.92
1105.06
1050.04
1169.57
1235.3
1221.11
1386.31
1439.05
1080.37
1395.79
1416.09
997.5
1058.14
1038.07
1253.61
1024.55
1008.64
1562.65
1363.32
1115.78
1288.11
1050.98
1070.06
1195.37
1333.71
1125.16
1321.26
1321.26
1809.54
1856.43
1592.74
1529.65
1606.04
1487.34
1570.2
1448.49
1470.53
1535.65
1653.95
1787.25
1846.9
1967.28
1941.41
1992.46
2135.27
2722.95
2976.85
3774.81
3682.73
3097.92
3005.01
3079.99
2388.33
2542.69
2141.77
2025.58
2137.59
2458.65
3294.08
3626.88
3830.49
3865.83
4002.88
3315.26
3593.41
2969.83
2415.25
3369.14
3266.62
2908.24
3290.68
3426.45
3271.99
3455.24
3245.26
3078.91
2686.52
2194.84
2189.77
2852.93
3190.12
2829.02
1865.11
1447.05
1484.46
1966.29
2329.44
2088.95
2143.52
2795.3
1964.31
2584.21
2721.78
2086.18
2612.89
2835.11
1973.44
2883.21
2092.0
2305.64
3186.77
2825.89
3229.6
3547.35
3617.29
3597.92
3784.23
4111.99
4129.54
4215.21
4286.46
4260.41
4290.59
4326.76
4397.08
4341.74
4366.59
4351.63
4550.53
4938.61
4715.64
5219.08
5062.44
5110.86
5228.84
5298.72
5799.24
5572.09
6165.35
6729.53
6872.97
6964.01
7046.57
6785.94
6923.6
6763.38
6672.69
6923.41
6919.59
7197.5
7458.99
6721.08
7041.27
7035.76
6646.55
6712.21
6693.83
6623.01
6814.76
6734.99
7060.6
6894.23
7198.85
7532.9
7573.26
7773.92
8035.2
7918.53
7830.35
7832.22
7677.73
7575.15
7222.08
6742.97
7170.7
7404.61
7670.37
7500.79
6710.4
7252.4
7268.06
7641.77
7703.1
7840.31
7630.26
7312.85
7341.65
7227.96
7245.13
7227.45
7213.44
7136.1
7106.01
7009.56
6979.81
7276.63
7331.73
7489.2
7739.86
7742.53
7838.22
8098.16
8516.02
8738.72
8724.13
8144.02
8084.88
8144.16
8001.57
7927.49
7906.6
7877.19
7816.44
8039.45
7773.31
7993.09
8069.81
8465.77
8059.65
8256.28
8043.71
7736.07
7866.52
7630.71
7380.32
7093.42
6742.89
6304.53
6526.62
6223.37
6543.39
5984.26
6206.24
6335.56
6470.74
6588.28
6627.43
6642.27
6890.94
6661.44
6947.06
6701.36
6826.61
6839.59
6864.87
7137.03
7152.88
6861.31
6833.42
7086.86
7083.49
6749.28
6593.8
5944.87
5715.92
5672.7
5783.15
5989.27
6245.18
6398.77
6529.99
6508.21
6407.52
6554.04
6495.15
6446.31
6318.61
6312.03
6061.8
6209.71
6369.28
6514.72
6586.01
6430.58
6197.84
6015.3
6181.06
5457.82
5300.24
5408.52
5308.52
6607.13
5930.17
5860.99
