1967.28
2612.89
1592.74
1487.34
1333.71
1169.57
1433.11
1484.46
1593.6
1535.65
1470.53
1447.05
1410.42
1425.16
1363.32
1201.92
1098.29
1406.59
1416.09
1435.88
1396.1
1386.31
1395.79
1321.26
1195.37
1125.16
1235.3
1288.11
1386.25
1439.05
1115.78
1050.98
997.5
1024.55
1008.64
1080.37
1058.14
1105.06
1125.06
1221.11
1253.61
1070.06
1038.07
1050.04
1321.26
1410.33
1500.1
1570.2
1448.49
1529.65
1564.47
1518.55
1562.65
1606.04
1653.95
1856.43
2025.58
2137.59
1879.87
1945.82
1966.29
2143.52
2584.21
2432.89
2883.21
2976.85
2542.69
2189.77
1982.93
1846.9
2141.77
2007.12
1833.57
2135.27
2795.3
1787.25
1895.25
2092.0
1688.32
1809.54
1974.69
2388.33
2305.64
2194.84
2415.25
1964.31
2329.44
2088.95
2686.52
2721.78
2722.95
2825.89
3005.01
2829.02
3455.24
3078.91
3271.99
3315.26
3369.14
3294.08
3097.92
3186.77
2835.11
2969.83
2908.24
2458.65
1992.46
2310.15
1865.11
1816.47
1941.41
1669.13
1973.44
2086.18
2852.93
3266.62
3229.6
3597.92
3547.35
3290.68
3245.26
3190.12
3079.99
3593.41
3426.45
3865.83
4351.63
4397.08
4290.59
4286.46
3617.29
3830.49
3774.81
4129.54
4215.21
4326.76
4260.41
3784.23
4341.74
4111.99
4002.88
3682.73
3626.88
4366.59
4550.53
4715.64
5110.86
5228.84
4938.61
5062.44
5219.08
5457.82
5300.24
5298.72
5308.52
5799.24
6197.84
6398.77
6495.15
6407.52
6734.99
6721.08
6729.53
6318.61
5930.17
5783.15
5572.09
5408.52
5672.7
5715.92
5989.27
6223.37
6209.71
6701.36
7060.6
7197.5
7276.63
7458.99
7816.44
7742.53
7840.31
7641.77
7736.07
7703.1
7670.37
7832.22
8084.88
7380.32
7532.9
7573.26
7739.86
7993.09
7906.6
7866.52
7927.49
8144.16
7830.35
8144.02
7489.2
7312.85
7086.86
6979.81
6872.97
6593.8
6742.89
6814.76
6890.94
7152.88
7227.45
7106.01
7198.85
7268.06
7630.26
8035.2
8738.72
8516.02
8069.81
8256.28
8043.71
8098.16
7918.53
7877.19
7137.03
7773.31
7630.71
7575.15
7227.96
7341.65
7170.7
7677.73
7838.22
8039.45
8465.77
8059.65
7404.61
7213.44
7093.42
8001.57
8724.13
7773.92
7331.73
7500.79
7245.13
7136.1
6947.06
7009.56
6749.28
6712.21
7035.76
6693.83
7041.27
6919.59
6826.61
6710.4
6623.01
6430.58
6627.43
6335.56
6554.04
6061.8
6304.53
6586.01
6470.74
6312.03
5984.26
7046.57
6894.23
6763.38
6923.41
6839.59
6923.6
7083.49
6864.87
6369.28
6833.42
6861.31
7222.08
7252.4
6588.28
5944.87
6206.24
6181.06
6964.01
6742.97
6661.44
6607.13
6015.3
6529.99
6543.39
6508.21
6672.69
6514.72
6646.55
6526.62
6642.27
6785.94
6446.31
6165.35
6245.18
5860.99
