1895.25
1964.31
2088.95
1435.88
1395.79
1518.55
1470.53
1500.1
1484.46
1606.04
1416.09
1433.11
1487.34
1592.74
1879.87
1967.28
1941.41
2092.0
2025.58
1406.59
1564.47
1396.1
1333.71
1321.26
1363.32
1386.31
1386.25
1169.57
1288.11
1253.61
1235.3
1038.07
1195.37
997.5
1098.29
1221.11
1050.04
1024.55
1080.37
1125.06
1201.92
1050.98
1115.78
1008.64
1058.14
1070.06
1105.06
1125.16
1321.26
1410.33
1529.65
1410.42
1669.13
1535.65
1992.46
2415.25
2143.52
1974.69
1653.95
1846.9
1809.54
1688.32
2305.64
1425.16
1593.6
1856.43
1439.05
1562.65
1787.25
1945.82
1833.57
2137.59
2388.33
2908.24
2141.77
2542.69
2612.89
3097.92
3079.99
3186.77
3078.91
2969.83
2825.89
2835.11
2458.65
2883.21
2329.44
2852.93
2310.15
2584.21
2795.3
2194.84
2829.02
2976.85
2686.52
2086.18
3245.26
1816.47
1973.44
1865.11
1447.05
1448.49
1570.2
1982.93
1966.29
3005.01
2135.27
2722.95
2007.12
2189.77
2721.78
2432.89
3229.6
3294.08
3455.24
3369.14
3271.99
3266.62
3190.12
3290.68
3315.26
3426.45
3547.35
3617.29
3597.92
3593.41
3626.88
3682.73
3774.81
4002.88
4550.53
4351.63
4366.59
4215.21
4326.76
4260.41
3830.49
4290.59
4286.46
4129.54
4341.74
3784.23
3865.83
4111.99
4397.08
4715.64
4938.61
5308.52
5110.86
5408.52
5228.84
5298.72
5062.44
5219.08
5300.24
5457.82
5715.92
6318.61
6729.53
7041.27
7268.06
7312.85
7252.4
6529.99
6710.4
6209.71
6197.84
5930.17
5989.27
6061.8
6398.77
6864.87
6661.44
7009.56
6947.06
7245.13
7630.26
8039.45
8144.16
8724.13
8098.16
8738.72
8465.77
8144.02
8256.28
8516.02
7830.35
8069.81
7670.37
7677.73
7742.53
7573.26
7532.9
7458.99
7136.1
7197.5
7093.42
7222.08
7227.45
7137.03
6979.81
6814.76
6642.27
6627.43
6672.69
6826.61
7152.88
7106.01
7213.44
7227.96
7083.49
7877.19
8035.2
7489.2
7641.77
7331.73
7739.86
7832.22
7906.6
7918.53
7773.31
7866.52
7341.65
7840.31
7630.71
7500.79
7773.92
7703.1
7927.49
7838.22
7404.61
7198.85
7380.32
7170.7
7736.07
7816.44
8001.57
7993.09
8059.65
8043.71
8084.88
7575.15
7276.63
6923.41
6335.56
7086.86
6646.55
6304.53
6245.18
6223.37
6701.36
6785.94
6923.6
6964.01
6872.97
6712.21
6861.31
6763.38
7035.76
6833.42
7046.57
6749.28
6721.08
6693.83
6588.28
6586.01
6508.21
6206.24
5672.7
5984.26
5572.09
5860.99
5944.87
6015.3
6165.35
6430.58
6312.03
6495.15
6470.74
6543.39
6734.99
6742.97
6593.8
6890.94
6514.72
6446.31
6369.28
6607.13
6526.62
6407.52
6623.01
6919.59
6742.89
6839.59
6554.04
5799.24
6181.06
6894.23
7060.6
5783.15
