2092.0
2025.58
2141.77
1606.04
1833.57
1964.31
2305.64
2189.77
1688.32
1410.42
1396.1
1201.92
1435.88
1386.25
1386.31
1221.11
1125.16
1288.11
1518.55
1529.65
1879.87
1484.46
1470.53
1321.26
1410.33
1333.71
1809.54
1448.49
1406.59
1395.79
1321.26
1235.3
1253.61
1363.32
1169.57
1115.78
1050.04
997.5
1024.55
1105.06
1080.37
1070.06
1008.64
1038.07
1050.98
1058.14
1125.06
1098.29
1195.37
1447.05
1439.05
1593.6
1564.47
1562.65
1425.16
1570.2
1500.1
1433.11
1416.09
1592.74
1535.65
1487.34
1669.13
2310.15
1816.47
2088.95
1895.25
1982.93
1846.9
1865.11
1787.25
1973.44
1653.95
2143.52
1941.41
1967.28
1856.43
2584.21
2829.02
2722.95
2686.52
2458.65
2612.89
2852.93
2883.21
3079.99
3186.77
3271.99
2795.3
3290.68
3078.91
2415.25
2976.85
3097.92
3266.62
2194.84
3426.45
2969.83
2908.24
2835.11
2825.89
2388.33
2086.18
2007.12
2432.89
2135.27
1992.46
1974.69
1945.82
1966.29
2137.59
2329.44
2542.69
2721.78
3190.12
3005.01
3245.26
3229.6
3315.26
3547.35
3593.41
3455.24
3294.08
3597.92
3617.29
3369.14
3774.81
3626.88
3830.49
3682.73
3865.83
4286.46
4129.54
4290.59
4341.74
4366.59
3784.23
4260.41
4111.99
4215.21
4326.76
4002.88
4351.63
4397.08
4550.53
4715.64
5062.44
4938.61
5110.86
5219.08
5228.84
5298.72
5300.24
5308.52
5783.15
6470.74
6181.06
6742.97
6554.04
6693.83
6742.89
6729.53
6586.01
6672.69
6701.36
6894.23
6979.81
6785.94
6623.01
6661.44
6919.59
7137.03
7252.4
6833.42
7046.57
7086.86
7035.76
7222.08
7331.73
7906.6
7575.15
7927.49
8059.65
8001.57
7918.53
7866.52
7840.31
7677.73
7380.32
7312.85
7268.06
6947.06
7197.5
6964.01
6864.87
6839.59
7083.49
7227.45
7458.99
7736.07
7816.44
7500.79
7213.44
6861.31
6508.21
6710.4
6826.61
7198.85
7742.53
7641.77
7877.19
8043.71
8084.88
8144.02
8256.28
8465.77
8738.72
8724.13
8516.02
8144.16
8098.16
8069.81
8039.45
7993.09
7739.86
7630.71
7670.37
7773.92
7773.31
8035.2
7830.35
7573.26
7404.61
7703.1
7009.56
7341.65
6734.99
6593.8
5984.26
6923.6
7170.7
6814.76
6526.62
5799.24
5944.87
6446.31
6335.56
6304.53
6223.37
6061.8
5860.99
6318.61
6407.52
6398.77
6312.03
6206.24
5930.17
6209.71
6245.18
6642.27
6721.08
6890.94
6749.28
7106.01
7041.27
7276.63
7838.22
7832.22
7532.9
7630.26
7136.1
7489.2
7227.96
7245.13
7152.88
7093.42
6763.38
6712.21
6646.55
6495.15
6627.43
6607.13
6369.28
6015.3
5715.92
5672.7
5572.09
5408.52
5989.27
5457.82
6197.84
6165.35
6529.99
6543.39
6514.72
6430.58
6923.41
6872.97
7060.6
6588.28
