2795.3
2189.77
1856.43
2194.84
2542.69
2092.0
1982.93
1974.69
1487.34
1098.29
1593.6
1050.04
1606.04
1669.13
1484.46
1570.2
1125.06
1688.32
1396.1
1406.59
1288.11
1070.06
997.5
1050.98
1038.07
1058.14
1333.71
1425.16
1529.65
1592.74
1518.55
1653.95
1395.79
1195.37
1363.32
1125.16
1410.33
1115.78
1201.92
1386.25
1221.11
1024.55
1321.26
1169.57
1105.06
1235.3
1386.31
1253.61
1416.09
1564.47
1500.1
1439.05
1080.37
1008.64
1321.26
1470.53
1435.88
1562.65
1846.9
1447.05
1833.57
1966.29
1941.41
1865.11
2007.12
1895.25
1879.87
1809.54
1787.25
1945.82
2025.58
2086.18
2141.77
2305.64
2584.21
2432.89
2686.52
2143.52
2088.95
1992.46
1967.28
2137.59
2388.33
2722.95
2852.93
3186.77
2883.21
3190.12
3290.68
3097.92
3245.26
3369.14
3315.26
3426.45
3455.24
3626.88
3865.83
3784.23
3593.41
3266.62
2976.85
3079.99
2908.24
2969.83
2829.02
2835.11
2310.15
2135.27
1973.44
1964.31
1448.49
1535.65
1433.11
1410.42
1816.47
2329.44
2415.25
3229.6
3078.91
3271.99
2721.78
2612.89
2458.65
2825.89
3294.08
3005.01
3547.35
3774.81
3617.29
3597.92
3682.73
3830.49
4002.88
4111.99
4215.21
4129.54
4286.46
4290.59
4351.63
4366.59
4326.76
4260.41
4341.74
4550.53
4397.08
4715.64
5062.44
4938.61
5110.86
5219.08
5228.84
5300.24
5298.72
5672.7
6430.58
6712.21
6245.18
6206.24
6304.53
5408.52
6586.01
5989.27
5457.82
6197.84
6407.52
6495.15
6894.23
6607.13
6514.72
5308.52
6593.8
6701.36
6861.31
6749.28
7046.57
7213.44
7170.7
7245.13
7227.96
7380.32
7489.2
7677.73
7500.79
7222.08
7009.56
6785.94
6061.8
6642.27
6508.21
5572.09
6890.94
6979.81
7331.73
7630.71
7877.19
8069.81
8144.16
8724.13
8516.02
8465.77
8256.28
8059.65
8039.45
7773.31
7736.07
7573.26
7641.77
7703.1
7670.37
7630.26
7532.9
7773.92
7816.44
7840.31
7830.35
7832.22
7993.09
8738.72
8098.16
7838.22
7404.61
7918.53
7927.49
8144.02
8084.88
7906.6
7268.06
7198.85
7106.01
7458.99
7341.65
7742.53
8001.57
8043.71
8035.2
7866.52
7739.86
7252.4
7575.15
7197.5
7136.1
6833.42
6693.83
5944.87
5799.24
6446.31
6588.28
5984.26
6529.99
6543.39
6627.43
7093.42
6872.97
6864.87
6839.59
6814.76
6710.4
6923.41
7060.6
6947.06
7276.63
7041.27
7152.88
6964.01
7086.86
7227.45
7312.85
7035.76
6923.6
6763.38
6742.97
6318.61
6223.37
5715.92
5930.17
6554.04
6742.89
6398.77
6181.06
7083.49
6721.08
6826.61
6734.99
6646.55
6672.69
6729.53
6470.74
6335.56
6209.71
6623.01
6526.62
7137.03
6919.59
6661.44
6312.03
6015.3
6165.35
5783.15
5860.99
6369.28
