2137.59
3078.91
1992.46
2686.52
1500.1
1395.79
1688.32
1410.42
1435.88
1562.65
1535.65
1487.34
1570.2
1410.33
1386.25
1221.11
1105.06
1125.06
1050.04
1070.06
1058.14
1098.29
1080.37
1169.57
1235.3
1529.65
1653.95
1879.87
1974.69
1833.57
1816.47
1606.04
1973.44
1856.43
1484.46
1333.71
1115.78
1008.64
997.5
1024.55
1038.07
1050.98
1288.11
1363.32
1448.49
1321.26
1253.61
1195.37
1125.16
1201.92
1396.1
1321.26
1439.05
1416.09
1406.59
1447.05
1425.16
1386.31
1470.53
1433.11
1518.55
2310.15
2086.18
2388.33
2722.95
2852.93
2835.11
2612.89
1865.11
2143.52
1593.6
2825.89
2883.21
3229.6
3005.01
2829.02
2415.25
2141.77
2305.64
1809.54
1982.93
1564.47
1941.41
1895.25
2329.44
2542.69
2976.85
2969.83
3266.62
3455.24
3245.26
3315.26
3290.68
3426.45
3369.14
3294.08
3190.12
3186.77
2908.24
2584.21
2432.89
2189.77
1967.28
2721.78
2194.84
2795.3
2088.95
1846.9
1787.25
1669.13
1592.74
1945.82
2135.27
2007.12
2025.58
1966.29
1964.31
2092.0
2458.65
3079.99
3097.92
3271.99
3547.35
3593.41
3597.92
3626.88
3865.83
4002.88
4111.99
3830.49
4286.46
4326.76
4341.74
4129.54
4215.21
4260.41
3784.23
3774.81
3617.29
4290.59
3682.73
4351.63
4366.59
4397.08
4715.64
5110.86
4938.61
5062.44
5228.84
4550.53
5572.09
5219.08
5298.72
5783.15
6304.53
6335.56
6593.8
6661.44
7060.6
7152.88
7198.85
6814.76
6712.21
6721.08
6607.13
6894.23
7213.44
6890.94
6742.89
6979.81
7252.4
7677.73
7773.31
7739.86
7670.37
7906.6
7703.1
7840.31
7838.22
7736.07
7773.92
7136.1
6923.41
6833.42
6623.01
6839.59
7222.08
7009.56
6588.28
6861.31
6923.6
7245.13
7268.06
7197.5
7227.45
7083.49
6495.15
6872.97
6701.36
6919.59
7086.86
6964.01
7106.01
6763.38
6729.53
7041.27
6785.94
7093.42
7227.96
7312.85
7276.63
7927.49
7575.15
8256.28
8039.45
7341.65
8001.57
8059.65
7742.53
7832.22
7500.79
7458.99
7489.2
7816.44
7918.53
7877.19
8069.81
8035.2
8144.16
8098.16
8144.02
8084.88
8738.72
8724.13
8465.77
8516.02
8043.71
7630.71
7630.26
7830.35
7866.52
7993.09
7035.76
6206.24
6543.39
7404.61
7573.26
6742.97
6529.99
5989.27
6693.83
6749.28
6826.61
6864.87
6672.69
6586.01
6554.04
6470.74
6398.77
6197.84
6015.3
5944.87
5799.24
6061.8
6446.31
6947.06
7331.73
7380.32
7641.77
7532.9
7046.57
7170.7
7137.03
6710.4
6734.99
6627.43
6526.62
6407.52
5930.17
5308.52
5860.99
5300.24
5672.7
6181.06
6165.35
6312.03
5715.92
6209.71
5984.26
6318.61
5457.82
6508.21
6430.58
6245.18
6369.28
6642.27
6514.72
6223.37
6646.55
5408.52
