2135.27
2722.95
2194.84
2137.59
1653.95
1592.74
1982.93
1816.47
1529.65
1448.49
1195.37
1169.57
1125.06
1470.53
1787.25
1570.2
1386.31
1050.04
1321.26
1201.92
1487.34
1433.11
1288.11
1363.32
1435.88
1500.1
1396.1
1406.59
1410.42
1333.71
1386.25
1080.37
1321.26
1024.55
1395.79
1221.11
1125.16
997.5
1038.07
1008.64
1050.98
1070.06
1235.3
1115.78
1058.14
1105.06
1098.29
1253.61
1410.33
1518.55
1484.46
1447.05
1439.05
1416.09
1895.25
1425.16
1964.31
1809.54
1562.65
1688.32
1833.57
1941.41
2388.33
2088.95
2092.0
2310.15
2007.12
1669.13
1564.47
1846.9
1865.11
1967.28
2086.18
2025.58
1879.87
1992.46
1973.44
2584.21
2458.65
2415.25
2305.64
2721.78
2141.77
2542.69
2852.93
2432.89
2825.89
2189.77
2612.89
2883.21
2908.24
2976.85
3078.91
3271.99
3190.12
3315.26
3426.45
3266.62
3097.92
2969.83
2829.02
2329.44
2143.52
1966.29
1945.82
1974.69
1535.65
1593.6
1606.04
1856.43
2686.52
2795.3
2835.11
3229.6
3005.01
3079.99
3245.26
3186.77
3290.68
3369.14
3547.35
3597.92
3294.08
3774.81
3593.41
3455.24
3626.88
3682.73
3617.29
3784.23
3830.49
4286.46
4341.74
4002.88
4260.41
3865.83
4111.99
4129.54
4215.21
4326.76
4351.63
4366.59
4550.53
4938.61
5110.86
5298.72
5228.84
5062.44
4397.08
4290.59
4715.64
5219.08
5300.24
5308.52
5572.09
5715.92
5799.24
5984.26
6407.52
6543.39
6833.42
7086.86
6861.31
6785.94
6763.38
6554.04
6335.56
6061.8
6165.35
5989.27
6318.61
6607.13
7009.56
7136.1
7677.73
7832.22
7575.15
7573.26
7170.7
6894.23
7152.88
7245.13
8465.77
8516.02
7532.9
6872.97
6919.59
7046.57
7083.49
7276.63
7736.07
7866.52
8144.16
8035.2
7739.86
8098.16
7312.85
7877.19
8256.28
7773.92
7380.32
7927.49
7840.31
7268.06
7489.2
7630.71
7227.45
7331.73
7630.26
7773.31
7252.4
8084.88
8144.02
7906.6
7993.09
8039.45
8724.13
7838.22
8738.72
7641.77
7742.53
7227.96
7222.08
7404.61
7198.85
7137.03
7035.76
7106.01
7213.44
7341.65
7500.79
7816.44
8001.57
8069.81
7830.35
7670.37
7918.53
7458.99
8043.71
8059.65
7703.1
6923.6
6742.89
6304.53
6181.06
6526.62
6398.77
5408.52
5783.15
6245.18
6826.61
6749.28
7093.42
6206.24
6514.72
6197.84
6209.71
6470.74
6627.43
6710.4
6979.81
6742.97
6814.76
6642.27
6588.28
6623.01
6586.01
6661.44
6864.87
7041.27
6890.94
7060.6
6947.06
6729.53
6646.55
6508.21
6223.37
6446.31
6369.28
6701.36
6839.59
6923.41
7197.5
6964.01
6712.21
5860.99
5457.82
5672.7
5930.17
5944.87
6529.99
6734.99
6672.69
6495.15
6312.03
6430.58
6693.83
6721.08
6593.8
6015.3
