1484.46
1974.69
1439.05
1945.82
1570.2
1500.1
1386.31
1416.09
1529.65
1562.65
1535.65
2088.95
2025.58
1941.41
2007.12
2086.18
2141.77
2329.44
1593.6
1967.28
1425.16
1410.33
1221.11
1333.71
1321.26
1435.88
1606.04
1592.74
1856.43
1653.95
1470.53
1386.25
1195.37
1125.16
1288.11
1169.57
1125.06
1050.98
1105.06
1058.14
1070.06
1038.07
1024.55
997.5
1008.64
1050.04
1080.37
1098.29
1115.78
1253.61
1363.32
1396.1
1321.26
1201.92
1235.3
1406.59
1448.49
1395.79
1410.42
1433.11
1833.57
1669.13
2135.27
1447.05
1879.87
1964.31
1564.47
2137.59
2310.15
2194.84
2305.64
2415.25
2612.89
3079.99
3190.12
2722.95
2835.11
3097.92
2584.21
2721.78
2825.89
2542.69
2092.0
2388.33
2852.93
3078.91
2976.85
3245.26
3294.08
3455.24
3426.45
3593.41
3597.92
4002.88
3830.49
4129.54
4286.46
3626.88
3547.35
3271.99
2829.02
2908.24
2969.83
2883.21
3229.6
3005.01
2686.52
2432.89
2189.77
1992.46
1895.25
1688.32
1487.34
1973.44
1518.55
1966.29
1816.47
1865.11
1809.54
1787.25
1846.9
2143.52
1982.93
2458.65
2795.3
3186.77
3266.62
3369.14
3617.29
3315.26
4111.99
3682.73
4215.21
3865.83
4341.74
4550.53
4397.08
4351.63
4326.76
3784.23
4290.59
3290.68
3774.81
4260.41
4366.59
4715.64
4938.61
5062.44
5110.86
5572.09
5408.52
5300.24
5228.84
5219.08
5989.27
6588.28
6693.83
6979.81
6890.94
7041.27
7046.57
7009.56
6923.6
6742.97
6712.21
6785.94
6826.61
6661.44
6642.27
6407.52
6543.39
6607.13
6729.53
6742.89
6814.76
6833.42
6964.01
6923.41
7213.44
7458.99
7106.01
7838.22
7341.65
7832.22
7736.07
7641.77
7331.73
7489.2
7035.76
7222.08
7404.61
7575.15
7773.31
7380.32
7060.6
7198.85
7197.5
7227.45
7227.96
7670.37
7677.73
7816.44
7739.86
7268.06
7630.26
7312.85
7532.9
7573.26
7630.71
7152.88
7276.63
7742.53
8035.2
8098.16
8059.65
8144.16
7877.19
8069.81
7927.49
7773.92
7830.35
7500.79
7245.13
8256.28
7918.53
8043.71
8001.57
7840.31
7866.52
8465.77
8039.45
8516.02
8724.13
7906.6
8738.72
8084.88
7993.09
8144.02
7703.1
7252.4
7170.7
6872.97
6710.4
5860.99
6335.56
6398.77
5944.87
6015.3
6181.06
6209.71
6312.03
6701.36
6763.38
6839.59
6734.99
6861.31
6947.06
6894.23
7093.42
6919.59
7083.49
6864.87
6672.69
6526.62
6586.01
6369.28
6430.58
6304.53
6470.74
6206.24
6318.61
6646.55
6623.01
6223.37
6446.31
6554.04
6529.99
6508.21
6495.15
6593.8
6749.28
7137.03
7136.1
7086.86
6514.72
5984.26
5298.72
5783.15
6061.8
6197.84
6245.18
5930.17
5672.7
5308.52
5457.82
5799.24
6165.35
6627.43
6721.08
5715.92
