1879.87
2458.65
1846.9
1593.6
1406.59
1410.33
1562.65
1816.47
2007.12
2092.0
1865.11
1669.13
1535.65
1484.46
1416.09
1433.11
1518.55
1447.05
1288.11
1105.06
1050.98
1024.55
1008.64
1038.07
1070.06
1386.31
1333.71
1396.1
1195.37
1435.88
1098.29
1253.61
1395.79
1201.92
1058.14
1115.78
997.5
1050.04
1125.16
1386.25
1487.34
1448.49
1321.26
1125.06
1221.11
1235.3
1321.26
1169.57
1080.37
1470.53
1410.42
1425.16
1439.05
1363.32
1500.1
1570.2
1809.54
1592.74
1564.47
1529.65
1606.04
1653.95
1787.25
1688.32
1833.57
1967.28
1945.82
1966.29
1941.41
1895.25
1973.44
2189.77
2686.52
2721.78
2086.18
1856.43
1974.69
2584.21
3369.14
3271.99
3190.12
2852.93
3079.99
2883.21
3078.91
2969.83
2825.89
2143.52
3005.01
2722.95
2432.89
2329.44
2835.11
3229.6
3315.26
3266.62
3426.45
3294.08
3245.26
2976.85
2612.89
2310.15
2025.58
2388.33
2141.77
2137.59
1964.31
2194.84
2908.24
1992.46
2135.27
1982.93
2088.95
2305.64
2415.25
2795.3
2542.69
2829.02
3186.77
3455.24
3097.92
3597.92
3290.68
3626.88
3593.41
3617.29
3830.49
3774.81
3547.35
4129.54
3784.23
4215.21
3865.83
3682.73
4002.88
4260.41
4111.99
4286.46
4290.59
4351.63
4550.53
4366.59
4397.08
4326.76
4341.74
5062.44
4715.64
5219.08
5298.72
5300.24
5228.84
5110.86
4938.61
5308.52
5408.52
5572.09
6165.35
6642.27
6814.76
6627.43
6864.87
6701.36
6529.99
6710.4
6586.01
6407.52
6430.58
6061.8
6206.24
6543.39
6894.23
7222.08
7736.07
7670.37
7773.92
7341.65
7380.32
7404.61
7703.1
7106.01
7276.63
6861.31
7093.42
6947.06
6785.94
7046.57
6890.94
6919.59
7152.88
7331.73
7458.99
7573.26
7630.71
7816.44
7677.73
7630.26
7832.22
7838.22
7641.77
7877.19
7840.31
7866.52
7500.79
7083.49
7198.85
7041.27
6763.38
6923.41
6979.81
7009.56
7227.45
7773.31
7739.86
7532.9
8039.45
7906.6
8043.71
8516.02
8098.16
8738.72
8724.13
8059.65
7489.2
7742.53
7830.35
8035.2
7927.49
8001.57
8084.88
8465.77
8144.02
8144.16
8069.81
8256.28
7993.09
7918.53
7575.15
7252.4
7312.85
7227.96
7170.7
7197.5
6495.15
5799.24
5783.15
5672.7
5715.92
5457.82
5930.17
5860.99
6369.28
6554.04
6734.99
6607.13
6661.44
6712.21
6729.53
6826.61
6872.97
6742.97
7035.76
7060.6
6964.01
7137.03
7268.06
7213.44
7245.13
7136.1
6839.59
6833.42
6923.6
7086.86
6749.28
5944.87
6508.21
6470.74
6015.3
6318.61
6197.84
6223.37
6312.03
6335.56
6398.77
5989.27
5984.26
6209.71
6245.18
6514.72
6623.01
6588.28
6721.08
6646.55
6742.89
6526.62
6446.31
6304.53
6593.8
6693.83
6672.69
6181.06
