1973.44
2092.0
1487.34
1395.79
1518.55
1201.92
1195.37
1564.47
1941.41
1688.32
1470.53
1406.59
1425.16
1570.2
1653.95
1816.47
1945.82
1846.9
1606.04
1964.31
1982.93
1974.69
1562.65
2189.77
1669.13
1879.87
1593.6
1529.65
1321.26
1447.05
1125.16
1235.3
1169.57
1221.11
1386.25
1448.49
1410.33
1386.31
1253.61
1058.14
1050.04
1024.55
997.5
1008.64
1125.06
1038.07
1070.06
1050.98
1098.29
1288.11
1435.88
1484.46
1500.1
1439.05
1416.09
1410.42
1333.71
1115.78
1080.37
1105.06
1321.26
1433.11
1396.1
1363.32
1592.74
1809.54
1966.29
2025.58
1992.46
1856.43
2143.52
2329.44
2388.33
2310.15
2135.27
1967.28
1833.57
1865.11
2007.12
1535.65
1787.25
1895.25
2141.77
2086.18
2305.64
2458.65
2584.21
2969.83
3079.99
3426.45
3547.35
3078.91
2976.85
3005.01
3097.92
3315.26
3186.77
2908.24
2829.02
2686.52
2542.69
2722.95
2432.89
2835.11
2883.21
3290.68
2825.89
2721.78
2612.89
2088.95
2137.59
2194.84
2415.25
2795.3
2852.93
3455.24
3190.12
3266.62
3229.6
3626.88
3369.14
3245.26
3271.99
3294.08
3597.92
3617.29
3865.83
4260.41
4326.76
4550.53
5062.44
4715.64
4366.59
4286.46
4341.74
4290.59
3682.73
3774.81
4129.54
3784.23
3830.49
4111.99
4002.88
3593.41
4215.21
4351.63
5110.86
5219.08
5308.52
5298.72
5228.84
5408.52
5783.15
5300.24
4397.08
4938.61
5672.7
6181.06
6165.35
6061.8
6526.62
6627.43
6642.27
6710.4
6623.01
6554.04
6661.44
6318.61
6543.39
6495.15
6607.13
6734.99
6814.76
6742.97
6729.53
6919.59
6749.28
6833.42
6890.94
7252.4
6872.97
6947.06
7046.57
7170.7
6763.38
7630.71
7086.86
7331.73
7213.44
7312.85
7198.85
6979.81
7227.96
7677.73
7703.1
7816.44
7838.22
7993.09
8043.71
8465.77
8144.02
8001.57
8035.2
7906.6
7927.49
8144.16
8039.45
8098.16
8724.13
8256.28
8069.81
8084.88
8059.65
7840.31
7866.52
7877.19
8516.02
8738.72
7832.22
7918.53
7742.53
7670.37
7083.49
7268.06
6964.01
6839.59
7093.42
7041.27
7152.88
7773.92
7341.65
7773.31
7830.35
7575.15
7404.61
7245.13
7136.1
7035.76
7532.9
7060.6
6864.87
6672.69
6514.72
5930.17
5860.99
6312.03
6586.01
6223.37
5799.24
5572.09
5457.82
6206.24
5944.87
6470.74
6508.21
6593.8
6646.55
6742.89
6721.08
6712.21
6894.23
6861.31
7009.56
7276.63
7380.32
7573.26
7739.86
7641.77
7736.07
7500.79
7630.26
7106.01
7458.99
6923.6
7137.03
7227.45
7489.2
7222.08
7197.5
6923.41
6785.94
6701.36
6588.28
6826.61
6407.52
6693.83
6335.56
6369.28
6446.31
5989.27
6529.99
6398.77
6197.84
6209.71
6015.3
5984.26
6430.58
6245.18
6304.53
5715.92
