1856.43
2143.52
1653.95
1945.82
1396.1
1564.47
2194.84
2025.58
1593.6
2141.77
1500.1
1484.46
1606.04
2007.12
1846.9
2135.27
1982.93
1966.29
1992.46
1865.11
1688.32
1439.05
1395.79
1321.26
1169.57
1386.25
1253.61
1098.29
1125.16
1221.11
1195.37
1201.92
1288.11
1070.06
1038.07
1433.11
1386.31
1125.06
1425.16
1416.09
1321.26
1105.06
1080.37
1050.98
1115.78
997.5
1050.04
1008.64
1024.55
1410.33
1487.34
1470.53
1333.71
1058.14
1363.32
1410.42
1562.65
1448.49
1529.65
1447.05
1570.2
1592.74
1809.54
1435.88
1535.65
1787.25
1964.31
1879.87
1669.13
1518.55
1235.3
1406.59
1816.47
2088.95
1833.57
1895.25
1967.28
2310.15
2458.65
2721.78
2686.52
2829.02
3079.99
3266.62
3426.45
3682.73
3597.92
3774.81
4129.54
3830.49
3626.88
3593.41
3617.29
4290.59
4286.46
4215.21
4260.41
3784.23
3369.14
3271.99
2835.11
2584.21
2415.25
2432.89
2305.64
2388.33
2092.0
1941.41
1974.69
1973.44
2086.18
2137.59
2329.44
2189.77
2795.3
2825.89
2542.69
2908.24
3078.91
3097.92
2722.95
2852.93
2612.89
2969.83
3186.77
3294.08
3315.26
3290.68
2976.85
3005.01
3229.6
3245.26
3190.12
2883.21
3455.24
3547.35
3865.83
4002.88
4111.99
4326.76
4351.63
4341.74
4366.59
4550.53
4938.61
5219.08
5408.52
5300.24
5298.72
5308.52
5110.86
4397.08
4715.64
5062.44
5457.82
5984.26
6245.18
6407.52
6712.21
6554.04
6742.97
6721.08
6729.53
6749.28
6181.06
6446.31
6061.8
5989.27
5715.92
5572.09
5944.87
6015.3
6623.01
6826.61
6923.41
7060.6
7227.96
7489.2
7312.85
7245.13
7152.88
7227.45
7630.71
7331.73
7832.22
7380.32
6923.6
7083.49
6833.42
6763.38
6919.59
7106.01
7136.1
7670.37
7830.35
7341.65
7739.86
8059.65
7877.19
8738.72
8256.28
8069.81
8001.57
7816.44
7458.99
7918.53
8144.02
7773.31
7573.26
7641.77
7252.4
7840.31
7906.6
7927.49
8039.45
8035.2
8084.88
8465.77
8724.13
8516.02
8144.16
8043.71
7093.42
7677.73
8098.16
7993.09
7866.52
7773.92
7630.26
7703.1
7532.9
7575.15
7404.61
7742.53
7268.06
7838.22
6979.81
7213.44
7046.57
6947.06
7137.03
7009.56
6872.97
6785.94
6814.76
6661.44
6514.72
6206.24
6312.03
6369.28
6864.87
6964.01
7197.5
7035.76
6894.23
6890.94
7086.86
7170.7
7500.79
7222.08
7736.07
7198.85
7276.63
7041.27
6861.31
6839.59
6742.89
6318.61
6335.56
6526.62
5672.7
6495.15
6223.37
5783.15
6398.77
6672.69
6710.4
6642.27
6586.01
6529.99
6470.74
6693.83
6734.99
6701.36
6646.55
6593.8
5799.24
6165.35
6209.71
5228.84
6430.58
6627.43
6543.39
6588.28
6197.84
5860.99
6304.53
6508.21
6607.13
5930.17
