2141.77
3186.77
2194.84
2458.65
1966.29
1564.47
1416.09
1592.74
1425.16
1321.26
1050.04
1008.64
1169.57
1396.1
1484.46
1816.47
1593.6
1606.04
1500.1
1406.59
1395.79
1288.11
1125.16
1024.55
1050.98
1201.92
1410.33
1470.53
1518.55
1964.31
1653.95
1529.65
1433.11
1235.3
1386.31
1447.05
1410.42
1098.29
1105.06
1253.61
1115.78
1038.07
1058.14
1070.06
1333.71
1363.32
1321.26
997.5
1125.06
1435.88
1448.49
1439.05
1386.25
1195.37
1080.37
1221.11
1787.25
1487.34
1570.2
1562.65
1974.69
1982.93
2305.64
2329.44
2686.52
2795.3
2825.89
2310.15
2829.02
2388.33
2189.77
2542.69
2612.89
2143.52
2025.58
2432.89
2086.18
2415.25
2135.27
2088.95
1895.25
1535.65
1669.13
1967.28
1973.44
1945.82
2092.0
2137.59
2721.78
2908.24
2969.83
2835.11
3005.01
3078.91
3229.6
3290.68
3271.99
3294.08
3266.62
3369.14
2883.21
3190.12
3079.99
2584.21
1941.41
1879.87
1688.32
1856.43
1865.11
1833.57
2007.12
1846.9
1809.54
1992.46
2722.95
3097.92
2852.93
2976.85
3245.26
3547.35
3455.24
3774.81
3426.45
3617.29
3593.41
3315.26
3597.92
3682.73
3626.88
3784.23
3830.49
4129.54
4002.88
3865.83
4215.21
4260.41
4290.59
4111.99
4341.74
4286.46
4351.63
4326.76
4366.59
4550.53
4397.08
5110.86
4715.64
4938.61
5062.44
5219.08
5298.72
5228.84
5408.52
5672.7
5930.17
6304.53
6586.01
6701.36
6543.39
6312.03
6763.38
6446.31
6607.13
6894.23
6554.04
6919.59
6861.31
6710.4
6729.53
6839.59
7197.5
7041.27
7227.45
7106.01
7227.96
7213.44
7489.2
7703.1
7331.73
7500.79
7312.85
7458.99
7641.77
7736.07
7739.86
7276.63
7404.61
7046.57
7152.88
7575.15
7136.1
7380.32
7170.7
7222.08
7137.03
7252.4
7630.71
7927.49
8035.2
8516.02
8465.77
8084.88
7773.31
7083.49
6693.83
6923.41
7268.06
7670.37
8059.65
8039.45
8001.57
7993.09
7832.22
8144.02
7906.6
7840.31
8144.16
8043.71
7830.35
7816.44
7742.53
7532.9
7198.85
7245.13
7086.86
6864.87
6890.94
7630.26
7573.26
7838.22
7866.52
7877.19
8098.16
8724.13
8069.81
8738.72
8256.28
7918.53
7773.92
7677.73
7341.65
6646.55
6181.06
5572.09
5300.24
5308.52
5457.82
5715.92
5944.87
5783.15
6470.74
6742.89
6721.08
6015.3
6526.62
5984.26
6061.8
6223.37
6742.97
6833.42
6785.94
6923.6
6964.01
7035.76
7009.56
7093.42
7060.6
6947.06
6814.76
6872.97
6661.44
6734.99
6712.21
6206.24
6430.58
6588.28
6593.8
6672.69
6514.72
6495.15
6642.27
6826.61
6529.99
6979.81
6627.43
6508.21
6407.52
6335.56
6623.01
6209.71
6369.28
6398.77
6165.35
5989.27
5799.24
5860.99
6197.84
6318.61
6749.28
6245.18
