1470.53
1967.28
1529.65
1425.16
1562.65
1406.59
1945.82
1982.93
1992.46
1964.31
1966.29
1809.54
1974.69
1833.57
1688.32
1410.33
1235.3
1125.16
1433.11
1363.32
1439.05
1321.26
1395.79
1396.1
1484.46
1535.65
1570.2
1564.47
1846.9
1593.6
1592.74
1435.88
1447.05
1253.61
1386.31
1333.71
1386.25
1169.57
1098.29
1115.78
1070.06
1024.55
997.5
1050.04
1008.64
1038.07
1050.98
1058.14
1195.37
1416.09
1500.1
1653.95
1879.87
1787.25
2086.18
2025.58
1973.44
1669.13
1448.49
1288.11
1221.11
1201.92
1080.37
1105.06
1125.06
1410.42
1321.26
1518.55
1606.04
1895.25
1941.41
2007.12
1816.47
1865.11
1487.34
1856.43
2092.0
2458.65
2088.95
2135.27
2189.77
2612.89
2852.93
2305.64
3455.24
2686.52
2969.83
3005.01
3078.91
2976.85
2388.33
2137.59
2143.52
2542.69
2835.11
3245.26
3426.45
2194.84
2908.24
2432.89
2415.25
2141.77
2310.15
2721.78
3079.99
3266.62
3369.14
2883.21
2825.89
2329.44
2795.3
2584.21
2722.95
2829.02
3547.35
3290.68
3315.26
3593.41
3682.73
3271.99
3229.6
3186.77
3097.92
3617.29
4002.88
3830.49
3784.23
3774.81
4215.21
4260.41
4351.63
4326.76
4715.64
4286.46
4938.61
4397.08
4550.53
4341.74
4111.99
4129.54
3626.88
3294.08
3190.12
3597.92
3865.83
4366.59
5219.08
5228.84
5110.86
4290.59
5062.44
5457.82
5799.24
5300.24
5298.72
5408.52
5672.7
6318.61
6514.72
6693.83
6712.21
6814.76
6742.97
6864.87
6430.58
6721.08
6763.38
6446.31
6495.15
6398.77
6206.24
6245.18
6165.35
6470.74
6672.69
6826.61
6861.31
6964.01
6661.44
6554.04
7046.57
6785.94
7060.6
7222.08
7670.37
7575.15
7641.77
7630.71
7341.65
7380.32
7773.31
7832.22
7906.6
8001.57
7830.35
8039.45
8144.02
8144.16
8465.77
8098.16
7993.09
7739.86
7927.49
7532.9
7840.31
7573.26
7227.45
7312.85
7630.26
7703.1
7877.19
7838.22
8043.71
8084.88
8724.13
8059.65
8738.72
8516.02
8256.28
8035.2
8069.81
7677.73
7268.06
7245.13
7093.42
6923.41
7086.86
7198.85
7458.99
7773.92
7816.44
7866.52
7918.53
7736.07
7489.2
7197.5
7009.56
7041.27
7083.49
6923.6
6894.23
6890.94
6529.99
6526.62
6061.8
6223.37
5783.15
5715.92
6304.53
5572.09
5930.17
5944.87
6181.06
5984.26
6312.03
6407.52
6588.28
6710.4
6734.99
6833.42
6839.59
6979.81
7035.76
7137.03
7227.96
7500.79
7404.61
7742.53
7276.63
7106.01
7136.1
7252.4
7170.7
6947.06
6872.97
7213.44
7152.88
7331.73
6919.59
6701.36
6642.27
6543.39
6729.53
6749.28
6742.89
6646.55
6627.43
6369.28
6623.01
6586.01
6593.8
6607.13
6508.21
6015.3
5989.27
6209.71
6335.56
5860.99
6197.84
5308.52
