2143.52
3229.6
2388.33
1945.82
1518.55
1487.34
1448.49
1439.05
1433.11
1593.6
1606.04
1564.47
1529.65
1816.47
1653.95
1688.32
1592.74
1470.53
1406.59
1221.11
1195.37
1321.26
1105.06
1125.16
1115.78
1395.79
1386.25
1447.05
1846.9
1992.46
1895.25
2141.77
1879.87
1333.71
1080.37
1008.64
997.5
1070.06
1288.11
1562.65
1966.29
1484.46
1435.88
1125.06
1098.29
1024.55
1050.98
1038.07
1050.04
1169.57
1410.42
1058.14
1253.61
1321.26
1201.92
1425.16
1570.2
1235.3
1363.32
1410.33
1396.1
1386.31
1535.65
1500.1
1416.09
1833.57
1865.11
1669.13
2088.95
1964.31
1982.93
2310.15
2722.95
2584.21
2415.25
2686.52
2829.02
3079.99
2976.85
2908.24
2329.44
2086.18
2432.89
1973.44
2458.65
2137.59
2542.69
2612.89
2305.64
2835.11
2825.89
2721.78
3005.01
3245.26
3271.99
3617.29
3626.88
3455.24
3547.35
3266.62
3186.77
3097.92
3078.91
3426.45
3290.68
3315.26
2852.93
2194.84
1974.69
2007.12
1941.41
1787.25
1809.54
2189.77
1856.43
2135.27
2025.58
1967.28
2092.0
2969.83
2883.21
2795.3
3369.14
3190.12
3294.08
3593.41
3597.92
3682.73
3774.81
3784.23
4215.21
4326.76
4290.59
4129.54
4351.63
4397.08
3865.83
4260.41
4002.88
3830.49
4286.46
4111.99
4341.74
4366.59
4550.53
4715.64
5110.86
4938.61
5062.44
5219.08
5228.84
5298.72
5572.09
5408.52
5783.15
5930.17
6335.56
6623.01
6919.59
6826.61
6814.76
7083.49
7060.6
6763.38
6526.62
6446.31
6398.77
6165.35
6245.18
6369.28
6701.36
7086.86
7742.53
7276.63
7380.32
7213.44
7136.1
7575.15
7532.9
7641.77
7197.5
7268.06
7331.73
7252.4
6554.04
6672.69
6661.44
6543.39
6607.13
6710.4
6923.6
6894.23
6979.81
7009.56
7170.7
7341.65
7573.26
7830.35
8035.2
8724.13
8516.02
8738.72
8256.28
8069.81
8144.16
8059.65
7918.53
7630.26
7227.96
7832.22
7838.22
7630.71
7703.1
7312.85
7489.2
7840.31
8001.57
8039.45
7866.52
7877.19
7906.6
7739.86
7458.99
7677.73
7736.07
7773.31
7670.37
7773.92
7927.49
8084.88
8043.71
8465.77
8098.16
8144.02
7993.09
7816.44
7404.61
7245.13
7227.45
7106.01
7137.03
6729.53
6318.61
5860.99
5457.82
5300.24
5944.87
5308.52
5715.92
5672.7
5799.24
6430.58
7093.42
7500.79
6872.97
6304.53
6470.74
7198.85
7222.08
6839.59
7041.27
6964.01
7152.88
7035.76
6890.94
6646.55
6642.27
6923.41
7046.57
6864.87
6742.89
6749.28
6693.83
6223.37
6721.08
6593.8
6529.99
6588.28
6586.01
6508.21
6785.94
6861.31
6712.21
6947.06
6742.97
6407.52
5989.27
5984.26
6209.71
6061.8
6833.42
6627.43
6181.06
6206.24
6312.03
6015.3
6495.15
6734.99
6514.72
6197.84
