1669.13
1879.87
1606.04
1895.25
1856.43
1570.2
1410.33
1518.55
1386.25
1333.71
1169.57
1386.31
1816.47
1535.65
1787.25
1484.46
1406.59
1253.61
1396.1
1410.42
1288.11
1195.37
1105.06
1363.32
1038.07
1321.26
1125.16
1125.06
1115.78
1395.79
1416.09
1562.65
1529.65
1564.47
1487.34
1500.1
1439.05
1235.3
1098.29
1070.06
1050.98
1058.14
1080.37
1201.92
1008.64
997.5
1024.55
1050.04
1221.11
1321.26
1425.16
1448.49
1435.88
1447.05
1809.54
2141.77
2388.33
2612.89
2194.84
3186.77
2969.83
2189.77
2976.85
2305.64
2329.44
2135.27
1945.82
1688.32
1470.53
1433.11
1592.74
1941.41
2137.59
3229.6
3290.68
3079.99
2721.78
2025.58
1982.93
1967.28
1593.6
1966.29
1973.44
1974.69
2795.3
2143.52
2852.93
3097.92
3315.26
3626.88
3593.41
3294.08
3266.62
3547.35
3455.24
3617.29
3369.14
3245.26
3271.99
2908.24
2883.21
2829.02
2415.25
2584.21
2458.65
2542.69
1964.31
1846.9
1653.95
1833.57
1865.11
2092.0
2432.89
2825.89
2722.95
3078.91
2686.52
2835.11
2310.15
2088.95
1992.46
2007.12
2086.18
3005.01
3190.12
3426.45
3597.92
3682.73
4260.41
4286.46
4351.63
4290.59
3865.83
3774.81
4002.88
4215.21
3784.23
3830.49
4111.99
4129.54
4341.74
4326.76
4366.59
4397.08
4550.53
4715.64
4938.61
5062.44
5219.08
5110.86
5228.84
5298.72
5408.52
5672.7
6015.3
6335.56
6586.01
6839.59
6742.97
6543.39
6872.97
6763.38
6508.21
6529.99
6627.43
6407.52
6430.58
6181.06
5783.15
6223.37
6318.61
6661.44
6864.87
6672.69
7009.56
6919.59
7035.76
6894.23
7041.27
7106.01
7152.88
7227.45
7331.73
7573.26
7136.1
7532.9
7703.1
7742.53
7458.99
7227.96
7641.77
7500.79
7312.85
7093.42
6979.81
7198.85
7213.44
7736.07
7739.86
7670.37
7245.13
7083.49
7086.86
7197.5
7380.32
7630.71
7222.08
7830.35
7404.61
7268.06
7341.65
7489.2
7773.31
7575.15
8144.16
8084.88
8035.2
8098.16
8043.71
8039.45
7838.22
7877.19
7276.63
8256.28
7816.44
7906.6
7866.52
7927.49
7840.31
7918.53
7773.92
7993.09
8001.57
8465.77
8724.13
8738.72
8059.65
8069.81
8516.02
8144.02
7832.22
7677.73
7630.26
6814.76
6826.61
6833.42
6646.55
5457.82
6742.89
6165.35
6642.27
6729.53
6749.28
6701.36
6607.13
6593.8
6623.01
6734.99
6495.15
6712.21
6964.01
7060.6
7252.4
6923.41
7137.03
7046.57
7170.7
6947.06
6588.28
6197.84
5308.52
5930.17
6061.8
5715.92
6312.03
6710.4
6861.31
6923.6
6890.94
6514.72
6446.31
5860.99
5984.26
6209.71
6554.04
6526.62
6206.24
5799.24
5300.24
5944.87
5989.27
6304.53
6369.28
6470.74
6245.18
6398.77
6721.08
6693.83
6785.94
5572.09
