2141.77
3097.92
2194.84
2088.95
1518.55
1500.1
1592.74
1425.16
1416.09
1395.79
1321.26
1201.92
1439.05
1570.2
1982.93
2137.59
1529.65
1470.53
1396.1
1321.26
1288.11
1386.31
1125.06
1333.71
1125.16
1195.37
1235.3
1169.57
1253.61
1221.11
1115.78
1098.29
1050.98
1038.07
997.5
1050.04
1008.64
1024.55
1058.14
1105.06
1080.37
1070.06
1386.25
1363.32
1562.65
1435.88
1809.54
1974.69
2686.52
2969.83
2883.21
2388.33
2722.95
2310.15
2825.89
2835.11
2329.44
1895.25
1606.04
1535.65
1448.49
1406.59
1410.42
1410.33
1433.11
1487.34
1564.47
1816.47
1787.25
1945.82
1653.95
1833.57
1688.32
1941.41
1865.11
1879.87
1967.28
2135.27
1973.44
1846.9
2025.58
2007.12
2721.78
2086.18
2852.93
2432.89
2542.69
2795.3
2458.65
2908.24
3078.91
3079.99
2829.02
3266.62
3369.14
3830.49
3774.81
3190.12
1669.13
1447.05
1484.46
1964.31
1856.43
1992.46
1593.6
3186.77
2189.77
2092.0
2415.25
1966.29
2305.64
2612.89
2143.52
2584.21
2976.85
3245.26
3229.6
3271.99
3426.45
3005.01
3294.08
3290.68
3315.26
3547.35
3597.92
3455.24
3626.88
3593.41
3682.73
4111.99
3865.83
3617.29
4215.21
4002.88
4129.54
4260.41
3784.23
4326.76
4366.59
4397.08
4290.59
4286.46
4341.74
4351.63
4715.64
4550.53
4938.61
5062.44
5110.86
5219.08
5298.72
5228.84
5300.24
5799.24
6206.24
6015.3
6181.06
6529.99
6554.04
6642.27
6839.59
6749.28
6693.83
6586.01
6526.62
6701.36
6430.58
5989.27
6061.8
5944.87
6165.35
6588.28
6729.53
6964.01
7198.85
7703.1
7106.01
7252.4
6721.08
6890.94
7060.6
7312.85
7736.07
7877.19
7670.37
7832.22
7773.92
7739.86
7276.63
7458.99
7630.26
7677.73
7532.9
7341.65
7630.71
8035.2
8516.02
8724.13
8256.28
8069.81
7993.09
7927.49
7906.6
7641.77
7170.7
7227.45
7404.61
7816.44
7573.26
7489.2
7742.53
7866.52
7838.22
7918.53
8043.71
8039.45
8465.77
8738.72
8098.16
8084.88
8001.57
7773.31
7227.96
7380.32
6979.81
6470.74
6495.15
6710.4
7009.56
7222.08
7331.73
7840.31
8059.65
8144.16
8144.02
7830.35
7083.49
7046.57
7575.15
7137.03
7197.5
7086.86
6947.06
6785.94
6861.31
6742.97
6872.97
6627.43
6826.61
6864.87
6923.6
7152.88
7245.13
7268.06
7500.79
7213.44
6833.42
7093.42
6919.59
6646.55
6508.21
6712.21
6894.23
5860.99
6623.01
6369.28
6312.03
5984.26
6335.56
6318.61
5672.7
5408.52
5572.09
5715.92
6223.37
6672.69
7035.76
7136.1
6661.44
6763.38
6742.89
6514.72
6593.8
6446.31
6209.71
6543.39
5308.52
5783.15
6304.53
6245.18
6734.99
7041.27
6407.52
6398.77
5930.17
6197.84
6607.13
6814.76
6923.41
5457.82
