1816.47
1964.31
1895.25
1966.29
1518.55
1447.05
1470.53
1386.25
1115.78
1070.06
1080.37
1125.06
1386.31
1564.47
1787.25
1945.82
1846.9
1833.57
1992.46
1592.74
1593.6
1433.11
1321.26
1105.06
1201.92
1416.09
1395.79
1396.1
1529.65
1606.04
1562.65
1484.46
1425.16
1439.05
1098.29
1321.26
1487.34
1448.49
1500.1
1406.59
1410.42
1253.61
1058.14
1288.11
1333.71
1038.07
1169.57
1221.11
1050.98
1195.37
1235.3
1024.55
997.5
1008.64
1050.04
1125.16
1435.88
1363.32
1410.33
1535.65
1570.2
1653.95
1669.13
1688.32
1809.54
2007.12
2025.58
2092.0
1974.69
3229.6
1982.93
2976.85
2584.21
2189.77
2135.27
2141.77
2415.25
2908.24
2829.02
2795.3
2969.83
2835.11
2137.59
2883.21
2458.65
1973.44
2086.18
2310.15
2721.78
3245.26
3426.45
3271.99
2432.89
3097.92
3774.81
3784.23
4351.63
3626.88
3290.68
3190.12
2852.93
2825.89
2388.33
3078.91
2612.89
2722.95
2143.52
2305.64
1856.43
1879.87
1967.28
1865.11
1941.41
2088.95
2194.84
2542.69
3005.01
3186.77
3079.99
2329.44
3266.62
2686.52
3455.24
3294.08
3593.41
3597.92
3830.49
4290.59
4002.88
3682.73
3617.29
3547.35
3369.14
3315.26
3865.83
4286.46
4111.99
4129.54
4326.76
4260.41
4341.74
4215.21
4366.59
4938.61
5219.08
5300.24
5457.82
5308.52
5228.84
5062.44
4550.53
4397.08
4715.64
5110.86
5298.72
5572.09
5799.24
6304.53
6430.58
6407.52
6593.8
6529.99
6318.61
6446.31
6197.84
6646.55
6712.21
6495.15
6514.72
6672.69
6763.38
7035.76
6919.59
6979.81
7083.49
7170.7
7213.44
7380.32
7331.73
7532.9
7312.85
7573.26
7245.13
7341.65
7227.45
7268.06
7136.1
7093.42
6872.97
7041.27
7009.56
7106.01
7227.96
7252.4
7276.63
7404.61
7739.86
8043.71
8084.88
8465.77
8516.02
8256.28
8738.72
8724.13
8144.02
8098.16
7877.19
7866.52
7773.92
7630.71
7489.2
7703.1
7830.35
7993.09
8039.45
8035.2
8144.16
8069.81
8001.57
7742.53
7736.07
7816.44
7840.31
7927.49
8059.65
7832.22
7677.73
7918.53
7838.22
7906.6
7773.31
7670.37
7630.26
7641.77
7500.79
7575.15
7458.99
7222.08
7197.5
7198.85
7137.03
6742.89
6749.28
6312.03
6181.06
5944.87
6061.8
5672.7
5408.52
5715.92
5860.99
6165.35
5989.27
5984.26
6015.3
6223.37
6543.39
6701.36
6923.6
6861.31
7152.88
7086.86
6964.01
6839.59
6693.83
6742.97
6890.94
6894.23
6864.87
6923.41
6623.01
6642.27
6729.53
6588.28
7046.57
6947.06
6508.21
6721.08
6734.99
6833.42
6814.76
7060.6
6826.61
6785.94
6710.4
6586.01
6209.71
6470.74
6335.56
6206.24
6627.43
6661.44
6398.77
6369.28
5930.17
5783.15
6526.62
6554.04
6607.13
6245.18
