2388.33
2542.69
2088.95
1865.11
1386.25
1321.26
1447.05
1669.13
1562.65
1470.53
1433.11
1195.37
1253.61
1410.33
1386.31
1410.42
1593.6
1895.25
1833.57
1535.65
1363.32
1125.06
1396.1
1809.54
1570.2
1592.74
1787.25
1606.04
1529.65
1500.1
1439.05
1484.46
1564.47
1487.34
1416.09
1221.11
1321.26
1125.16
1169.57
1201.92
1333.71
1070.06
1395.79
1425.16
1518.55
1235.3
1115.78
1058.14
1038.07
1080.37
1105.06
1008.64
1024.55
997.5
1050.04
1098.29
1406.59
1050.98
1435.88
1288.11
1688.32
1846.9
1941.41
1966.29
1992.46
1973.44
2025.58
1974.69
1945.82
2135.27
2137.59
2310.15
2584.21
2852.93
2721.78
2458.65
2829.02
2969.83
2825.89
2722.95
2612.89
2686.52
2432.89
2883.21
3079.99
2908.24
3097.92
3005.01
3186.77
3290.68
3271.99
3245.26
3294.08
3626.88
3597.92
3682.73
3830.49
4286.46
4215.21
3229.6
3426.45
2976.85
2415.25
2795.3
2189.77
2305.64
1967.28
1856.43
1964.31
1448.49
1653.95
1879.87
1816.47
1982.93
2092.0
2086.18
2007.12
2143.52
2141.77
2194.84
2835.11
2329.44
3078.91
3190.12
3315.26
3455.24
3266.62
3593.41
3547.35
3617.29
4111.99
3784.23
3774.81
3369.14
3865.83
4002.88
4129.54
4260.41
4290.59
4351.63
4715.64
4326.76
4397.08
4341.74
4550.53
4366.59
4938.61
5062.44
5110.86
5219.08
5228.84
5300.24
5298.72
5308.52
5930.17
6165.35
6623.01
6661.44
6864.87
6785.94
6833.42
6742.97
6514.72
6398.77
6335.56
6206.24
6495.15
6015.3
6061.8
6508.21
6543.39
6554.04
6710.4
6734.99
6872.97
6979.81
7083.49
7106.01
7252.4
7268.06
7312.85
7227.96
7093.42
7331.73
7041.27
7009.56
6964.01
6839.59
6919.59
6894.23
7035.76
7227.45
7152.88
7630.26
7670.37
8001.57
7877.19
8039.45
8043.71
8144.16
7906.6
7739.86
7866.52
7341.65
7380.32
7838.22
7773.31
7816.44
7773.92
7832.22
7918.53
8059.65
7840.31
7677.73
7641.77
7630.71
7927.49
8465.77
8144.02
8035.2
8738.72
7532.9
7742.53
7575.15
7404.61
7458.99
7276.63
7573.26
7245.13
8256.28
7830.35
7993.09
8098.16
8724.13
8069.81
8084.88
8516.02
7703.1
7736.07
7500.79
7136.1
6861.31
6607.13
5715.92
5799.24
5783.15
6245.18
6369.28
6446.31
6586.01
6701.36
6742.89
6826.61
6642.27
6627.43
6223.37
6646.55
6312.03
6814.76
6923.6
7086.86
7222.08
7197.5
7137.03
7170.7
7198.85
7489.2
7060.6
6890.94
6749.28
6470.74
6407.52
6430.58
6712.21
6923.41
7213.44
7046.57
6729.53
6526.62
6197.84
6947.06
6529.99
5572.09
5672.7
5457.82
5408.52
6304.53
5944.87
5989.27
5860.99
6181.06
6693.83
6593.8
6318.61
5984.26
6209.71
6588.28
6672.69
6763.38
6721.08
