1974.69
1809.54
1945.82
1941.41
1529.65
1125.16
1396.1
1169.57
1008.64
1363.32
1321.26
1410.42
1439.05
1535.65
1416.09
1395.79
1235.3
1253.61
1125.06
1050.98
1070.06
1024.55
1038.07
1080.37
1487.34
1653.95
1865.11
1856.43
1669.13
1787.25
1470.53
1386.25
1058.14
1105.06
1098.29
1115.78
1288.11
1050.04
1201.92
1321.26
1447.05
1333.71
1221.11
1195.37
1406.59
997.5
1386.31
1500.1
2025.58
1973.44
1833.57
1688.32
1966.29
1518.55
1879.87
3079.99
2329.44
2415.25
1846.9
1425.16
1593.6
1606.04
1562.65
1484.46
1592.74
1448.49
1433.11
1435.88
1410.33
1564.47
1570.2
2310.15
1964.31
2686.52
2305.64
2542.69
2825.89
2976.85
2883.21
3005.01
2088.95
2722.95
1982.93
2721.78
2852.93
3229.6
3290.68
3426.45
3266.62
3190.12
3245.26
3593.41
3774.81
3784.23
3830.49
3626.88
3597.92
2835.11
2432.89
2143.52
2092.0
2086.18
2194.84
2829.02
2189.77
2908.24
2137.59
2141.77
2007.12
1895.25
1967.28
1816.47
2135.27
1992.46
2388.33
2584.21
2458.65
2795.3
3097.92
3294.08
2969.83
3369.14
3315.26
3271.99
3682.73
2612.89
3078.91
3186.77
3455.24
3547.35
4111.99
4002.88
4129.54
4215.21
4326.76
4341.74
4351.63
4366.59
4290.59
4286.46
3865.83
3617.29
4260.41
4397.08
4550.53
4938.61
5219.08
5062.44
4715.64
5110.86
5298.72
5715.92
5799.24
6318.61
6304.53
6814.76
6623.01
6833.42
6919.59
6864.87
7041.27
6894.23
6785.94
6701.36
6710.4
6642.27
6586.01
5408.52
5228.84
5572.09
5944.87
6495.15
6627.43
6890.94
6923.6
7083.49
7086.86
7197.5
7106.01
7198.85
7222.08
7458.99
7575.15
7838.22
7703.1
8035.2
7252.4
7918.53
7268.06
7736.07
7832.22
7927.49
7830.35
7866.52
8001.57
7489.2
8039.45
7906.6
7742.53
7341.65
7500.79
6947.06
7170.7
7035.76
7046.57
7093.42
7136.1
7152.88
7137.03
7312.85
7630.71
8059.65
8465.77
8144.02
8098.16
8084.88
8516.02
8738.72
8724.13
8144.16
8069.81
8043.71
7773.92
7773.31
7993.09
7331.73
7641.77
7404.61
8256.28
7677.73
7816.44
7380.32
7276.63
7670.37
7739.86
7840.31
7877.19
7245.13
7213.44
7630.26
7573.26
7532.9
7227.45
6979.81
6923.41
6763.38
6646.55
6398.77
6554.04
6742.89
7060.6
7227.96
7009.56
6588.28
6165.35
6526.62
5300.24
6514.72
6223.37
6430.58
6593.8
6693.83
6729.53
6749.28
6721.08
6742.97
6826.61
6335.56
6312.03
6543.39
6369.28
6508.21
6672.69
6197.84
6470.74
6529.99
6245.18
6209.71
5457.82
6015.3
5308.52
5930.17
5672.7
6061.8
5783.15
6181.06
5860.99
6206.24
6446.31
5989.27
6407.52
6861.31
6734.99
6712.21
6661.44
6607.13
6872.97
6839.59
6964.01
5984.26
