1974.69
2795.3
2310.15
2194.84
2092.0
1895.25
1669.13
1833.57
1435.88
1363.32
1333.71
1201.92
1396.1
1562.65
1846.9
1941.41
1809.54
1865.11
1518.55
1410.33
1416.09
1288.11
1115.78
1221.11
1098.29
1169.57
1321.26
1125.06
1321.26
1433.11
1386.31
1395.79
1253.61
1125.16
1058.14
1195.37
1105.06
1080.37
1070.06
1050.04
1024.55
997.5
1008.64
1038.07
1050.98
1235.3
1386.25
1410.42
1406.59
1487.34
1966.29
1653.95
1992.46
1982.93
2135.27
2086.18
2088.95
1570.2
1564.47
1500.1
1529.65
1606.04
1593.6
1535.65
1439.05
1447.05
1425.16
1448.49
1484.46
1470.53
1592.74
1688.32
1973.44
1945.82
1967.28
1964.31
2305.64
2835.11
2825.89
3078.91
3190.12
3005.01
3245.26
3617.29
3547.35
2976.85
3266.62
3229.6
3369.14
3455.24
3593.41
3186.77
3097.92
3290.68
3294.08
3315.26
3682.73
2969.83
2908.24
2612.89
2329.44
2584.21
2388.33
2542.69
2189.77
2137.59
1879.87
1816.47
1787.25
1856.43
2007.12
2141.77
2025.58
2686.52
2143.52
2722.95
2829.02
2852.93
2883.21
2458.65
2721.78
2432.89
2415.25
3079.99
3271.99
3426.45
3626.88
4215.21
4351.63
4397.08
4341.74
4286.46
4260.41
3830.49
4290.59
4326.76
3774.81
4002.88
3784.23
3865.83
4111.99
3597.92
4129.54
4366.59
4550.53
4715.64
5228.84
5062.44
5219.08
5110.86
4938.61
5298.72
5300.24
5408.52
5860.99
6061.8
6318.61
6470.74
6495.15
6529.99
6742.97
6710.4
6701.36
6642.27
6015.3
5672.7
5799.24
5308.52
5930.17
6646.55
6947.06
6864.87
6223.37
6209.71
6923.6
6964.01
7227.45
7993.09
8069.81
8084.88
7838.22
8098.16
8144.02
8059.65
7927.49
7773.31
7641.77
7137.03
7152.88
6979.81
7041.27
7060.6
7083.49
7046.57
7009.56
7136.1
7170.7
7331.73
7227.96
7458.99
7252.4
7276.63
7268.06
7106.01
7198.85
7500.79
7312.85
7739.86
7773.92
7677.73
7380.32
7670.37
7575.15
7816.44
7840.31
8043.71
8738.72
8144.16
7918.53
8724.13
8465.77
7736.07
7630.71
7703.1
7630.26
7573.26
7341.65
8516.02
7830.35
8256.28
7877.19
7906.6
8035.2
8001.57
7832.22
8039.45
7742.53
7404.61
7866.52
7532.9
7489.2
7213.44
6894.23
6312.03
6304.53
6526.62
6588.28
6607.13
6712.21
6729.53
6890.94
7197.5
7222.08
6923.41
7245.13
7093.42
7086.86
7035.76
6919.59
6814.76
6749.28
6627.43
6586.01
6245.18
6335.56
6398.77
6430.58
6407.52
6623.01
6661.44
6672.69
6721.08
6734.99
6206.24
6181.06
6785.94
6554.04
6826.61
6833.42
6514.72
6543.39
6446.31
6593.8
6861.31
6763.38
6742.89
6693.83
6197.84
5783.15
5457.82
5572.09
5715.92
5944.87
5989.27
5984.26
6165.35
6508.21
6872.97
6839.59
6369.28
