1982.93
2415.25
1992.46
1865.11
1448.49
1333.71
1564.47
1809.54
1487.34
1518.55
1253.61
1235.3
1529.65
2722.95
2908.24
1973.44
1500.1
1562.65
1410.42
1386.31
1410.33
1395.79
1435.88
1535.65
1856.43
1570.2
2141.77
1967.28
1941.41
1669.13
1484.46
1221.11
1201.92
1125.06
1125.16
1169.57
1115.78
1024.55
1008.64
997.5
1070.06
1080.37
1050.98
1038.07
1050.04
1058.14
1098.29
1105.06
1195.37
1321.26
1396.1
1288.11
1416.09
1470.53
1688.32
1879.87
1653.95
1433.11
1406.59
1363.32
1425.16
1321.26
1447.05
1386.25
1439.05
1787.25
1593.6
1966.29
1945.82
2086.18
2025.58
2825.89
2969.83
2835.11
3271.99
3190.12
3097.92
3290.68
2310.15
2721.78
3547.35
4002.88
3597.92
3617.29
2458.65
3455.24
2829.02
3078.91
2976.85
3266.62
2542.69
2194.84
2432.89
2686.52
2883.21
2388.33
2795.3
1833.57
2137.59
1964.31
1895.25
2305.64
2143.52
2189.77
2092.0
1974.69
1816.47
1606.04
1592.74
2088.95
1846.9
2135.27
2329.44
2612.89
2007.12
3005.01
2584.21
2852.93
3079.99
3186.77
3245.26
3294.08
3229.6
3593.41
3315.26
3369.14
3830.49
3784.23
4290.59
3774.81
4129.54
3865.83
4111.99
4351.63
4397.08
4550.53
4366.59
4341.74
4326.76
4286.46
4260.41
3426.45
3682.73
3626.88
4215.21
4715.64
4938.61
5300.24
5298.72
5308.52
5228.84
5219.08
5110.86
5062.44
6061.8
5860.99
6407.52
6964.01
6526.62
6672.69
6833.42
6627.43
6661.44
6543.39
6554.04
6826.61
6947.06
6623.01
7041.27
6593.8
7035.76
7009.56
7093.42
7137.03
7404.61
7227.45
7670.37
7739.86
7832.22
7906.6
7830.35
8084.88
7773.31
7816.44
7312.85
7341.65
7641.77
7866.52
7245.13
7573.26
7677.73
7630.26
7736.07
7575.15
7500.79
7380.32
7252.4
7458.99
7742.53
7331.73
7532.9
7630.71
7222.08
7198.85
7086.86
7060.6
6763.38
7046.57
7106.01
7136.1
7170.7
7227.96
7276.63
8001.57
8256.28
8465.77
8724.13
8738.72
8516.02
8144.16
8144.02
8039.45
7838.22
7840.31
7877.19
7773.92
7927.49
8098.16
8059.65
7918.53
7268.06
7489.2
8043.71
8035.2
8069.81
7993.09
7703.1
7213.44
7197.5
7152.88
6839.59
6693.83
6923.6
6181.06
6588.28
6712.21
6749.28
6785.94
6872.97
6734.99
6701.36
6642.27
6446.31
6529.99
6710.4
6729.53
6890.94
6508.21
6398.77
6197.84
6206.24
6335.56
6369.28
6312.03
6318.61
6646.55
6919.59
6864.87
6979.81
6923.41
6721.08
6814.76
6894.23
6607.13
6495.15
6304.53
5989.27
6015.3
5408.52
5783.15
5799.24
5715.92
5944.87
6430.58
5984.26
6165.35
5672.7
5572.09
5457.82
5930.17
6209.71
6245.18
6514.72
6470.74
6586.01
6861.31
7083.49
6742.97
6742.89
6223.37
