1964.31
1787.25
1425.16
1941.41
1201.92
1447.05
1484.46
1416.09
1439.05
1321.26
1395.79
1396.1
1529.65
1487.34
1592.74
1435.88
1448.49
1570.2
1688.32
1879.87
1856.43
1669.13
1500.1
1333.71
1221.11
1235.3
1253.61
1386.31
1410.33
1410.42
1470.53
1288.11
1321.26
1125.16
1024.55
1050.98
1080.37
1050.04
1058.14
1125.06
1169.57
1105.06
1115.78
1038.07
1098.29
997.5
1008.64
1070.06
1195.37
1363.32
1535.65
1406.59
1433.11
1386.25
1562.65
2007.12
2305.64
1653.95
1895.25
1833.57
1809.54
1593.6
1606.04
1518.55
1564.47
1816.47
1945.82
1846.9
1967.28
2388.33
1966.29
2141.77
2969.83
2976.85
2415.25
2686.52
2088.95
2584.21
2194.84
1865.11
2825.89
1974.69
2025.58
2329.44
2143.52
2458.65
2542.69
2908.24
3294.08
3597.92
3784.23
3626.88
3547.35
3617.29
3426.45
3097.92
3593.41
3271.99
3186.77
3245.26
2852.93
2612.89
2795.3
2722.95
2432.89
2829.02
2310.15
2092.0
2137.59
1992.46
1973.44
2086.18
2721.78
2835.11
2135.27
1982.93
2189.77
2883.21
3078.91
3190.12
3079.99
3229.6
3266.62
3315.26
3290.68
3005.01
3455.24
3369.14
3682.73
3774.81
4002.88
4366.59
4341.74
3865.83
4351.63
4286.46
4111.99
3830.49
4129.54
4215.21
4326.76
4260.41
4290.59
4397.08
4715.64
4550.53
5110.86
4938.61
5062.44
5219.08
5298.72
5228.84
5408.52
5457.82
5715.92
5860.99
5944.87
5989.27
6470.74
6701.36
6919.59
6245.18
6543.39
6672.69
6514.72
6710.4
6508.21
6335.56
6526.62
6223.37
6623.01
6721.08
6814.76
6826.61
6890.94
7041.27
7046.57
7086.86
7136.1
7532.9
7489.2
7677.73
7083.49
6923.41
6979.81
6923.6
7106.01
7197.5
7060.6
7170.7
7380.32
7641.77
7736.07
7331.73
7630.26
7404.61
7670.37
7838.22
7573.26
7877.19
7832.22
7773.31
7500.79
7245.13
7341.65
7198.85
7276.63
7213.44
7222.08
7252.4
7268.06
7630.71
7458.99
7739.86
7830.35
7227.45
8043.71
7918.53
8084.88
8465.77
7927.49
8069.81
8001.57
8724.13
8516.02
8059.65
7773.92
7866.52
8039.45
7993.09
8144.02
8256.28
8738.72
8144.16
8035.2
7840.31
7703.1
7575.15
7816.44
7906.6
8098.16
7742.53
7312.85
6861.31
6495.15
5799.24
5672.7
5300.24
5308.52
5572.09
6430.58
6661.44
6742.89
6554.04
6312.03
5984.26
6181.06
6165.35
6586.01
6627.43
6864.87
6964.01
6749.28
6369.28
6763.38
6646.55
6839.59
6894.23
6833.42
7093.42
6872.97
7035.76
7137.03
6729.53
6693.83
7009.56
6947.06
6734.99
6588.28
6529.99
6712.21
6642.27
6407.52
6607.13
6593.8
6304.53
6061.8
6015.3
6206.24
6209.71
6742.97
7227.96
7152.88
6785.94
6197.84
5783.15
6446.31
6398.77
6318.61
5930.17
