2189.77
2432.89
1816.47
1487.34
1809.54
1439.05
1410.33
1386.25
1688.32
1606.04
1396.1
1448.49
1570.2
1500.1
1593.6
1966.29
1964.31
1982.93
2388.33
2194.84
2025.58
1518.55
1435.88
1564.47
1447.05
1895.25
1833.57
1974.69
1653.95
1592.74
1529.65
1410.42
1386.31
1253.61
1169.57
1195.37
1201.92
1024.55
1125.16
1058.14
1070.06
1038.07
1098.29
1221.11
1321.26
1235.3
1288.11
1125.06
1050.98
1080.37
1050.04
1008.64
1105.06
997.5
1115.78
1321.26
1395.79
1363.32
1333.71
1406.59
1470.53
1879.87
2137.59
2141.77
2007.12
2086.18
1967.28
1562.65
1425.16
1416.09
1535.65
2088.95
2329.44
2721.78
2908.24
2852.93
3186.77
3290.68
3294.08
3078.91
2722.95
2883.21
3097.92
3271.99
3784.23
3426.45
3593.41
3245.26
3547.35
3682.73
3315.26
2976.85
2969.83
3617.29
3190.12
3626.88
4129.54
4002.88
3774.81
3597.92
3369.14
3005.01
2686.52
2829.02
2795.3
2612.89
2310.15
1865.11
1484.46
1433.11
1787.25
1669.13
1945.82
1973.44
1992.46
2143.52
1846.9
2092.0
2305.64
2458.65
2135.27
1856.43
1941.41
2584.21
2825.89
2542.69
2415.25
2835.11
3079.99
3229.6
3830.49
3266.62
3455.24
3865.83
4111.99
4215.21
4260.41
4326.76
4351.63
4286.46
4397.08
4341.74
4715.64
4290.59
4366.59
4938.61
4550.53
5062.44
5219.08
5110.86
5228.84
5298.72
5408.52
5300.24
6209.71
6646.55
6785.94
6947.06
7046.57
7170.7
7227.45
7227.96
6979.81
7458.99
7197.5
6742.97
7252.4
6712.21
6721.08
6710.4
6833.42
6826.61
6672.69
6593.8
6814.76
6923.6
7041.27
7086.86
7268.06
7630.26
7703.1
7380.32
7276.63
7106.01
7060.6
7035.76
6964.01
6890.94
6894.23
6864.87
6919.59
7136.1
7009.56
7489.2
7331.73
7630.71
7641.77
7832.22
7532.9
8043.71
7816.44
7198.85
7918.53
7093.42
7245.13
7222.08
7341.65
7736.07
7773.31
7500.79
7670.37
7830.35
7573.26
7312.85
7404.61
7739.86
8035.2
8084.88
8256.28
8098.16
8059.65
7993.09
8001.57
8144.02
7906.6
7677.73
7840.31
7866.52
7575.15
7927.49
7838.22
7773.92
8039.45
8516.02
8738.72
8465.77
8724.13
8144.16
8069.81
7742.53
7877.19
7152.88
6763.38
5799.24
6312.03
6642.27
6742.89
6470.74
6734.99
6588.28
6508.21
6623.01
6661.44
6554.04
6627.43
6446.31
6526.62
6514.72
6529.99
6607.13
6749.28
6872.97
6861.31
6923.41
7213.44
7083.49
7137.03
6839.59
6701.36
6543.39
6335.56
5984.26
5944.87
5572.09
6181.06
6318.61
6061.8
6245.18
6407.52
5783.15
5930.17
6369.28
6430.58
6197.84
6015.3
6304.53
6586.01
6165.35
6495.15
5715.92
5989.27
6223.37
5457.82
5860.99
5308.52
5672.7
6206.24
6693.83
6729.53
6398.77
