2135.27
2137.59
1992.46
1846.9
1570.2
1125.16
1201.92
1288.11
1235.3
1433.11
1416.09
1448.49
1410.42
1435.88
1500.1
1564.47
1386.25
1535.65
1562.65
1470.53
1487.34
1439.05
1253.61
1333.71
1195.37
1221.11
1425.16
1395.79
1529.65
1606.04
1363.32
1321.26
1105.06
1098.29
1386.31
1447.05
1125.06
1050.04
1050.98
997.5
1115.78
1058.14
1038.07
1024.55
1008.64
1070.06
1080.37
1169.57
1406.59
1816.47
1966.29
2025.58
1967.28
1809.54
1865.11
1982.93
1945.82
1787.25
1592.74
1410.33
1321.26
1396.1
1833.57
1669.13
1593.6
1484.46
1518.55
1653.95
1688.32
1964.31
1941.41
1895.25
2007.12
2432.89
2329.44
2388.33
2092.0
2542.69
1974.69
2143.52
2086.18
1973.44
1879.87
1856.43
2088.95
2415.25
2852.93
3005.01
3455.24
3597.92
4260.41
3830.49
3315.26
3682.73
3294.08
3266.62
3784.23
3774.81
3547.35
3190.12
2976.85
2969.83
3078.91
3079.99
2908.24
2612.89
2305.64
2189.77
2194.84
2721.78
2722.95
2795.3
2141.77
2825.89
2458.65
2835.11
2310.15
2584.21
2686.52
2829.02
3271.99
3290.68
2883.21
3617.29
3369.14
3229.6
4002.88
3593.41
4129.54
4215.21
4351.63
4550.53
4397.08
4290.59
4341.74
4286.46
4326.76
4111.99
3626.88
3245.26
3097.92
3186.77
3426.45
3865.83
4366.59
4938.61
4715.64
5062.44
5110.86
5298.72
5300.24
5408.52
5308.52
5228.84
5715.92
5783.15
5572.09
5799.24
5672.7
5457.82
6206.24
5989.27
5930.17
5860.99
6407.52
6197.84
6508.21
6015.3
6181.06
6061.8
6430.58
6729.53
6712.21
6749.28
6661.44
6890.94
7060.6
7227.96
7312.85
7341.65
7227.45
7380.32
7252.4
7245.13
7170.7
7197.5
7152.88
7489.2
7630.71
7739.86
7838.22
7677.73
7500.79
7532.9
7222.08
7703.1
7573.26
7877.19
8144.02
8256.28
8724.13
8516.02
8738.72
8144.16
8069.81
8059.65
7832.22
7840.31
8084.88
8098.16
8039.45
8465.77
7906.6
8001.57
7736.07
7630.26
7641.77
8043.71
7993.09
7742.53
7670.37
7575.15
7404.61
7331.73
7276.63
7137.03
7198.85
7268.06
7458.99
7927.49
7773.92
7866.52
7918.53
8035.2
7830.35
7773.31
7816.44
7136.1
7213.44
7086.86
7083.49
6964.01
6693.83
6318.61
6304.53
6398.77
6586.01
6495.15
6446.31
6627.43
6646.55
7009.56
6833.42
6369.28
6593.8
5944.87
6209.71
6554.04
6529.99
6514.72
6742.97
6923.41
7041.27
6335.56
6947.06
6919.59
6923.6
6861.31
6979.81
6872.97
6826.61
6588.28
6470.74
6223.37
6312.03
6672.69
6734.99
7046.57
6710.4
6642.27
6623.01
6607.13
6526.62
6721.08
6839.59
6165.35
5219.08
5984.26
6742.89
6763.38
6894.23
6864.87
6814.76
6543.39
6245.18
6785.94
7035.76
7106.01
7093.42
6701.36
