2329.44
2829.02
2432.89
2088.95
1816.47
1592.74
1470.53
1410.42
1253.61
1570.2
1448.49
1500.1
1562.65
1410.33
1235.3
1105.06
1098.29
1058.14
1050.98
1008.64
1050.04
1024.55
997.5
1169.57
1221.11
1386.31
1395.79
1535.65
1433.11
1669.13
1518.55
1435.88
1416.09
1321.26
1195.37
1406.59
1321.26
1125.06
1080.37
1070.06
1201.92
1115.78
1363.32
1288.11
1038.07
1125.16
1386.25
1333.71
1396.1
1484.46
1966.29
2143.52
2310.15
1973.44
2086.18
2092.0
2189.77
1992.46
1879.87
1967.28
2137.59
1809.54
1945.82
1653.95
1447.05
1787.25
1564.47
1439.05
1487.34
1529.65
1425.16
1593.6
1606.04
1846.9
1982.93
1895.25
1941.41
2025.58
1974.69
2194.84
2135.27
2388.33
2141.77
2458.65
2686.52
2415.25
3294.08
3078.91
3186.77
3271.99
3455.24
2976.85
3266.62
3229.6
2795.3
2007.12
1964.31
1833.57
1688.32
1856.43
1865.11
2305.64
2542.69
3097.92
2908.24
3005.01
2825.89
2835.11
2969.83
2852.93
2883.21
3245.26
2722.95
3079.99
2584.21
2721.78
2612.89
3190.12
3290.68
3315.26
3426.45
3547.35
3593.41
3597.92
3617.29
3369.14
3626.88
3682.73
3784.23
4129.54
3865.83
4715.64
4550.53
4351.63
4326.76
5062.44
4002.88
4938.61
4286.46
3830.49
4111.99
3774.81
4215.21
4397.08
4260.41
4290.59
4366.59
4341.74
5110.86
5219.08
5298.72
5300.24
5228.84
5308.52
5457.82
5408.52
6223.37
5572.09
6526.62
6430.58
6742.97
6721.08
6701.36
6514.72
6245.18
6304.53
6335.56
6015.3
6398.77
6061.8
6554.04
6814.76
6923.6
6872.97
6890.94
6826.61
6919.59
7170.7
7458.99
7773.92
7830.35
7816.44
7838.22
8738.72
8035.2
8144.16
8059.65
8144.02
8084.88
8256.28
8465.77
8043.71
7906.6
7677.73
7532.9
7500.79
7630.71
7742.53
7736.07
7739.86
7227.96
7489.2
6861.31
6729.53
6627.43
6642.27
6734.99
7341.65
7137.03
7832.22
7641.77
7773.31
7866.52
8001.57
7918.53
7840.31
8039.45
8098.16
8516.02
8724.13
7927.49
7245.13
7106.01
7993.09
8069.81
7670.37
7268.06
7060.6
7573.26
7213.44
7877.19
7575.15
7083.49
7198.85
7136.1
7035.76
6947.06
7086.86
7380.32
7703.1
7404.61
7046.57
7009.56
6209.71
6312.03
6197.84
6495.15
5715.92
6470.74
6369.28
6712.21
6979.81
7331.73
7630.26
7312.85
6923.41
6318.61
6181.06
6593.8
6839.59
7227.45
7276.63
6964.01
6588.28
6693.83
7197.5
7222.08
6864.87
6894.23
7152.88
7252.4
7041.27
7093.42
6672.69
6710.4
6763.38
6661.44
6607.13
5860.99
5783.15
5799.24
5989.27
6206.24
6446.31
6407.52
6586.01
6543.39
6749.28
6833.42
6742.89
6646.55
6165.35
5930.17
5672.7
5944.87
6508.21
6785.94
6623.01
6529.99
5984.26
