2086.18
2432.89
1973.44
1964.31
1500.1
1653.95
1992.46
1529.65
1410.33
1518.55
1484.46
1435.88
1809.54
1606.04
1895.25
1856.43
1439.05
1945.82
1447.05
1321.26
1410.42
1416.09
1321.26
1593.6
1535.65
1487.34
1816.47
1974.69
1967.28
1865.11
1470.53
1333.71
1235.3
1080.37
1115.78
1070.06
997.5
1024.55
1098.29
1125.06
1105.06
1038.07
1058.14
1008.64
1050.04
1050.98
1125.16
1169.57
1288.11
1433.11
1592.74
1669.13
1879.87
1363.32
1846.9
1564.47
1787.25
1425.16
1253.61
1221.11
1201.92
1195.37
1386.25
1406.59
1570.2
1688.32
1562.65
1448.49
1396.1
1386.31
1395.79
1966.29
2025.58
2007.12
2542.69
2310.15
2194.84
2141.77
2137.59
1941.41
1982.93
2092.0
1833.57
2135.27
2458.65
2584.21
2852.93
2969.83
2835.11
2908.24
3078.91
3271.99
3426.45
3455.24
3315.26
3245.26
3266.62
3190.12
3005.01
2686.52
2305.64
2329.44
2415.25
2143.52
2388.33
2722.95
2088.95
2189.77
2795.3
2721.78
2612.89
2825.89
2829.02
2883.21
3079.99
3186.77
3229.6
3294.08
3547.35
3617.29
2976.85
4002.88
3597.92
4111.99
4286.46
4260.41
4215.21
4129.54
4290.59
4366.59
4351.63
4397.08
4341.74
3626.88
3774.81
4326.76
3830.49
3865.83
3784.23
3682.73
3369.14
3097.92
3290.68
3593.41
4938.61
5228.84
5062.44
4550.53
4715.64
5110.86
5298.72
5408.52
5219.08
5308.52
5300.24
5457.82
5572.09
5715.92
5799.24
5930.17
6304.53
6543.39
6642.27
6508.21
6197.84
6586.01
6623.01
6318.61
6470.74
5860.99
5944.87
6165.35
6495.15
6661.44
6947.06
7268.06
7816.44
7736.07
7677.73
7252.4
7152.88
7197.5
7866.52
8059.65
7877.19
7993.09
7703.1
7906.6
8035.2
8084.88
8098.16
8039.45
7670.37
7222.08
6923.41
6890.94
7093.42
7573.26
7500.79
7832.22
7060.6
7312.85
7458.99
7341.65
7532.9
7630.26
7739.86
7840.31
7838.22
7927.49
8001.57
8069.81
8144.16
8465.77
8516.02
8724.13
8738.72
8256.28
8144.02
8043.71
7918.53
7773.31
7227.45
7773.92
7213.44
7170.7
7009.56
7245.13
7046.57
7331.73
7489.2
7641.77
7276.63
7742.53
7630.71
7830.35
7575.15
7136.1
6872.97
6833.42
7227.96
7106.01
7404.61
6593.8
5672.7
5783.15
5984.26
6529.99
6672.69
6245.18
6223.37
6526.62
6514.72
6430.58
6446.31
6061.8
6312.03
6729.53
6693.83
6588.28
6923.6
6763.38
6814.76
6734.99
6785.94
7035.76
6894.23
6979.81
6964.01
7041.27
6712.21
6607.13
6710.4
6554.04
6826.61
7137.03
7380.32
7198.85
7086.86
6861.31
6864.87
6742.89
6646.55
6721.08
6627.43
6206.24
5989.27
6398.77
6369.28
6015.3
6335.56
6209.71
6407.52
6701.36
6742.97
6919.59
7083.49
6839.59
6749.28
6181.06
