1447.05
1895.25
2025.58
2092.0
1833.57
1570.2
1500.1
1439.05
1433.11
1606.04
1484.46
1564.47
1592.74
1535.65
1593.6
1809.54
1973.44
2305.64
1982.93
1363.32
1288.11
1470.53
1487.34
1410.42
1195.37
1058.14
1125.16
1038.07
1105.06
997.5
1321.26
1235.3
1070.06
1253.61
1221.11
1333.71
1125.06
1201.92
1098.29
1386.31
1080.37
1008.64
1024.55
1169.57
1386.25
1050.98
1395.79
1050.04
1396.1
1406.59
1653.95
1518.55
1816.47
1529.65
2086.18
1992.46
1941.41
1416.09
1115.78
1321.26
1435.88
1410.33
1669.13
1787.25
1425.16
1846.9
1562.65
1865.11
1879.87
1964.31
1974.69
2137.59
2088.95
2415.25
2310.15
2329.44
2686.52
2908.24
2721.78
2584.21
2458.65
2852.93
2795.3
2976.85
3229.6
3190.12
3245.26
3315.26
3455.24
3593.41
3626.88
3597.92
3617.29
3774.81
3369.14
3266.62
3547.35
3271.99
3294.08
3186.77
2883.21
3078.91
2825.89
3005.01
2194.84
2542.69
2141.77
2388.33
1966.29
2969.83
2007.12
1856.43
1448.49
1688.32
2135.27
2143.52
1945.82
1967.28
2189.77
2432.89
2612.89
2722.95
2829.02
2835.11
3079.99
3097.92
3290.68
3426.45
3682.73
4111.99
4286.46
4215.21
4129.54
4260.41
3830.49
4366.59
4290.59
4341.74
3784.23
4326.76
3865.83
4002.88
4351.63
4397.08
4550.53
4715.64
5062.44
4938.61
5110.86
5219.08
5298.72
5228.84
5300.24
5308.52
5989.27
6672.69
7213.44
7641.77
7773.31
7573.26
7500.79
7136.1
7341.65
7630.71
7222.08
7489.2
7816.44
7093.42
6833.42
6588.28
6593.8
6526.62
6742.97
6894.23
6763.38
7009.56
7276.63
7086.86
7106.01
6872.97
6607.13
6710.4
6661.44
6864.87
6919.59
6979.81
6721.08
7380.32
7083.49
7670.37
8035.2
7197.5
7739.86
6947.06
6923.41
7137.03
7046.57
7312.85
7268.06
7227.96
7198.85
6964.01
6785.94
6627.43
6430.58
6543.39
6701.36
6729.53
6734.99
6749.28
6623.01
7060.6
7170.7
7404.61
7830.35
7927.49
8144.16
8738.72
8724.13
8516.02
8144.02
8069.81
7840.31
7918.53
7838.22
7532.9
7575.15
7677.73
7742.53
7877.19
7906.6
7866.52
8001.57
8039.45
8084.88
8465.77
8256.28
8098.16
8043.71
8059.65
7993.09
7832.22
7703.1
7035.76
6923.6
7041.27
7227.45
6712.21
6861.31
6646.55
6814.76
7458.99
7331.73
7630.26
7773.92
7736.07
7252.4
7245.13
7152.88
6470.74
6826.61
6586.01
6508.21
6514.72
6742.89
6890.94
6839.59
6529.99
6693.83
6446.31
6223.37
6318.61
6495.15
6015.3
6398.77
6407.52
6245.18
5984.26
5457.82
5572.09
5930.17
6304.53
6335.56
6369.28
6165.35
6181.06
5715.92
6312.03
5944.87
5799.24
6206.24
6197.84
5672.7
5783.15
6061.8
5860.99
6642.27
6554.04
6209.71
5408.52
