1562.65
1974.69
1669.13
1816.47
1529.65
1439.05
1447.05
1386.31
1410.42
1484.46
1606.04
1809.54
2092.0
2721.78
1833.57
1593.6
1592.74
1856.43
1487.34
1410.33
1396.1
1105.06
1195.37
1416.09
1098.29
1321.26
1125.16
1050.98
1221.11
1363.32
1050.04
1395.79
1406.59
1201.92
1038.07
1058.14
997.5
1008.64
1024.55
1070.06
1253.61
1125.06
1115.78
1169.57
1288.11
1425.16
1333.71
1433.11
1386.25
1448.49
1564.47
1653.95
1865.11
1879.87
2141.77
2189.77
2135.27
1787.25
1535.65
1500.1
1518.55
1570.2
1945.82
1964.31
1966.29
1688.32
1435.88
1321.26
1080.37
1235.3
1470.53
1895.25
1846.9
3290.68
3245.26
1973.44
3593.41
1941.41
2458.65
2825.89
2415.25
2088.95
1992.46
2143.52
2852.93
2329.44
2194.84
1967.28
2007.12
2310.15
2686.52
2584.21
3426.45
2908.24
2722.95
2969.83
2829.02
2086.18
3229.6
2835.11
2137.59
2025.58
3097.92
3294.08
3455.24
3315.26
3005.01
3547.35
3369.14
3266.62
3271.99
2388.33
2305.64
2432.89
2795.3
3190.12
1982.93
2542.69
2612.89
3186.77
3079.99
2883.21
3078.91
3617.29
2976.85
3597.92
3626.88
3682.73
3774.81
3784.23
3830.49
3865.83
4002.88
4129.54
4260.41
4366.59
4286.46
4341.74
4351.63
4326.76
4215.21
4111.99
4290.59
4397.08
4550.53
4938.61
5110.86
5062.44
4715.64
5860.99
5457.82
5300.24
5989.27
5799.24
5672.7
5930.17
5944.87
6223.37
6543.39
6672.69
6923.41
7046.57
6864.87
6661.44
6061.8
6318.61
6206.24
5408.52
5308.52
5219.08
6015.3
5984.26
6398.77
6710.4
6763.38
6742.97
7060.6
6894.23
7276.63
7670.37
7906.6
7773.31
7877.19
8001.57
7840.31
7739.86
7773.92
7532.9
7458.99
7630.71
7866.52
7404.61
7170.7
6979.81
7136.1
7832.22
8516.02
8724.13
8256.28
8039.45
7927.49
8144.02
8098.16
8084.88
8059.65
7816.44
8035.2
7641.77
7677.73
7380.32
7312.85
7918.53
8144.16
8465.77
8738.72
8043.71
8069.81
7993.09
7830.35
7573.26
7152.88
7009.56
6701.36
7222.08
7198.85
7742.53
7041.27
7086.86
6923.6
7197.5
6890.94
7331.73
7575.15
7630.26
7500.79
7838.22
7341.65
7703.1
7489.2
7268.06
7252.4
7245.13
7106.01
6729.53
6646.55
6588.28
6446.31
6508.21
6369.28
6312.03
6529.99
6839.59
6785.94
6919.59
6964.01
6749.28
6826.61
7035.76
7227.45
7213.44
7137.03
6872.97
6693.83
6304.53
6721.08
7227.96
7736.07
7093.42
6181.06
5572.09
5298.72
6209.71
6470.74
5715.92
6335.56
6430.58
6607.13
6586.01
6407.52
6526.62
6642.27
6814.76
7083.49
6861.31
6833.42
6712.21
6554.04
6514.72
6623.01
5783.15
6165.35
6197.84
6245.18
6495.15
6734.99
6947.06
6742.89
6593.8
6627.43
5228.84
