1945.82
2007.12
1967.28
1974.69
1816.47
1833.57
1856.43
1570.2
1787.25
1688.32
1606.04
1592.74
1846.9
1966.29
1973.44
1895.25
1500.1
1564.47
1169.57
1395.79
1435.88
1484.46
1425.16
1470.53
1593.6
1562.65
1669.13
1529.65
1535.65
1518.55
1410.33
1253.61
1235.3
1406.59
1321.26
1410.42
1333.71
1024.55
1038.07
1201.92
1125.06
1433.11
1050.04
997.5
1008.64
1070.06
1321.26
1115.78
1195.37
1396.1
1363.32
1105.06
1058.14
1098.29
1288.11
1221.11
1416.09
1080.37
1125.16
1050.98
1448.49
1386.25
1447.05
1439.05
1386.31
1809.54
1487.34
1653.95
1941.41
2025.58
2086.18
2305.64
2829.02
3097.92
3079.99
3078.91
3005.01
2883.21
2584.21
2310.15
2976.85
2458.65
2852.93
3245.26
3315.26
3186.77
3426.45
3294.08
3190.12
3271.99
3455.24
3547.35
4002.88
3830.49
4286.46
3784.23
3774.81
3290.68
3229.6
2835.11
2092.0
2137.59
2329.44
2189.77
2432.89
2194.84
1982.93
1964.31
1879.87
1865.11
1992.46
2088.95
2141.77
2795.3
2415.25
2969.83
2825.89
2722.95
2542.69
2388.33
2135.27
2686.52
2143.52
2721.78
2908.24
2612.89
3617.29
3266.62
3597.92
3865.83
4129.54
4260.41
4215.21
3593.41
3369.14
3626.88
3682.73
4290.59
4111.99
4341.74
4351.63
4326.76
4366.59
4397.08
4550.53
4715.64
5062.44
4938.61
5219.08
5110.86
5228.84
5298.72
5300.24
5408.52
5860.99
6223.37
6495.15
6710.4
6749.28
6814.76
6872.97
6593.8
7083.49
6672.69
6526.62
6642.27
6588.28
6407.52
5989.27
6206.24
6543.39
6470.74
6839.59
6894.23
7041.27
6947.06
7136.1
7198.85
6890.94
6763.38
6833.42
6919.59
7276.63
7830.35
7742.53
7245.13
7227.96
7170.7
7404.61
7575.15
7489.2
7137.03
7213.44
7035.76
7009.56
7152.88
7458.99
7500.79
7838.22
7832.22
7630.26
7670.37
7093.42
7086.86
7197.5
6964.01
7252.4
7341.65
7573.26
7268.06
7532.9
7773.92
7877.19
7927.49
7840.31
8144.02
8144.16
8516.02
8465.77
8043.71
8084.88
8098.16
8039.45
8256.28
7906.6
7773.31
7227.45
7736.07
7918.53
8738.72
8724.13
8035.2
8001.57
8059.65
8069.81
7993.09
7866.52
7641.77
7046.57
6923.6
6861.31
6742.89
6712.21
6398.77
6165.35
6245.18
5715.92
5457.82
5572.09
5308.52
5672.7
6181.06
6430.58
6318.61
6864.87
6661.44
6923.41
7222.08
7703.1
7312.85
7630.71
7739.86
7677.73
7331.73
7816.44
7106.01
7380.32
7060.6
6979.81
6785.94
6721.08
6623.01
6446.31
6312.03
6627.43
6826.61
6742.97
6646.55
6693.83
6529.99
6554.04
6508.21
6729.53
6607.13
6369.28
5944.87
5783.15
5799.24
6304.53
5984.26
6335.56
6061.8
6015.3
6209.71
6197.84
6514.72
6586.01
6701.36
6734.99
5930.17
