2415.25
2329.44
2612.89
2007.12
3547.35
2143.52
1500.1
1433.11
1564.47
1484.46
1439.05
1688.32
1992.46
2092.0
1592.74
1253.61
1195.37
1435.88
1816.47
1606.04
1416.09
1410.42
1447.05
1846.9
1941.41
2305.64
2088.95
1406.59
1235.3
1593.6
1321.26
1396.1
1321.26
1425.16
1333.71
1535.65
1363.32
1288.11
1024.55
1050.04
1008.64
1050.98
1058.14
1070.06
997.5
1038.07
1080.37
1115.78
1098.29
1125.16
1169.57
1105.06
1201.92
1125.06
1221.11
1386.25
1386.31
1395.79
1570.2
1529.65
1448.49
1518.55
1966.29
1973.44
1945.82
2542.69
1982.93
1879.87
1653.95
1833.57
1809.54
1562.65
1669.13
1856.43
2189.77
2310.15
3078.91
2976.85
2908.24
2829.02
2969.83
2686.52
3097.92
3266.62
3455.24
3229.6
3682.73
3426.45
3315.26
3290.68
3245.26
3190.12
3597.92
3626.88
3369.14
3593.41
3271.99
3005.01
3079.99
3294.08
2835.11
2722.95
2388.33
2825.89
2795.3
2458.65
2584.21
2025.58
1967.28
1895.25
2137.59
2141.77
1487.34
1470.53
1410.33
1787.25
1865.11
2086.18
1974.69
1964.31
2135.27
2194.84
2432.89
2721.78
2852.93
2883.21
3186.77
3617.29
3774.81
3784.23
3865.83
4286.46
4215.21
4002.88
4326.76
4550.53
4111.99
4351.63
4715.64
5062.44
4938.61
4397.08
4260.41
4366.59
4290.59
5298.72
5228.84
4129.54
3830.49
4341.74
5110.86
5219.08
5308.52
5300.24
5408.52
6197.84
6514.72
6607.13
6864.87
6890.94
7041.27
7276.63
7197.5
6923.6
6734.99
6529.99
6206.24
5715.92
6061.8
6015.3
6245.18
6729.53
6785.94
6964.01
7312.85
7840.31
7458.99
7630.26
7489.2
7341.65
7198.85
7046.57
7083.49
7093.42
7170.7
7227.96
7060.6
6814.76
6661.44
6586.01
6646.55
6627.43
6826.61
6979.81
6947.06
7136.1
7252.4
7739.86
7773.92
7670.37
7500.79
7380.32
7331.73
7213.44
7227.45
7575.15
7630.71
7906.6
8059.65
8043.71
7993.09
7838.22
7816.44
8035.2
8144.16
8465.77
8724.13
8738.72
8516.02
8256.28
7773.31
7832.22
7137.03
7222.08
7573.26
7736.07
7532.9
7830.35
7927.49
7918.53
7268.06
8001.57
7703.1
7677.73
7641.77
8144.02
8084.88
8098.16
8069.81
7866.52
7404.61
6919.59
6672.69
6526.62
5989.27
5860.99
5672.7
5799.24
5457.82
5930.17
6223.37
6623.01
6554.04
6588.28
6701.36
6693.83
6742.89
6749.28
6763.38
6861.31
7152.88
7106.01
7086.86
7035.76
7009.56
7245.13
7877.19
8039.45
7742.53
6833.42
6721.08
6742.97
6712.21
6543.39
6642.27
6872.97
6839.59
6923.41
6894.23
6710.4
6593.8
6398.77
6335.56
6318.61
6495.15
6312.03
6470.74
6181.06
6508.21
5944.87
6430.58
6304.53
6446.31
6407.52
5984.26
6165.35
6369.28
6209.71
5572.09
5783.15
