1570.2
2194.84
1973.44
1593.6
1169.57
1024.55
1606.04
1500.1
1833.57
1895.25
1879.87
1592.74
2092.0
2007.12
1967.28
1974.69
1787.25
1688.32
1435.88
1448.49
1433.11
1529.65
1416.09
1410.42
1321.26
1386.25
1410.33
1195.37
1425.16
1653.95
1669.13
1562.65
1470.53
1201.92
1105.06
1098.29
1050.98
1008.64
1038.07
1058.14
1115.78
1080.37
1395.79
1235.3
1363.32
1070.06
1050.04
997.5
1125.16
1518.55
1945.82
1816.47
1856.43
1535.65
1439.05
1487.34
1484.46
1396.1
1125.06
1333.71
1253.61
1321.26
1406.59
1288.11
1221.11
1386.31
1447.05
1564.47
1846.9
2086.18
2135.27
2141.77
2305.64
2143.52
2088.95
1964.31
2025.58
1992.46
1982.93
1941.41
1865.11
1809.54
1966.29
2137.59
2310.15
2189.77
2458.65
2415.25
2722.95
2969.83
2835.11
3229.6
3426.45
3455.24
3315.26
3186.77
3266.62
3294.08
3617.29
4129.54
3597.92
3271.99
2908.24
3097.92
2432.89
2976.85
2795.3
2612.89
2686.52
2825.89
2829.02
2852.93
2883.21
2721.78
2542.69
2584.21
2329.44
2388.33
3005.01
3078.91
3079.99
3626.88
3190.12
3369.14
3290.68
3245.26
3547.35
4341.74
3830.49
5062.44
5110.86
4715.64
4397.08
4326.76
4002.88
4215.21
4111.99
3774.81
3682.73
3784.23
3865.83
3593.41
4286.46
4290.59
4260.41
4351.63
4550.53
4366.59
5298.72
5408.52
5300.24
5219.08
4938.61
5228.84
5308.52
5457.82
5783.15
5799.24
6209.71
6304.53
6514.72
6015.3
6526.62
6206.24
6165.35
6588.28
6672.69
6446.31
6734.99
6826.61
6763.38
6785.94
6839.59
6742.97
6919.59
7093.42
7106.01
7458.99
7404.61
7252.4
7268.06
7380.32
7137.03
7086.86
6947.06
7009.56
7198.85
7222.08
7136.1
7041.27
7227.96
7046.57
7060.6
7152.88
6964.01
7197.5
7670.37
8256.28
8144.02
8738.72
8724.13
8144.16
7840.31
7703.1
7312.85
7341.65
7489.2
7630.26
7736.07
7742.53
7773.92
7838.22
8001.57
7906.6
7832.22
8039.45
8069.81
8516.02
8465.77
8098.16
7773.31
7993.09
7245.13
7877.19
7918.53
7677.73
7573.26
7830.35
7927.49
8059.65
8084.88
8043.71
8035.2
7866.52
7816.44
7630.71
7213.44
6923.6
6894.23
6729.53
6749.28
6623.01
6398.77
6061.8
6181.06
6312.03
6223.37
5984.26
5572.09
5672.7
6495.15
6721.08
6470.74
6586.01
6543.39
6369.28
6593.8
6693.83
6710.4
6872.97
6923.41
7035.76
7575.15
7227.45
7276.63
7739.86
7532.9
7641.77
7500.79
7331.73
7170.7
7083.49
6979.81
6864.87
6890.94
6861.31
6712.21
6814.76
6742.89
6627.43
6661.44
6554.04
6318.61
6335.56
6245.18
6197.84
5715.92
6430.58
5944.87
5930.17
5989.27
6646.55
6607.13
6833.42
6701.36
6642.27
6508.21
6407.52
6529.99
5860.99
