1564.47
1846.9
1688.32
1967.28
1484.46
1500.1
1570.2
1945.82
1593.6
1487.34
1416.09
1386.25
1447.05
1410.42
1895.25
1809.54
1410.33
1856.43
1439.05
1396.1
1433.11
1529.65
1535.65
1518.55
1321.26
1080.37
1253.61
1470.53
1606.04
1321.26
1105.06
1169.57
1195.37
1125.16
1235.3
1221.11
1115.78
1070.06
1050.98
1098.29
1050.04
1038.07
1024.55
1008.64
1058.14
997.5
1201.92
1125.06
1288.11
1395.79
1562.65
1435.88
1386.31
1406.59
1653.95
1816.47
1865.11
1333.71
1425.16
1363.32
1787.25
1669.13
1941.41
1592.74
1879.87
1973.44
1833.57
1964.31
2088.95
2086.18
2135.27
2388.33
2542.69
2829.02
2584.21
2432.89
2721.78
2795.3
2612.89
3005.01
2458.65
3079.99
2908.24
2835.11
3271.99
3455.24
3294.08
3547.35
3229.6
3186.77
3190.12
2415.25
3078.91
2852.93
2825.89
2686.52
2310.15
2137.59
2007.12
1974.69
1982.93
2143.52
2189.77
2883.21
2329.44
2141.77
2305.64
2025.58
1992.46
2722.95
1448.49
2194.84
1966.29
2092.0
2969.83
2976.85
3097.92
3245.26
3266.62
3290.68
3369.14
3426.45
3597.92
3626.88
3617.29
3593.41
3784.23
3315.26
4002.88
4286.46
4260.41
4111.99
3830.49
3774.81
3682.73
4129.54
4326.76
3865.83
4215.21
4397.08
4351.63
4290.59
4341.74
4550.53
4366.59
4715.64
4938.61
5062.44
5219.08
5110.86
5300.24
5228.84
5298.72
5308.52
5408.52
5860.99
6015.3
6369.28
6514.72
6833.42
7035.76
6742.89
6206.24
5572.09
5457.82
5783.15
6495.15
6872.97
6785.94
6729.53
6508.21
6607.13
6839.59
7046.57
7086.86
7198.85
7093.42
7170.7
7083.49
7404.61
7245.13
7500.79
7773.92
8035.2
7136.1
7227.45
7197.5
7630.71
7630.26
7866.52
8084.88
7677.73
7532.9
7489.2
7703.1
7670.37
7918.53
7641.77
7573.26
7877.19
7222.08
7268.06
7106.01
7137.03
7041.27
7152.88
7227.96
7213.44
7380.32
7276.63
7341.65
7993.09
8069.81
8144.02
8256.28
8724.13
8465.77
8738.72
8516.02
8098.16
8144.16
8059.65
7906.6
8043.71
7840.31
7742.53
7838.22
7830.35
7736.07
8001.57
7575.15
7458.99
7331.73
7312.85
7252.4
8039.45
7832.22
7927.49
7816.44
7773.31
7739.86
7060.6
7009.56
6335.56
6245.18
6181.06
5944.87
5989.27
6061.8
6165.35
6312.03
6586.01
6672.69
6826.61
6894.23
6701.36
6919.59
6947.06
6979.81
6763.38
6529.99
6430.58
6304.53
5984.26
6446.31
6623.01
6742.97
6814.76
6964.01
6642.27
6923.6
6864.87
6712.21
6526.62
6407.52
6588.28
6318.61
5930.17
5715.92
5799.24
6223.37
6554.04
6209.71
6398.77
6543.39
6593.8
6646.55
6749.28
6923.41
6710.4
6734.99
6693.83
6721.08
6627.43
6661.44
6861.31
6890.94
6470.74
6197.84
5672.7
