1879.87
2143.52
1787.25
1500.1
1321.26
1288.11
1425.16
1570.2
1592.74
1564.47
1529.65
1487.34
1593.6
1856.43
1982.93
1973.44
1669.13
1448.49
1435.88
1470.53
1410.33
1386.31
1235.3
1169.57
1195.37
1396.1
1447.05
1333.71
1395.79
1562.65
1321.26
1406.59
1098.29
1058.14
1080.37
1221.11
1201.92
1125.06
1363.32
1410.42
1416.09
1253.61
1105.06
1050.98
1038.07
1050.04
1008.64
997.5
1024.55
1070.06
1115.78
1125.16
1386.25
1433.11
1535.65
1816.47
1945.82
1606.04
1653.95
1809.54
1966.29
1688.32
1967.28
1964.31
1865.11
2194.84
2092.0
1846.9
1518.55
1439.05
1484.46
1974.69
2883.21
2007.12
1833.57
1941.41
2025.58
2086.18
2088.95
2458.65
1895.25
2189.77
2305.64
1992.46
2722.95
2721.78
2908.24
2825.89
2612.89
2976.85
3078.91
3186.77
3315.26
3597.92
3547.35
3455.24
3617.29
3593.41
3290.68
3266.62
3190.12
3097.92
2542.69
3005.01
2835.11
2852.93
2795.3
2829.02
2432.89
2135.27
2137.59
2388.33
2329.44
2584.21
2141.77
2686.52
2415.25
2310.15
2969.83
3079.99
3229.6
3245.26
3271.99
3369.14
3294.08
3426.45
3626.88
3682.73
3774.81
4215.21
4341.74
4290.59
4351.63
3830.49
3865.83
4129.54
4111.99
4286.46
4326.76
3784.23
4260.41
4002.88
4366.59
4397.08
4550.53
5110.86
5228.84
5062.44
5308.52
4715.64
5219.08
5457.82
5300.24
4938.61
5298.72
5408.52
5930.17
6508.21
6672.69
6894.23
6826.61
6693.83
6588.28
6526.62
5989.27
6206.24
6430.58
6446.31
6245.18
6593.8
6833.42
6701.36
6785.94
6729.53
6710.4
6742.89
6872.97
7170.7
7816.44
7489.2
6623.01
7227.45
7252.4
7742.53
7227.96
7136.1
7035.76
7152.88
7083.49
7500.79
7137.03
6864.87
6712.21
6890.94
6923.6
7341.65
7575.15
8069.81
8084.88
8465.77
8144.16
8059.65
7993.09
8001.57
7906.6
7866.52
7830.35
7773.92
7773.31
7641.77
7268.06
7213.44
7197.5
7198.85
7458.99
7670.37
7927.49
8035.2
7918.53
7832.22
7838.22
7086.86
7404.61
7677.73
7703.1
7573.26
7736.07
8039.45
7877.19
8256.28
8144.02
8516.02
8738.72
8724.13
8098.16
8043.71
7840.31
7630.71
7630.26
7380.32
7331.73
7093.42
6839.59
6529.99
6312.03
6181.06
6061.8
5715.92
5984.26
5672.7
5783.15
5799.24
5572.09
5860.99
6165.35
5944.87
6514.72
6749.28
6661.44
7046.57
7532.9
7245.13
7312.85
7739.86
7222.08
7276.63
7009.56
7060.6
6861.31
6646.55
6627.43
6335.56
6470.74
6554.04
6721.08
7106.01
6964.01
6979.81
7041.27
6923.41
6919.59
6947.06
6734.99
6814.76
6763.38
6742.97
6642.27
6586.01
6607.13
6398.77
6495.15
6369.28
6223.37
6015.3
6304.53
6197.84
6407.52
6543.39
6318.61
6209.71
