1562.65
2189.77
1787.25
1833.57
1518.55
1169.57
1195.37
1321.26
1125.06
1038.07
1070.06
1396.1
1669.13
1974.69
1653.95
1500.1
1386.31
1410.33
1406.59
1439.05
1484.46
1688.32
1945.82
1879.87
1967.28
2086.18
1973.44
1895.25
1535.65
1470.53
1321.26
1487.34
1125.16
1201.92
1115.78
1288.11
1098.29
997.5
1050.98
1024.55
1105.06
1221.11
1386.25
1410.42
1253.61
1235.3
1395.79
1008.64
1050.04
1333.71
1416.09
1080.37
1363.32
1058.14
1435.88
1592.74
1447.05
1433.11
1606.04
1570.2
2141.77
2092.0
2088.95
1564.47
1593.6
1964.31
1816.47
1809.54
1425.16
1448.49
1529.65
1846.9
1856.43
1982.93
2007.12
2388.33
2542.69
3079.99
2825.89
2584.21
2795.3
2721.78
2458.65
2329.44
2686.52
2137.59
3271.99
3290.68
3626.88
3593.41
3097.92
2883.21
2025.58
2415.25
2194.84
2305.64
2969.83
3245.26
3186.77
2908.24
2135.27
2432.89
2722.95
3547.35
3005.01
3294.08
2310.15
2829.02
3078.91
1992.46
1941.41
2143.52
2835.11
2852.93
1865.11
1966.29
2612.89
2976.85
3597.92
3369.14
3426.45
3315.26
3229.6
3266.62
3455.24
3190.12
3617.29
3682.73
4002.88
3830.49
3784.23
3865.83
4111.99
3774.81
4129.54
4260.41
4215.21
4290.59
4326.76
4341.74
4397.08
4286.46
4366.59
4351.63
4550.53
4715.64
4938.61
5228.84
5308.52
5298.72
5300.24
5062.44
5110.86
5219.08
5457.82
5944.87
6508.21
6593.8
6734.99
6814.76
6919.59
6894.23
6839.59
7009.56
6947.06
6826.61
6721.08
6407.52
6181.06
6061.8
5984.26
6206.24
6312.03
6514.72
6661.44
6672.69
6470.74
7136.1
7170.7
7532.9
7341.65
7866.52
7906.6
8516.02
8043.71
8144.02
8084.88
7877.19
7380.32
7086.86
7106.01
7060.6
7083.49
7312.85
7630.26
7742.53
7927.49
7838.22
7840.31
8069.81
7773.92
7703.1
7575.15
7573.26
7739.86
7918.53
7677.73
7641.77
7500.79
7198.85
7252.4
7630.71
7227.45
7670.37
8039.45
8098.16
8738.72
8724.13
8144.16
8059.65
7832.22
7458.99
7736.07
7830.35
7993.09
8001.57
8465.77
8256.28
8035.2
7816.44
7268.06
7213.44
7152.88
7331.73
7222.08
7404.61
7245.13
7489.2
7773.31
7276.63
7093.42
6979.81
6642.27
6197.84
6529.99
6209.71
6245.18
6165.35
5860.99
5715.92
5408.52
5672.7
5930.17
5989.27
6223.37
6398.77
6495.15
6526.62
6693.83
6701.36
6864.87
7046.57
7041.27
7227.96
7137.03
7197.5
6833.42
6749.28
7035.76
6710.4
6763.38
6785.94
6712.21
6335.56
6588.28
6586.01
6446.31
6607.13
6554.04
6742.97
6872.97
6923.41
6742.89
6890.94
6861.31
6964.01
6627.43
5783.15
5572.09
6015.3
6430.58
6623.01
6543.39
6318.61
6369.28
6729.53
6923.6
6646.55
6304.53
5799.24
