1288.11
1856.43
1529.65
1425.16
1321.26
1564.47
1669.13
1846.9
1653.95
1562.65
1535.65
1396.1
1895.25
1966.29
2086.18
2542.69
2415.25
2092.0
1435.88
1115.78
1253.61
1125.16
1080.37
1070.06
1050.04
1125.06
1395.79
1416.09
1447.05
1433.11
1386.25
1105.06
1201.92
1008.64
1321.26
1221.11
1024.55
997.5
1038.07
1235.3
1169.57
1058.14
1098.29
1195.37
1406.59
1386.31
1809.54
1050.98
1410.42
1333.71
1439.05
1363.32
1410.33
1448.49
1500.1
1570.2
1974.69
1487.34
1470.53
1484.46
1688.32
2305.64
2584.21
2458.65
2388.33
2141.77
1964.31
1606.04
2189.77
2137.59
2310.15
2795.3
2835.11
3266.62
2883.21
2908.24
2721.78
2686.52
2143.52
1992.46
1941.41
1592.74
1879.87
1967.28
2135.27
2194.84
2612.89
2969.83
2825.89
3315.26
3290.68
3294.08
3455.24
3597.92
3774.81
3626.88
3784.23
3617.29
3426.45
3229.6
2829.02
2976.85
3190.12
3005.01
3186.77
3271.99
3079.99
2852.93
2329.44
2025.58
1982.93
1593.6
1865.11
2007.12
1973.44
1787.25
1833.57
1518.55
1816.47
1945.82
2088.95
2722.95
2432.89
3078.91
3097.92
3245.26
3547.35
3369.14
3593.41
3682.73
3830.49
3865.83
4002.88
4111.99
4215.21
4260.41
4341.74
4326.76
4366.59
4351.63
4290.59
4129.54
4286.46
4397.08
5110.86
4938.61
5219.08
4550.53
5062.44
4715.64
5298.72
5300.24
5308.52
5228.84
5715.92
6181.06
5408.52
6398.77
6495.15
6430.58
6586.01
6335.56
6588.28
6642.27
6627.43
6785.94
7009.56
6742.89
6826.61
6923.6
7060.6
6872.97
7198.85
7086.86
7197.5
7137.03
7312.85
7641.77
7404.61
7489.2
7500.79
7573.26
7670.37
7575.15
7458.99
7035.76
7227.96
7106.01
6839.59
7152.88
7041.27
7136.1
7093.42
7222.08
7245.13
7677.73
8144.16
8098.16
7993.09
8059.65
7736.07
7832.22
7742.53
7380.32
7252.4
7341.65
7213.44
7170.7
7331.73
7083.49
7630.71
7703.1
7816.44
7866.52
8043.71
7532.9
7918.53
7906.6
7927.49
7773.31
7773.92
7276.63
7227.45
7840.31
7830.35
8039.45
8001.57
8144.02
8465.77
8724.13
8738.72
8035.2
8516.02
8256.28
8069.81
8084.88
7877.19
7838.22
7739.86
7268.06
7630.26
7046.57
6890.94
6470.74
6318.61
6304.53
6369.28
5672.7
5860.99
5572.09
5930.17
5984.26
5944.87
5989.27
6197.84
6206.24
6508.21
6693.83
6721.08
6742.97
6712.21
6701.36
6710.4
6514.72
6979.81
6833.42
6861.31
6763.38
6864.87
6919.59
6814.76
6964.01
6729.53
6529.99
6749.28
6923.41
6947.06
6894.23
6407.52
5457.82
5783.15
6223.37
6661.44
6646.55
6245.18
6061.8
6015.3
6165.35
6312.03
6209.71
6446.31
6607.13
6543.39
6672.69
6526.62
6623.01
6734.99
6593.8
6554.04
5799.24
