2194.84
3271.99
1945.82
1606.04
1115.78
1221.11
1253.61
1529.65
1570.2
1562.65
1816.47
1435.88
1653.95
1484.46
1125.06
1201.92
1416.09
1865.11
1439.05
1169.57
1058.14
1080.37
1447.05
1321.26
1410.33
1833.57
1448.49
1410.42
1846.9
1433.11
1500.1
1386.25
1386.31
1288.11
1105.06
1125.16
1070.06
1008.64
1024.55
1050.04
1050.98
997.5
1038.07
1098.29
1195.37
1363.32
1564.47
1518.55
1321.26
1787.25
1879.87
1425.16
1688.32
1333.71
1535.65
1593.6
1809.54
1669.13
1592.74
1470.53
1395.79
1235.3
1406.59
1396.1
1487.34
1856.43
1966.29
1992.46
1973.44
2135.27
1895.25
1941.41
1974.69
2415.25
2143.52
3245.26
3079.99
3097.92
2852.93
2883.21
2969.83
2795.3
2686.52
2908.24
3229.6
3294.08
3290.68
3369.14
3593.41
3617.29
3597.92
3455.24
3547.35
3078.91
3190.12
2432.89
2721.78
3005.01
2137.59
2189.77
2086.18
1982.93
1967.28
2007.12
2088.95
2025.58
1964.31
2542.69
2092.0
2305.64
2612.89
2584.21
2458.65
2976.85
2722.95
2329.44
2310.15
2141.77
2388.33
2829.02
2825.89
2835.11
3266.62
3186.77
3315.26
3426.45
3682.73
3774.81
4129.54
4260.41
4290.59
4341.74
4351.63
3784.23
4111.99
4002.88
3626.88
3830.49
3865.83
4215.21
4286.46
4326.76
4397.08
4366.59
4715.64
4550.53
4938.61
5062.44
5219.08
5110.86
5298.72
5457.82
5228.84
5715.92
5860.99
6061.8
6369.28
6430.58
6742.89
6710.4
6742.97
7137.03
7009.56
7677.73
7458.99
7575.15
7832.22
7170.7
6785.94
7500.79
7489.2
7198.85
7739.86
7380.32
7703.1
7736.07
6749.28
7816.44
7093.42
7083.49
6923.41
6919.59
7046.57
7245.13
6964.01
7268.06
6923.6
6729.53
6721.08
6833.42
6839.59
7041.27
7106.01
7197.5
7532.9
7252.4
7630.26
7641.77
6947.06
7213.44
6588.28
6554.04
6197.84
5799.24
5930.17
6209.71
6642.27
7222.08
7670.37
7060.6
7573.26
7152.88
6826.61
6894.23
7035.76
7331.73
7838.22
7866.52
7993.09
8144.16
8465.77
8069.81
8039.45
8724.13
8084.88
8035.2
8043.71
8098.16
8516.02
8738.72
8256.28
8144.02
8059.65
7906.6
7840.31
7927.49
8001.57
7877.19
7918.53
7630.71
7341.65
7276.63
6763.38
6701.36
6607.13
6627.43
6712.21
6693.83
6872.97
6861.31
7404.61
7773.92
7830.35
7773.31
7312.85
6734.99
6586.01
6335.56
6646.55
6864.87
7742.53
6623.01
6543.39
6508.21
6672.69
7136.1
7227.45
7227.96
6979.81
7086.86
6814.76
6890.94
6661.44
6529.99
6514.72
6526.62
6318.61
6312.03
6165.35
5944.87
5989.27
6206.24
5783.15
5572.09
5308.52
5300.24
5408.52
5672.7
6015.3
6181.06
6223.37
6495.15
6398.77
6245.18
6304.53
6470.74
5984.26
6407.52
6593.8
6446.31
