2092.0
3078.91
1865.11
1653.95
1386.25
1125.16
1570.2
1529.65
1500.1
1435.88
1448.49
1235.3
1416.09
1321.26
1410.33
1395.79
1396.1
1425.16
1470.53
1115.78
1433.11
1406.59
1195.37
1169.57
1125.06
1321.26
1484.46
1564.47
1816.47
1833.57
1945.82
1606.04
1518.55
1592.74
1221.11
1447.05
1535.65
1363.32
1201.92
1050.98
1008.64
997.5
1024.55
1050.04
1253.61
1070.06
1038.07
1333.71
1105.06
1386.31
1288.11
1098.29
1080.37
1058.14
1410.42
1439.05
1487.34
1688.32
1966.29
1846.9
1562.65
1809.54
2189.77
2908.24
2542.69
2194.84
1967.28
1895.25
1856.43
2135.27
1787.25
1982.93
1964.31
2305.64
2852.93
3186.77
3315.26
3682.73
3266.62
3190.12
3079.99
2721.78
2584.21
2829.02
3229.6
3290.68
3593.41
3369.14
3294.08
3597.92
3426.45
3097.92
2969.83
3005.01
3245.26
3547.35
3774.81
3271.99
2835.11
2795.3
2432.89
2612.89
2825.89
2976.85
2143.52
2722.95
1973.44
1669.13
1992.46
1593.6
1879.87
2415.25
2086.18
1941.41
2007.12
2388.33
2088.95
1974.69
2310.15
2025.58
2141.77
2137.59
2458.65
2329.44
2686.52
2883.21
3455.24
3617.29
3626.88
3830.49
4260.41
3784.23
4715.64
4286.46
4215.21
4351.63
4341.74
4290.59
4397.08
4129.54
4002.88
3865.83
4111.99
4366.59
4326.76
4550.53
4938.61
5062.44
5110.86
5219.08
5228.84
5298.72
5300.24
5408.52
5989.27
6304.53
6529.99
6206.24
6814.76
7041.27
6979.81
6734.99
6742.97
6826.61
6470.74
6964.01
6742.89
6607.13
6672.69
6763.38
6749.28
6785.94
6712.21
6839.59
7136.1
7009.56
7060.6
7532.9
7245.13
7489.2
7341.65
7197.5
7222.08
7268.06
6833.42
6923.6
6894.23
6919.59
6947.06
7227.45
7380.32
7276.63
7227.96
7312.85
7198.85
7739.86
7703.1
7630.26
7573.26
7736.07
7458.99
7404.61
7137.03
7093.42
7083.49
7170.7
7500.79
7866.52
8001.57
8144.16
8465.77
8516.02
8256.28
7906.6
7830.35
8069.81
8724.13
8738.72
8144.02
7840.31
7742.53
7773.92
7773.31
7816.44
7677.73
7641.77
7670.37
7832.22
7838.22
7993.09
7918.53
8039.45
8059.65
8098.16
8035.2
8084.88
8043.71
7927.49
7877.19
7575.15
7630.71
6864.87
6627.43
6209.71
6526.62
6223.37
6061.8
5457.82
5572.09
5308.52
6514.72
6586.01
6646.55
6701.36
6661.44
6588.28
6398.77
6446.31
6543.39
6508.21
6642.27
6710.4
6890.94
6923.41
7035.76
7331.73
7152.88
7252.4
7213.44
7106.01
7046.57
7086.86
6721.08
6729.53
6693.83
6593.8
6318.61
6197.84
5930.17
6430.58
6335.56
5944.87
5672.7
6312.03
5715.92
6245.18
5984.26
6015.3
6181.06
5860.99
6369.28
6554.04
6165.35
5783.15
5799.24
6407.52
6623.01
6872.97
6861.31
6495.15
