1895.25
2086.18
1564.47
1941.41
1964.31
1809.54
1593.6
1833.57
1606.04
1529.65
1562.65
1448.49
1688.32
1879.87
1865.11
1945.82
1846.9
1816.47
1856.43
1787.25
1484.46
1105.06
1008.64
1288.11
1447.05
1669.13
1487.34
1098.29
1115.78
1235.3
1333.71
1396.1
1038.07
1410.33
1321.26
1386.31
1125.16
1050.04
1024.55
997.5
1070.06
1169.57
1253.61
1435.88
1410.42
1433.11
1439.05
1058.14
1395.79
1518.55
1470.53
1425.16
1570.2
1406.59
1386.25
1321.26
1195.37
1050.98
1201.92
1221.11
1500.1
1535.65
2025.58
1973.44
1966.29
1653.95
1363.32
1125.06
1080.37
1416.09
1592.74
1992.46
2143.52
2305.64
2542.69
2686.52
2852.93
3190.12
2883.21
2612.89
2329.44
2584.21
2969.83
2908.24
3005.01
3078.91
3426.45
2976.85
3271.99
3830.49
4111.99
3774.81
3784.23
4215.21
4286.46
4002.88
4129.54
3617.29
2721.78
2825.89
2415.25
2829.02
2432.89
2835.11
2722.95
3186.77
2310.15
2458.65
2194.84
2092.0
2007.12
2137.59
2135.27
2088.95
1967.28
2189.77
1982.93
1974.69
2141.77
2388.33
2795.3
3079.99
3229.6
3369.14
3315.26
3097.92
3290.68
3294.08
3245.26
3266.62
3682.73
3547.35
3626.88
3455.24
3593.41
4290.59
3597.92
4260.41
3865.83
4326.76
4351.63
4341.74
4366.59
4397.08
4938.61
5062.44
4550.53
4715.64
5110.86
5228.84
5298.72
5219.08
5308.52
5300.24
5408.52
5672.7
5944.87
6529.99
6661.44
6742.89
6710.4
6508.21
6593.8
6627.43
6588.28
6369.28
6721.08
6061.8
6206.24
6209.71
6318.61
6470.74
6398.77
6430.58
6646.55
6947.06
7573.26
7840.31
7276.63
6514.72
6607.13
7252.4
7736.07
7773.92
7152.88
6861.31
7198.85
7009.56
7060.6
7137.03
7245.13
7213.44
7532.9
7641.77
7677.73
7739.86
7993.09
7866.52
7918.53
8059.65
8069.81
8144.02
7877.19
7670.37
7742.53
7816.44
7500.79
7331.73
7380.32
7268.06
7489.2
7773.31
7136.1
7927.49
7832.22
7830.35
7906.6
8039.45
8084.88
8516.02
8144.16
8256.28
8724.13
8738.72
8465.77
8098.16
8043.71
8035.2
7838.22
8001.57
7630.71
7630.26
7404.61
7575.15
7703.1
7341.65
7222.08
7227.96
7093.42
7170.7
7035.76
6864.87
6749.28
6304.53
6833.42
6693.83
6785.94
6446.31
6407.52
6495.15
6712.21
6923.41
7106.01
6964.01
6890.94
7227.45
7312.85
7083.49
7458.99
7086.86
6979.81
6872.97
7041.27
6894.23
6839.59
6826.61
6763.38
6729.53
6526.62
5783.15
5457.82
5860.99
5989.27
6015.3
6312.03
6223.37
5984.26
6197.84
5799.24
6181.06
6543.39
6742.97
6919.59
7197.5
6623.01
6642.27
5930.17
5715.92
6335.56
6245.18
6586.01
6554.04
6701.36
6814.76
6734.99
6923.6
7046.57
6672.69
6165.35
5572.09
