2143.52
2135.27
1529.65
1653.95
1688.32
1787.25
1809.54
1669.13
1945.82
1535.65
1435.88
1395.79
1570.2
1833.57
1967.28
1974.69
1856.43
1865.11
1593.6
1484.46
1396.1
1321.26
1235.3
1321.26
1221.11
1363.32
1416.09
1518.55
1487.34
1606.04
1386.31
1288.11
1201.92
1098.29
1195.37
1125.16
1070.06
1008.64
1050.04
1038.07
1050.98
997.5
1058.14
1024.55
1125.06
1105.06
1169.57
1080.37
1115.78
1253.61
1386.25
1406.59
1410.33
1333.71
1448.49
1500.1
1941.41
1447.05
1433.11
1439.05
1470.53
1592.74
1895.25
1973.44
1562.65
1564.47
1425.16
1410.42
1879.87
1992.46
2310.15
2189.77
2388.33
2305.64
1964.31
2025.58
2852.93
2969.83
2584.21
2088.95
2194.84
2458.65
2432.89
2976.85
3186.77
3190.12
3229.6
3245.26
3294.08
3426.45
3547.35
3597.92
3369.14
3593.41
3455.24
3774.81
3617.29
3290.68
3097.92
3078.91
2883.21
2612.89
2686.52
2141.77
2542.69
1966.29
1816.47
1982.93
1846.9
2415.25
2007.12
2092.0
2086.18
2137.59
2825.89
2908.24
2722.95
2721.78
2329.44
2795.3
3005.01
2829.02
2835.11
3271.99
3079.99
3266.62
3315.26
3682.73
4260.41
4351.63
4366.59
4550.53
4397.08
4341.74
4326.76
4111.99
4290.59
3626.88
4286.46
4215.21
3865.83
3784.23
3830.49
4129.54
4002.88
5219.08
5408.52
5300.24
5457.82
5228.84
5062.44
4715.64
4938.61
5110.86
5298.72
5308.52
5860.99
6446.31
6318.61
6646.55
7009.56
6729.53
6543.39
6209.71
5672.7
5572.09
5715.92
5783.15
6061.8
5989.27
6627.43
6526.62
6826.61
6710.4
6839.59
7041.27
7170.7
7152.88
7252.4
7489.2
7136.1
7227.45
7276.63
7532.9
7500.79
7630.71
7670.37
7641.77
7380.32
7832.22
8035.2
7906.6
8001.57
7993.09
7816.44
7840.31
7773.31
7742.53
7830.35
7927.49
7736.07
7877.19
7838.22
7630.26
7866.52
7773.92
8084.88
8039.45
8724.13
8144.16
8059.65
8465.77
8069.81
8144.02
8256.28
8043.71
8516.02
8738.72
8098.16
7918.53
7739.86
7573.26
7331.73
7677.73
7312.85
7222.08
7198.85
7458.99
7404.61
7703.1
7575.15
7268.06
7227.96
7106.01
7060.6
7245.13
7341.65
7137.03
7197.5
7083.49
7213.44
6701.36
6864.87
6312.03
6245.18
6508.21
6304.53
6407.52
6495.15
5944.87
6369.28
6514.72
6693.83
6607.13
6749.28
6672.69
6712.21
6721.08
6785.94
6833.42
6923.41
7046.57
7035.76
6923.6
7093.42
6734.99
7086.86
6742.97
6979.81
6890.94
6894.23
6964.01
6919.59
6223.37
6529.99
6661.44
6742.89
6623.01
6335.56
6181.06
6197.84
6165.35
5984.26
5799.24
6206.24
5930.17
6015.3
6398.77
6588.28
6554.04
6763.38
6872.97
6814.76
6861.31
6642.27
6586.01
6430.58
6470.74
6947.06
6593.8
