1856.43
2388.33
1992.46
1973.44
1816.47
1484.46
1448.49
1396.1
1406.59
1235.3
1288.11
1333.71
1386.31
1562.65
1564.47
1879.87
1945.82
1941.41
1982.93
1787.25
1669.13
1470.53
1321.26
1098.29
1058.14
1070.06
1169.57
1201.92
1395.79
1447.05
1416.09
1425.16
1433.11
1386.25
1321.26
1253.61
1115.78
1125.06
1050.98
1195.37
1125.16
1038.07
1024.55
997.5
1050.04
1008.64
1410.33
1439.05
2007.12
2310.15
2415.25
2086.18
1974.69
1593.6
1833.57
1606.04
1535.65
1363.32
1105.06
1080.37
1221.11
1410.42
1435.88
1518.55
1529.65
1592.74
1487.34
1500.1
1895.25
1688.32
1570.2
1964.31
1809.54
1865.11
1966.29
2025.58
2137.59
2835.11
2542.69
2612.89
2722.95
2825.89
2883.21
3229.6
3271.99
3294.08
3315.26
3369.14
3774.81
3830.49
4002.88
3426.45
3865.83
4341.74
3455.24
3682.73
3617.29
3245.26
3190.12
3005.01
2829.02
2908.24
2189.77
2329.44
1967.28
1846.9
1653.95
2141.77
2135.27
2194.84
2092.0
2584.21
2686.52
2305.64
2721.78
2432.89
2143.52
2088.95
2458.65
2795.3
2852.93
2976.85
3097.92
3079.99
3186.77
2969.83
3078.91
3266.62
3290.68
3597.92
3547.35
4326.76
4215.21
3593.41
4286.46
3626.88
4129.54
3784.23
4290.59
4260.41
4366.59
4111.99
4351.63
4397.08
4550.53
4715.64
4938.61
5062.44
5110.86
5219.08
5228.84
5783.15
5457.82
5672.7
5860.99
5989.27
6061.8
6430.58
6446.31
6318.61
6593.8
5799.24
5300.24
5408.52
5572.09
6369.28
6529.99
6245.18
6181.06
6398.77
6607.13
6734.99
6554.04
6223.37
6543.39
6588.28
6495.15
7137.03
6693.83
7227.45
7312.85
7331.73
7736.07
7630.26
7773.31
7830.35
7703.1
7927.49
7877.19
7816.44
7918.53
7575.15
7268.06
7170.7
6894.23
7245.13
7380.32
7832.22
7993.09
8256.28
8039.45
8043.71
7773.92
7742.53
7840.31
7573.26
7838.22
7866.52
8001.57
8069.81
8059.65
8084.88
8144.02
8098.16
8516.02
8465.77
8724.13
8738.72
8144.16
8035.2
7906.6
7739.86
7213.44
7532.9
7152.88
6890.94
6749.28
6964.01
7404.61
7489.2
7341.65
7500.79
7641.77
7677.73
7630.71
7670.37
7458.99
7106.01
7222.08
7252.4
7276.63
7086.86
7093.42
6661.44
6623.01
6710.4
6526.62
6627.43
6701.36
6470.74
6833.42
6923.41
6919.59
6729.53
6826.61
6712.21
7046.57
7227.96
6979.81
6839.59
6947.06
7009.56
7060.6
6742.89
6721.08
6923.6
6642.27
7083.49
7035.76
7041.27
7136.1
7197.5
7198.85
6872.97
6814.76
6861.31
6763.38
6407.52
6514.72
6165.35
6586.01
6742.97
5944.87
6646.55
6508.21
5930.17
6304.53
6209.71
6015.3
6335.56
5984.26
6312.03
6206.24
5308.52
5298.72
6672.69
6197.84
6864.87
6785.94
5715.92
