1941.41
2137.59
2025.58
1865.11
1535.65
1396.1
1653.95
1787.25
1945.82
1856.43
1809.54
1435.88
1416.09
1562.65
1125.16
1406.59
1169.57
1448.49
1410.33
1470.53
1570.2
1564.47
1518.55
1593.6
1487.34
1447.05
1386.31
1288.11
1221.11
1333.71
1235.3
1363.32
1105.06
1098.29
1050.04
1080.37
1008.64
997.5
1038.07
1050.98
1070.06
1024.55
1058.14
1115.78
1321.26
1195.37
1592.74
1529.65
1688.32
1816.47
1895.25
1833.57
1992.46
1846.9
1966.29
2329.44
1967.28
1669.13
1606.04
1439.05
1484.46
1433.11
1321.26
1386.25
1253.61
1410.42
1201.92
1395.79
1125.06
1425.16
1500.1
1879.87
1964.31
1982.93
2194.84
2612.89
2542.69
2415.25
3245.26
2086.18
2305.64
2141.77
2135.27
2388.33
2432.89
2835.11
2883.21
3097.92
3593.41
3617.29
3455.24
3547.35
2969.83
3597.92
3315.26
3369.14
3426.45
3271.99
3078.91
3290.68
2721.78
2795.3
2686.52
2310.15
2088.95
2092.0
1974.69
1973.44
2007.12
2143.52
2458.65
2829.02
2908.24
3079.99
2584.21
2852.93
2189.77
2722.95
2825.89
2976.85
3005.01
3190.12
3186.77
3229.6
3266.62
3294.08
3626.88
3682.73
4002.88
4111.99
4129.54
3830.49
3774.81
3865.83
3784.23
4326.76
4215.21
4351.63
4290.59
4366.59
4286.46
4260.41
4341.74
4397.08
4715.64
5228.84
5308.52
5219.08
4938.61
4550.53
5062.44
5300.24
5408.52
5110.86
5298.72
5457.82
5572.09
5715.92
6312.03
6543.39
6623.01
6529.99
6015.3
6369.28
6061.8
6646.55
6593.8
5984.26
6181.06
6335.56
6514.72
6693.83
6712.21
6734.99
6430.58
6588.28
6742.89
6763.38
7009.56
7227.45
7670.37
7458.99
7489.2
7641.77
7630.71
7575.15
7838.22
8059.65
7993.09
8039.45
8001.57
7918.53
7341.65
7213.44
7245.13
7380.32
7739.86
7906.6
7773.31
7840.31
7703.1
6979.81
7276.63
7093.42
7046.57
7086.86
7060.6
7136.1
7573.26
7742.53
8035.2
8516.02
8098.16
8144.16
8144.02
8043.71
8256.28
8738.72
8724.13
8465.77
8084.88
8069.81
7877.19
7927.49
7866.52
7630.26
7816.44
7830.35
7677.73
7227.96
7035.76
7170.7
7268.06
7404.61
7532.9
7832.22
7312.85
7197.5
7198.85
7222.08
7252.4
7041.27
6923.6
6197.84
6508.21
6446.31
6554.04
6206.24
6586.01
6642.27
6864.87
6861.31
6672.69
6661.44
6701.36
6742.97
6729.53
6721.08
6923.41
6470.74
6749.28
6839.59
6964.01
6894.23
6947.06
7083.49
6833.42
6495.15
6607.13
6526.62
6304.53
5989.27
6398.77
5672.7
6318.61
6627.43
7106.01
7736.07
7773.92
7500.79
7331.73
6785.94
6165.35
5930.17
5799.24
5860.99
5944.87
6223.37
6407.52
6245.18
6209.71
6826.61
6814.76
6890.94
6710.4
6919.59
7137.03
7152.88
6872.97
5783.15
