1669.13
2086.18
2135.27
2007.12
1593.6
1592.74
2432.89
1816.47
1967.28
1406.59
1425.16
1169.57
1386.31
1396.1
1253.61
1070.06
1105.06
1125.16
1470.53
1333.71
1433.11
1448.49
1221.11
1235.3
1201.92
1321.26
1435.88
1688.32
1856.43
1846.9
1562.65
1416.09
1321.26
1386.25
1484.46
1606.04
1570.2
1564.47
1363.32
1125.06
1195.37
1050.98
1058.14
1024.55
1008.64
1038.07
997.5
1050.04
1080.37
1487.34
1974.69
1966.29
1833.57
1529.65
1447.05
1439.05
1518.55
1115.78
1410.33
1410.42
1395.79
1865.11
1535.65
1787.25
1879.87
2194.84
2088.95
2137.59
2305.64
2722.95
1964.31
2415.25
2025.58
2092.0
1992.46
1973.44
1982.93
2329.44
2388.33
2141.77
2143.52
2189.77
2584.21
2612.89
3097.92
3005.01
3271.99
3266.62
2976.85
3190.12
3078.91
2883.21
3245.26
3294.08
3426.45
3597.92
4111.99
4002.88
3784.23
3455.24
3290.68
3229.6
3186.77
3079.99
2795.3
2542.69
2458.65
1653.95
1945.82
1809.54
1500.1
1098.29
1941.41
1288.11
1895.25
2310.15
2686.52
2908.24
2852.93
2835.11
2825.89
2721.78
2829.02
2969.83
3315.26
3369.14
3617.29
3593.41
3774.81
3547.35
4326.76
3865.83
3830.49
4286.46
4260.41
4351.63
4341.74
4366.59
4290.59
4129.54
3682.73
3626.88
4215.21
4397.08
4715.64
4550.53
4938.61
5062.44
5110.86
5228.84
5219.08
5308.52
5408.52
5457.82
6165.35
6223.37
6430.58
7060.6
6672.69
6923.41
7198.85
7093.42
6646.55
6206.24
5930.17
6734.99
6729.53
6312.03
5984.26
5783.15
5989.27
5944.87
5860.99
6061.8
6586.01
6890.94
6642.27
6861.31
7041.27
7083.49
7213.44
7268.06
7331.73
7630.71
7739.86
7742.53
7677.73
7906.6
7816.44
7877.19
8098.16
8035.2
8001.57
7927.49
8084.88
7838.22
8039.45
8043.71
8069.81
8059.65
7918.53
7840.31
7866.52
7341.65
7773.92
7630.26
7458.99
7573.26
7575.15
7641.77
7773.31
7832.22
8465.77
8144.02
8256.28
8724.13
8738.72
8516.02
8144.16
7993.09
7830.35
7489.2
7227.96
7252.4
6833.42
6607.13
6514.72
6495.15
6894.23
7152.88
7227.45
7312.85
7532.9
7500.79
7736.07
7703.1
7670.37
7404.61
7380.32
7276.63
7245.13
6763.38
6864.87
6181.06
6015.3
6947.06
6245.18
6209.71
6304.53
6554.04
6627.43
6749.28
6588.28
6721.08
6446.31
6407.52
6470.74
6623.01
6593.8
7137.03
7197.5
7009.56
7136.1
6979.81
6814.76
7170.7
6826.61
6919.59
6964.01
7222.08
7035.76
7106.01
7086.86
6785.94
6872.97
6923.6
7046.57
6839.59
6712.21
6508.21
6335.56
6543.39
6710.4
6742.89
6742.97
6661.44
6529.99
6398.77
5715.92
5572.09
6369.28
6701.36
6693.83
5799.24
5300.24
5672.7
6197.84
6318.61
6526.62
5298.72
