3455.24
2825.89
1201.92
1606.04
1435.88
1363.32
1439.05
1592.74
1484.46
1425.16
1448.49
1386.31
1395.79
1669.13
1787.25
1333.71
2189.77
1410.42
1447.05
1535.65
1564.47
1125.16
1321.26
1105.06
1070.06
1195.37
1221.11
1253.61
1288.11
1406.59
1856.43
1945.82
1688.32
1321.26
1058.14
1080.37
1050.98
1008.64
1050.04
997.5
1024.55
1098.29
1038.07
1115.78
1125.06
1169.57
1416.09
1518.55
1470.53
1816.47
1973.44
1941.41
2007.12
1833.57
1964.31
1967.28
1992.46
1865.11
1570.2
1529.65
1809.54
1974.69
1879.87
1653.95
1433.11
1410.33
1386.25
1396.1
1235.3
1562.65
1500.1
1487.34
1966.29
2088.95
2092.0
2329.44
2458.65
2976.85
2686.52
2584.21
2135.27
2025.58
2086.18
2612.89
2721.78
3005.01
3617.29
3078.91
3597.92
3426.45
3186.77
3315.26
3290.68
3266.62
3229.6
2852.93
3271.99
2969.83
3245.26
2883.21
2388.33
2143.52
1895.25
1593.6
1846.9
2141.77
2415.25
2432.89
2137.59
1982.93
2305.64
2194.84
2310.15
2835.11
2542.69
2722.95
2829.02
2795.3
2908.24
3097.92
3190.12
3079.99
3294.08
3369.14
3547.35
3593.41
3626.88
3682.73
4002.88
4260.41
4215.21
4129.54
4286.46
3774.81
3784.23
4111.99
3865.83
4326.76
4351.63
4341.74
4290.59
3830.49
4366.59
4397.08
4550.53
4715.64
4938.61
5062.44
5110.86
5219.08
5228.84
5298.72
5672.7
5984.26
6223.37
6514.72
6593.8
6833.42
6919.59
6642.27
6526.62
6495.15
6529.99
6701.36
6245.18
6661.44
6894.23
6710.4
6785.94
7083.49
6588.28
7136.1
6721.08
6554.04
7060.6
6543.39
6826.61
7035.76
7170.7
7630.26
7341.65
7736.07
7816.44
7866.52
7670.37
7739.86
7152.88
7532.9
7312.85
7245.13
7458.99
7575.15
7773.92
7927.49
8059.65
7838.22
7252.4
7404.61
8039.45
8098.16
7918.53
7877.19
7276.63
7213.44
7046.57
6923.6
7041.27
7227.45
7500.79
7773.31
7906.6
8043.71
8256.28
8144.16
8516.02
8084.88
8144.02
8724.13
8738.72
8465.77
8069.81
7703.1
7573.26
7268.06
7331.73
7380.32
7137.03
6890.94
7093.42
7197.5
7222.08
7489.2
7630.71
7641.77
7832.22
7993.09
7742.53
7830.35
8001.57
8035.2
7840.31
7677.73
7198.85
5799.24
6586.01
6627.43
6672.69
6061.8
5408.52
5308.52
6304.53
6181.06
5715.92
5457.82
5300.24
5572.09
5783.15
6318.61
6430.58
6197.84
6693.83
6814.76
6712.21
6864.87
6508.21
6872.97
6749.28
6861.31
7106.01
7227.96
6607.13
6734.99
6407.52
6209.71
6015.3
6763.38
6646.55
6923.41
6729.53
6964.01
7009.56
6947.06
6742.97
7086.86
6470.74
6839.59
6312.03
6369.28
6206.24
6335.56
6446.31
6623.01
6398.77
5944.87
6165.35
5860.99
5930.17
5989.27
6979.81
6742.89
