1945.82
2432.89
1966.29
1787.25
1396.1
1333.71
1593.6
1606.04
1653.95
1865.11
1816.47
1570.2
1895.25
1856.43
1941.41
1833.57
1688.32
1470.53
1386.31
1195.37
1235.3
1386.25
1288.11
1050.04
1070.06
1098.29
1321.26
1221.11
1484.46
1435.88
1363.32
1125.16
1105.06
1201.92
1115.78
1050.98
1395.79
1169.57
1562.65
1410.33
1564.47
1433.11
1439.05
1410.42
1416.09
1321.26
1080.37
997.5
1024.55
1058.14
1125.06
1008.64
1253.61
1038.07
1669.13
1425.16
1535.65
1447.05
1529.65
1448.49
1809.54
1500.1
1487.34
1406.59
1518.55
1592.74
1846.9
1967.28
1879.87
1974.69
1964.31
2086.18
1973.44
2143.52
2092.0
2007.12
2135.27
2194.84
2584.21
2329.44
2137.59
2088.95
1992.46
1982.93
2025.58
2189.77
2310.15
2612.89
2976.85
3005.01
3245.26
3315.26
3290.68
3190.12
3271.99
2908.24
2458.65
2415.25
2305.64
2141.77
2388.33
2883.21
2825.89
3266.62
2852.93
2686.52
2542.69
3079.99
3078.91
2795.3
2721.78
2829.02
2722.95
2835.11
2969.83
3186.77
3097.92
3229.6
3294.08
3369.14
3426.45
3547.35
3626.88
4351.63
4290.59
3682.73
3830.49
3784.23
4341.74
4111.99
5219.08
5110.86
4938.61
4366.59
4002.88
3597.92
3617.29
3593.41
4129.54
4397.08
3865.83
3455.24
3774.81
4215.21
4326.76
4550.53
4286.46
4260.41
4715.64
5062.44
5228.84
5300.24
5308.52
5298.72
5799.24
5572.09
5715.92
6181.06
6661.44
6061.8
6543.39
6206.24
5984.26
6209.71
6223.37
6335.56
6554.04
6312.03
6446.31
6495.15
6693.83
6749.28
6627.43
6923.41
6923.6
6947.06
7227.96
7245.13
7380.32
7268.06
7458.99
7575.15
7838.22
7830.35
7252.4
7227.45
7083.49
7106.01
7170.7
7816.44
8144.02
8069.81
7641.77
7041.27
7331.73
7840.31
8035.2
8098.16
8043.71
8059.65
7906.6
7773.31
7736.07
7086.86
7152.88
7198.85
7500.79
7739.86
7573.26
7630.71
7532.9
7670.37
7703.1
7742.53
7832.22
7877.19
8465.77
8738.72
8724.13
8144.16
8256.28
8516.02
8001.57
7993.09
7918.53
7489.2
7222.08
7773.92
7866.52
8039.45
8084.88
7927.49
7677.73
7630.26
7276.63
7197.5
7060.6
6979.81
7035.76
7137.03
7093.42
6763.38
6514.72
5989.27
5944.87
5930.17
5457.82
5408.52
5783.15
5672.7
5860.99
6015.3
6165.35
6398.77
6814.76
6890.94
6919.59
6964.01
7136.1
6894.23
7312.85
7404.61
7341.65
7213.44
7046.57
7009.56
6864.87
6785.94
6839.59
6872.97
6742.89
6588.28
6593.8
6369.28
6508.21
6701.36
6734.99
6712.21
6586.01
6642.27
6672.69
6729.53
6721.08
6623.01
6526.62
6470.74
6430.58
6861.31
6833.42
6407.52
6607.13
6710.4
6529.99
6304.53
6245.18
6318.61
6826.61
6742.97
6646.55
6197.84
