1964.31
2329.44
1470.53
1433.11
1487.34
1856.43
1879.87
1570.2
1484.46
1447.05
1425.16
1410.42
1787.25
1816.47
1945.82
1439.05
1416.09
1410.33
1253.61
1125.16
1195.37
1221.11
1070.06
1115.78
1080.37
1363.32
1321.26
1333.71
1386.31
1288.11
1235.3
1105.06
1050.04
1058.14
1038.07
1125.06
1321.26
1386.25
1098.29
997.5
1008.64
1396.1
2137.59
1406.59
1024.55
1050.98
1201.92
1169.57
1395.79
1500.1
1688.32
1592.74
1973.44
1967.28
1992.46
2388.33
2189.77
2086.18
2007.12
1562.65
1669.13
1895.25
1974.69
1593.6
1833.57
1606.04
1435.88
2025.58
1564.47
2542.69
2135.27
1982.93
2143.52
2584.21
1653.95
1865.11
1529.65
1809.54
1966.29
2088.95
1941.41
1448.49
2835.11
2686.52
2852.93
2310.15
2829.02
2969.83
3186.77
3290.68
3005.01
3229.6
3245.26
3294.08
3426.45
3369.14
3315.26
3079.99
2976.85
3078.91
2722.95
2305.64
2194.84
2795.3
2432.89
2415.25
1846.9
1518.55
1535.65
2092.0
2825.89
2721.78
2458.65
2141.77
2612.89
2883.21
2908.24
3097.92
3190.12
3266.62
3271.99
3547.35
3455.24
3617.29
3682.73
3597.92
3593.41
3626.88
4129.54
4326.76
4341.74
4111.99
4351.63
4215.21
3830.49
4286.46
4260.41
4290.59
4002.88
4397.08
4366.59
3774.81
3784.23
3865.83
4550.53
4715.64
5062.44
5219.08
5300.24
5228.84
5110.86
5308.52
5457.82
4938.61
5298.72
5408.52
5572.09
5930.17
6593.8
6407.52
6607.13
6721.08
6693.83
6514.72
5984.26
6015.3
6642.27
5783.15
6209.71
6223.37
6304.53
6061.8
6206.24
6734.99
7222.08
7630.26
7927.49
7866.52
8059.65
8724.13
8069.81
8465.77
8039.45
7575.15
7312.85
7268.06
7041.27
7213.44
7341.65
7641.77
7739.86
8084.88
7832.22
7993.09
7742.53
7703.1
7816.44
8035.2
7838.22
8001.57
7489.2
7136.1
6947.06
7060.6
7009.56
7380.32
7276.63
7458.99
7670.37
7830.35
7877.19
7840.31
7773.92
7918.53
8043.71
8256.28
8516.02
8738.72
8144.16
8098.16
7906.6
8144.02
7252.4
7630.71
7500.79
7245.13
7532.9
7773.31
7677.73
7736.07
7573.26
7331.73
7227.96
7137.03
7086.86
7404.61
7035.76
7152.88
7227.45
7198.85
7106.01
6979.81
6864.87
6586.01
6430.58
6446.31
6554.04
5799.24
6529.99
6165.35
6495.15
6742.97
6470.74
6335.56
6627.43
6763.38
6923.41
7093.42
7170.7
6646.55
7083.49
7046.57
6872.97
6890.94
6814.76
6661.44
6785.94
6826.61
6861.31
6712.21
6839.59
6964.01
6919.59
6742.89
6672.69
6749.28
6623.01
6398.77
6508.21
6181.06
6245.18
5672.7
5860.99
6197.84
6312.03
6369.28
5715.92
5989.27
6588.28
6318.61
6710.4
6833.42
6526.62
6543.39
6729.53
6894.23
7197.5
6923.6
6701.36
5944.87
