1879.87
2542.69
1941.41
1966.29
1562.65
1535.65
1846.9
2194.84
1945.82
1593.6
1500.1
1333.71
1406.59
1410.42
1487.34
1592.74
1564.47
1448.49
1386.31
1416.09
1288.11
1235.3
1363.32
1195.37
1125.06
1410.33
1653.95
1669.13
1816.47
1967.28
1856.43
1964.31
1787.25
1833.57
1570.2
1529.65
1484.46
1201.92
1425.16
1221.11
1098.29
1058.14
1050.98
1038.07
1008.64
997.5
1024.55
1050.04
1080.37
1253.61
1396.1
1125.16
1447.05
1439.05
1470.53
1435.88
1321.26
1169.57
1105.06
1070.06
1321.26
1115.78
1386.25
1433.11
1518.55
1688.32
1395.79
1606.04
1809.54
2025.58
1895.25
2310.15
1865.11
1982.93
2458.65
2722.95
3190.12
2908.24
2612.89
2976.85
2086.18
2141.77
2135.27
3078.91
3597.92
3774.81
3626.88
3186.77
2835.11
3426.45
3547.35
3271.99
3455.24
3097.92
3229.6
3369.14
3315.26
3290.68
3245.26
2415.25
2584.21
2829.02
1973.44
2969.83
2329.44
3079.99
2432.89
2305.64
2137.59
2092.0
1992.46
1974.69
2007.12
2088.95
2143.52
2686.52
2883.21
3005.01
2852.93
2721.78
2189.77
2388.33
2825.89
2795.3
3294.08
3266.62
3593.41
3617.29
3784.23
4129.54
3865.83
4397.08
4550.53
4366.59
3830.49
4215.21
4286.46
4290.59
4260.41
4341.74
4002.88
3682.73
4111.99
4326.76
4351.63
4715.64
4938.61
5062.44
5110.86
5219.08
5308.52
5228.84
5300.24
5672.7
6318.61
6181.06
6015.3
5989.27
6398.77
6588.28
6894.23
6661.44
6446.31
6209.71
5799.24
6304.53
6785.94
6335.56
6646.55
6721.08
6890.94
6742.97
6814.76
6734.99
7009.56
6947.06
6872.97
7060.6
6923.6
7086.86
7198.85
7252.4
7489.2
7840.31
7213.44
7532.9
7268.06
7170.7
7245.13
7341.65
7677.73
7830.35
7670.37
7630.71
7331.73
7458.99
7500.79
7573.26
7832.22
8144.16
8144.02
8516.02
8256.28
7927.49
8098.16
8039.45
7993.09
8738.72
7866.52
7906.6
8084.88
8035.2
8059.65
8069.81
8043.71
7838.22
8001.57
8724.13
8465.77
7641.77
7222.08
7093.42
7106.01
7227.96
7276.63
7152.88
7312.85
7380.32
7739.86
7877.19
7630.26
7703.1
7918.53
7816.44
7575.15
7736.07
7773.31
7083.49
7136.1
6749.28
6642.27
6061.8
5572.09
5298.72
5457.82
5715.92
5783.15
5408.52
5944.87
5860.99
6407.52
6712.21
6529.99
6514.72
6430.58
6312.03
6508.21
6554.04
6826.61
6861.31
6923.41
6763.38
6979.81
7035.76
7041.27
7197.5
7137.03
7404.61
7773.92
7742.53
7227.45
7046.57
6710.4
6165.35
6223.37
5984.26
6369.28
6693.83
6586.01
6919.59
6833.42
6839.59
6672.69
6742.89
6701.36
6729.53
6543.39
6245.18
6526.62
6627.43
6607.13
6864.87
6964.01
6623.01
6495.15
6593.8
6470.74
6197.84
6206.24
5930.17
