2388.33
2088.95
1895.25
1973.44
1570.2
1448.49
1606.04
1439.05
1593.6
1592.74
1433.11
1564.47
1500.1
1562.65
1518.55
1425.16
1333.71
1416.09
1105.06
1221.11
1386.25
1195.37
1321.26
1080.37
1050.98
1235.3
997.5
1024.55
1058.14
1038.07
1008.64
1070.06
1050.04
1098.29
1169.57
1410.33
1435.88
1410.42
1386.31
1253.61
1288.11
1201.92
1363.32
1395.79
1396.1
1321.26
1125.16
1115.78
1125.06
1406.59
1487.34
1470.53
1787.25
1447.05
1529.65
1833.57
2007.12
2137.59
2542.69
2432.89
1966.29
1945.82
2194.84
1992.46
1816.47
1941.41
1688.32
1879.87
2189.77
1653.95
1856.43
1809.54
1974.69
2415.25
2305.64
2141.77
2458.65
2686.52
3186.77
2612.89
2135.27
1669.13
1535.65
1484.46
2086.18
1846.9
2584.21
2969.83
3271.99
3426.45
3774.81
3626.88
3682.73
3597.92
3617.29
3784.23
3547.35
3315.26
3266.62
2829.02
2310.15
1967.28
1865.11
2092.0
1982.93
2721.78
1964.31
2025.58
2143.52
2329.44
2825.89
3229.6
3005.01
2908.24
2883.21
3078.91
2795.3
2722.95
3079.99
2835.11
3190.12
2852.93
3097.92
2976.85
3245.26
3294.08
3830.49
3865.83
3290.68
4129.54
3593.41
4111.99
3369.14
3455.24
4002.88
4215.21
4341.74
4326.76
4260.41
4286.46
4290.59
4351.63
4366.59
4397.08
4550.53
4715.64
5062.44
4938.61
5300.24
6245.18
6721.08
6181.06
5219.08
5672.7
6223.37
6543.39
6712.21
6814.76
6742.89
6446.31
6701.36
6586.01
6407.52
5989.27
5572.09
5408.52
5457.82
5228.84
5110.86
5298.72
5783.15
5799.24
6627.43
6923.6
7041.27
7838.22
7630.71
7703.1
7009.56
6742.97
6061.8
6304.53
6646.55
6947.06
7832.22
7137.03
8516.02
8035.2
7276.63
7198.85
7227.96
7106.01
7575.15
7245.13
7630.26
7816.44
7312.85
8098.16
7489.2
8069.81
8039.45
7773.31
7252.4
7268.06
7532.9
7773.92
7918.53
8059.65
8001.57
7573.26
6710.4
7380.32
6861.31
7060.6
7227.45
7213.44
7830.35
8738.72
8144.02
7736.07
7877.19
7197.5
7170.7
8144.16
7739.86
8084.88
7500.79
7641.77
7670.37
8043.71
7742.53
8465.77
7404.61
7840.31
7677.73
7927.49
8724.13
7331.73
7458.99
7906.6
7993.09
8256.28
7341.65
6864.87
6839.59
6919.59
6763.38
6826.61
6209.71
6588.28
6833.42
7093.42
7083.49
7086.86
7222.08
7046.57
6964.01
6872.97
7152.88
6729.53
7035.76
7136.1
7866.52
6923.41
6979.81
6894.23
6749.28
6661.44
6470.74
6369.28
6197.84
6430.58
6398.77
5944.87
6206.24
6672.69
6623.01
6593.8
6529.99
6607.13
6318.61
6514.72
6335.56
6526.62
6495.15
5984.26
6015.3
5860.99
5308.52
5715.92
5930.17
6554.04
6734.99
6785.94
6642.27
6693.83
6508.21
6312.03
6890.94
6165.35
