1816.47
2415.25
2088.95
2086.18
1535.65
1518.55
1562.65
1470.53
1416.09
1484.46
1895.25
1529.65
2007.12
1865.11
1592.74
1593.6
1487.34
1363.32
1195.37
1058.14
1038.07
1024.55
1050.98
1070.06
1386.25
1966.29
1669.13
2092.0
2137.59
2025.58
1856.43
1688.32
1570.2
1500.1
1964.31
1125.16
997.5
1008.64
1105.06
1253.61
1098.29
1050.04
1321.26
1406.59
1653.95
1396.1
1982.93
1448.49
1846.9
2141.77
1992.46
1564.47
1410.33
1221.11
1125.06
1169.57
1288.11
1115.78
1333.71
1395.79
1433.11
1606.04
1447.05
1235.3
1080.37
1386.31
1321.26
1201.92
1410.42
1435.88
1425.16
1879.87
1439.05
1945.82
1809.54
1833.57
1787.25
1941.41
1967.28
1974.69
2135.27
1973.44
2143.52
2189.77
2329.44
2432.89
2584.21
2835.11
3005.01
3290.68
3626.88
3593.41
3369.14
3245.26
3229.6
3547.35
3597.92
3294.08
2908.24
3186.77
3078.91
3266.62
3097.92
3455.24
3271.99
3190.12
2883.21
2829.02
2458.65
2721.78
2722.95
2388.33
2612.89
2686.52
2194.84
2305.64
2542.69
2310.15
2795.3
2852.93
2825.89
2969.83
2976.85
3079.99
3315.26
3426.45
3784.23
4111.99
4351.63
4550.53
5110.86
5062.44
4715.64
4002.88
4366.59
4397.08
4260.41
4938.61
4286.46
3830.49
4129.54
3617.29
3682.73
4215.21
3865.83
4290.59
5228.84
5298.72
5408.52
5457.82
5308.52
5219.08
4341.74
3774.81
4326.76
5300.24
5572.09
5860.99
6593.8
6672.69
6661.44
5930.17
6245.18
5989.27
5984.26
6588.28
6398.77
6015.3
6407.52
6554.04
6514.72
6826.61
6919.59
6923.41
6947.06
6923.6
7041.27
7197.5
7086.86
7245.13
7106.01
7222.08
7268.06
7252.4
7227.96
7341.65
7630.26
7670.37
7575.15
7703.1
7838.22
7927.49
7773.31
7877.19
7906.6
8039.45
8069.81
8256.28
8084.88
8001.57
7840.31
8144.02
7993.09
7832.22
7739.86
7773.92
8043.71
8035.2
7816.44
7742.53
7830.35
7866.52
8059.65
8144.16
8098.16
8465.77
8516.02
8738.72
8724.13
7918.53
7641.77
7312.85
7083.49
6964.01
6890.94
7093.42
7046.57
7152.88
7532.9
7380.32
7331.73
7276.63
7227.45
7198.85
7137.03
7136.1
6894.23
7170.7
7060.6
7009.56
7035.76
6627.43
6814.76
6209.71
6642.27
6529.99
6526.62
6430.58
6318.61
6061.8
6586.01
6742.89
6623.01
6749.28
6742.97
6304.53
6197.84
6165.35
6710.4
6979.81
6721.08
6693.83
6734.99
6785.94
7458.99
7489.2
7500.79
7630.71
7677.73
7736.07
7404.61
7573.26
7213.44
6839.59
6864.87
6861.31
6701.36
6312.03
6206.24
5783.15
6181.06
6646.55
5799.24
6872.97
6607.13
6543.39
6446.31
6508.21
6712.21
6223.37
6369.28
6763.38
6470.74
5944.87
5715.92
6335.56
6729.53
6833.42
6495.15
5672.7
