2092.0
2141.77
1865.11
1529.65
1386.31
1288.11
1050.98
1425.16
1406.59
1606.04
1592.74
1564.47
1484.46
1416.09
1363.32
1396.1
1386.25
1439.05
1470.53
1487.34
1688.32
1395.79
1447.05
1433.11
1500.1
1221.11
1410.33
1125.16
1115.78
1201.92
1080.37
1105.06
1050.04
1024.55
997.5
1008.64
1038.07
1058.14
1098.29
1070.06
1321.26
1195.37
1253.61
1169.57
1125.06
1235.3
1321.26
1333.71
1964.31
1967.28
2137.59
1833.57
1966.29
2194.84
2388.33
2310.15
2584.21
2007.12
1809.54
1570.2
1518.55
1448.49
1410.42
1593.6
2143.52
2458.65
1879.87
1669.13
1856.43
1787.25
1846.9
1816.47
1974.69
2088.95
2329.44
2415.25
2305.64
2721.78
1941.41
1992.46
1535.65
1562.65
1435.88
1895.25
1973.44
1653.95
1945.82
2722.95
2883.21
2829.02
2969.83
2432.89
3005.01
2825.89
3078.91
3097.92
3229.6
3266.62
2976.85
2908.24
2086.18
2612.89
2025.58
2135.27
1982.93
2189.77
2542.69
2686.52
2852.93
2835.11
3079.99
3271.99
3190.12
3186.77
3245.26
3290.68
3626.88
3784.23
3593.41
3547.35
3315.26
3455.24
3426.45
3830.49
4215.21
4260.41
4351.63
5110.86
5298.72
5219.08
4938.61
4397.08
4341.74
4129.54
3865.83
4715.64
4002.88
3617.29
3597.92
3369.14
3774.81
2795.3
3294.08
3682.73
4111.99
4286.46
4290.59
4366.59
4326.76
4550.53
5062.44
5308.52
5228.84
5300.24
5408.52
5457.82
5572.09
5715.92
5799.24
5672.7
5860.99
5930.17
5989.27
6197.84
6318.61
6495.15
6814.76
6529.99
6398.77
6729.53
6839.59
6979.81
6964.01
7035.76
6890.94
7152.88
7222.08
7573.26
7198.85
7060.6
7245.13
7380.32
7312.85
7227.96
7641.77
7773.31
7739.86
8098.16
8039.45
7906.6
7840.31
7866.52
7832.22
7736.07
7500.79
7830.35
7670.37
8069.81
8144.02
8724.13
8084.88
8035.2
7993.09
7816.44
7630.26
7331.73
7170.7
7276.63
7575.15
7458.99
7532.9
7213.44
7489.2
7630.71
7877.19
7927.49
8256.28
8059.65
7404.61
6693.83
6335.56
6623.01
6712.21
7197.5
7703.1
7838.22
7742.53
7677.73
7773.92
8465.77
8144.16
8043.71
8738.72
8516.02
8001.57
7918.53
7341.65
7136.1
7041.27
7252.4
7268.06
7227.45
6919.59
6721.08
6894.23
6864.87
6763.38
6245.18
6588.28
6015.3
6209.71
6923.41
6508.21
6061.8
6627.43
6369.28
6446.31
6554.04
6646.55
6710.4
6742.97
6947.06
7106.01
7046.57
6833.42
7083.49
7093.42
7137.03
6923.6
6701.36
6514.72
6661.44
6607.13
6543.39
6642.27
7086.86
6749.28
7009.56
6872.97
6742.89
6526.62
6430.58
6586.01
6470.74
6206.24
5984.26
5783.15
6181.06
6312.03
6593.8
6672.69
6861.31
6826.61
6407.52
6165.35
6223.37
6785.94
6734.99
6304.53
5944.87
