2025.58
1992.46
2088.95
1606.04
1448.49
1425.16
1688.32
1562.65
1439.05
1535.65
1846.9
1386.31
1592.74
1895.25
1529.65
1787.25
1435.88
1396.1
1395.79
1321.26
1105.06
1235.3
1058.14
1070.06
1038.07
1195.37
1333.71
1386.25
1433.11
1447.05
1253.61
1288.11
1024.55
1050.98
1169.57
997.5
1406.59
1050.04
1221.11
1125.06
1410.42
1080.37
1115.78
1125.16
1098.29
1008.64
1201.92
1321.26
1416.09
1470.53
1484.46
1410.33
1669.13
1363.32
1500.1
1833.57
1570.2
1487.34
1518.55
1564.47
1809.54
1816.47
1865.11
1593.6
1879.87
1967.28
1973.44
2686.52
2143.52
2415.25
2310.15
2194.84
2969.83
3229.6
3455.24
3294.08
3005.01
1964.31
1856.43
2432.89
3369.14
3078.91
2458.65
1974.69
2825.89
3079.99
3290.68
3426.45
3774.81
3617.29
3597.92
3593.41
3190.12
3266.62
2908.24
2852.93
2189.77
2092.0
1966.29
1945.82
2007.12
2388.33
2829.02
3547.35
3315.26
3245.26
2612.89
2086.18
1941.41
1653.95
1982.93
2137.59
2883.21
3097.92
3186.77
2835.11
2542.69
2135.27
2976.85
2795.3
2584.21
2722.95
2305.64
2141.77
2329.44
2721.78
3271.99
3626.88
3682.73
3784.23
3830.49
4129.54
4002.88
3865.83
4111.99
4215.21
4341.74
4366.59
4326.76
4260.41
4286.46
4290.59
4351.63
4397.08
4550.53
4715.64
4938.61
5062.44
5228.84
5298.72
5300.24
5219.08
5308.52
5110.86
5672.7
5572.09
5408.52
5457.82
5930.17
6015.3
6763.38
6721.08
6526.62
6061.8
6607.13
6833.42
6964.01
6919.59
6923.6
7046.57
6979.81
7086.86
7093.42
6864.87
7035.76
6872.97
6923.41
7106.01
7137.03
7380.32
7575.15
7739.86
7816.44
7832.22
7500.79
7268.06
7670.37
7630.26
7677.73
7245.13
7341.65
7170.7
7222.08
7136.1
6947.06
7152.88
7083.49
7227.45
7312.85
7227.96
7532.9
7458.99
7331.73
7197.5
7198.85
7404.61
7213.44
7877.19
7838.22
7736.07
7742.53
8039.45
8035.2
8144.02
8043.71
7993.09
8724.13
8516.02
8084.88
7906.6
7641.77
7252.4
7489.2
7630.71
7773.31
7573.26
7703.1
7927.49
8465.77
8256.28
8069.81
8098.16
8001.57
7918.53
8059.65
7866.52
7840.31
7276.63
7830.35
8144.16
8738.72
7773.92
7041.27
7009.56
6734.99
6693.83
6729.53
6661.44
6749.28
6839.59
6742.97
6890.94
7060.6
6593.8
6642.27
6529.99
5984.26
5715.92
6369.28
6197.84
6304.53
6701.36
6712.21
6245.18
6508.21
6710.4
6826.61
6861.31
6894.23
6785.94
6742.89
6470.74
6335.56
5860.99
5989.27
5799.24
5944.87
6407.52
5783.15
6209.71
6554.04
6514.72
6588.28
6586.01
6206.24
6430.58
6223.37
6312.03
6672.69
6543.39
6446.31
6623.01
6398.77
6165.35
6181.06
6627.43
6646.55
6814.76
6495.15
6318.61
