1992.46
2305.64
2137.59
2329.44
1669.13
1433.11
1529.65
1125.06
1435.88
1288.11
1386.25
1439.05
1809.54
1964.31
1941.41
1592.74
1448.49
1115.78
1080.37
1169.57
1500.1
1570.2
1562.65
1606.04
1321.26
1363.32
1105.06
1038.07
1098.29
1221.11
1416.09
1395.79
1410.33
1058.14
1235.3
1201.92
1470.53
1125.16
1321.26
1253.61
1333.71
997.5
1050.98
1050.04
1024.55
1008.64
1195.37
1070.06
1386.31
1406.59
1535.65
1564.47
1487.34
1447.05
1484.46
1410.42
1846.9
1787.25
1396.1
1653.95
1425.16
1593.6
1982.93
1879.87
1856.43
2194.84
2143.52
2722.95
2088.95
2135.27
2189.77
2388.33
2415.25
2835.11
2612.89
2542.69
1967.28
2908.24
2829.02
2007.12
2883.21
2432.89
2458.65
2795.3
2584.21
1945.82
1974.69
1966.29
2852.93
3266.62
3294.08
3290.68
3271.99
3617.29
3369.14
3547.35
3593.41
3597.92
3245.26
3426.45
3229.6
3186.77
2976.85
3190.12
2969.83
3078.91
2310.15
2092.0
2086.18
1833.57
2141.77
1518.55
1895.25
1688.32
1816.47
1865.11
1973.44
2025.58
2825.89
2686.52
2721.78
3097.92
3079.99
3005.01
3455.24
3315.26
3626.88
3682.73
3774.81
4111.99
4260.41
3865.83
4002.88
3784.23
3830.49
4215.21
4290.59
4366.59
4341.74
4326.76
4351.63
4129.54
4286.46
4397.08
4550.53
4715.64
5110.86
4938.61
5219.08
5062.44
5298.72
5228.84
5300.24
5408.52
6181.06
6369.28
6872.97
6721.08
7136.1
6947.06
7106.01
6785.94
6742.97
6923.6
6430.58
6701.36
6514.72
6304.53
5783.15
6015.3
5984.26
6508.21
6245.18
6446.31
6312.03
6529.99
6623.01
6763.38
6712.21
6894.23
6890.94
7093.42
7222.08
7575.15
7866.52
7838.22
8035.2
8043.71
7736.07
7341.65
7918.53
7213.44
7532.9
7742.53
8001.57
8256.28
8465.77
8738.72
8724.13
8516.02
8144.16
7927.49
7677.73
7641.77
7773.31
7046.57
7906.6
7630.26
7500.79
7773.92
7703.1
7840.31
7816.44
7993.09
8059.65
8084.88
8098.16
8144.02
8069.81
7877.19
7832.22
7830.35
7739.86
7331.73
8039.45
6814.76
7197.5
7060.6
7137.03
7227.96
7380.32
7489.2
7670.37
7404.61
7268.06
7245.13
6979.81
6734.99
7035.76
7086.86
7276.63
7198.85
6729.53
6223.37
6061.8
6742.89
7083.49
6470.74
6206.24
6554.04
6710.4
7009.56
6839.59
6826.61
7170.7
6586.01
6833.42
6864.87
6607.13
6672.69
7252.4
7041.27
7630.71
7152.88
6923.41
7227.45
6919.59
6661.44
6646.55
6495.15
6209.71
5989.27
6165.35
6335.56
6593.8
7312.85
7573.26
7458.99
6861.31
6407.52
5799.24
5715.92
5457.82
6318.61
6197.84
5860.99
5672.7
5930.17
5308.52
5944.87
6398.77
6642.27
6693.83
6543.39
6588.28
6526.62
6627.43
6964.01
6749.28
5572.09
