1809.54
1856.43
1606.04
1570.2
1395.79
1447.05
1435.88
1487.34
1416.09
1535.65
1562.65
1653.95
2007.12
1973.44
1992.46
1945.82
1964.31
1564.47
1363.32
1879.87
1195.37
1470.53
1321.26
1115.78
1080.37
1105.06
1410.33
1050.98
1439.05
1201.92
1386.31
1396.1
1288.11
1221.11
1125.06
1448.49
1125.16
1484.46
1592.74
1410.42
1787.25
1846.9
1833.57
1593.6
1333.71
1098.29
1024.55
1008.64
1050.04
1235.3
1386.25
1058.14
1253.61
1321.26
1406.59
1038.07
1529.65
997.5
1070.06
1169.57
1425.16
1433.11
1518.55
1500.1
1688.32
1865.11
1941.41
1974.69
2088.95
2305.64
2189.77
2584.21
2908.24
3005.01
2883.21
3245.26
3079.99
3190.12
3097.92
2721.78
2458.65
2194.84
2310.15
2415.25
2969.83
3186.77
3229.6
2835.11
3266.62
3294.08
3315.26
3455.24
3426.45
3593.41
3774.81
3682.73
4215.21
3784.23
3597.92
3369.14
3078.91
2825.89
2612.89
2388.33
2329.44
2143.52
1966.29
2137.59
1816.47
1967.28
2086.18
1895.25
1982.93
2092.0
1669.13
2135.27
2025.58
2141.77
2432.89
2795.3
2722.95
2542.69
2829.02
2976.85
2686.52
2852.93
3290.68
3271.99
3617.29
3865.83
4260.41
4111.99
3626.88
3547.35
4351.63
4397.08
4326.76
4002.88
3830.49
4129.54
4286.46
4290.59
4341.74
4366.59
4550.53
4715.64
4938.61
5062.44
5219.08
5930.17
6197.84
5672.7
5228.84
5110.86
5408.52
5715.92
6312.03
6586.01
6729.53
6514.72
6839.59
6593.8
6710.4
6742.97
6833.42
7086.86
7641.77
6919.59
6923.41
6693.83
6529.99
6890.94
7093.42
7489.2
7046.57
6785.94
7009.56
6979.81
7035.76
7458.99
7197.5
7630.26
7677.73
7245.13
6826.61
6661.44
6894.23
7404.61
7137.03
6814.76
7670.37
6964.01
7268.06
7227.96
7136.1
7532.9
7341.65
7840.31
8035.2
8516.02
8084.88
8059.65
7866.52
7830.35
7832.22
7742.53
7703.1
7573.26
7060.6
7198.85
7252.4
6721.08
7213.44
6923.6
7222.08
7380.32
7816.44
8144.16
8144.02
8724.13
8738.72
8098.16
7927.49
7993.09
8069.81
8039.45
8001.57
7918.53
8043.71
8465.77
7906.6
8256.28
7877.19
7838.22
7773.31
7736.07
7739.86
7276.63
7331.73
7170.7
7312.85
6864.87
6588.28
6430.58
6318.61
6446.31
6701.36
6554.04
6627.43
6335.56
6495.15
6508.21
6304.53
6245.18
6526.62
6734.99
7227.45
7630.71
7575.15
6763.38
6742.89
7152.88
7773.92
7500.79
7041.27
7106.01
7083.49
6861.31
6749.28
6623.01
6369.28
6181.06
5989.27
5572.09
5944.87
6015.3
6061.8
6206.24
6470.74
6398.77
6543.39
6642.27
6672.69
6872.97
6947.06
6712.21
6407.52
6223.37
6165.35
5799.24
5860.99
5308.52
5300.24
5298.72
5457.82
5984.26
6209.71
6607.13
6646.55
5783.15
