3097.92
3190.12
2542.69
2686.52
2829.02
2329.44
1529.65
1787.25
1833.5700000000002
1487.34
1410.42
1201.92
1416.09
1080.37
1115.78
1406.59
1125.16
1606.04
1895.25
1982.9299999999998
1964.31
1535.65
1386.31
1221.1100000000001
1169.57
1058.14
1321.26
1038.07
1070.06
1050.98
997.5
1008.64
1050.04
1024.55
1195.37
1253.6100000000001
1386.25
1333.71
1435.88
1593.6
1992.46
1448.49
1363.32
1288.1100000000001
1125.06
1105.06
1098.29
1235.3
1321.26
1425.16
1433.1100000000001
1395.79
1396.1
1410.33
1470.53
2137.59
2189.77
1966.29
2143.52
1562.65
1447.05
1439.05
2007.12
1570.2
1816.47
1484.46
1564.47
1967.28
2025.58
1945.8200000000002
1879.87
2141.77
2086.18
2092.0
1941.4099999999999
2310.15
2088.95
2415.25
2388.33
2135.27
1973.44
2305.64
2458.65
2432.89
2584.21
2835.11
2721.7799999999997
2969.83
3186.77
3271.99
3547.35
3784.23
4286.46
4260.41
4002.88
3617.29
3593.41
3455.24
3294.08
3245.26
3229.6
2795.3
2194.84
1856.4299999999998
1518.55
1688.3200000000002
1846.9
1500.1
1865.1100000000001
1592.74
1653.95
1809.54
1669.13
1974.69
2825.89
2852.93
3079.99
2908.24
2976.85
2883.21
3005.01
2722.95
2612.89
3078.91
3266.62
3426.45
3626.88
4111.99
4326.76
3682.73
4290.59
3774.81
4366.59
4341.74
4215.21
4129.54
3290.68
3369.14
3865.83
3597.92
3830.49
3315.26
4351.63
4397.08
5110.86
4938.61
4550.53
5062.44
5219.08
4715.64
5228.84
5308.52
5672.7
5944.87
6514.72
6543.39
6446.31
6526.62
6470.74
6627.43
6646.55
6529.99
5930.17
5408.52
5298.72
5572.09
6223.37
6495.15
6206.24
6304.53
6672.6900000000005
7331.73
7630.26
7197.5
6919.59
6947.0599999999995
6826.61
7106.01
6861.3099999999995
7152.88
7060.6
7093.42
7198.85
7341.65
7532.9
7773.3099999999995
7816.4400000000005
7641.77
7086.86
7009.56
7677.73
7703.1
7227.96
6979.8099999999995
6721.08
6923.6
7906.6
7918.53
8144.16
8516.02
8144.02
7993.09
7245.13
6894.23
6923.41
7276.63
7739.86
8039.45
8098.16
7877.1900000000005
7927.49
7742.53
7489.2
7500.79
7832.22
7736.07
8043.71
8256.28
8465.77
7840.3099999999995
8724.13
7838.22
8069.81
8059.65
8035.2
7458.99
7222.08
7136.1
7404.61
8084.88
8738.72
8001.57
7630.71
7083.49
7575.15
7573.26
6833.42
7670.37
7380.32
7866.52
7773.92
7312.85
7137.03
6701.36
6593.8
6508.21
6407.52
6398.77
6181.06
6015.3
6318.61
6693.83
6742.97
6839.59
6763.38
6607.13
6642.27
6712.21
6864.87
6710.4
6742.89
6890.9400000000005
7046.57
6814.76
7035.76
7213.44
7170.7
7252.4
6964.01
6623.01
6209.71
6165.35
5457.82
6312.03
6061.8
6785.9400000000005
7041.27
7830.35
7227.45
6734.99
6729.53
6749.28
6197.84
6586.01
6661.4400000000005
6335.56
6245.18
6369.28
6430.58
5799.24
6554.04
6872.97
7268.06
6588.28
5984.26
5715.92
5989.27
5300.24
5860.99
5783.15
