1879.87
2088.95
1945.82
1518.55
1058.14
1386.31
1433.11
1964.31
1865.11
1856.43
1653.95
1564.47
1386.25
2025.58
1570.2
1688.32
1333.71
1439.05
1395.79
1024.55
1406.59
1416.09
1115.78
1500.1
1221.11
1105.06
1288.11
1125.16
1484.46
1669.13
1487.34
1833.57
1606.04
1425.16
1410.33
1080.37
997.5
1008.64
1050.98
1098.29
1050.04
1070.06
1125.06
1038.07
1201.92
1253.61
1195.37
1169.57
1363.32
1787.25
1592.74
1435.88
1593.6
1235.3
1535.65
1562.65
1470.53
1321.26
1410.42
1396.1
1529.65
1809.54
1982.93
1816.47
2092.0
3186.77
3190.12
3245.26
3547.35
3290.68
3097.92
3005.01
3271.99
2835.11
2612.89
2329.44
2141.77
2458.65
1941.41
1895.25
1448.49
1447.05
1321.26
1846.9
1973.44
2305.64
2143.52
2135.27
2686.52
2883.21
2722.95
2721.78
2969.83
3079.99
3229.6
3455.24
3597.92
2976.85
3369.14
2194.84
1966.29
1967.28
1974.69
2086.18
2310.15
2908.24
2852.93
2432.89
2584.21
2388.33
2189.77
2007.12
1992.46
2795.3
2137.59
3294.08
3078.91
3266.62
2415.25
2825.89
2542.69
2829.02
3315.26
3426.45
3593.41
3617.29
3830.49
3626.88
4215.21
4286.46
4326.76
4129.54
3865.83
4002.88
4260.41
4397.08
4341.74
4351.63
4111.99
3784.23
3682.73
3774.81
4290.59
4550.53
4938.61
4366.59
5110.86
5062.44
5298.72
5457.82
5300.24
5228.84
4715.64
5219.08
5308.52
5944.87
5930.17
6061.8
6514.72
6543.39
6861.31
6742.97
6785.94
6964.01
7035.76
7009.56
7213.44
6923.6
6833.42
6826.61
7083.49
7060.6
7341.65
7630.71
7877.19
7331.73
7086.86
6872.97
6729.53
6749.28
6947.06
7227.96
7404.61
7840.31
7136.1
7742.53
7380.32
7630.26
7197.5
6979.81
7312.85
6919.59
7093.42
6923.41
7170.7
7046.57
7041.27
7245.13
7575.15
7677.73
7736.07
8738.72
7641.77
7816.44
7703.1
8098.16
7918.53
8059.65
8035.2
7927.49
7773.92
7993.09
8001.57
7906.6
8069.81
7832.22
8256.28
8144.16
7830.35
7739.86
7222.08
7198.85
7137.03
7458.99
7670.37
7532.9
7500.79
7773.31
7838.22
8039.45
8043.71
8084.88
8144.02
8465.77
8516.02
8724.13
7866.52
7573.26
7252.4
7227.45
6864.87
6721.08
6586.01
5984.26
5715.92
5783.15
5572.09
5408.52
5672.7
5860.99
6015.3
6304.53
6398.77
6446.31
6672.69
6710.4
6646.55
6623.01
6508.21
6181.06
6554.04
6627.43
6839.59
6742.89
6890.94
7106.01
7489.2
7268.06
7276.63
7152.88
6894.23
6734.99
6529.99
6197.84
6495.15
6814.76
6712.21
6407.52
5989.27
6526.62
6701.36
6661.44
6693.83
6642.27
6593.8
6209.71
6318.61
6206.24
6312.03
6165.35
6245.18
6430.58
6470.74
6223.37
6335.56
6369.28
6763.38
6607.13
6588.28
5799.24
