2025.58
2722.95
2969.83
2825.89
1809.54
1333.71
1321.26
1395.79
1201.92
1221.11
1125.16
1070.06
1169.57
1288.11
1500.1
2007.12
2584.21
2086.18
1973.44
1846.9
1992.46
1653.95
1856.43
1974.69
1593.6
1562.65
1787.25
1435.88
1386.25
1406.59
1439.05
1425.16
1396.1
1195.37
1115.78
1050.98
1024.55
1008.64
1038.07
997.5
1050.04
1058.14
1105.06
1386.31
1235.3
1410.33
1518.55
1125.06
1470.53
1448.49
1592.74
1363.32
1564.47
1447.05
1410.42
1253.61
1321.26
1098.29
1080.37
1433.11
1416.09
1487.34
1570.2
1484.46
1535.65
1669.13
1833.57
1879.87
1966.29
1865.11
1606.04
1816.47
1895.25
1967.28
2088.95
2141.77
2415.25
2852.93
2908.24
2829.02
2388.33
2542.69
2458.65
2795.3
2835.11
2686.52
3079.99
2310.15
2612.89
3229.6
3245.26
3290.68
3190.12
3593.41
3078.91
2189.77
2883.21
3186.77
3682.73
3294.08
3097.92
2976.85
3005.01
2432.89
2143.52
2194.84
2137.59
2092.0
1941.41
1945.82
1529.65
1688.32
1964.31
1982.93
2135.27
2305.64
2329.44
2721.78
3266.62
3271.99
3455.24
3426.45
3626.88
3617.29
3547.35
3315.26
3597.92
3369.14
3784.23
3774.81
3865.83
4002.88
4111.99
3830.49
4129.54
4260.41
4286.46
4326.76
4341.74
4290.59
4366.59
4215.21
4351.63
4938.61
5110.86
4715.64
5219.08
4397.08
5062.44
4550.53
5228.84
5298.72
5408.52
5308.52
5944.87
6701.36
6864.87
7083.49
6964.01
7830.35
6712.21
6223.37
5799.24
5783.15
6015.3
6872.97
7198.85
6979.81
7046.57
6890.94
6919.59
6861.31
6923.6
7060.6
7312.85
7489.2
7532.9
7677.73
7816.44
7832.22
7227.96
7918.53
7866.52
7773.92
7630.71
7245.13
7268.06
7380.32
7136.1
7500.79
7331.73
7222.08
7106.01
7086.86
7009.56
7276.63
7877.19
8144.02
8084.88
8043.71
8256.28
7641.77
7742.53
7137.03
7213.44
7575.15
7170.7
7227.45
7041.27
7093.42
7197.5
7341.65
7630.26
7840.31
8098.16
8144.16
8516.02
8724.13
8738.72
8465.77
8035.2
7838.22
7670.37
7736.07
7773.31
7573.26
7458.99
7739.86
7703.1
8059.65
7993.09
8069.81
8039.45
8001.57
7927.49
7906.6
7252.4
7404.61
7152.88
6947.06
7035.76
6623.01
5930.17
5672.7
5860.99
6165.35
5984.26
5457.82
5572.09
5300.24
5989.27
6181.06
6693.83
6495.15
6529.99
6672.69
6742.89
6721.08
6446.31
6543.39
6304.53
6508.21
6312.03
6369.28
6607.13
6814.76
6894.23
6785.94
6734.99
6398.77
6470.74
6646.55
6586.01
6245.18
6710.4
6763.38
6318.61
6593.8
6407.52
6209.71
6206.24
6430.58
6627.43
6749.28
6742.97
6826.61
6729.53
6833.42
6839.59
6588.28
6554.04
6526.62
6335.56
6642.27
6061.8
6514.72
6923.41
6661.44
6197.84
5715.92
