2722.95
3078.91
2721.78
2612.89
1974.69
1653.95
1846.9
1562.65
1439.05
1333.71
1433.11
1425.16
1435.88
1484.46
1816.47
1321.26
1500.1
2086.18
1570.2
1288.11
1396.1
1080.37
997.5
1024.55
1169.57
1105.06
1125.06
1008.64
1115.78
1050.04
1195.37
1125.16
1058.14
1050.98
1098.29
1386.25
1221.11
1321.26
1470.53
1386.31
1070.06
1395.79
1038.07
1410.33
1833.57
1809.54
1606.04
1518.55
1895.25
1941.41
1945.82
1448.49
1487.34
1253.61
1406.59
1688.32
1416.09
1535.65
1669.13
1787.25
1593.6
1879.87
1529.65
1363.32
1235.3
1447.05
1201.92
1410.42
1564.47
1992.46
1592.74
2194.84
2007.12
2088.95
2025.58
1967.28
2141.77
2458.65
2305.64
2432.89
2388.33
2329.44
2415.25
2542.69
2795.3
2852.93
2976.85
3005.01
3369.14
3682.73
3271.99
3245.26
2969.83
3186.77
3290.68
3294.08
3455.24
2883.21
2908.24
2584.21
2137.59
1982.93
2143.52
2135.27
1973.44
2092.0
1865.11
1966.29
1856.43
1964.31
2189.77
2310.15
2835.11
3190.12
3597.92
3830.49
4002.88
4111.99
3617.29
3097.92
2825.89
2686.52
2829.02
3266.62
3784.23
3774.81
4341.74
4286.46
4129.54
3547.35
3315.26
3079.99
3426.45
3229.6
3626.88
4215.21
3593.41
4260.41
3865.83
4290.59
4326.76
4351.63
4366.59
4550.53
4397.08
4715.64
4938.61
5219.08
5308.52
5300.24
5408.52
5228.84
5110.86
5062.44
5298.72
5572.09
5930.17
6588.28
6446.31
6529.99
6623.01
6514.72
6223.37
6398.77
6304.53
6712.21
6318.61
6061.8
5457.82
5984.26
6554.04
6701.36
6369.28
6785.94
6734.99
6742.97
6861.31
6894.23
7060.6
7252.4
7227.45
7739.86
7918.53
8144.02
8098.16
8465.77
7816.44
7840.31
7213.44
7197.5
7222.08
7404.61
7906.6
8039.45
7773.92
7630.26
7832.22
7877.19
8069.81
7575.15
8035.2
7838.22
7641.77
7041.27
7198.85
7093.42
7170.7
7245.13
7312.85
7341.65
7573.26
7742.53
8001.57
7331.73
7830.35
7630.71
8516.02
8738.72
8724.13
8084.88
7736.07
7703.1
8059.65
8256.28
8144.16
7227.96
7458.99
7137.03
7532.9
7993.09
7773.31
7927.49
8043.71
7866.52
7500.79
7489.2
7380.32
7276.63
7677.73
7670.37
7136.1
6923.41
6661.44
5989.27
5944.87
6209.71
6470.74
6181.06
6312.03
6165.35
6543.39
6508.21
6607.13
6721.08
6729.53
6872.97
6839.59
6964.01
7106.01
7083.49
7268.06
7152.88
7086.86
7009.56
6919.59
6890.94
6693.83
6710.4
6015.3
6197.84
5672.7
5715.92
6206.24
6430.58
6593.8
6672.69
6814.76
6864.87
6833.42
6947.06
7046.57
7035.76
6923.6
6763.38
6407.52
6526.62
6627.43
6749.28
6335.56
5783.15
6586.01
6742.89
6495.15
6245.18
5799.24
5860.99
6646.55
6826.61
6979.81
6642.27
