1470.53
1833.57
1448.49
1439.05
1416.09
1535.65
1967.28
1518.55
1570.2
1564.47
1593.6
1688.32
1895.25
1966.29
2135.27
1865.11
1879.87
1653.95
1435.88
1321.26
1410.33
1253.61
1321.26
1386.31
1500.1
1487.34
1363.32
1333.71
1816.47
1846.9
1396.1
1098.29
1050.98
1050.04
1195.37
1201.92
1080.37
997.5
1008.64
1024.55
1070.06
1058.14
1038.07
1221.11
1169.57
1105.06
1115.78
1125.06
1395.79
1606.04
1669.13
1592.74
1484.46
1406.59
1410.42
1288.11
1433.11
1235.3
1386.25
1447.05
1125.16
1425.16
1562.65
1529.65
1809.54
1982.93
1787.25
2415.25
2329.44
2584.21
2542.69
2686.52
2795.3
2969.83
2310.15
2835.11
1856.43
2388.33
2088.95
1945.82
2086.18
2432.89
2141.77
2721.78
2976.85
3186.77
3245.26
3315.26
3294.08
3290.68
3547.35
3597.92
3784.23
3830.49
3617.29
3593.41
3626.88
3455.24
3369.14
3271.99
3097.92
2908.24
2825.89
3079.99
2829.02
3078.91
2852.93
2194.84
2305.64
2007.12
2143.52
1992.46
1964.31
1941.41
2025.58
2189.77
1973.44
1974.69
2092.0
2137.59
2883.21
3005.01
3190.12
2722.95
2458.65
2612.89
3266.62
3229.6
3426.45
3682.73
3774.81
4290.59
4260.41
4002.88
4550.53
4341.74
4366.59
4397.08
4215.21
4286.46
4129.54
3865.83
4111.99
4326.76
4351.63
4715.64
5062.44
5300.24
5457.82
5944.87
5715.92
5228.84
4938.61
5110.86
5219.08
5298.72
5860.99
5984.26
6209.71
6554.04
6446.31
6864.87
6763.38
6872.97
6712.21
6923.6
6785.94
6749.28
6607.13
6543.39
6623.01
6646.55
6742.97
6861.31
6833.42
6919.59
6894.23
7245.13
7404.61
7630.26
7458.99
7532.9
7227.45
7341.65
7197.5
7268.06
7093.42
7739.86
7773.31
7773.92
7906.6
7641.77
7500.79
7170.7
6947.06
7276.63
7312.85
7703.1
7227.96
7106.01
7742.53
7136.1
7198.85
7086.86
7137.03
7222.08
7573.26
7575.15
7630.71
7380.32
7489.2
7830.35
8035.2
7838.22
8059.65
7877.19
8098.16
8256.28
8144.02
7918.53
7927.49
7670.37
7677.73
7832.22
7866.52
7840.31
7993.09
8043.71
8516.02
8738.72
8465.77
8724.13
8144.16
8069.81
8084.88
8039.45
8001.57
7816.44
7736.07
7252.4
6923.41
6710.4
6312.03
5408.52
5572.09
5672.7
5783.15
6181.06
6015.3
6061.8
6245.18
6593.8
6642.27
6742.89
6814.76
6693.83
6588.28
6223.37
7083.49
6890.94
6839.59
7009.56
7060.6
7046.57
6826.61
7213.44
6979.81
7035.76
7152.88
7331.73
6964.01
7041.27
6734.99
6586.01
6529.99
6729.53
6470.74
6407.52
5989.27
5799.24
5930.17
6206.24
6495.15
6514.72
6398.77
6318.61
6304.53
6672.69
6430.58
6165.35
6661.44
6335.56
6526.62
6369.28
6197.84
6627.43
6508.21
6721.08
6701.36
5308.52
