2143.52
2795.3
2007.12
1973.44
1966.29
1529.65
1593.6
1439.05
1416.09
1435.88
1447.05
1363.32
1448.49
1562.65
1564.47
1606.04
1816.47
1879.87
1846.9
1570.2
1833.57
1518.55
1235.3
1321.26
1038.07
1070.06
1008.64
1253.61
1125.16
1386.25
1333.71
1395.79
1221.11
1115.78
1058.14
1050.04
1080.37
1125.06
1288.11
1098.29
1024.55
997.5
1050.98
1396.1
1410.42
1406.59
1410.33
1169.57
1321.26
1201.92
1195.37
1105.06
1386.31
1425.16
1982.93
1865.11
1787.25
1967.28
1433.11
1592.74
1669.13
1653.95
1535.65
1470.53
1688.32
1500.1
1487.34
1484.46
1809.54
1856.43
1941.41
2137.59
2722.95
3078.91
3266.62
2883.21
2829.02
2388.33
2025.58
1895.25
1992.46
1974.69
1945.82
1964.31
3097.92
2305.64
2908.24
2835.11
3190.12
3294.08
3682.73
3547.35
2976.85
2584.21
3005.01
3426.45
3290.68
3245.26
2542.69
2092.0
2686.52
2721.78
2086.18
2088.95
2825.89
3079.99
2310.15
2135.27
2141.77
2189.77
2194.84
2852.93
2432.89
2458.65
2329.44
2415.25
2612.89
2969.83
3229.6
3186.77
3271.99
3369.14
3315.26
3626.88
3593.41
3597.92
3455.24
3784.23
3830.49
3774.81
3617.29
4260.41
4111.99
3865.83
4215.21
4290.59
4129.54
4326.76
4351.63
4341.74
4002.88
4286.46
4366.59
4397.08
4550.53
4938.61
4715.64
5062.44
5219.08
5110.86
5228.84
5298.72
5308.52
5300.24
5944.87
5930.17
5672.7
6165.35
6181.06
5783.15
5984.26
6015.3
5572.09
6335.56
6209.71
6554.04
6947.06
6526.62
7137.03
7198.85
7312.85
7152.88
6872.97
6529.99
6446.31
6833.42
7136.1
7630.26
8001.57
8084.88
7906.6
7404.61
7106.01
6864.87
6964.01
7083.49
7213.44
7222.08
7170.7
7197.5
7641.77
7489.2
7331.73
7252.4
7227.45
7773.31
7830.35
7742.53
7575.15
8035.2
7670.37
7677.73
7773.92
7041.27
7532.9
7573.26
7245.13
8039.45
7866.52
7458.99
7227.96
7500.79
7276.63
7838.22
7739.86
7877.19
8069.81
8144.16
8256.28
8144.02
8465.77
8516.02
8724.13
8738.72
8059.65
8043.71
7703.1
7816.44
7736.07
8098.16
7268.06
7380.32
7927.49
7993.09
7840.31
7918.53
7832.22
7630.71
7341.65
7086.86
6923.41
6623.01
6508.21
5989.27
5715.92
5799.24
5408.52
5457.82
6061.8
5860.99
6245.18
6407.52
6398.77
6672.69
6586.01
6646.55
6729.53
6894.23
7093.42
7035.76
6919.59
6861.31
6763.38
6710.4
7009.56
7060.6
7046.57
6890.94
6923.6
6661.44
6642.27
6593.8
6543.39
6318.61
6693.83
6749.28
6839.59
6785.94
6514.72
6814.76
6627.43
6304.53
6223.37
6197.84
6312.03
6369.28
6495.15
6470.74
6430.58
6588.28
6734.99
6979.81
6826.61
6701.36
6607.13
6742.89
6712.21
6742.97
6721.08
6206.24
