1879.87
2194.84
1435.88
1410.42
1080.37
1058.14
1395.79
1410.33
1592.74
1487.34
1562.65
1447.05
1470.53
1570.2
1529.65
1484.46
1688.32
1945.82
1856.43
1653.95
1416.09
1386.31
1333.71
1386.25
1288.11
1363.32
1169.57
1050.04
1050.98
1201.92
1125.16
1038.07
1115.78
1024.55
1008.64
1070.06
1105.06
1195.37
1321.26
1221.11
1500.1
1448.49
1564.47
1235.3
1321.26
997.5
1098.29
1125.06
1253.61
1425.16
1535.65
1846.9
1787.25
1439.05
1396.1
1406.59
1433.11
1518.55
1606.04
1895.25
1669.13
1809.54
1593.6
1816.47
1833.57
1967.28
1964.31
1941.41
1982.93
2835.11
1966.29
2542.69
2329.44
2025.58
2189.77
2388.33
2310.15
2612.89
2086.18
2007.12
2135.27
2137.59
2092.0
2432.89
2143.52
2852.93
3097.92
3079.99
3271.99
3290.68
3266.62
3369.14
3294.08
3626.88
3315.26
3547.35
3682.73
3830.49
4260.41
4111.99
3190.12
3245.26
2721.78
2908.24
2829.02
2722.95
2686.52
2458.65
2305.64
2088.95
2415.25
1973.44
1974.69
1865.11
1992.46
2141.77
2584.21
2795.3
2883.21
2976.85
3078.91
2969.83
3229.6
3005.01
2825.89
3186.77
3593.41
3426.45
4286.46
4002.88
3597.92
3865.83
3455.24
3617.29
3774.81
4215.21
3784.23
4129.54
4290.59
4351.63
4326.76
4341.74
4366.59
4397.08
5062.44
4550.53
4938.61
4715.64
5110.86
5308.52
5408.52
5228.84
5219.08
5298.72
5300.24
5944.87
6495.15
6742.97
6890.94
6721.08
6710.4
6543.39
6554.04
6693.83
6181.06
6785.94
6749.28
6586.01
6470.74
6407.52
6206.24
6197.84
6223.37
6861.31
6642.27
6919.59
7009.56
7136.1
7086.86
7341.65
7252.4
7227.96
7222.08
7630.26
7739.86
7670.37
7380.32
7137.03
7093.42
7106.01
7331.73
7532.9
7736.07
7198.85
7404.61
7838.22
7877.19
8724.13
8256.28
8144.16
8098.16
8084.88
8043.71
7832.22
7500.79
7268.06
7197.5
7276.63
7152.88
7245.13
7213.44
6979.81
7041.27
8039.45
7630.71
7312.85
8516.02
7927.49
8001.57
7918.53
7866.52
7170.7
7641.77
7458.99
7816.44
7489.2
7573.26
7677.73
7830.35
7742.53
7993.09
8069.81
8465.77
8144.02
8035.2
8738.72
8059.65
7906.6
7840.31
7703.1
7575.15
7227.45
7060.6
6964.01
6763.38
6833.42
6864.87
6607.13
6209.71
6304.53
6814.76
6894.23
6947.06
6923.6
6923.41
6826.61
6245.18
6734.99
6872.97
7035.76
7773.92
7773.31
7083.49
6446.31
6165.35
6672.69
7046.57
6701.36
6015.3
5715.92
5860.99
5930.17
5783.15
5672.7
5989.27
6398.77
6335.56
6646.55
6312.03
6588.28
6369.28
6712.21
6742.89
6839.59
6430.58
6508.21
5457.82
5799.24
6061.8
5984.26
6318.61
6623.01
6529.99
6593.8
6627.43
6514.72
6729.53
6526.62
6661.44
5572.09
