2189.77
2883.21
2135.27
1688.32
1592.74
1945.82
2329.44
2305.64
2137.59
2310.15
2088.95
1895.25
1570.2
1879.87
1856.43
2086.18
2194.84
2007.12
1966.29
1669.13
1809.54
1653.95
1470.53
1396.1
1363.32
1500.1
1058.14
1410.33
1169.57
1221.11
1125.06
1386.31
1195.37
1070.06
1024.55
1080.37
1125.16
1941.41
1518.55
1050.04
1008.64
997.5
1105.06
1115.78
1038.07
1050.98
1395.79
1406.59
1564.47
1562.65
1484.46
1439.05
1529.65
1425.16
1321.26
1410.42
1447.05
1321.26
1435.88
1288.11
1253.61
1235.3
1201.92
1098.29
1333.71
1593.6
1433.11
1448.49
1816.47
1982.93
1973.44
1967.28
2388.33
2612.89
2795.3
2143.52
1964.31
1974.69
2025.58
2415.25
2458.65
2432.89
2584.21
2969.83
3190.12
3186.77
3079.99
3229.6
3294.08
3547.35
4111.99
3774.81
3865.83
4215.21
4129.54
3593.41
3426.45
3271.99
3245.26
3290.68
2852.93
3097.92
2542.69
2686.52
1992.46
2092.0
1535.65
1833.57
1416.09
1386.25
1487.34
1606.04
1787.25
1865.11
1846.9
2722.95
2141.77
2908.24
2825.89
2835.11
2721.78
2829.02
3078.91
2976.85
3005.01
3266.62
3315.26
3369.14
4286.46
4326.76
4341.74
4366.59
4290.59
4260.41
3682.73
3626.88
3455.24
4002.88
3597.92
3784.23
3617.29
3830.49
4351.63
4397.08
4550.53
4715.64
5062.44
4938.61
5457.82
5989.27
5672.7
5219.08
6165.35
5408.52
5984.26
6197.84
6206.24
6514.72
6721.08
6646.55
6947.06
6833.42
6814.76
6785.94
6526.62
6623.01
6627.43
6398.77
6593.8
6661.44
6734.99
6872.97
6712.21
6923.6
7086.86
7060.6
7227.45
7136.1
7252.4
7575.15
7331.73
7489.2
7276.63
7404.61
7222.08
7500.79
7170.7
7739.86
6890.94
7630.26
7573.26
7268.06
7152.88
7106.01
7213.44
7703.1
7830.35
8001.57
8069.81
8098.16
8035.2
7866.52
7677.73
7380.32
7532.9
7816.44
7742.53
7736.07
7840.31
8039.45
7918.53
8059.65
7906.6
7838.22
7993.09
7641.77
8724.13
8738.72
8084.88
7877.19
7773.31
6979.81
6693.83
7046.57
7227.96
7341.65
7832.22
7927.49
8144.02
8144.16
8256.28
8516.02
8465.77
8043.71
7630.71
7458.99
7009.56
6964.01
7137.03
7245.13
7197.5
7093.42
6710.4
6586.01
6470.74
5930.17
6446.31
5783.15
5944.87
5228.84
6061.8
6209.71
6304.53
6369.28
6529.99
6554.04
6495.15
6839.59
6861.31
7083.49
7312.85
7773.92
7670.37
7035.76
6742.97
6826.61
6729.53
6894.23
7041.27
6763.38
6742.89
6672.69
6588.28
6335.56
7198.85
6749.28
6923.41
6864.87
6607.13
6407.52
6223.37
5572.09
5308.52
5715.92
5799.24
5860.99
5298.72
5110.86
5300.24
6181.06
6642.27
6919.59
6701.36
6318.61
6312.03
6508.21
6430.58
6245.18
6543.39
6015.3
