2092.0
2542.69
1973.44
1606.04
1386.31
1115.78
1321.26
1253.61
1416.09
1856.43
1945.82
1964.31
1982.93
1688.32
1529.65
1410.33
1288.11
1333.71
1221.11
1195.37
1201.92
1169.57
1070.06
1038.07
1024.55
1050.04
1386.25
1363.32
1439.05
1570.2
1396.1
1125.06
1050.98
1008.64
997.5
1098.29
1321.26
1395.79
1500.1
1425.16
1406.59
1125.16
1058.14
1080.37
1105.06
1235.3
1433.11
1410.42
1518.55
1592.74
1564.47
1435.88
1787.25
2141.77
2458.65
2088.95
2305.64
1809.54
1967.28
1974.69
2086.18
2189.77
2143.52
2025.58
1941.41
2135.27
1487.34
1895.25
1816.47
1562.65
1447.05
1470.53
1484.46
1865.11
1966.29
1992.46
1846.9
1879.87
1593.6
1833.57
1669.13
1448.49
1535.65
1653.95
2007.12
2137.59
2415.25
2612.89
2584.21
2883.21
3079.99
3229.6
3266.62
3245.26
3190.12
3097.92
3078.91
2908.24
2829.02
2825.89
2721.78
2969.83
2432.89
2795.3
2329.44
2310.15
2686.52
2194.84
2852.93
2976.85
2388.33
2722.95
2835.11
3005.01
3271.99
3290.68
3186.77
3617.29
3455.24
3593.41
3830.49
3294.08
3315.26
3597.92
3426.45
3547.35
3626.88
3784.23
4351.63
3774.81
4260.41
4111.99
4215.21
4286.46
4129.54
4550.53
4397.08
4366.59
4341.74
4002.88
3682.73
3369.14
3865.83
4290.59
4326.76
4715.64
4938.61
5219.08
5062.44
5110.86
5298.72
5228.84
5300.24
5408.52
5930.17
5989.27
6061.8
6015.3
6165.35
6245.18
7083.49
7331.73
6923.6
5715.92
5308.52
6206.24
6318.61
5783.15
5672.7
5572.09
5457.82
5944.87
5860.99
6223.37
6529.99
6446.31
6964.01
7041.27
7136.1
7927.49
7838.22
8256.28
8738.72
8516.02
8059.65
7993.09
8069.81
8144.16
7918.53
7877.19
7736.07
7677.73
7500.79
7742.53
7630.71
7773.92
7773.31
8043.71
8039.45
8035.2
7830.35
7575.15
7227.96
7197.5
7106.01
7222.08
7341.65
7532.9
7380.32
7152.88
7137.03
7641.77
7866.52
8144.02
8465.77
8084.88
8001.57
8098.16
8724.13
7906.6
7840.31
7404.61
7086.86
7268.06
7060.6
6890.94
6919.59
7046.57
7198.85
7739.86
7252.4
7245.13
7703.1
7312.85
7489.2
7670.37
7458.99
7227.45
7573.26
7816.44
7832.22
7630.26
7276.63
6833.42
6861.31
6814.76
6642.27
6588.28
6693.83
6470.74
7009.56
7170.7
7213.44
7093.42
7035.76
6742.89
6894.23
6554.04
6721.08
6947.06
6729.53
6923.41
6763.38
6586.01
6526.62
6623.01
6514.72
6407.52
6369.28
6304.53
6181.06
6627.43
6312.03
6607.13
6543.39
6646.55
6661.44
6701.36
6785.94
6742.97
6864.87
6826.61
6749.28
6872.97
6672.69
6839.59
6712.21
6710.4
6734.99
6398.77
6335.56
6209.71
6508.21
6593.8
5799.24
6979.81
6430.58
6495.15
6197.84
5984.26
