2141.77
1966.29
1386.25
1865.11
2088.95
1688.32
1895.25
1945.82
1941.41
1879.87
1846.9
1606.04
1816.47
1809.54
1500.1
1333.71
1169.57
1410.33
1396.1
1363.32
1288.11
1125.16
1125.06
1235.3
1425.16
1487.34
1856.43
1562.65
1518.55
1564.47
1321.26
1386.31
1201.92
1221.11
1115.78
1253.61
1098.29
1058.14
1050.04
1024.55
1038.07
997.5
1008.64
1070.06
1050.98
1080.37
1105.06
1195.37
1321.26
1439.05
1484.46
1529.65
1592.74
1406.59
1448.49
1395.79
1433.11
1410.42
1447.05
1470.53
1593.6
1833.57
1535.65
1435.88
1416.09
1787.25
1974.69
2388.33
2189.77
2092.0
2432.89
2305.64
2415.25
2194.84
1973.44
1653.95
1967.28
2086.18
2722.95
2542.69
2584.21
2143.52
2458.65
3186.77
3294.08
3266.62
3426.45
3271.99
3617.29
3597.92
3865.83
3290.68
3190.12
3079.99
3245.26
2825.89
2795.3
2135.27
2007.12
1964.31
1669.13
1570.2
1982.93
1992.46
2310.15
2969.83
2852.93
2721.78
2329.44
2025.58
2137.59
2612.89
2686.52
2976.85
3229.6
3369.14
3005.01
3078.91
3097.92
2829.02
2835.11
2883.21
2908.24
3547.35
3784.23
4351.63
4397.08
4326.76
3593.41
4286.46
3455.24
3830.49
4215.21
3626.88
3682.73
4260.41
4111.99
4290.59
3315.26
3774.81
4002.88
4129.54
4341.74
4366.59
4550.53
4715.64
4938.61
5228.84
5408.52
5300.24
5219.08
5457.82
5062.44
5298.72
5110.86
5308.52
5783.15
5989.27
6312.03
6304.53
6015.3
5799.24
5572.09
5672.7
5715.92
6206.24
6470.74
6526.62
6398.77
6209.71
6586.01
6446.31
6864.87
6890.94
6894.23
6742.89
6661.44
6839.59
6923.41
7083.49
7198.85
7312.85
7816.44
7877.19
8098.16
8144.16
8001.57
8059.65
8084.88
8035.2
8043.71
7838.22
7906.6
7830.35
7739.86
7736.07
7641.77
7500.79
7489.2
7840.31
7832.22
8039.45
7866.52
7630.26
7573.26
7703.1
7742.53
7773.31
7575.15
7404.61
7670.37
7918.53
8069.81
7927.49
8724.13
8465.77
8516.02
8738.72
8256.28
8144.02
7993.09
7677.73
7532.9
7773.92
7331.73
7341.65
7276.63
7380.32
7213.44
7630.71
7227.45
7458.99
7268.06
7245.13
7152.88
7137.03
7136.1
7106.01
7222.08
7170.7
7046.57
7252.4
6826.61
6712.21
6593.8
6710.4
7093.42
7227.96
7197.5
6734.99
6672.69
6923.6
6947.06
6814.76
6623.01
6554.04
6165.35
6181.06
6607.13
6588.28
6543.39
6369.28
6646.55
6430.58
6642.27
7086.86
7041.27
7060.6
7035.76
6964.01
7009.56
6749.28
6742.97
6627.43
6514.72
6223.37
6197.84
5944.87
5860.99
5984.26
6061.8
6245.18
6529.99
6318.61
6495.15
6335.56
6508.21
5930.17
6701.36
6693.83
6872.97
6919.59
6979.81
6861.31
6721.08
6763.38
6833.42
6729.53
6785.94
6407.52
