1973.44
2305.64
1653.95
2088.95
2135.27
1945.82
1518.55
1487.34
1470.53
1447.05
1410.33
1416.09
1439.05
1500.1
1484.46
1433.11
1386.31
1321.26
1395.79
1448.49
1386.25
1201.92
1080.37
1105.06
1050.98
1115.78
1058.14
1221.11
1321.26
1425.16
1410.42
1363.32
1038.07
1008.64
997.5
1070.06
1125.16
1125.06
1333.71
1288.11
1396.1
1253.61
1235.3
1050.04
1024.55
1098.29
1169.57
1195.37
1435.88
1406.59
2025.58
1564.47
1816.47
1865.11
1992.46
2388.33
2458.65
1966.29
1606.04
1535.65
1833.57
1593.6
1562.65
1529.65
1846.9
1941.41
2086.18
1964.31
1570.2
1982.93
1895.25
2584.21
2969.83
2908.24
2686.52
2829.02
2721.78
2542.69
2137.59
1688.32
1592.74
1879.87
1809.54
2194.84
2092.0
1974.69
2835.11
3078.91
3294.08
3271.99
3266.62
3245.26
3097.92
3079.99
3005.01
2852.93
2883.21
2825.89
2141.77
1967.28
1787.25
1669.13
1856.43
2432.89
2415.25
2612.89
2329.44
2143.52
2007.12
2189.77
2722.95
2310.15
2795.3
2976.85
3190.12
3315.26
4215.21
4366.59
4397.08
4351.63
4260.41
3455.24
3229.6
3186.77
3290.68
3426.45
3593.41
3369.14
4341.74
3617.29
4129.54
4326.76
3626.88
3784.23
3865.83
4286.46
4002.88
3830.49
3597.92
3682.73
3547.35
3774.81
4111.99
4290.59
4550.53
4715.64
5062.44
5110.86
4938.61
5219.08
5228.84
5298.72
5308.52
5300.24
5408.52
5715.92
5672.7
6061.8
5799.24
5457.82
6165.35
5860.99
5930.17
6181.06
5984.26
5944.87
6223.37
5989.27
6206.24
6304.53
6508.21
6642.27
6839.59
6588.28
6514.72
6964.01
6890.94
7060.6
7993.09
7866.52
7670.37
8724.13
8465.77
8516.02
8039.45
8059.65
8043.71
8144.16
8069.81
8001.57
7906.6
7832.22
7736.07
7532.9
7331.73
7227.96
7046.57
7380.32
7136.1
7222.08
7083.49
6979.81
7041.27
7170.7
7035.76
7245.13
7198.85
7213.44
7404.61
7773.31
7276.63
7840.31
7918.53
8035.2
8144.02
8084.88
8738.72
8256.28
7927.49
8098.16
7773.92
7742.53
7830.35
7877.19
7703.1
7575.15
7458.99
7341.65
7489.2
7630.71
7197.5
7500.79
7641.77
7677.73
7268.06
7630.26
7573.26
7252.4
7838.22
7816.44
7739.86
7312.85
7227.45
6710.4
6693.83
6407.52
6543.39
6593.8
6861.31
7009.56
7106.01
7152.88
6872.97
6864.87
6646.55
6446.31
6607.13
6672.69
6742.89
6627.43
6701.36
6529.99
6495.15
6430.58
6369.28
6312.03
6785.94
6712.21
6398.77
6742.97
6318.61
6209.71
6554.04
6197.84
6729.53
6919.59
6833.42
6947.06
6894.23
6826.61
6749.28
6526.62
6335.56
6470.74
6734.99
7093.42
6586.01
5572.09
6015.3
6661.44
7137.03
6923.41
6721.08
6623.01
6814.76
6763.38
6923.6
7086.86
6245.18
5783.15
