2086.18
1856.43
1570.2
1982.93
1945.82
1895.25
1967.28
1321.26
1433.11
1487.34
997.5
1201.92
1593.6
1363.32
1809.54
1787.25
1470.53
1846.9
1169.57
1125.16
1321.26
1024.55
1288.11
1105.06
1115.78
1395.79
1406.59
1195.37
1386.31
1333.71
1058.14
1435.88
1439.05
1448.49
1606.04
1592.74
1529.65
1410.33
1098.29
1253.61
1396.1
1410.42
1484.46
1386.25
1080.37
1008.64
1221.11
1050.04
1050.98
1070.06
1038.07
1125.06
1235.3
1416.09
1879.87
1653.95
2025.58
1425.16
1564.47
1447.05
1518.55
1669.13
1973.44
1833.57
1500.1
1865.11
1535.65
1562.65
1964.31
2088.95
2007.12
2092.0
2135.27
2976.85
2542.69
2883.21
2137.59
2584.21
2458.65
2194.84
2305.64
2388.33
2143.52
2825.89
3186.77
3315.26
3005.01
3617.29
3626.88
3784.23
3774.81
3547.35
3455.24
3593.41
3266.62
3245.26
3271.99
3290.68
3078.91
3229.6
2829.02
2795.3
2852.93
3079.99
3294.08
3190.12
2722.95
2432.89
1992.46
1941.41
1688.32
1816.47
1974.69
1966.29
2189.77
2310.15
2329.44
2141.77
2415.25
2612.89
2721.78
2835.11
2908.24
2686.52
3369.14
2969.83
3426.45
3097.92
3597.92
3682.73
3830.49
4341.74
4366.59
4351.63
4290.59
4326.76
4286.46
4002.88
4111.99
4215.21
4260.41
3865.83
4129.54
4397.08
4550.53
4938.61
5219.08
5228.84
5062.44
4715.64
5110.86
5300.24
5298.72
5308.52
5572.09
6642.27
6607.13
6833.42
7035.76
7136.1
7152.88
6964.01
6839.59
6749.28
6529.99
6646.55
6514.72
6181.06
5408.52
5457.82
5944.87
5930.17
6312.03
6623.01
6586.01
6890.94
6894.23
7198.85
7227.45
7227.96
6814.76
6861.31
7083.49
7341.65
7816.44
7532.9
7573.26
7830.35
7575.15
7773.31
8035.2
7877.19
8098.16
7927.49
7832.22
8043.71
8001.57
8059.65
7918.53
8144.02
7866.52
7838.22
7641.77
7380.32
7404.61
7458.99
7670.37
7736.07
7677.73
7630.26
7630.71
7773.92
7906.6
8084.88
8256.28
8465.77
8724.13
8516.02
8738.72
8069.81
8144.16
7993.09
7739.86
7840.31
8039.45
7500.79
7312.85
7170.7
7252.4
7703.1
7742.53
7489.2
7213.44
7009.56
7197.5
7245.13
7331.73
7268.06
7222.08
7137.03
7276.63
7106.01
7093.42
6304.53
6197.84
6407.52
6223.37
5984.26
5783.15
5799.24
6015.3
6661.44
6826.61
6864.87
7086.86
6979.81
6923.41
7041.27
6872.97
6742.89
6627.43
6554.04
6245.18
6206.24
6165.35
6446.31
6543.39
6526.62
6588.28
6593.8
5989.27
7046.57
6742.97
6763.38
6734.99
6923.6
6919.59
6710.4
6061.8
5860.99
5672.7
6398.77
6672.69
7060.6
6947.06
6721.08
6335.56
6701.36
6712.21
5715.92
6785.94
6369.28
6318.61
6430.58
6209.71
6729.53
6508.21
6470.74
6693.83
6495.15
