3078.91
3190.12
1201.92
1535.65
1982.93
2137.59
1974.69
1592.74
1865.11
1809.54
1787.25
1406.59
1253.61
1688.32
1435.88
1425.16
1288.11
1416.09
1856.43
1235.3
1125.06
1105.06
1024.55
1008.64
997.5
1038.07
1050.04
1050.98
1447.05
1593.6
1321.26
1529.65
1570.2
1487.34
1448.49
1321.26
1386.31
1333.71
1386.25
1439.05
1470.53
1410.42
1433.11
1410.33
1125.16
1115.78
1080.37
1058.14
1098.29
1070.06
1363.32
1221.11
1484.46
1169.57
1195.37
1395.79
1500.1
1396.1
1606.04
1564.47
1945.82
1895.25
1816.47
1653.95
1846.9
1964.31
1992.46
2092.0
2415.25
2829.02
2825.89
2721.78
2908.24
2852.93
3079.99
2722.95
2194.84
2025.58
1973.44
2086.18
1966.29
1669.13
1518.55
1562.65
1833.57
2141.77
3097.92
3229.6
3369.14
3315.26
3547.35
3593.41
3617.29
3774.81
3682.73
3426.45
3597.92
3271.99
3266.62
3186.77
2883.21
2976.85
2189.77
2795.3
2542.69
2432.89
1967.28
2143.52
1879.87
1941.41
2007.12
2135.27
2310.15
2584.21
2305.64
2686.52
2458.65
2612.89
2835.11
2388.33
2329.44
2088.95
2969.83
3005.01
3245.26
3294.08
4002.88
4260.41
4290.59
4341.74
4397.08
4550.53
5062.44
4938.61
4351.63
4129.54
4111.99
3865.83
4215.21
3784.23
3830.49
3290.68
3455.24
3626.88
4286.46
4366.59
4715.64
4326.76
5110.86
5298.72
5408.52
5300.24
5219.08
5228.84
5860.99
5715.92
5989.27
6181.06
5930.17
6407.52
6734.99
6742.89
6398.77
6015.3
6446.31
6721.08
7106.01
6919.59
6947.06
6785.94
6661.44
6470.74
6554.04
6593.8
6763.38
6814.76
6833.42
7197.5
6627.43
7137.03
7489.2
7816.44
8039.45
7832.22
7742.53
7918.53
7739.86
7252.4
7198.85
6864.87
7331.73
7268.06
7341.65
7245.13
7170.7
7222.08
6979.81
7009.56
7404.61
7575.15
7312.85
7773.92
7227.45
6923.41
7136.1
7093.42
7641.77
7840.31
8001.57
8035.2
7877.19
8043.71
8516.02
8738.72
8256.28
7276.63
7670.37
7993.09
7906.6
8084.88
7866.52
7380.32
7532.9
7630.26
7500.79
7773.31
7927.49
8098.16
8069.81
8144.16
8465.77
8724.13
8144.02
8059.65
7838.22
7703.1
7573.26
7213.44
7630.71
7736.07
7830.35
7458.99
6861.31
6508.21
6061.8
5572.09
5783.15
6245.18
6672.69
6514.72
6646.55
7060.6
6890.94
6529.99
6742.97
5799.24
6197.84
6206.24
6543.39
6165.35
6588.28
6693.83
7083.49
6826.61
7035.76
7677.73
7041.27
7152.88
7086.86
6712.21
6642.27
6318.61
5944.87
5672.7
5984.26
6304.53
6701.36
6872.97
6729.53
6749.28
6964.01
6923.6
6839.59
6710.4
6495.15
6223.37
6335.56
6369.28
6430.58
6586.01
6894.23
7046.57
7227.96
6607.13
6312.03
6623.01
5457.82
6209.71
6526.62
5308.52
