3005.01
3245.26
1966.29
1945.82
1535.65
1333.71
1395.79
1606.04
1529.65
1500.1
1433.11
1470.53
1593.6
1856.43
1688.32
1809.54
1562.65
1487.34
1484.46
1221.11
1253.61
1038.07
997.5
1105.06
1058.14
1050.98
1669.13
1070.06
1448.49
1435.88
1447.05
1564.47
1816.47
1386.25
1787.25
1846.9
1653.95
1570.2
1410.33
1396.1
1416.09
1080.37
1024.55
1386.31
1321.26
1439.05
1592.74
1410.42
1050.04
1098.29
1115.78
1201.92
1288.11
1008.64
1195.37
1363.32
1235.3
1125.16
1169.57
1321.26
1125.06
1425.16
1895.25
1406.59
1941.41
1879.87
1518.55
1833.57
1964.31
3186.77
1967.28
1992.46
1865.11
2025.58
2007.12
2584.21
2795.3
3290.68
2969.83
3266.62
2852.93
2432.89
1974.69
1982.93
2092.0
2329.44
2086.18
2135.27
3079.99
3097.92
3369.14
3597.92
3626.88
3617.29
3294.08
3271.99
3190.12
2829.02
3078.91
2721.78
1973.44
2143.52
2141.77
2542.69
2388.33
2722.95
2189.77
2305.64
2415.25
2137.59
2088.95
2194.84
2310.15
2825.89
2908.24
3315.26
2976.85
2458.65
2612.89
2686.52
2835.11
2883.21
3229.6
3455.24
3426.45
3593.41
3784.23
3547.35
3774.81
3682.73
3830.49
4129.54
4351.63
4111.99
4326.76
4286.46
4260.41
4341.74
4397.08
4366.59
4290.59
3865.83
4002.88
4215.21
4550.53
4715.64
5062.44
5300.24
5298.72
5308.52
5219.08
4938.61
5110.86
5228.84
5715.92
5989.27
6470.74
6627.43
6864.87
7136.1
7268.06
7046.57
6701.36
6495.15
6223.37
6407.52
6646.55
6593.8
6197.84
5944.87
6318.61
6721.08
6710.4
6872.97
6839.59
6919.59
7041.27
7276.63
7630.26
8098.16
7927.49
8001.57
8069.81
8084.88
7489.2
7331.73
7213.44
7404.61
7093.42
7086.86
7703.1
7137.03
7170.7
7222.08
7152.88
7312.85
7227.45
8059.65
8516.02
8144.16
8144.02
8043.71
7877.19
7773.92
7816.44
7906.6
7742.53
7575.15
7641.77
7573.26
7918.53
8256.28
8724.13
8465.77
8738.72
7630.71
8039.45
8035.2
7866.52
7830.35
7838.22
7773.31
7670.37
7840.31
7832.22
7252.4
7227.96
7197.5
7380.32
7736.07
7677.73
7341.65
7198.85
7532.9
7500.79
7993.09
7739.86
7458.99
7245.13
7083.49
7035.76
6729.53
6508.21
5408.52
5860.99
5799.24
6015.3
5672.7
5783.15
5572.09
5457.82
5930.17
6165.35
6061.8
6304.53
6514.72
6607.13
6742.97
6826.61
6763.38
6861.31
6979.81
7106.01
6814.76
6964.01
6947.06
6894.23
7060.6
6833.42
6734.99
6712.21
6693.83
6623.01
6312.03
6181.06
6398.77
6335.56
6785.94
6923.41
7009.56
6923.6
6890.94
6554.04
6672.69
6446.31
6588.28
6526.62
6661.44
6642.27
6586.01
6529.99
6430.58
6543.39
6369.28
6245.18
5984.26
6209.71
6206.24
6742.89
6749.28
