1816.47
3271.99
1809.54
1487.34
1363.32
1221.11
1386.31
1447.05
1195.37
1321.26
1518.55
1321.26
1416.09
1669.13
1333.71
1253.61
1288.11
1050.98
1050.04
1125.06
1235.3
1201.92
1386.25
1433.11
1856.43
1964.31
2137.59
2143.52
2305.64
1982.93
1846.9
1606.04
1395.79
1410.42
1406.59
1125.16
1038.07
997.5
1115.78
1008.64
1070.06
1024.55
1098.29
1105.06
1080.37
1058.14
1169.57
1396.1
1570.2
1966.29
1974.69
2007.12
2135.27
1593.6
1529.65
1410.33
1439.05
1448.49
1470.53
1425.16
1435.88
1562.65
1592.74
1564.47
1500.1
1787.25
1865.11
2329.44
2795.3
3005.01
2722.95
2908.24
2721.78
2825.89
1992.46
1973.44
2088.95
2432.89
1535.65
3369.14
2310.15
2969.83
2584.21
2542.69
3078.91
3190.12
3290.68
3079.99
3245.26
3294.08
3455.24
3547.35
3593.41
3597.92
3315.26
3626.88
3426.45
2976.85
3229.6
3097.92
2835.11
2686.52
1967.28
2852.93
2189.77
2141.77
2388.33
2025.58
1653.95
1833.57
2092.0
1484.46
1688.32
1895.25
1945.82
1941.41
1879.87
2086.18
2194.84
3186.77
2612.89
2415.25
2458.65
2829.02
2883.21
3266.62
3617.29
3682.73
3784.23
3774.81
4002.88
4111.99
4286.46
4260.41
4215.21
3865.83
3830.49
4129.54
4290.59
4326.76
4351.63
4341.74
4366.59
4397.08
4550.53
4715.64
4938.61
5110.86
5300.24
5930.17
5944.87
5408.52
5219.08
5228.84
5308.52
5457.82
6197.84
6646.55
6923.6
7009.56
7083.49
6864.87
6701.36
6947.06
6712.21
7041.27
7245.13
6839.59
5715.92
5799.24
6919.59
7252.4
7086.86
6923.41
6979.81
6890.94
6833.42
6964.01
6763.38
6742.97
6785.94
7136.1
7500.79
7198.85
7575.15
7918.53
7993.09
8084.88
7877.19
7866.52
7773.31
7736.07
7573.26
7213.44
7170.7
7458.99
7222.08
7703.1
7906.6
8039.45
8001.57
7742.53
7106.01
6729.53
6721.08
6514.72
6826.61
7227.45
7677.73
7838.22
7830.35
7816.44
7773.92
7739.86
7927.49
8035.2
8256.28
8144.02
8465.77
8043.71
7832.22
7341.65
7630.26
7380.32
7331.73
7276.63
7268.06
7532.9
7840.31
8098.16
8069.81
8724.13
8738.72
8516.02
8144.16
8059.65
7641.77
7312.85
7489.2
7630.71
7670.37
7152.88
6588.28
6165.35
6495.15
6749.28
6710.4
6181.06
6209.71
5298.72
5860.99
6312.03
6543.39
6304.53
6407.52
6398.77
6593.8
6623.01
6526.62
6508.21
6693.83
6894.23
7046.57
7137.03
7093.42
7404.61
7227.96
7197.5
7060.6
7035.76
6861.31
6742.89
6734.99
6446.31
6470.74
6661.44
6529.99
6814.76
6015.3
6554.04
6206.24
6061.8
6318.61
6607.13
5672.7
5572.09
6586.01
5783.15
6245.18
6369.28
6642.27
6872.97
6672.69
6335.56
6223.37
5989.27
6430.58
6627.43
5984.26
5062.44
