2025.58
2415.25
1846.9
1816.47
1288.11
1221.11
1564.47
1570.2
1529.65
1606.04
1425.16
1470.53
1688.32
1879.87
1992.46
1809.54
1856.43
1967.28
1410.33
1386.25
1098.29
1080.37
1050.98
1321.26
1038.07
1169.57
1058.14
1386.31
1562.65
1448.49
1410.42
1395.79
1201.92
1195.37
1253.61
1321.26
1406.59
1447.05
1487.34
1592.74
1433.11
1333.71
1363.32
1396.1
1235.3
1125.16
1050.04
1070.06
1115.78
1125.06
1105.06
997.5
1024.55
1008.64
1518.55
1484.46
1653.95
1439.05
1535.65
1500.1
1945.82
1833.57
1593.6
1787.25
1964.31
1966.29
2092.0
2189.77
2086.18
2141.77
2135.27
2088.95
2143.52
2686.52
2388.33
2612.89
2432.89
2835.11
2969.83
2829.02
2883.21
3245.26
2542.69
2310.15
3271.99
2722.95
2852.93
2458.65
2194.84
2825.89
3097.92
3315.26
3682.73
4326.76
4351.63
4215.21
3593.41
3455.24
3229.6
3078.91
2908.24
3079.99
2305.64
2976.85
2721.78
2329.44
2137.59
1973.44
1941.41
1435.88
1416.09
1974.69
1865.11
1669.13
1895.25
2007.12
1982.93
2584.21
2795.3
3005.01
3190.12
3186.77
3266.62
3290.68
3294.08
3369.14
3597.92
3626.88
4111.99
4290.59
4286.46
3830.49
3547.35
3426.45
3617.29
3774.81
3784.23
4260.41
4341.74
4129.54
3865.83
4002.88
4397.08
4366.59
5062.44
5219.08
5298.72
5408.52
5457.82
4715.64
5308.52
5300.24
4550.53
4938.61
5110.86
5228.84
5715.92
6015.3
6586.01
6661.44
6861.31
6642.27
6369.28
6593.8
6623.01
6588.28
6554.04
6430.58
6304.53
6446.31
6607.13
6742.97
6826.61
6947.06
7198.85
7252.4
7227.45
7083.49
7276.63
7227.96
7009.56
7331.73
7197.5
7213.44
7086.86
7137.03
6919.59
6979.81
6734.99
6923.6
7136.1
7093.42
7341.65
7245.13
7312.85
7641.77
7773.92
8001.57
8039.45
8144.02
8098.16
8144.16
8059.65
7866.52
7816.44
7877.19
7832.22
7742.53
7838.22
7630.26
7736.07
7739.86
7670.37
7575.15
7773.31
7630.71
8084.88
8738.72
8516.02
8724.13
8465.77
8069.81
8043.71
8256.28
7906.6
7927.49
7918.53
7993.09
8035.2
7840.31
7830.35
7677.73
7532.9
7703.1
7380.32
7489.2
7404.61
7573.26
7500.79
7458.99
7268.06
7170.7
6833.42
6398.77
6318.61
6206.24
5799.24
5672.7
5930.17
5860.99
6223.37
6495.15
6407.52
6508.21
6543.39
6693.83
6742.89
6872.97
7046.57
6964.01
7152.88
7106.01
7222.08
7035.76
7041.27
6923.41
6864.87
6763.38
6646.55
6839.59
6672.69
6470.74
5783.15
5572.09
6312.03
6890.94
6785.94
6721.08
6712.21
6749.28
7060.6
6627.43
6894.23
6814.76
6729.53
6701.36
6529.99
6526.62
6197.84
6165.35
6181.06
6335.56
6245.18
6061.8
5944.87
5984.26
6209.71
6514.72
6710.4
5989.27
