1941.41
1945.82
2025.58
1447.05
1395.79
1406.59
1487.34
1439.05
1570.2
1410.42
1562.65
1470.53
1833.57
2329.44
2388.33
2305.64
1967.28
1688.32
1448.49
1593.6
1653.95
1974.69
1321.26
1433.11
1396.1
1386.25
1235.3
1195.37
1080.37
1115.78
1050.98
1008.64
1070.06
1058.14
997.5
1125.06
1024.55
1038.07
1050.04
1105.06
1125.16
1098.29
1169.57
1201.92
1321.26
1425.16
1606.04
1669.13
1865.11
2086.18
2542.69
2141.77
1992.46
1982.93
2415.25
2007.12
2137.59
1879.87
1564.47
1500.1
1592.74
1809.54
1529.65
1484.46
1363.32
1416.09
1221.11
1253.61
1288.11
1410.33
1333.71
1535.65
1816.47
1435.88
1846.9
1386.31
1856.43
2432.89
2722.95
2143.52
1895.25
1518.55
2135.27
2310.15
3271.99
2852.93
2612.89
2584.21
2829.02
3097.92
3617.29
3186.77
3455.24
3547.35
3315.26
3597.92
3682.73
2976.85
3290.68
2908.24
2825.89
2835.11
2795.3
3266.62
3593.41
3294.08
2883.21
2194.84
1966.29
1787.25
1964.31
2088.95
1973.44
2092.0
2458.65
2189.77
2686.52
2721.78
2969.83
3005.01
3229.6
3079.99
3190.12
3078.91
3245.26
3369.14
3426.45
3626.88
3774.81
4111.99
4129.54
4002.88
3865.83
3784.23
3830.49
4351.63
4366.59
4715.64
4550.53
4286.46
4260.41
4290.59
4341.74
4326.76
4215.21
4397.08
4938.61
5110.86
5300.24
5457.82
5308.52
5408.52
5298.72
5062.44
5219.08
5228.84
5799.24
6061.8
6369.28
6318.61
6861.31
6826.61
6721.08
6526.62
6209.71
6206.24
6627.43
6495.15
6470.74
6508.21
6554.04
6642.27
6729.53
6894.23
7152.88
7245.13
7380.32
7670.37
7838.22
7816.44
8035.2
8039.45
8069.81
8256.28
7906.6
7773.92
7840.31
7213.44
7739.86
7041.27
7404.61
7106.01
7268.06
7489.2
7742.53
7866.52
7993.09
8084.88
8144.16
8098.16
7927.49
7832.22
7773.31
7046.57
7573.26
7197.5
7170.7
7252.4
7532.9
7458.99
7630.26
7677.73
7918.53
8001.57
8144.02
8724.13
8465.77
8738.72
8516.02
8059.65
8043.71
7877.19
7331.73
7736.07
7060.6
7312.85
7137.03
7500.79
7641.77
7630.71
7227.45
7222.08
7086.86
7227.96
7341.65
7703.1
7830.35
7575.15
7276.63
7198.85
6964.01
7009.56
6923.41
6701.36
5989.27
6734.99
5672.7
5572.09
5715.92
5783.15
6015.3
6623.01
6593.8
6312.03
6586.01
6661.44
6672.69
6864.87
7093.42
6514.72
6763.38
6446.31
6607.13
6693.83
6785.94
7083.49
7136.1
6919.59
6947.06
6872.97
6742.89
6839.59
6979.81
6588.28
6742.97
6833.42
6890.94
6543.39
7035.76
6814.76
6923.6
6304.53
6529.99
6646.55
6407.52
6181.06
6165.35
6245.18
6197.84
5930.17
5860.99
5984.26
6398.77
6223.37
6430.58
6335.56
6710.4
6749.28
6712.21
5944.87
