2310.15
2721.78
1966.29
1669.13
1787.25
1856.43
1416.09
1363.32
1562.65
2458.65
2612.89
2007.12
1593.6
1500.1
1484.46
1439.05
1396.1
1221.11
1386.25
1406.59
1169.57
1253.61
1098.29
1115.78
1235.3
1395.79
1425.16
1333.71
1410.42
1448.49
1487.34
1688.32
1386.31
1288.11
1201.92
1195.37
1050.04
997.5
1058.14
1008.64
1050.98
1024.55
1038.07
1070.06
1125.06
1080.37
1125.16
1105.06
1321.26
1564.47
1433.11
1321.26
1606.04
1410.33
1518.55
1974.69
2137.59
1809.54
1865.11
1435.88
1653.95
1967.28
2092.0
1846.9
1447.05
1570.2
1529.65
1941.41
1945.82
1964.31
1895.25
2143.52
2141.77
2542.69
2795.3
2722.95
2825.89
3315.26
2976.85
2584.21
2432.89
2329.44
2388.33
2305.64
3079.99
3229.6
3290.68
3186.77
2908.24
3266.62
3190.12
2835.11
3294.08
3078.91
2829.02
3005.01
3455.24
3271.99
2852.93
3097.92
2883.21
3245.26
1973.44
2189.77
2086.18
2194.84
1992.46
1879.87
1982.93
1470.53
1592.74
1816.47
1535.65
1833.57
2025.58
2415.25
2088.95
2135.27
2969.83
3426.45
2686.52
3597.92
3369.14
3626.88
3547.35
3593.41
3617.29
3830.49
4215.21
4129.54
4341.74
4002.88
3784.23
3682.73
3774.81
4111.99
3865.83
4290.59
4260.41
4351.63
4286.46
4326.76
4366.59
4397.08
4550.53
4715.64
4938.61
5062.44
5110.86
5308.52
6312.03
6015.3
6833.42
6627.43
6554.04
6749.28
7093.42
7380.32
7532.9
7736.07
7739.86
7268.06
7276.63
6923.41
6661.44
6369.28
6785.94
6318.61
5984.26
6181.06
6446.31
6861.31
7227.96
7035.76
7816.44
7703.1
7630.26
7677.73
7773.92
7575.15
7906.6
8035.2
8039.45
7927.49
7641.77
7312.85
7106.01
6721.08
6407.52
6529.99
6734.99
6890.94
6872.97
7222.08
7197.5
7252.4
7670.37
7832.22
7840.31
7838.22
7773.31
7489.2
7341.65
7152.88
6763.38
7136.1
7086.86
7213.44
6894.23
6646.55
6712.21
6964.01
7041.27
7137.03
7227.45
7198.85
7500.79
7742.53
7404.61
7630.71
7331.73
7245.13
7458.99
7866.52
7830.35
7993.09
7877.19
8059.65
8084.88
8724.13
8465.77
8516.02
8144.16
8738.72
8256.28
8144.02
8069.81
8098.16
8043.71
8001.57
7918.53
7573.26
7170.7
6470.74
6514.72
6209.71
5715.92
5572.09
6223.37
6543.39
6814.76
7083.49
7060.6
6923.6
6672.69
6061.8
6398.77
6623.01
6947.06
6979.81
7046.57
6919.59
6742.89
6710.4
6693.83
6586.01
6742.97
6839.59
6864.87
6701.36
6197.84
6826.61
6607.13
6165.35
6245.18
6588.28
5457.82
6335.56
6593.8
5672.7
7009.56
6642.27
6508.21
6206.24
5228.84
5219.08
5298.72
5300.24
5408.52
5783.15
6304.53
6430.58
5799.24
5930.17
5944.87
5860.99
5989.27
6526.62
6729.53
6495.15
