2829.02
2908.24
2415.25
1865.11
1500.1
1448.49
1606.04
1833.57
1846.9
1941.41
1974.69
1410.42
1386.31
1416.09
1125.16
1433.11
1395.79
1024.55
1070.06
1038.07
1050.98
1125.06
1169.57
1221.11
1050.04
1363.32
1080.37
1321.26
1410.33
1439.05
1447.05
1425.16
1406.59
1008.64
1105.06
1058.14
1195.37
1253.61
1288.11
1321.26
1386.25
1115.78
1098.29
1235.3
1201.92
997.5
1333.71
1396.1
1435.88
1535.65
2007.12
1787.25
2088.95
1964.31
2141.77
2137.59
2388.33
1982.93
1688.32
1592.74
1529.65
1470.53
1669.13
1653.95
1484.46
1570.2
1895.25
1593.6
1967.28
1966.29
1816.47
1973.44
1879.87
2086.18
2189.77
2721.78
2795.3
3097.92
2852.93
2143.52
2722.95
1945.82
2135.27
2305.64
2883.21
2025.58
2976.85
2432.89
3190.12
3186.77
3229.6
3005.01
3078.91
3315.26
3245.26
3369.14
3271.99
3294.08
3290.68
2969.83
2458.65
2825.89
2584.21
2686.52
2542.69
2310.15
2092.0
2194.84
1809.54
1564.47
1562.65
1487.34
1518.55
1856.43
1992.46
2329.44
2612.89
2835.11
3079.99
3266.62
3426.45
3455.24
3593.41
3547.35
3617.29
3597.92
3626.88
3682.73
3865.83
4286.46
4215.21
4002.88
3784.23
3774.81
4129.54
4326.76
4351.63
4341.74
4260.41
4111.99
4290.59
3830.49
4366.59
5298.72
5300.24
5308.52
5228.84
4715.64
5110.86
5219.08
4938.61
4550.53
5062.44
4397.08
5408.52
5457.82
5944.87
6223.37
6826.61
6646.55
6627.43
6470.74
6335.56
6407.52
6369.28
6588.28
6623.01
6554.04
6529.99
6495.15
6661.44
6763.38
7252.4
7573.26
7906.6
7773.31
7331.73
7227.45
6701.36
6894.23
6833.42
6964.01
7222.08
7312.85
7083.49
6814.76
7086.86
7268.06
7630.71
8035.2
8256.28
7840.31
7993.09
8043.71
8098.16
8724.13
8738.72
8516.02
8084.88
8144.02
7877.19
7677.73
7739.86
7489.2
7500.79
7152.88
7046.57
7060.6
7532.9
7641.77
7198.85
8039.45
7458.99
7630.26
7245.13
7380.32
7742.53
7866.52
8059.65
7830.35
7670.37
7703.1
7773.92
7816.44
7838.22
7736.07
7404.61
7341.65
7106.01
7136.1
7227.96
7276.63
7575.15
8001.57
8069.81
8144.16
7918.53
6923.6
7093.42
7832.22
8465.77
7927.49
6919.59
6446.31
5984.26
5860.99
5783.15
5572.09
5672.7
6245.18
6734.99
6710.4
6864.87
6861.31
7137.03
7197.5
7213.44
7041.27
6979.81
6872.97
6729.53
6742.89
7170.7
6642.27
6947.06
7009.56
6890.94
6398.77
6749.28
6785.94
6742.97
7035.76
6839.59
6607.13
6586.01
6514.72
6206.24
6543.39
6061.8
5930.17
6318.61
6181.06
5989.27
6015.3
6304.53
5799.24
6508.21
6526.62
6672.69
6593.8
6165.35
6923.41
6312.03
6209.71
5715.92
6197.84
6712.21
6721.08
6693.83
6430.58
