2092.0
2415.25
1966.29
1570.2
1115.78
1433.11
1653.95
1973.44
1964.31
1879.87
1787.25
1447.05
1448.49
1688.32
1562.65
1593.6
1470.53
1363.32
1406.59
1125.06
1395.79
1253.61
1321.26
1050.98
1008.64
997.5
1024.55
1080.37
1221.11
1856.43
1518.55
1201.92
1105.06
1058.14
1098.29
1288.11
1038.07
1070.06
1125.16
1169.57
1386.31
1195.37
1410.42
1410.33
1435.88
1396.1
1439.05
1321.26
1416.09
1846.9
1865.11
1333.71
1235.3
1050.04
1386.25
1816.47
2086.18
1941.41
1484.46
1945.82
2025.58
1967.28
1974.69
1564.47
1425.16
1500.1
1529.65
1592.74
1809.54
1606.04
1487.34
1535.65
1895.25
2088.95
2141.77
2143.52
2329.44
2584.21
2388.33
2542.69
2432.89
2310.15
2189.77
2795.3
2686.52
2722.95
2852.93
3271.99
3229.6
3774.81
3682.73
3266.62
3426.45
3005.01
3290.68
3369.14
3547.35
3593.41
3294.08
3315.26
3097.92
3245.26
3079.99
3078.91
2825.89
2883.21
2721.78
2305.64
2007.12
1669.13
1982.93
1833.57
1992.46
2137.59
2135.27
2194.84
2612.89
2829.02
2458.65
2908.24
2835.11
2969.83
2976.85
3186.77
3617.29
3190.12
3865.83
3597.92
4215.21
4002.88
4111.99
3784.23
3626.88
3455.24
3830.49
4129.54
4260.41
4290.59
4286.46
4341.74
4351.63
4326.76
4366.59
4397.08
5219.08
4550.53
5408.52
5298.72
5300.24
5062.44
5110.86
4938.61
4715.64
5228.84
5572.09
5715.92
5944.87
6529.99
6514.72
6430.58
6318.61
6245.18
6446.31
6407.52
6015.3
6749.28
6588.28
6335.56
6369.28
6209.71
6312.03
5783.15
6197.84
6623.01
6742.97
6864.87
7035.76
6947.06
6919.59
7136.1
7630.26
8098.16
8144.16
7877.19
7152.88
7170.7
7276.63
7573.26
7046.57
7083.49
6642.27
6894.23
7041.27
7106.01
7532.9
7993.09
8724.13
8738.72
8516.02
8144.02
7840.31
7742.53
7736.07
7575.15
7404.61
7458.99
7677.73
7773.31
7832.22
7838.22
7866.52
7927.49
7816.44
7773.92
8084.88
7641.77
8256.28
8001.57
8465.77
8043.71
8069.81
8059.65
7918.53
8039.45
8035.2
7703.1
7500.79
7245.13
7213.44
7341.65
7252.4
7093.42
7331.73
7630.71
7197.5
7670.37
7380.32
7227.45
7222.08
7198.85
7227.96
7060.6
6923.41
6646.55
6495.15
6061.8
6165.35
5308.52
5989.27
5457.82
5860.99
6508.21
6586.01
6607.13
6763.38
6721.08
6729.53
6833.42
6839.59
7086.86
7312.85
7739.86
7906.6
7830.35
7489.2
7268.06
7137.03
6890.94
6734.99
6543.39
6470.74
6181.06
5799.24
5672.7
5930.17
6206.24
6223.37
6627.43
6701.36
6593.8
6964.01
6861.31
6923.6
6979.81
6872.97
6710.4
6693.83
6712.21
6742.89
6661.44
6672.69
6826.61
6785.94
6814.76
6554.04
6398.77
6526.62
6304.53
7009.56
5984.26
