1967.28
2025.58
1562.65
1653.95
1487.34
1333.71
1447.05
1386.25
1406.59
1570.2
1593.6
1856.43
1974.69
2415.25
2388.33
2329.44
1945.82
1809.54
1606.04
1592.74
1564.47
1448.49
1435.88
1416.09
1321.26
1518.55
1253.61
1105.06
1425.16
1410.42
1484.46
1470.53
1433.11
1386.31
1321.26
1439.05
1396.1
1363.32
1201.92
1410.33
1195.37
1115.78
1169.57
1395.79
1529.65
1080.37
1221.11
1070.06
1008.64
1050.98
1098.29
1024.55
1058.14
997.5
1125.16
1688.32
1669.13
1125.06
1050.04
1038.07
1235.3
1966.29
2584.21
1865.11
1964.31
1895.25
1973.44
2007.12
2194.84
2305.64
2092.0
2189.77
2458.65
2908.24
3245.26
3229.6
4215.21
3547.35
3079.99
2829.02
2612.89
2137.59
2088.95
2721.78
2852.93
2835.11
2722.95
3005.01
3294.08
2969.83
3271.99
3097.92
3266.62
3597.92
3593.41
3617.29
3774.81
3626.88
3682.73
3426.45
3190.12
3290.68
2795.3
2825.89
2686.52
2432.89
2141.77
1879.87
1535.65
1288.11
1500.1
1787.25
1941.41
2135.27
2143.52
1992.46
1982.93
1846.9
1816.47
1833.57
2086.18
2310.15
2542.69
2883.21
2976.85
3078.91
3186.77
3315.26
3369.14
3784.23
3865.83
4002.88
3830.49
3455.24
4111.99
4326.76
4366.59
4286.46
4351.63
4129.54
4290.59
4260.41
4341.74
4397.08
5219.08
5298.72
5300.24
5110.86
5062.44
4715.64
4550.53
4938.61
5228.84
5308.52
5572.09
6165.35
6304.53
6554.04
6710.4
6721.08
6742.97
6839.59
7041.27
6919.59
6923.41
6923.6
7213.44
7035.76
6742.89
6642.27
6712.21
7046.57
7197.5
7268.06
7404.61
7532.9
7500.79
7573.26
7227.96
7152.88
7458.99
7170.7
7252.4
7136.1
6833.42
6749.28
6729.53
6814.76
6701.36
6785.94
7060.6
6964.01
7198.85
7086.86
6763.38
7312.85
7222.08
7736.07
7832.22
8069.81
7993.09
8043.71
8059.65
7918.53
7816.44
7677.73
7341.65
6861.31
7773.92
6872.97
7227.45
7630.71
7739.86
7830.35
8039.45
7866.52
8098.16
8465.77
8144.02
8256.28
8035.2
8516.02
8144.16
8738.72
8724.13
8084.88
8001.57
7906.6
7877.19
7742.53
7670.37
7703.1
7838.22
7840.31
7773.31
7927.49
7641.77
7380.32
7630.26
7009.56
7245.13
7083.49
6890.94
6627.43
6526.62
6514.72
6508.21
6318.61
6181.06
6398.77
6061.8
6245.18
6529.99
6335.56
6661.44
6672.69
6894.23
6734.99
6864.87
6826.61
7093.42
7137.03
7331.73
7489.2
7276.63
7575.15
6947.06
6979.81
7106.01
6693.83
6623.01
6543.39
6446.31
5457.82
6223.37
6197.84
6470.74
6588.28
6607.13
6593.8
6586.01
6495.15
6369.28
6206.24
6015.3
5944.87
5930.17
5989.27
5984.26
5860.99
5799.24
5783.15
5408.52
5715.92
5672.7
6209.71
6430.58
6407.52
6646.55
6312.03
