2542.69
2310.15
1865.11
1653.95
1518.55
1470.53
1570.2
1879.87
1500.1
1833.57
1688.32
1535.65
1593.6
1484.46
1386.31
1410.33
1439.05
1416.09
1363.32
1410.42
1395.79
1447.05
1396.1
1333.71
1321.26
1425.16
1433.11
1435.88
1487.34
1941.41
1529.65
2092.0
1809.54
1856.43
1606.04
1592.74
1448.49
1253.61
1195.37
1105.06
1098.29
1024.55
1058.14
1038.07
1070.06
997.5
1050.98
1008.64
1050.04
1080.37
1125.06
1201.92
1169.57
1321.26
1386.25
1564.47
1406.59
1221.11
1125.16
1115.78
1235.3
1288.11
1562.65
2135.27
2458.65
2825.89
2721.78
2722.95
2143.52
2305.64
1992.46
1982.93
2141.77
1945.82
1973.44
2432.89
2686.52
3079.99
3426.45
3830.49
3865.83
3266.62
3229.6
3078.91
3097.92
3294.08
4002.88
3271.99
3617.29
3597.92
3190.12
3682.73
3455.24
3315.26
3547.35
3593.41
3369.14
3245.26
3005.01
2908.24
2025.58
2795.3
2388.33
2612.89
2829.02
1967.28
2329.44
2584.21
2189.77
2415.25
1974.69
2007.12
1895.25
1966.29
1787.25
1816.47
1669.13
1846.9
2086.18
1964.31
2088.95
2194.84
2137.59
2969.83
2883.21
2835.11
2852.93
2976.85
3186.77
3290.68
3626.88
3774.81
4129.54
4111.99
3784.23
4260.41
4341.74
4290.59
5110.86
4938.61
4351.63
4215.21
4286.46
4326.76
4366.59
4715.64
4550.53
4397.08
5062.44
5219.08
5228.84
5298.72
5715.92
5989.27
6446.31
6701.36
6742.97
6785.94
6470.74
6721.08
7404.61
7170.7
6923.41
6514.72
6646.55
7009.56
7137.03
6894.23
6872.97
6923.6
7041.27
6979.81
6864.87
6627.43
6543.39
6526.62
6763.38
6919.59
7035.76
7136.1
7245.13
7458.99
7312.85
7773.92
7227.96
7252.4
7500.79
7341.65
7106.01
7489.2
7331.73
7630.71
7630.26
7227.45
7213.44
7532.9
7575.15
7742.53
7840.31
8001.57
7918.53
7906.6
7866.52
7641.77
7380.32
7222.08
7152.88
7268.06
7703.1
7093.42
7832.22
7877.19
7838.22
8516.02
8043.71
8144.02
8465.77
8738.72
8724.13
8144.16
8059.65
7927.49
7739.86
7830.35
7677.73
7198.85
7573.26
7816.44
7736.07
8069.81
8084.88
8256.28
8098.16
8039.45
7993.09
8035.2
7773.31
7276.63
7086.86
6749.28
7197.5
6407.52
6661.44
6015.3
6223.37
6529.99
6588.28
6554.04
6335.56
6165.35
6398.77
6693.83
6623.01
6642.27
6729.53
6734.99
6826.61
6890.94
7060.6
6947.06
6861.31
6964.01
6839.59
6833.42
6814.76
7083.49
7046.57
6712.21
7670.37
6607.13
6742.89
6672.69
6593.8
6369.28
6318.61
6245.18
6495.15
6586.01
6206.24
6209.71
5984.26
5783.15
5672.7
5408.52
5300.24
5457.82
5572.09
5944.87
6181.06
6312.03
6304.53
6430.58
6197.84
5799.24
5308.52
5930.17
5860.99
6508.21
6710.4
6061.8
