2329.44
2194.84
1879.87
1856.43
1606.04
1500.1
1653.95
1288.11
1529.65
1410.42
1416.09
1435.88
1865.11
1406.59
1395.79
1386.25
1484.46
1562.65
1593.6
1470.53
1425.16
1410.33
1448.49
1433.11
1333.71
1386.31
1396.1
1321.26
1221.11
1195.37
1169.57
1070.06
1058.14
1115.78
1105.06
1098.29
1024.55
1038.07
1008.64
1050.04
1080.37
997.5
1050.98
1125.06
1125.16
1201.92
1321.26
1235.3
1363.32
1570.2
1688.32
1809.54
1973.44
1669.13
1487.34
1535.65
1564.47
1439.05
1253.61
1447.05
1592.74
1787.25
1518.55
1833.57
1846.9
1974.69
1816.47
2415.25
1967.28
2825.89
2458.65
2969.83
2852.93
2612.89
2305.64
2025.58
2007.12
2086.18
2584.21
2088.95
2829.02
1966.29
1895.25
1941.41
2310.15
2137.59
2388.33
2542.69
2143.52
2795.3
2883.21
3266.62
2721.78
3271.99
3078.91
2189.77
2976.85
2835.11
2908.24
2092.0
3294.08
2432.89
3186.77
3190.12
3005.01
3079.99
2686.52
1982.93
1992.46
1945.82
2135.27
1964.31
2141.77
2722.95
3097.92
3245.26
3290.68
3229.6
3369.14
3315.26
3547.35
3455.24
3617.29
3774.81
3784.23
3426.45
3626.88
3593.41
3682.73
3597.92
4129.54
4260.41
4326.76
4290.59
4397.08
4715.64
4938.61
5110.86
4366.59
4550.53
4286.46
4111.99
3830.49
3865.83
4002.88
4215.21
4341.74
4351.63
5062.44
5219.08
5298.72
5308.52
5228.84
5300.24
5408.52
5457.82
5572.09
6526.62
6763.38
7213.44
7532.9
7227.45
6923.41
6742.97
6165.35
6529.99
6721.08
6839.59
6693.83
6890.94
7046.57
7041.27
6729.53
6923.6
6919.59
7035.76
7198.85
7331.73
7736.07
7670.37
7816.44
7918.53
7832.22
7739.86
7575.15
7573.26
7312.85
7380.32
7106.01
7404.61
7830.35
8059.65
7840.31
8039.45
7838.22
7222.08
8256.28
7773.31
8035.2
8098.16
8001.57
7630.26
7703.1
7083.49
7197.5
6554.04
6734.99
6864.87
7086.86
6588.28
6964.01
7341.65
8043.71
8465.77
8724.13
8069.81
8738.72
8144.02
8516.02
7993.09
7742.53
7489.2
7227.96
7458.99
7630.71
7136.1
7245.13
7500.79
7677.73
8144.16
8084.88
7866.52
7877.19
7906.6
7927.49
7773.92
7641.77
7268.06
7152.88
7093.42
7170.7
6749.28
6369.28
5799.24
5984.26
6398.77
6661.44
6872.97
6627.43
5930.17
6061.8
6672.69
6593.8
6335.56
5783.15
6430.58
6407.52
6642.27
6607.13
6826.61
6947.06
6785.94
6197.84
6181.06
6015.3
6543.39
6833.42
6814.76
6623.01
6710.4
6712.21
6979.81
7009.56
6312.03
6586.01
6446.31
6495.15
6514.72
6318.61
5944.87
6508.21
6209.71
6470.74
6206.24
6223.37
6245.18
5860.99
6861.31
6701.36
6894.23
7137.03
7276.63
7060.6
7252.4
6742.89
5989.27
6304.53
5672.7
6646.55
5715.92
