1879.87
2137.59
2458.65
2088.95
2007.12
1809.54
1570.2
1470.53
1386.31
1288.11
1235.3
1125.16
1321.26
1395.79
1447.05
1416.09
1833.57
1669.13
1562.65
1221.11
1195.37
1058.14
1050.98
1115.78
1105.06
1201.92
1386.25
1410.33
1564.47
1856.43
1592.74
1529.65
1500.1
1425.16
1448.49
1396.1
1363.32
1125.06
1333.71
1070.06
1098.29
1008.64
1038.07
1169.57
1321.26
1253.61
1024.55
997.5
1050.04
1080.37
1439.05
1435.88
1406.59
1410.42
1535.65
1518.55
1593.6
1433.11
1606.04
1487.34
1653.95
1895.25
1787.25
1941.41
1966.29
2415.25
1964.31
2143.52
1816.47
1865.11
1484.46
1974.69
2025.58
2432.89
2388.33
2310.15
1992.46
1973.44
1967.28
1945.82
2086.18
2584.21
1982.93
1688.32
1846.9
2686.52
2829.02
2722.95
2721.78
2969.83
2825.89
2795.3
2908.24
3005.01
3245.26
3266.62
3315.26
3294.08
3097.92
3290.68
2976.85
3186.77
3079.99
3271.99
3078.91
2835.11
2542.69
2194.84
2612.89
2135.27
2305.64
2141.77
2092.0
2329.44
2189.77
2852.93
2883.21
3190.12
3229.6
3426.45
3455.24
3369.14
3593.41
3617.29
4129.54
3597.92
3830.49
3682.73
3547.35
3784.23
4002.88
4341.74
4260.41
3774.81
3865.83
4286.46
4326.76
4111.99
4351.63
4290.59
4215.21
3626.88
4366.59
4397.08
4550.53
4715.64
4938.61
5110.86
5062.44
5219.08
5228.84
5408.52
5457.82
5799.24
6304.53
6181.06
6514.72
6398.77
6430.58
5308.52
6593.8
6015.3
5572.09
5672.7
5300.24
5715.92
6061.8
5930.17
5860.99
5984.26
6209.71
6223.37
6508.21
6607.13
6729.53
6749.28
7152.88
7736.07
8035.2
8084.88
8059.65
7918.53
7816.44
7832.22
7927.49
7739.86
7213.44
7489.2
6979.81
7041.27
7137.03
7312.85
7086.86
7341.65
7641.77
7993.09
8039.45
8144.16
8724.13
8516.02
8465.77
8738.72
8256.28
8098.16
8043.71
8144.02
8001.57
8069.81
7830.35
7630.71
7532.9
7677.73
7742.53
7404.61
7380.32
7060.6
7331.73
7877.19
7773.92
7630.26
7198.85
7227.96
6947.06
6923.6
6919.59
6839.59
6894.23
7458.99
7222.08
7838.22
7276.63
7670.37
7773.31
7575.15
7703.1
7866.52
7906.6
7083.49
7573.26
7009.56
6826.61
6734.99
6646.55
6318.61
5944.87
6206.24
6197.84
5298.72
6407.52
6245.18
6526.62
7245.13
7093.42
7268.06
7227.45
6890.94
6814.76
6861.31
7035.76
6964.01
6872.97
6712.21
6693.83
6721.08
7136.1
7840.31
7500.79
7197.5
7170.7
7252.4
6763.38
6710.4
6554.04
6470.74
6588.28
6864.87
7046.57
7106.01
6923.41
6833.42
6785.94
6701.36
6672.69
6742.97
6742.89
6661.44
6623.01
6495.15
6312.03
5783.15
6165.35
6529.99
6369.28
6586.01
6335.56
6627.43
6642.27
6543.39
6446.31
5989.27
