2969.83
2542.69
1865.1100000000001
2310.15
2722.95
1941.4099999999999
1363.32
1333.71
1406.59
1439.05
1448.49
1410.42
1787.25
1593.6
1470.53
1416.09
1386.31
1288.1100000000001
1169.57
1105.06
1125.06
1098.29
1115.78
1235.3
1321.26
1395.79
1564.47
1846.9
1535.65
1433.1100000000001
1321.26
1038.07
1008.64
997.5
1050.98
1125.16
1201.92
1070.06
1024.55
1050.04
1080.37
1253.6100000000001
1195.37
1058.14
1221.1100000000001
1518.55
2388.33
1856.4299999999998
1562.65
1653.95
1973.44
1816.47
1570.2
1606.04
1833.5700000000002
1688.3200000000002
1964.31
1879.87
1500.1
1386.25
1410.33
1487.34
1396.1
1435.88
1895.25
1809.54
1669.13
1529.65
1484.46
1425.16
1447.05
1592.74
1945.8200000000002
2458.65
2852.93
1967.28
2415.25
2086.18
1974.69
2025.58
2305.64
2137.59
2088.95
2835.11
2825.89
3426.45
3369.14
2829.02
2189.77
2432.89
3245.26
3597.92
3617.29
3626.88
3547.35
3097.92
3005.01
3079.99
3190.12
2721.7799999999997
2329.44
2612.89
2141.77
2584.21
2143.52
2135.27
1982.9299999999998
1966.29
2007.12
2194.84
1992.46
2092.0
2686.52
2883.21
2795.3
3294.08
3229.6
3271.99
3266.62
3315.26
3290.68
2908.24
3078.91
3455.24
3593.41
3186.77
3682.73
4215.21
2976.85
4290.59
3865.83
4715.64
4397.08
5062.44
5219.08
4111.99
4938.61
4351.63
4260.41
3784.23
4002.88
3774.81
4129.54
4366.59
4341.74
4286.46
4326.76
3830.49
4550.53
5228.84
5298.72
5110.86
5300.24
5308.52
5408.52
5715.92
5989.27
6312.03
6543.39
6318.61
6721.08
6964.01
6864.87
7041.27
7170.7
7136.1
6749.28
5930.17
5783.15
5457.82
6734.99
7198.85
7736.07
7489.2
7268.06
7152.88
7641.77
7331.73
6947.0599999999995
6833.42
6785.9400000000005
6710.4
7060.6
7458.99
7573.26
7816.4400000000005
7840.3099999999995
7866.52
7838.22
7742.53
7773.3099999999995
7630.71
7227.96
7500.79
7532.9
7630.26
7575.15
8516.02
8035.2
7906.6
7832.22
7380.32
6763.38
6729.53
6593.8
7083.49
7227.45
7197.5
7404.61
7703.1
7670.37
7312.85
7927.49
7918.53
8144.02
8039.45
8144.16
8069.81
8001.57
7739.86
7245.13
7341.65
7093.42
6923.41
7276.63
6672.6900000000005
6508.21
7213.44
7677.73
7993.09
8084.88
8043.71
8256.28
8738.72
8724.13
8465.77
8098.16
7877.1900000000005
8059.65
7773.92
7830.35
7252.4
7222.08
6646.55
6514.72
6470.74
6206.24
5799.24
6015.3
6061.8
6430.58
6839.59
7035.76
6701.36
6890.9400000000005
6712.21
6814.76
6407.52
6642.27
6197.84
6586.01
6554.04
6742.89
7086.86
7106.01
7137.03
6923.6
6894.23
6661.4400000000005
6623.01
6209.71
5984.26
6223.37
5944.87
5860.99
6165.35
6369.28
6446.31
6304.53
6398.77
6529.99
6627.43
6979.8099999999995
6919.59
6693.83
6742.97
6526.62
6181.06
7046.57
6826.61
6861.3099999999995
7009.56
6607.13
6588.28
6495.15
6245.18
6872.97
6335.56
5572.09
5672.7
