3229.6
2852.93
1606.04
1816.47
1470.53
1321.26
1201.92
1363.32
1500.1
1562.65
1967.28
1856.43
1941.41
1945.82
1447.05
1593.6
1529.65
1688.32
1964.31
1592.74
1518.55
1439.05
1386.31
1406.59
1395.79
1410.33
1435.88
1448.49
1396.1
1416.09
1410.42
1386.25
1125.16
1050.98
997.5
1038.07
1024.55
1008.64
1050.04
1070.06
1169.57
1125.06
1115.78
1080.37
1058.14
1098.29
1195.37
1105.06
1221.11
1253.61
1288.11
1321.26
1333.71
1235.3
1425.16
1433.11
1487.34
1484.46
1833.57
1570.2
1535.65
1809.54
2088.95
1669.13
1992.46
2137.59
2086.18
1973.44
1895.25
2092.0
2007.12
2194.84
2305.64
2458.65
2388.33
2432.89
2025.58
2135.27
2310.15
1846.9
2143.52
1982.93
2542.69
2584.21
2721.78
2835.11
2883.21
2825.89
3186.77
3315.26
3369.14
3190.12
3266.62
3078.91
3079.99
2976.85
2969.83
2908.24
2795.3
2722.95
2415.25
2141.77
2612.89
2686.52
1974.69
2329.44
1865.11
1966.29
1879.87
1653.95
1564.47
1787.25
2189.77
2829.02
3005.01
3774.81
3682.73
3865.83
4286.46
4341.74
4260.41
4351.63
4290.59
4111.99
4002.88
3455.24
3547.35
3290.68
3271.99
3593.41
3097.92
3294.08
3245.26
3426.45
3626.88
3597.92
3830.49
3784.23
3617.29
4397.08
4215.21
4129.54
4326.76
4366.59
4550.53
4715.64
4938.61
5110.86
5219.08
5308.52
5300.24
5408.52
5298.72
5062.44
5572.09
5228.84
5783.15
5860.99
6312.03
6554.04
7041.27
6923.41
6833.42
6710.4
6015.3
5930.17
6061.8
5457.82
5672.7
6318.61
7086.86
7404.61
7060.6
6661.44
6729.53
6872.97
7009.56
7222.08
7198.85
7641.77
7877.19
7739.86
7816.44
7736.07
7840.31
7703.1
7489.2
7341.65
7276.63
6979.81
7152.88
7046.57
7136.1
7245.13
7331.73
7532.9
7573.26
7742.53
7832.22
8043.71
8069.81
8059.65
7830.35
7575.15
7312.85
7213.44
7227.96
7227.45
7170.7
7252.4
7500.79
7677.73
7866.52
7993.09
8256.28
8098.16
8144.16
8724.13
8738.72
8516.02
7838.22
8465.77
8039.45
8144.02
8001.57
7773.92
7773.31
7918.53
7927.49
8084.88
7906.6
7670.37
7458.99
8035.2
7380.32
7630.26
7630.71
7137.03
7268.06
7197.5
7083.49
7093.42
6588.28
6197.84
6245.18
6181.06
5989.27
5799.24
5715.92
5944.87
6304.53
6763.38
6742.97
6607.13
6529.99
6335.56
6446.31
6514.72
6742.89
6734.99
6894.23
6861.31
6721.08
6672.69
6495.15
6543.39
6814.76
6646.55
6864.87
6749.28
6693.83
6642.27
6701.36
6407.52
6470.74
6593.8
6826.61
6919.59
6964.01
6947.06
7106.01
6923.6
6890.94
7035.76
6785.94
6712.21
6586.01
6369.28
6398.77
6206.24
6508.21
6627.43
6839.59
6623.01
6165.35
6209.71
6223.37
6430.58
5984.26
6526.62
