2721.78
2141.77
1470.53
1833.57
1982.93
1967.28
1570.2
1941.41
1809.54
1856.43
1865.11
2137.59
2086.18
2088.95
2305.64
2194.84
1974.69
1992.46
1564.47
1395.79
1288.11
1386.25
1406.59
1221.11
1038.07
1321.26
1115.78
1050.04
1098.29
1333.71
1386.31
1410.33
997.5
1447.05
1008.64
1125.06
1235.3
1105.06
1253.61
1050.98
1070.06
1024.55
1080.37
1058.14
1410.42
1396.1
1321.26
1195.37
1169.57
1363.32
1433.11
1439.05
1562.65
1448.49
1484.46
2415.25
1895.25
1592.74
1416.09
1125.16
1201.92
1425.16
1669.13
2007.12
2143.52
2189.77
1973.44
1688.32
1500.1
1606.04
1653.95
1529.65
1846.9
1966.29
2388.33
2458.65
2612.89
2908.24
2835.11
2825.89
2795.3
2969.83
2883.21
2852.93
3290.68
3079.99
3266.62
3078.91
3294.08
3315.26
3617.29
4111.99
4286.46
4260.41
4215.21
4290.59
4341.74
3774.81
3229.6
2976.85
2542.69
2329.44
2092.0
2135.27
1964.31
2025.58
1816.47
1518.55
1879.87
1787.25
1487.34
1593.6
1435.88
1535.65
1945.82
2310.15
2432.89
2584.21
2686.52
2722.95
2829.02
3005.01
3186.77
3369.14
3426.45
3626.88
3245.26
3784.23
3593.41
4002.88
3682.73
3597.92
3547.35
3190.12
3097.92
3271.99
3455.24
3865.83
3830.49
4129.54
4326.76
4351.63
4366.59
4397.08
4550.53
4715.64
4938.61
5062.44
5110.86
5298.72
5457.82
6197.84
6318.61
6015.3
5672.7
6369.28
6335.56
6514.72
6554.04
6495.15
6672.69
6642.27
6734.99
6588.28
6407.52
6181.06
6398.77
5715.92
5219.08
5984.26
6430.58
6586.01
7060.6
7041.27
7197.5
7222.08
7312.85
7630.71
7816.44
7866.52
7736.07
7703.1
7500.79
7252.4
7227.45
7136.1
7198.85
6964.01
6919.59
6923.6
6947.06
6923.41
7213.44
7458.99
7268.06
7575.15
7489.2
7670.37
7532.9
7739.86
7840.31
7838.22
8059.65
8084.88
7573.26
7630.26
7677.73
7245.13
7742.53
7276.63
7093.42
6979.81
7170.7
7341.65
7877.19
8069.81
8098.16
8738.72
8035.2
8001.57
7773.31
7830.35
8043.71
8256.28
8465.77
8144.02
7927.49
7832.22
7906.6
8724.13
8516.02
8144.16
7918.53
7993.09
7641.77
7773.92
8039.45
7380.32
7404.61
7331.73
7227.96
7083.49
6763.38
6446.31
6223.37
6206.24
6061.8
6165.35
5860.99
5408.52
6470.74
6543.39
6661.44
6607.13
6646.55
6627.43
6742.89
6890.94
7086.86
7009.56
7046.57
7152.88
6729.53
6826.61
6749.28
6864.87
7137.03
7035.76
7106.01
6872.97
6742.97
6701.36
6861.31
6508.21
6721.08
6712.21
6814.76
6785.94
6839.59
6710.4
6894.23
6833.42
6529.99
6693.83
6526.62
6209.71
5572.09
5300.24
6245.18
5308.52
5228.84
5799.24
5930.17
6304.53
6312.03
5989.27
5783.15
5944.87
6593.8
6623.01
