1447.05
1992.46
1653.95
1484.46
1235.3
1386.31
1386.25
1396.1
1410.42
1433.11
1321.26
1288.11
1564.47
1439.05
1363.32
1435.88
1416.09
1410.33
1333.71
1395.79
1448.49
1487.34
1406.59
1518.55
1529.65
1865.11
1964.31
1879.87
1562.65
1253.61
1050.04
1008.64
997.5
1038.07
1024.55
1105.06
1080.37
1125.06
1115.78
1195.37
1169.57
1201.92
1321.26
1125.16
1070.06
1050.98
1058.14
1098.29
1221.11
1425.16
1570.2
1470.53
1500.1
1535.65
1606.04
1809.54
1688.32
1669.13
1816.47
1846.9
1856.43
1787.25
1593.6
1592.74
1833.57
1945.82
2137.59
2310.15
2542.69
2852.93
2415.25
2686.52
2835.11
3271.99
3266.62
3245.26
1973.44
1895.25
2305.64
2969.83
2721.78
1967.28
1966.29
1982.93
2088.95
1974.69
2458.65
2092.0
2086.18
1941.41
2135.27
2141.77
2143.52
2432.89
3186.77
2825.89
2883.21
2584.21
2795.3
2908.24
2388.33
3079.99
2722.95
2976.85
2829.02
3369.14
3190.12
3097.92
3005.01
2329.44
2194.84
2007.12
2025.58
2189.77
2612.89
3078.91
3229.6
3294.08
3290.68
3426.45
3626.88
3784.23
3774.81
3455.24
3617.29
3593.41
3315.26
3547.35
3597.92
3682.73
3830.49
4129.54
4715.64
4366.59
3865.83
4002.88
4938.61
4351.63
5062.44
5298.72
4550.53
4397.08
4341.74
4290.59
4215.21
4111.99
4260.41
4286.46
4326.76
5110.86
5228.84
5219.08
5300.24
5308.52
5408.52
5572.09
5672.7
6181.06
6593.8
5944.87
6701.36
6554.04
6335.56
6710.4
6742.89
6923.41
7083.49
6529.99
6318.61
5989.27
5799.24
6061.8
6872.97
7380.32
7575.15
7137.03
7170.7
7677.73
7404.61
7670.37
7500.79
7341.65
7198.85
7009.56
6979.81
7152.88
7136.1
7252.4
7213.44
7222.08
7245.13
7227.45
7046.57
6947.06
7093.42
7458.99
7742.53
7993.09
7927.49
8098.16
8144.02
8039.45
7877.19
7331.73
7086.86
7739.86
7830.35
8035.2
7489.2
7268.06
7573.26
8043.71
7630.26
7736.07
7838.22
7832.22
7918.53
8144.16
8516.02
8724.13
8256.28
8738.72
8465.77
8069.81
7641.77
6890.94
6861.31
7197.5
7906.6
8084.88
7866.52
7840.31
8001.57
8059.65
7532.9
7816.44
7773.31
7630.71
7703.1
7773.92
7106.01
6826.61
6894.23
6607.13
6446.31
6508.21
6514.72
5930.17
6015.3
5715.92
5783.15
6165.35
6398.77
6543.39
6721.08
6642.27
6627.43
6742.97
6964.01
6693.83
6833.42
6672.69
6623.01
6586.01
6712.21
6763.38
6864.87
6919.59
7227.96
7312.85
7060.6
7035.76
7276.63
6729.53
6923.6
7041.27
6839.59
6734.99
6785.94
6749.28
6814.76
6661.44
6588.28
6470.74
6304.53
6407.52
6369.28
6209.71
6312.03
6526.62
6430.58
6206.24
6245.18
6197.84
6223.37
5984.26
6646.55
6495.15
5860.99
5457.82
