1809.54
1833.57
1974.69
1564.47
1395.79
1487.34
1410.33
1195.37
1050.04
1008.64
1363.32
1484.46
1653.95
2135.27
2194.84
2007.12
1787.25
1500.1
1386.31
1105.06
1321.26
1396.1
1447.05
1535.65
1435.88
1288.11
1386.25
1038.07
1024.55
1098.29
1050.98
1115.78
1125.16
1125.06
1321.26
1406.59
1333.71
1433.11
1221.11
1169.57
1058.14
997.5
1070.06
1410.42
1470.53
1448.49
1592.74
1518.55
1235.3
1416.09
1080.37
1253.61
1201.92
1439.05
1425.16
1562.65
1570.2
1593.6
1688.32
1982.93
2141.77
1865.11
1945.82
1856.43
1964.31
2088.95
1973.44
1967.28
2388.33
2025.58
1966.29
2415.25
1941.41
2612.89
2432.89
1816.47
2086.18
2305.64
2143.52
2310.15
2329.44
1895.25
1606.04
1846.9
2189.77
2542.69
2835.11
2825.89
2795.3
2686.52
3078.91
2584.21
3186.77
3079.99
3294.08
2829.02
3190.12
2969.83
2852.93
3229.6
3369.14
3547.35
3455.24
3245.26
3290.68
2908.24
2721.78
2092.0
1669.13
1529.65
1879.87
1992.46
2137.59
2458.65
2883.21
2722.95
3097.92
3005.01
2976.85
3266.62
3271.99
3426.45
3315.26
3593.41
3682.73
3597.92
3626.88
3865.83
3617.29
3830.49
4129.54
4290.59
4002.88
3774.81
3784.23
4286.46
4215.21
4260.41
4326.76
4111.99
4341.74
4351.63
4366.59
5300.24
4397.08
5298.72
5228.84
5062.44
5219.08
4550.53
4715.64
4938.61
5110.86
5308.52
5672.7
5715.92
5572.09
6165.35
5860.99
6495.15
5930.17
6015.3
6206.24
6209.71
6318.61
6508.21
6181.06
6543.39
5944.87
6061.8
6369.28
6223.37
6593.8
6729.53
6742.97
6826.61
6919.59
7083.49
7276.63
7677.73
7773.31
7742.53
7838.22
7866.52
7918.53
7877.19
7840.31
7773.92
7197.5
7086.86
7170.7
6894.23
7009.56
6979.81
7152.88
7630.71
7927.49
8144.16
8465.77
8738.72
8724.13
8516.02
7816.44
6947.06
6964.01
7703.1
8069.81
7573.26
7137.03
7198.85
7575.15
7739.86
7641.77
7331.73
7380.32
7252.4
7832.22
8059.65
8039.45
7906.6
8144.02
8084.88
8001.57
8043.71
7993.09
7630.26
7458.99
7222.08
7136.1
7500.79
7532.9
7670.37
7830.35
8098.16
7341.65
8256.28
7489.2
8035.2
7736.07
7404.61
7245.13
6833.42
6785.94
6661.44
6642.27
6672.69
6607.13
6554.04
5989.27
5783.15
5408.52
5984.26
6734.99
7041.27
6839.59
6514.72
6526.62
6742.89
6872.97
6712.21
6710.4
6864.87
6721.08
6923.6
7060.6
7213.44
7312.85
7227.96
7106.01
6923.41
6588.28
6430.58
6312.03
6245.18
6627.43
6693.83
6749.28
6814.76
6763.38
7035.76
7268.06
7227.45
6890.94
7093.42
7046.57
6646.55
6861.31
6586.01
6701.36
6197.84
6529.99
6446.31
6470.74
5799.24
6407.52
6398.77
6623.01
6335.56
6304.53
5457.82
