2135.27
2584.21
2137.59
2086.18
2088.95
1833.57
1592.74
1562.65
1484.46
1487.34
1439.05
1593.6
1856.43
1973.44
1606.04
1435.88
1321.26
1201.92
1410.42
1447.05
1221.11
1105.06
1080.37
1386.31
1125.06
1333.71
1288.11
1406.59
1321.26
1425.16
1433.11
1448.49
1396.1
1410.33
1529.65
1816.47
1653.95
1564.47
1570.2
1395.79
1235.3
1169.57
1098.29
1050.04
997.5
1038.07
1050.98
1008.64
1024.55
1386.25
1363.32
1195.37
2092.0
1787.25
1945.82
1865.11
1941.41
1518.55
1070.06
1115.78
1058.14
1125.16
1253.61
1416.09
1809.54
1846.9
1470.53
1500.1
1879.87
1535.65
1688.32
1669.13
1895.25
1974.69
1982.93
1967.28
2025.58
2189.77
2141.77
2310.15
2612.89
2388.33
2458.65
2835.11
2908.24
2825.89
3079.99
2976.85
3097.92
3229.6
3290.68
3294.08
3626.88
3455.24
3682.73
3830.49
4286.46
3426.45
3547.35
3078.91
2852.93
2722.95
2432.89
2329.44
2542.69
2305.64
1964.31
1992.46
1966.29
2007.12
2143.52
2415.25
2194.84
2721.78
2686.52
2829.02
2795.3
3005.01
3266.62
3186.77
2969.83
2883.21
3245.26
3271.99
3369.14
3784.23
3190.12
3774.81
3597.92
3865.83
4260.41
4341.74
4290.59
4111.99
4129.54
4351.63
4215.21
4326.76
3617.29
3315.26
3593.41
4002.88
4366.59
4397.08
4550.53
4715.64
4938.61
5110.86
5308.52
5799.24
5672.7
5298.72
5300.24
5062.44
5228.84
5408.52
5219.08
5457.82
5783.15
5715.92
6015.3
6312.03
5572.09
6181.06
6206.24
6470.74
6369.28
5860.99
6304.53
6165.35
6495.15
6607.13
6742.97
6529.99
6894.23
6964.01
7137.03
7252.4
7060.6
7086.86
7046.57
7222.08
7575.15
7331.73
6979.81
6923.6
7227.45
7458.99
7489.2
7213.44
7268.06
7404.61
7630.26
7677.73
7742.53
7906.6
7816.44
8043.71
8059.65
8465.77
8144.16
8084.88
7993.09
7830.35
7840.31
7866.52
7739.86
7736.07
7630.71
7773.31
7838.22
7918.53
8001.57
8069.81
8098.16
8256.28
8724.13
8738.72
8516.02
8144.02
8035.2
7927.49
7832.22
7877.19
7703.1
7380.32
7083.49
7641.77
7670.37
8039.45
7341.65
7773.92
7573.26
7500.79
7041.27
7093.42
7035.76
6872.97
6833.42
6890.94
7009.56
6661.44
6335.56
5944.87
5984.26
6223.37
6398.77
6430.58
6197.84
6061.8
6508.21
6627.43
6623.01
6245.18
6672.69
6826.61
6814.76
6864.87
6919.59
6923.41
7106.01
7276.63
7312.85
7227.96
7152.88
7245.13
7532.9
7197.5
6861.31
6554.04
5989.27
5930.17
6526.62
6734.99
7198.85
7170.7
7136.1
6947.06
6763.38
6407.52
6514.72
6209.71
6646.55
6642.27
6593.8
6729.53
6588.28
6318.61
6701.36
6693.83
6721.08
6712.21
6710.4
6742.89
6586.01
6543.39
6749.28
6785.94
6839.59
6446.31
