1833.57
1487.34
1500.1
1396.1
1439.05
1433.11
1470.53
1448.49
1562.65
1564.47
1529.65
1535.65
1593.6
2086.18
2092.0
1879.87
1518.55
1895.25
1653.95
1846.9
1592.74
1865.11
1410.42
1410.33
1321.26
1253.61
1201.92
1125.16
1098.29
1050.04
1080.37
1221.11
1235.3
1105.06
1050.98
1038.07
1008.64
997.5
1169.57
1024.55
1288.11
1070.06
1115.78
1058.14
1125.06
1386.31
1386.25
1395.79
1447.05
1816.47
2189.77
2143.52
2137.59
1669.13
1856.43
1606.04
1484.46
1333.71
1321.26
1195.37
1425.16
1406.59
1435.88
1416.09
1363.32
2432.89
1570.2
1945.82
2141.77
1974.69
1982.93
2415.25
2007.12
2388.33
2686.52
1966.29
2584.21
2835.11
2825.89
2722.95
2025.58
2852.93
2310.15
2883.21
3190.12
3079.99
3005.01
3547.35
3266.62
3774.81
3271.99
3097.92
3245.26
3593.41
3597.92
3617.29
3626.88
3455.24
3426.45
2969.83
2829.02
2612.89
2088.95
1967.28
1941.41
1964.31
1787.25
1688.32
1992.46
1809.54
1973.44
2135.27
2194.84
2795.3
2542.69
2458.65
2305.64
2329.44
2721.78
2976.85
3229.6
3294.08
3078.91
2908.24
3186.77
3290.68
3369.14
3315.26
3830.49
3682.73
4351.63
4341.74
4260.41
4215.21
4129.54
4326.76
4002.88
3784.23
4111.99
3865.83
4290.59
4286.46
4366.59
4397.08
4550.53
4938.61
5219.08
5228.84
4715.64
5110.86
5062.44
5298.72
6181.06
5860.99
5308.52
5989.27
6693.83
7035.76
7093.42
6890.94
7136.1
7083.49
7106.01
6861.31
6872.97
7086.86
7252.4
6894.23
6864.87
6833.42
7041.27
7009.56
6923.6
6826.61
6923.41
6814.76
6979.81
7276.63
7500.79
7742.53
7458.99
7641.77
7380.32
7866.52
7670.37
7630.26
7630.71
7832.22
7245.13
7677.73
7222.08
6839.59
6742.89
6672.69
6245.18
5944.87
5408.52
6304.53
6734.99
6947.06
7312.85
7227.45
6742.97
6470.74
6335.56
6209.71
6407.52
6710.4
6729.53
6919.59
7198.85
7331.73
7489.2
7739.86
8001.57
7927.49
8144.02
8516.02
8043.71
8084.88
8069.81
8256.28
7830.35
7838.22
7736.07
7532.9
7268.06
7816.44
7773.92
7877.19
8059.65
7918.53
8738.72
8465.77
8724.13
8098.16
8144.16
8035.2
8039.45
7840.31
7993.09
7703.1
7341.65
6964.01
7137.03
7227.96
7404.61
7213.44
7152.88
7170.7
7060.6
7906.6
7773.31
7575.15
7573.26
6749.28
6785.94
7197.5
7046.57
6763.38
6712.21
6607.13
6398.77
6312.03
6514.72
6642.27
6623.01
6588.28
6627.43
6495.15
5783.15
6015.3
5930.17
5300.24
5457.82
5715.92
5984.26
6543.39
6446.31
6526.62
6721.08
6661.44
6554.04
6586.01
6529.99
6318.61
5572.09
6197.84
5672.7
6061.8
6369.28
6646.55
6430.58
6165.35
5799.24
6508.21
6206.24
6593.8
6701.36
6223.37
