2135.27
2143.52
1653.95
1982.93
1895.25
1787.25
1447.05
1439.05
1425.16
1433.11
1363.32
1410.42
1562.65
1416.09
1941.41
1518.55
1945.82
2088.95
1967.28
1964.31
1484.46
1435.88
1253.61
1321.26
1080.37
1038.07
1235.3
1221.11
1606.04
1669.13
1410.33
1125.06
1115.78
1058.14
997.5
1024.55
1008.64
1050.04
1125.16
1195.37
1288.11
1098.29
1050.98
1070.06
1169.57
1406.59
1500.1
1470.53
1570.2
1592.74
1564.47
1535.65
1386.31
1105.06
1333.71
1396.1
1846.9
1856.43
1688.32
1593.6
1487.34
1816.47
1865.11
1448.49
1386.25
1321.26
1201.92
1395.79
1529.65
1809.54
1833.57
1966.29
2007.12
2194.84
2305.64
2612.89
2458.65
2721.78
3079.99
3186.77
2976.85
3229.6
2835.11
2852.93
3005.01
3315.26
3547.35
3369.14
3266.62
3626.88
4002.88
3426.45
3682.73
3290.68
3271.99
4111.99
4260.41
4129.54
3784.23
3245.26
2584.21
2686.52
2722.95
2969.83
2825.89
2415.25
2141.77
2137.59
2092.0
1992.46
1879.87
1974.69
1973.44
2086.18
2432.89
2388.33
2025.58
2329.44
2310.15
2542.69
2829.02
2189.77
2883.21
3078.91
2795.3
3830.49
3774.81
3593.41
3865.83
3617.29
3455.24
3294.08
3190.12
2908.24
3097.92
3597.92
4215.21
4286.46
4290.59
4341.74
4351.63
4326.76
4366.59
4397.08
4550.53
4938.61
5300.24
5860.99
6061.8
6223.37
5984.26
5944.87
5457.82
6015.3
6430.58
6543.39
6749.28
6872.97
7137.03
6742.97
6607.13
6407.52
5298.72
5715.92
5110.86
5989.27
6209.71
5672.7
5572.09
5308.52
6165.35
5408.52
5930.17
5799.24
6197.84
6335.56
6623.01
6785.94
7046.57
7532.9
7312.85
7458.99
7641.77
7736.07
7500.79
7489.2
7245.13
7198.85
7060.6
7136.1
7227.45
7276.63
7575.15
7630.71
7670.37
7830.35
7906.6
8724.13
8035.2
8738.72
8465.77
8516.02
8039.45
7877.19
7838.22
7773.92
7677.73
7739.86
7816.44
7742.53
7832.22
7866.52
7993.09
8098.16
8256.28
8059.65
8069.81
8144.02
8144.16
7927.49
8043.71
7918.53
7840.31
8001.57
8084.88
7703.1
7773.31
7331.73
6979.81
7573.26
6646.55
7009.56
7086.86
7152.88
7170.7
7227.96
7630.26
7341.65
7404.61
7380.32
7268.06
6734.99
6763.38
6529.99
6495.15
6661.44
6712.21
6710.4
6919.59
6514.72
6923.41
6890.94
6729.53
6861.31
7035.76
6721.08
6833.42
6826.61
6964.01
6814.76
7093.42
7106.01
6894.23
6701.36
6672.69
7083.49
7213.44
6947.06
6318.61
6304.53
6470.74
6586.01
6446.31
6181.06
5228.84
6508.21
6693.83
6839.59
6593.8
6627.43
7041.27
7252.4
7222.08
6923.6
6526.62
5783.15
4715.64
5062.44
5219.08
6206.24
6742.89
7197.5
6864.87
6588.28
6369.28
6642.27
6554.04
6245.18
6398.77
6312.03
