1564.47
2542.69
2092.0
2135.27
1964.31
1879.87
2025.58
2086.18
2007.12
1856.43
1688.32
1833.57
1846.9
1967.28
1941.41
1518.55
1447.05
1787.25
1593.6
1945.82
1562.65
1535.65
1406.59
1439.05
1363.32
1500.1
1386.31
1125.06
1115.78
1321.26
1425.16
1816.47
1435.88
1653.95
1570.2
1669.13
1529.65
1235.3
1253.61
1098.29
1050.98
1050.04
1038.07
1024.55
1008.64
997.5
1070.06
1080.37
1105.06
1221.11
1195.37
1125.16
1410.33
1321.26
1395.79
1487.34
1386.25
1201.92
1169.57
1058.14
1410.42
1333.71
1470.53
1592.74
1865.11
1992.46
1606.04
1895.25
1484.46
1433.11
1416.09
1809.54
1973.44
2143.52
2584.21
2908.24
3266.62
3617.29
3315.26
2976.85
2835.11
2686.52
2829.02
3294.08
3426.45
3593.41
3547.35
3455.24
3626.88
4215.21
3865.83
3682.73
3597.92
4129.54
4326.76
3784.23
4286.46
4002.88
3186.77
3078.91
2189.77
1966.29
1448.49
2141.77
2795.3
2458.65
1396.1
1288.11
1982.93
1974.69
2088.95
2194.84
2329.44
2415.25
2305.64
2825.89
2137.59
2722.95
2432.89
2721.78
2388.33
2310.15
2612.89
2852.93
2969.83
2883.21
3005.01
3245.26
3369.14
4111.99
4260.41
3774.81
3190.12
3079.99
3097.92
3229.6
3290.68
3271.99
3830.49
4290.59
4341.74
4351.63
4366.59
4397.08
4550.53
4715.64
5062.44
5110.86
4938.61
5219.08
5572.09
5715.92
5672.7
5457.82
5944.87
6543.39
6721.08
6861.31
6923.6
7035.76
7009.56
6979.81
6826.61
6749.28
6642.27
6593.8
6710.4
6061.8
6398.77
6369.28
6701.36
6742.89
6890.94
6814.76
6964.01
7276.63
7093.42
7041.27
6919.59
6894.23
7060.6
7198.85
7268.06
7312.85
7106.01
7086.86
7136.1
7245.13
7046.57
7227.45
7197.5
7170.7
7222.08
7489.2
7630.26
7832.22
7341.65
7670.37
7838.22
7927.49
7816.44
7736.07
8039.45
7641.77
7630.71
7739.86
7152.88
7575.15
7993.09
7380.32
7500.79
7677.73
7773.31
7906.6
8059.65
8069.81
8738.72
8724.13
8144.16
8256.28
8098.16
8516.02
8084.88
8465.77
8144.02
7918.53
7866.52
8043.71
7840.31
7830.35
7137.03
7573.26
7532.9
7458.99
7703.1
8035.2
7877.19
7742.53
8001.57
7773.92
7252.4
6872.97
6833.42
6318.61
6623.01
6588.28
6514.72
6181.06
6312.03
6430.58
6693.83
6508.21
6495.15
6446.31
6304.53
6672.69
6729.53
6742.97
7213.44
6839.59
7331.73
7404.61
6763.38
7083.49
6923.41
6947.06
6864.87
6785.94
7227.96
6554.04
6223.37
6607.13
6470.74
5930.17
6407.52
6245.18
6209.71
6206.24
6197.84
6529.99
6165.35
5860.99
5989.27
5308.52
5300.24
5228.84
5298.72
5408.52
5783.15
6015.3
6526.62
6586.01
6646.55
6335.56
5984.26
6661.44
6712.21
6734.99
6627.43
5799.24
