1856.43
1606.04
1448.49
1564.47
1518.55
1169.57
1416.09
1593.6
1865.11
1966.29
1945.82
1529.65
1653.95
1439.05
1447.05
1235.3
1410.33
1470.53
1221.11
1321.26
1321.26
1105.06
1080.37
1410.42
1386.31
1425.16
1386.25
1201.92
1253.61
1435.88
1125.06
1433.11
1288.11
1125.16
1058.14
1050.98
1038.07
1008.64
1050.04
1024.55
1070.06
997.5
1098.29
1115.78
1406.59
1396.1
1333.71
1363.32
1195.37
1395.79
1592.74
1833.57
1895.25
1967.28
2088.95
2135.27
1982.93
1688.32
1484.46
1879.87
2189.77
2141.77
1974.69
1487.34
1535.65
1809.54
1787.25
1816.47
1570.2
1562.65
1500.1
1669.13
1846.9
1941.41
1964.31
2092.0
2329.44
2310.15
2143.52
2025.58
1992.46
2007.12
1973.44
2458.65
3369.14
2829.02
3294.08
3079.99
3190.12
3290.68
3271.99
3245.26
3078.91
2584.21
3097.92
3547.35
2908.24
3455.24
3593.41
3229.6
2305.64
2542.69
2415.25
3626.88
3597.92
3005.01
3266.62
2976.85
2835.11
2969.83
3186.77
3315.26
2883.21
2721.78
2612.89
2137.59
2086.18
2194.84
2432.89
2795.3
2852.93
2722.95
2686.52
2825.89
2388.33
3426.45
3682.73
3617.29
4286.46
4002.88
4326.76
4215.21
4129.54
3774.81
3784.23
3865.83
4111.99
4260.41
3830.49
4341.74
4366.59
4290.59
4938.61
4351.63
5110.86
4397.08
4550.53
4715.64
5062.44
5219.08
5228.84
5308.52
5298.72
5300.24
5408.52
5457.82
6223.37
6554.04
6763.38
6833.42
7137.03
6785.94
6514.72
6245.18
5799.24
5672.7
5860.99
5715.92
5783.15
5572.09
6209.71
6197.84
6318.61
6508.21
6495.15
6586.01
6672.69
6749.28
6872.97
6919.59
7009.56
7245.13
7341.65
7532.9
7670.37
7703.1
7641.77
7830.35
7773.31
7927.49
8035.2
8069.81
8465.77
8084.88
8059.65
8256.28
8144.16
8144.02
8039.45
7877.19
8001.57
7742.53
7268.06
7046.57
7227.45
7041.27
7106.01
7252.4
7380.32
7136.1
7489.2
7838.22
7866.52
7993.09
7906.6
7918.53
8098.16
8738.72
8724.13
8516.02
8043.71
7630.26
7213.44
7331.73
7198.85
7404.61
7500.79
7773.92
7816.44
7739.86
7222.08
7227.96
7458.99
7575.15
7736.07
7832.22
7840.31
7573.26
7677.73
7630.71
7152.88
6923.6
6890.94
6398.77
6526.62
6312.03
6061.8
5944.87
6407.52
5984.26
6529.99
6742.89
6646.55
6642.27
6623.01
6661.44
6826.61
6923.41
7276.63
7060.6
6947.06
6964.01
7035.76
6861.31
6894.23
7086.86
7197.5
7093.42
6979.81
7083.49
7170.7
6701.36
7312.85
6369.28
6543.39
6607.13
6627.43
6729.53
6864.87
6742.97
6814.76
6693.83
6430.58
6304.53
6015.3
6165.35
6181.06
5930.17
6206.24
6335.56
6470.74
6721.08
6839.59
6710.4
6588.28
6734.99
6712.21
6593.8
6446.31
5989.27
