1964.31
2305.64
1879.87
1396.1
1253.61
1487.34
1973.44
1321.26
1395.79
1564.47
1941.41
1895.25
1833.57
1500.1
1333.71
1038.07
1098.29
1439.05
1562.65
1448.49
1518.55
1529.65
1410.42
1593.6
1410.33
1535.65
1606.04
1846.9
1865.11
1386.31
1221.11
997.5
1080.37
1125.16
1115.78
1105.06
1050.04
1050.98
1570.2
1024.55
1470.53
1125.06
1169.57
1406.59
1425.16
1008.64
1363.32
1070.06
1058.14
1416.09
1435.88
1195.37
1592.74
1235.3
1856.43
1966.29
2137.59
2086.18
1945.82
1982.93
1816.47
1653.95
1447.05
1484.46
1787.25
1688.32
1386.25
1288.11
1321.26
1201.92
1433.11
1669.13
1809.54
1992.46
2025.58
2329.44
2721.78
2969.83
3079.99
2829.02
2908.24
2612.89
1967.28
2584.21
3266.62
3774.81
3830.49
3455.24
2388.33
3097.92
3290.68
3597.92
3426.45
3078.91
3005.01
3190.12
3294.08
3245.26
3186.77
2825.89
2835.11
2852.93
2722.95
2686.52
2432.89
2542.69
2143.52
2141.77
2189.77
1974.69
2092.0
2135.27
2007.12
2415.25
2310.15
2088.95
2194.84
2458.65
2795.3
3229.6
2976.85
2883.21
3271.99
3369.14
3315.26
3547.35
3593.41
3617.29
3682.73
3626.88
3865.83
4111.99
4129.54
3784.23
4341.74
4290.59
4326.76
4351.63
4286.46
4215.21
4002.88
4260.41
4366.59
4397.08
4715.64
5062.44
5228.84
5298.72
4550.53
5457.82
5219.08
4938.61
5110.86
5300.24
5572.09
6304.53
6529.99
6627.43
6742.89
6742.97
6861.31
6864.87
6710.4
6721.08
6646.55
6734.99
6749.28
6642.27
6593.8
6623.01
6661.44
6312.03
6181.06
5989.27
6206.24
6407.52
6833.42
7213.44
6693.83
7227.96
6890.94
7046.57
7060.6
7268.06
6763.38
7035.76
6947.06
7136.1
7106.01
7312.85
7670.37
7739.86
7677.73
7630.71
7573.26
7489.2
7742.53
8144.02
8084.88
8738.72
8516.02
8098.16
8059.65
7773.31
7641.77
7245.13
7276.63
7331.73
7458.99
7380.32
7736.07
7816.44
8043.71
8144.16
8256.28
7906.6
8039.45
8465.77
7993.09
8035.2
7866.52
7703.1
7575.15
7918.53
7838.22
7500.79
7222.08
7341.65
7041.27
6923.6
6839.59
7137.03
7630.26
8001.57
8069.81
7877.19
8724.13
7773.92
7927.49
7532.9
7830.35
7197.5
7227.45
7009.56
6814.76
6712.21
6514.72
6245.18
5308.52
5408.52
5672.7
5783.15
5930.17
5944.87
5984.26
6398.77
6165.35
6785.94
7152.88
7404.61
7840.31
7832.22
7086.86
6964.01
6923.41
7083.49
7170.7
6979.81
6872.97
6672.69
6586.01
6335.56
6015.3
5860.99
6508.21
6495.15
6701.36
6894.23
6919.59
7198.85
7252.4
7093.42
6729.53
6826.61
6554.04
6318.61
6061.8
6430.58
6446.31
6223.37
6588.28
6470.74
5799.24
6209.71
6197.84
6607.13
6526.62
6369.28
6543.39
5715.92
