1967.28
2542.69
2432.89
2388.33
2007.12
1941.41
1974.69
1865.11
2086.18
1964.31
1688.32
1592.74
1669.13
2189.77
2194.84
2415.25
2310.15
2141.77
1653.95
1518.55
1363.32
1410.42
1070.06
1038.07
997.5
1105.06
1195.37
1321.26
1410.33
1484.46
1416.09
1395.79
1253.61
1098.29
1125.06
1221.11
1115.78
1024.55
1050.04
1058.14
1321.26
1288.11
1201.92
1008.64
1435.88
1050.98
1235.3
1125.16
1080.37
1396.1
1386.31
1169.57
1386.25
1333.71
1439.05
1856.43
1982.93
1879.87
1833.57
1809.54
1973.44
1535.65
2088.95
1895.25
1564.47
2025.58
1593.6
1846.9
1966.29
1816.47
2092.0
2686.52
2829.02
2883.21
2835.11
2143.52
1787.25
1470.53
1433.11
1406.59
1425.16
1606.04
2135.27
2721.78
2722.95
2825.89
2852.93
2976.85
3186.77
3290.68
3245.26
3097.92
3079.99
3426.45
3271.99
3597.92
3547.35
3626.88
3369.14
3455.24
2908.24
3005.01
2458.65
2305.64
2137.59
1529.65
1448.49
1447.05
1500.1
1487.34
1992.46
1562.65
1570.2
1945.82
2329.44
2612.89
2795.3
2584.21
2969.83
3078.91
3229.6
3190.12
3266.62
3294.08
3315.26
3593.41
3617.29
3682.73
3774.81
3865.83
4326.76
4938.61
4129.54
3784.23
3830.49
4215.21
4286.46
4397.08
4366.59
4351.63
4260.41
4290.59
4002.88
4341.74
4111.99
4715.64
5228.84
4550.53
5110.86
5062.44
5219.08
5298.72
5300.24
5308.52
5457.82
5572.09
6061.8
6430.58
6623.01
6607.13
6672.69
6712.21
6814.76
6890.94
6872.97
7041.27
7086.86
6947.06
6894.23
6861.31
6661.44
6701.36
6646.55
6742.97
6749.28
6763.38
7035.76
7816.44
8084.88
8144.16
8738.72
8465.77
8256.28
8039.45
7739.86
7331.73
7197.5
7245.13
7137.03
7227.96
7532.9
6919.59
6923.6
6979.81
7083.49
7404.61
7641.77
7838.22
7906.6
8035.2
7573.26
7832.22
7060.6
7106.01
7222.08
7500.79
7458.99
7489.2
7630.26
7840.31
7312.85
7927.49
7773.92
7703.1
7830.35
7575.15
7993.09
8043.71
7918.53
7877.19
7866.52
7670.37
7252.4
7009.56
7227.45
7046.57
7268.06
7380.32
7742.53
7677.73
7736.07
8059.65
8069.81
8144.02
8516.02
8724.13
8098.16
8001.57
7630.71
7170.7
7152.88
6543.39
6398.77
5672.7
5408.52
5944.87
5984.26
6197.84
6304.53
6407.52
6642.27
6734.99
6742.89
6529.99
6588.28
6721.08
6839.59
7213.44
7773.31
7136.1
6833.42
6864.87
7198.85
7341.65
7276.63
7093.42
6923.41
6785.94
6826.61
6710.4
6470.74
6495.15
6586.01
6181.06
6526.62
6729.53
6312.03
6964.01
6508.21
6693.83
6514.72
6446.31
6369.28
6627.43
6593.8
6335.56
5989.27
6318.61
6245.18
5799.24
6209.71
6206.24
6015.3
5860.99
5783.15
5930.17
6165.35
6223.37
6554.04
5715.92
