1982.93
1992.46
1865.11
1967.28
1787.25
1570.2
1500.1
1410.42
1439.05
1080.37
1253.61
1105.06
1195.37
1470.53
1395.79
1288.11
1447.05
1321.26
1235.3
1487.34
1529.65
1435.88
1406.59
1433.11
1562.65
1535.65
1593.6
1564.47
1816.47
1973.44
1846.9
1856.43
1945.82
1333.71
1386.31
1125.16
1058.14
1008.64
1038.07
1024.55
1169.57
1050.98
1050.04
1070.06
997.5
1201.92
1410.33
1363.32
1484.46
1386.25
1606.04
1518.55
1416.09
1425.16
1321.26
1221.11
1448.49
1098.29
1115.78
1125.06
1396.1
1592.74
1688.32
1809.54
1879.87
1833.57
1669.13
1895.25
1653.95
1941.41
1964.31
1966.29
2143.52
2007.12
2329.44
2025.58
2086.18
2189.77
2612.89
2825.89
2852.93
2795.3
3097.92
3271.99
3266.62
3315.26
3005.01
2686.52
2458.65
2721.78
3190.12
3593.41
3369.14
3682.73
3626.88
3547.35
3455.24
2835.11
3186.77
2305.64
1974.69
2137.59
2141.77
2415.25
2584.21
2310.15
2135.27
2092.0
2088.95
2194.84
2883.21
2542.69
3078.91
3079.99
3290.68
3245.26
2388.33
2722.95
2432.89
2829.02
2908.24
2969.83
2976.85
3294.08
3229.6
3426.45
3597.92
3617.29
3784.23
3865.83
4002.88
4129.54
4260.41
3774.81
3830.49
4111.99
4286.46
4215.21
4326.76
4290.59
4351.63
4341.74
4366.59
4550.53
5110.86
4397.08
5219.08
4715.64
5062.44
4938.61
5228.84
5298.72
5300.24
5308.52
5799.24
6197.84
6446.31
6701.36
6734.99
6749.28
6894.23
6826.61
6627.43
6529.99
6398.77
6245.18
5984.26
5715.92
5672.7
6470.74
6742.97
6833.42
7041.27
6729.53
6514.72
6165.35
6554.04
6407.52
6607.13
6742.89
6839.59
7060.6
7086.86
7198.85
7152.88
7093.42
7213.44
7331.73
7245.13
7489.2
7458.99
7830.35
7906.6
8098.16
7840.31
8069.81
7838.22
7993.09
8043.71
8144.02
7866.52
7736.07
7341.65
7035.76
7197.5
7106.01
7252.4
7404.61
7573.26
7670.37
7927.49
8144.16
8724.13
8465.77
8738.72
8084.88
8256.28
8516.02
7918.53
7816.44
7739.86
7703.1
7641.77
7832.22
7380.32
7312.85
7630.71
7630.26
7742.53
8039.45
7773.31
8001.57
8059.65
8035.2
7877.19
7773.92
7677.73
6923.41
7500.79
6979.81
6872.97
6623.01
6526.62
5572.09
5860.99
5930.17
6223.37
5408.52
5944.87
6061.8
6721.08
7046.57
7083.49
6864.87
6712.21
6318.61
6181.06
5783.15
6430.58
6015.3
6861.31
6947.06
7227.96
7137.03
6919.59
7170.7
7227.45
7222.08
7532.9
7276.63
7268.06
7575.15
7136.1
6964.01
7009.56
6890.94
6923.6
6814.76
6710.4
6646.55
6369.28
6209.71
6312.03
6661.44
6588.28
6335.56
5457.82
5989.27
6543.39
6642.27
6672.69
6785.94
6763.38
6586.01
6206.24
6304.53
6508.21
6593.8
6693.83
6495.15
