1833.57
1966.29
1669.13
1865.11
1518.55
2007.12
2612.89
1973.44
2086.18
1945.82
1974.69
1846.9
1564.47
1570.2
1606.04
1941.41
1500.1
1592.74
1416.09
1410.33
1410.42
1448.49
1395.79
1333.71
1435.88
1879.87
2194.84
2189.77
2025.58
2310.15
1967.28
1487.34
1439.05
1221.11
1125.06
1201.92
1169.57
1115.78
1098.29
1038.07
1070.06
997.5
1024.55
1050.98
1050.04
1008.64
1058.14
1080.37
1105.06
1433.11
1562.65
1787.25
1593.6
1386.31
1288.11
1321.26
1406.59
1235.3
1125.16
1195.37
1321.26
1363.32
1447.05
1529.65
1484.46
1856.43
1653.95
2141.77
1992.46
2135.27
1535.65
2092.0
2542.69
2908.24
3005.01
2305.64
2835.11
2976.85
3271.99
3290.68
3266.62
3190.12
3245.26
3426.45
3784.23
3455.24
3315.26
3593.41
3774.81
3682.73
3617.29
3547.35
3097.92
3597.92
3294.08
3369.14
3229.6
3079.99
2883.21
2969.83
2686.52
2825.89
2722.95
3078.91
2852.93
2829.02
2415.25
2137.59
2388.33
2143.52
2458.65
2432.89
1982.93
1816.47
1895.25
1964.31
1386.25
1688.32
1425.16
1253.61
1396.1
1470.53
1809.54
2088.95
2329.44
2721.78
2795.3
2584.21
3186.77
3626.88
3865.83
4290.59
4111.99
4215.21
4326.76
4715.64
4366.59
5062.44
4129.54
4351.63
4260.41
4286.46
4341.74
3830.49
4550.53
4397.08
4938.61
5219.08
5298.72
5308.52
5457.82
5228.84
5408.52
4002.88
5110.86
5300.24
5715.92
6526.62
7198.85
7573.26
7641.77
7677.73
7458.99
7331.73
7046.57
7083.49
7106.01
6890.94
6734.99
6721.08
6642.27
6593.8
6407.52
6586.01
6729.53
6872.97
7093.42
7252.4
7137.03
6742.97
6646.55
7086.86
7268.06
6964.01
6894.23
7041.27
7035.76
7060.6
7380.32
7276.63
7736.07
7739.86
7773.92
7670.37
7312.85
7404.61
7816.44
7927.49
7840.31
8098.16
7830.35
7630.71
7500.79
7136.1
7152.88
7532.9
7222.08
7575.15
7703.1
7742.53
7773.31
7877.19
8001.57
8035.2
8059.65
8738.72
8465.77
8724.13
8516.02
8084.88
8144.02
8043.71
7906.6
8039.45
8256.28
7866.52
7832.22
8144.16
7918.53
8069.81
7838.22
7227.45
7993.09
7245.13
7341.65
7630.26
7489.2
7213.44
7170.7
7227.96
7197.5
6919.59
6623.01
6398.77
6197.84
6312.03
6514.72
6543.39
6693.83
6672.69
6785.94
6979.81
6839.59
6661.44
6742.89
6712.21
6861.31
6607.13
6923.41
6701.36
6749.28
6864.87
6947.06
6763.38
6833.42
7009.56
6923.6
6826.61
6710.4
6814.76
6627.43
6554.04
6588.28
6430.58
6495.15
6529.99
6223.37
6335.56
6181.06
6061.8
6206.24
6245.18
6015.3
6369.28
5930.17
5989.27
5572.09
5672.7
5799.24
5944.87
6209.71
6470.74
6446.31
6508.21
5984.26
5783.15
6165.35
6304.53
6318.61
5860.99
