2542.69
3078.91
1856.43
1688.32
2194.84
2137.59
1846.9
1529.65
1669.13
1564.47
1433.11
1363.32
1253.61
1386.25
1201.92
1221.11
1125.16
1125.06
1115.78
1235.3
1321.26
1406.59
1386.31
1396.1
1410.42
1562.65
1653.95
1593.6
1500.1
1395.79
1195.37
1080.37
1070.06
1050.04
1050.98
1008.64
1058.14
997.5
1024.55
1038.07
1098.29
1105.06
1169.57
1321.26
1288.11
1333.71
1435.88
1592.74
1809.54
2088.95
1816.47
1606.04
1895.25
1484.46
1447.05
1833.57
1945.82
1865.11
1787.25
1416.09
1570.2
1518.55
1439.05
1470.53
1487.34
1535.65
1425.16
1410.33
1448.49
1964.31
1879.87
2329.44
2458.65
2584.21
2432.89
2135.27
2686.52
2829.02
1982.93
2835.11
1967.28
1974.69
1966.29
2025.58
2825.89
2852.93
2883.21
3097.92
1941.41
2189.77
2310.15
2415.25
2969.83
3271.99
3245.26
3186.77
3190.12
2612.89
2143.52
1992.46
2141.77
2305.64
2795.3
3005.01
2086.18
2007.12
3079.99
1973.44
2721.78
2388.33
2722.95
2908.24
2092.0
2976.85
3229.6
3294.08
3266.62
3547.35
3455.24
3597.92
3593.41
3369.14
3290.68
3315.26
3426.45
3617.29
3626.88
3784.23
4111.99
4129.54
4290.59
3682.73
3865.83
4002.88
4341.74
4550.53
5062.44
4260.41
5110.86
4938.61
4715.64
3830.49
3774.81
4215.21
4326.76
4366.59
4397.08
4351.63
4286.46
5219.08
5228.84
5298.72
5300.24
5308.52
5408.52
5457.82
5572.09
6197.84
6514.72
6607.13
6864.87
6734.99
6588.28
6646.55
6015.3
6407.52
6627.43
5715.92
6245.18
6369.28
6919.59
7213.44
8001.57
7245.13
6814.76
7041.27
8069.81
8724.13
7380.32
7227.45
7268.06
7742.53
7575.15
7906.6
7404.61
7739.86
7500.79
7630.71
7532.9
7703.1
7866.52
7927.49
7877.19
8144.16
7331.73
7993.09
8035.2
7918.53
7736.07
7641.77
7170.7
6742.97
6701.36
5860.99
6318.61
6470.74
6543.39
6964.01
7198.85
7227.96
7312.85
7276.63
7677.73
7670.37
8039.45
8043.71
8465.77
8738.72
8516.02
8256.28
8098.16
7573.26
7489.2
8059.65
7773.31
7630.26
7341.65
7832.22
7816.44
8084.88
8144.02
7840.31
7838.22
7830.35
7773.92
7458.99
7222.08
6785.94
7093.42
6672.69
7106.01
6712.21
6446.31
6312.03
5984.26
5799.24
6223.37
5989.27
5930.17
5944.87
6495.15
6979.81
6947.06
6729.53
6763.38
6693.83
6742.89
7060.6
7136.1
6721.08
6554.04
6586.01
6833.42
6826.61
6749.28
7086.86
7046.57
7197.5
7252.4
7152.88
7035.76
6623.01
6430.58
6209.71
6398.77
6661.44
6923.6
7137.03
6894.23
6890.94
6526.62
6304.53
5672.7
6206.24
6181.06
5783.15
6061.8
6508.21
6529.99
6593.8
6642.27
6923.41
6872.97
6710.4
6839.59
7083.49
7009.56
6861.31
6335.56
6165.35
