2025.58
2825.89
2137.59
1688.32
1570.2
1425.16
1448.49
1447.05
1846.9
1992.46
1895.25
1439.05
1470.53
1396.1
1288.11
1333.71
1435.88
1487.34
1169.57
2092.0
1856.43
1982.93
1562.65
1833.57
1433.11
1484.46
1593.6
1535.65
1879.87
2086.18
1865.11
1592.74
1410.42
1386.25
1395.79
1809.54
1321.26
1221.11
1195.37
1105.06
1098.29
1024.55
1050.04
1058.14
1050.98
1008.64
1038.07
997.5
1070.06
1115.78
1253.61
1201.92
1125.06
1080.37
1125.16
1363.32
1606.04
1964.31
1974.69
1787.25
1386.31
1416.09
1653.95
1816.47
1500.1
1518.55
1529.65
1966.29
2135.27
2458.65
2829.02
3078.91
3229.6
3186.77
2852.93
2329.44
2883.21
2969.83
2795.3
2542.69
2388.33
1941.41
1973.44
2194.84
2722.95
2908.24
3190.12
3271.99
3290.68
3426.45
3455.24
3617.29
3774.81
3830.49
3593.41
4111.99
3865.83
3369.14
3597.92
3294.08
3245.26
3079.99
2584.21
2141.77
2007.12
1669.13
1321.26
1410.33
1235.3
1406.59
1564.47
1945.82
2088.95
1967.28
2976.85
2835.11
2189.77
2612.89
2143.52
2305.64
2415.25
2432.89
2310.15
2686.52
2721.78
3005.01
3097.92
3266.62
3315.26
3547.35
4002.88
4260.41
4290.59
4351.63
4341.74
4215.21
3784.23
3626.88
3682.73
4129.54
4286.46
4326.76
4366.59
4397.08
4550.53
4715.64
5219.08
5062.44
5572.09
6015.3
5672.7
5944.87
5799.24
5989.27
6197.84
6369.28
6529.99
6734.99
6721.08
6646.55
7083.49
6979.81
7227.45
7041.27
7046.57
7035.76
7093.42
6642.27
7009.56
6526.62
6894.23
7152.88
6749.28
7086.86
6964.01
6763.38
6947.06
6923.41
7222.08
7060.6
6826.61
7213.44
7458.99
7677.73
7500.79
7170.7
6785.94
7276.63
6627.43
6833.42
7380.32
6729.53
6872.97
6543.39
6430.58
7252.4
6919.59
7670.37
7573.26
7489.2
7245.13
6890.94
6861.31
6693.83
6661.44
7136.1
7137.03
7312.85
7630.26
7630.71
7773.92
8001.57
7918.53
7773.31
7830.35
7703.1
7739.86
7742.53
7404.61
7866.52
7106.01
7736.07
7532.9
7906.6
7993.09
7877.19
7840.31
8035.2
8043.71
8516.02
8256.28
8738.72
8465.77
8098.16
8039.45
8084.88
8059.65
7927.49
8069.81
8144.16
8724.13
8144.02
7832.22
7197.5
6712.21
6839.59
6742.97
6672.69
6495.15
6514.72
6710.4
7198.85
7268.06
7227.96
6923.6
6588.28
6318.61
6304.53
6335.56
6508.21
6864.87
7341.65
7838.22
7816.44
7641.77
7575.15
7331.73
6470.74
6701.36
6607.13
6586.01
6814.76
6742.89
6407.52
6312.03
6223.37
6554.04
6245.18
6623.01
6398.77
6593.8
6165.35
6209.71
5457.82
5300.24
5110.86
4938.61
5298.72
5228.84
5308.52
5860.99
5715.92
6061.8
6206.24
5930.17
5783.15
5408.52
6181.06
6446.31
5984.26
