2135.27
2388.33
1945.82
1564.47
1235.3
1098.29
1058.14
1448.49
1518.55
1593.6
1964.31
1484.46
1570.2
1416.09
1487.34
1865.11
1535.65
1833.57
1529.65
1410.42
1410.33
1386.31
1321.26
1169.57
1105.06
1070.06
1050.98
997.5
1024.55
1253.61
1195.37
1435.88
1425.16
1386.25
1125.16
1201.92
1115.78
1125.06
1321.26
1406.59
1363.32
1288.11
1395.79
1396.1
1433.11
1333.71
1221.11
1050.04
1038.07
1008.64
1080.37
1500.1
1895.25
1592.74
1447.05
1470.53
1966.29
1606.04
1879.87
1787.25
1809.54
1816.47
2025.58
1967.28
2189.77
2194.84
2305.64
2329.44
2432.89
1974.69
2415.25
2825.89
2908.24
3369.14
3426.45
3005.01
2686.52
3190.12
2721.78
2092.0
2141.77
2086.18
1982.93
2007.12
2976.85
2584.21
3271.99
3078.91
3455.24
3617.29
3597.92
3245.26
3547.35
3294.08
3315.26
3290.68
3079.99
3186.77
2835.11
2852.93
2310.15
2542.69
2143.52
2088.95
1973.44
1688.32
1439.05
1562.65
1653.95
1669.13
1846.9
2137.59
1856.43
1941.41
1992.46
2458.65
2883.21
2612.89
2722.95
2969.83
2795.3
2829.02
3097.92
3229.6
3593.41
3266.62
3626.88
3682.73
4260.41
4341.74
5062.44
5219.08
4550.53
4290.59
4002.88
4215.21
4129.54
3865.83
4326.76
3830.49
4111.99
3774.81
3784.23
4286.46
4351.63
4366.59
4938.61
4397.08
5110.86
4715.64
5228.84
5298.72
5300.24
5308.52
5930.17
6165.35
6312.03
6446.31
6588.28
6554.04
6701.36
6627.43
6661.44
6672.69
6646.55
6734.99
6872.97
6721.08
6826.61
6712.21
6742.97
6814.76
6710.4
6623.01
6642.27
6729.53
6923.41
7630.26
7170.7
7736.07
7742.53
7906.6
8043.71
8144.16
7840.31
7489.2
6749.28
6693.83
6742.89
7227.96
7641.77
7677.73
7532.9
7222.08
7136.1
7060.6
7137.03
7268.06
7380.32
7575.15
7276.63
7500.79
7083.49
6923.6
6947.06
6861.31
7041.27
7093.42
7404.61
7458.99
7816.44
7832.22
7630.71
8465.77
7866.52
7993.09
8001.57
8084.88
8738.72
7918.53
8724.13
8256.28
8059.65
8039.45
7838.22
7739.86
7670.37
7927.49
8069.81
8098.16
8035.2
7877.19
7773.92
7703.1
7830.35
8516.02
8144.02
7773.31
7009.56
6763.38
7573.26
7312.85
7046.57
6543.39
6398.77
6335.56
6245.18
5572.09
6470.74
6206.24
6529.99
7331.73
7152.88
6833.42
6979.81
6890.94
6894.23
6964.01
7213.44
7227.45
7245.13
7106.01
7341.65
7086.86
7198.85
7252.4
7197.5
6864.87
6593.8
6495.15
6197.84
6061.8
5989.27
5672.7
5799.24
6015.3
6514.72
6607.13
6839.59
6919.59
7035.76
6785.94
6508.21
6526.62
6407.52
5408.52
6223.37
6369.28
6586.01
5783.15
5715.92
5984.26
6430.58
6318.61
6181.06
5944.87
5860.99
5457.82
6209.71
6304.53
