1500.1
1846.9
1406.59
1967.28
1606.04
1447.05
1592.74
1570.2
1484.46
1433.11
1518.55
1425.16
1487.34
1974.69
1964.31
1982.93
1669.13
1535.65
1410.33
1333.71
1410.42
1321.26
1253.61
1396.1
1169.57
1395.79
1288.11
1080.37
1050.98
1105.06
1024.55
1321.26
1058.14
1125.06
1038.07
1115.78
1201.92
1125.16
1050.04
997.5
1098.29
1008.64
1070.06
1235.3
1221.11
1195.37
1386.25
1363.32
1386.31
1416.09
1439.05
1435.88
1653.95
1564.47
1865.11
1688.32
1895.25
1562.65
1593.6
1833.57
1787.25
1966.29
2135.27
2025.58
2194.84
2542.69
2458.65
3078.91
2007.12
2432.89
2329.44
1816.47
2086.18
2795.3
3266.62
2612.89
2829.02
3229.6
2722.95
2310.15
2092.0
1945.82
1809.54
1856.43
2143.52
2189.77
2141.77
2088.95
2835.11
3005.01
2852.93
1941.41
1448.49
1470.53
1529.65
1879.87
2137.59
2825.89
2969.83
3097.92
3190.12
3186.77
2305.64
2908.24
3245.26
2976.85
2388.33
2584.21
1973.44
1992.46
2415.25
2686.52
2721.78
2883.21
3079.99
3290.68
3271.99
3597.92
3626.88
3682.73
4351.63
4938.61
4397.08
4341.74
3830.49
4129.54
4286.46
4002.88
4366.59
5062.44
5228.84
5308.52
5300.24
4715.64
4550.53
4326.76
4290.59
3865.83
3593.41
3547.35
3369.14
3294.08
3315.26
3455.24
3617.29
3426.45
3774.81
3784.23
4260.41
4111.99
4215.21
5110.86
5219.08
5298.72
5408.52
5457.82
5572.09
5715.92
5799.24
5783.15
5944.87
6015.3
6304.53
6514.72
6607.13
6529.99
6543.39
6181.06
5930.17
5984.26
6318.61
6495.15
6693.83
6785.94
7227.45
7106.01
7312.85
7573.26
7677.73
7773.92
7739.86
7832.22
7906.6
8059.65
8098.16
8256.28
8144.02
8144.16
8043.71
8084.88
8039.45
7918.53
8035.2
7736.07
7830.35
7993.09
7773.31
7866.52
7877.19
8001.57
7840.31
7703.1
7222.08
6763.38
6923.6
7198.85
7060.6
7041.27
7136.1
7227.96
7489.2
7641.77
7458.99
7816.44
7742.53
7927.49
8516.02
8738.72
8724.13
8465.77
8069.81
7838.22
7404.61
7575.15
7035.76
7083.49
6964.01
6979.81
6839.59
7268.06
6861.31
7245.13
7276.63
7500.79
7380.32
7341.65
7670.37
7630.26
7630.71
7331.73
7532.9
7093.42
6721.08
6586.01
6470.74
6672.69
6890.94
6729.53
7152.88
6864.87
7086.86
7252.4
7213.44
7197.5
6894.23
6742.89
6919.59
7137.03
7170.7
6742.97
6814.76
7009.56
7046.57
6833.42
6734.99
6826.61
6923.41
6749.28
6872.97
6701.36
6947.06
6642.27
6588.28
6446.31
6430.58
6407.52
6526.62
6646.55
6245.18
6623.01
6593.8
6165.35
6312.03
6661.44
6712.21
6710.4
6369.28
6197.84
6335.56
6223.37
6554.04
6508.21
6398.77
6209.71
5672.7
5989.27
6061.8
6206.24
6627.43
5860.99
