2305.64
2135.27
1865.11
1992.46
1606.04
1787.25
1879.87
1416.09
1688.32
1562.65
1447.05
1500.1
1448.49
1410.42
1333.71
1201.92
1169.57
1098.29
1115.78
1288.11
1253.61
1221.11
1195.37
1386.25
1410.33
1518.55
1653.95
1945.82
1406.59
1425.16
1321.26
1235.3
1105.06
1050.98
1058.14
1125.16
997.5
1050.04
1024.55
1038.07
1070.06
1008.64
1080.37
1321.26
1363.32
1487.34
1529.65
1439.05
1396.1
1593.6
1484.46
1435.88
1570.2
1982.93
1964.31
1895.25
1592.74
1395.79
1125.06
1386.31
1470.53
1669.13
2137.59
1816.47
1833.57
1856.43
1974.69
2795.3
2722.95
2189.77
1809.54
2542.69
3271.99
3097.92
3005.01
2415.25
2141.77
2310.15
2088.95
1967.28
1966.29
2007.12
1973.44
2194.84
2721.78
2612.89
3266.62
3426.45
3369.14
2432.89
3593.41
2852.93
2969.83
3186.77
3245.26
2686.52
2908.24
1846.9
2025.58
1535.65
1433.11
1941.41
1564.47
2143.52
2458.65
3294.08
3455.24
2883.21
2829.02
2329.44
2086.18
2092.0
2835.11
3079.99
2976.85
2825.89
2388.33
3078.91
2584.21
3190.12
3315.26
3229.6
3290.68
3547.35
3597.92
3774.81
3682.73
3830.49
4326.76
4260.41
4215.21
4351.63
4341.74
4290.59
4286.46
4366.59
3617.29
3784.23
3626.88
4129.54
3865.83
4002.88
4111.99
4550.53
4397.08
4715.64
4938.61
5110.86
5062.44
5457.82
5308.52
5219.08
5228.84
5300.24
5298.72
5408.52
5672.7
6446.31
6627.43
6814.76
6894.23
6861.31
6742.97
6833.42
6749.28
6890.94
7170.7
7198.85
6979.81
6923.6
7213.44
7227.45
7380.32
7083.49
7093.42
7041.27
6947.06
7136.1
7252.4
7197.5
7312.85
7276.63
7404.61
7458.99
7268.06
7677.73
7993.09
7838.22
7152.88
6864.87
7736.07
7840.31
7866.52
7773.92
7877.19
7630.26
7532.9
7227.96
7137.03
7341.65
7816.44
6964.01
7245.13
6919.59
7575.15
7742.53
7500.79
7573.26
7046.57
6839.59
6826.61
7222.08
7703.1
7906.6
8144.02
8724.13
8098.16
7832.22
8465.77
7927.49
8035.2
8084.88
7918.53
8516.02
8256.28
8059.65
8039.45
8043.71
8069.81
8738.72
8001.57
8144.16
7830.35
7773.31
7489.2
7641.77
6923.41
7739.86
7086.86
7331.73
6785.94
6529.99
6430.58
5572.09
5799.24
6398.77
6335.56
6206.24
6209.71
5989.27
5944.87
6197.84
6245.18
6470.74
6312.03
6304.53
6318.61
6543.39
6693.83
6729.53
6721.08
6734.99
6712.21
6623.01
6661.44
7106.01
7670.37
7630.71
7009.56
6742.89
6646.55
6701.36
6763.38
6407.52
6672.69
6554.04
6508.21
6369.28
6181.06
6061.8
6223.37
6588.28
6586.01
6165.35
6015.3
5860.99
5783.15
5984.26
5930.17
5715.92
6526.62
6495.15
6710.4
6642.27
6607.13
6593.8
7060.6
7035.76
6872.97
6514.72
