1865.11
2432.89
2007.12
1606.04
1125.06
1050.04
1363.32
1470.53
1564.47
1966.29
1653.95
1669.13
1809.54
1688.32
1518.55
1535.65
1447.05
1487.34
1410.33
1201.92
1105.06
1288.11
1425.16
1386.31
1448.49
1433.11
1321.26
997.5
1024.55
1008.64
1058.14
1080.37
1070.06
1050.98
1038.07
1098.29
1333.71
1115.78
1235.3
1439.05
1396.1
1321.26
1195.37
1125.16
1253.61
1221.11
1416.09
1169.57
1386.25
1395.79
1406.59
1410.42
1484.46
1435.88
1500.1
1846.9
1593.6
1529.65
1856.43
1833.57
2092.0
1973.44
1992.46
1895.25
1964.31
1974.69
2329.44
2194.84
2135.27
2143.52
1945.82
2141.77
2189.77
2310.15
2721.78
3079.99
3078.91
3369.14
2969.83
2908.24
2795.3
2852.93
2976.85
3186.77
2722.95
2883.21
2088.95
2612.89
3593.41
3426.45
3682.73
3784.23
3626.88
3315.26
2584.21
2137.59
2415.25
2829.02
3547.35
3455.24
3097.92
2686.52
2458.65
2835.11
2542.69
2086.18
1787.25
1592.74
1562.65
1570.2
1816.47
1879.87
1982.93
2025.58
1941.41
2388.33
1967.28
2305.64
3005.01
3229.6
3290.68
3245.26
3190.12
3266.62
3597.92
2825.89
3294.08
3271.99
3617.29
3830.49
4215.21
4129.54
4260.41
3774.81
4111.99
4002.88
4290.59
4351.63
4286.46
4326.76
4397.08
3865.83
4550.53
4341.74
4366.59
4715.64
5062.44
5228.84
5298.72
5219.08
4938.61
5308.52
5110.86
5300.24
5408.52
5860.99
6181.06
6554.04
6710.4
6607.13
6947.06
7086.86
6826.61
6979.81
6785.94
6861.31
6919.59
6586.01
6742.89
6646.55
6864.87
6763.38
6712.21
7198.85
6872.97
7227.96
7341.65
7703.1
7773.31
7838.22
7500.79
7742.53
7630.71
7630.26
7312.85
7404.61
7227.45
7252.4
7093.42
7060.6
7137.03
6833.42
6923.41
7035.76
6749.28
6923.6
6964.01
7532.9
7993.09
8738.72
8516.02
7380.32
6693.83
6529.99
6894.23
7170.7
7041.27
7268.06
7331.73
7489.2
7458.99
7736.07
7575.15
7573.26
7641.77
7816.44
8059.65
8724.13
8084.88
7918.53
8043.71
7906.6
7830.35
7866.52
8098.16
7677.73
7739.86
8144.16
7840.31
8256.28
8144.02
8465.77
8039.45
7927.49
8001.57
8035.2
8069.81
7877.19
7832.22
7773.92
7670.37
7046.57
7197.5
6742.97
6729.53
6661.44
6508.21
5930.17
6304.53
6061.8
6245.18
7245.13
6623.01
6627.43
6593.8
6642.27
6890.94
6814.76
7136.1
6721.08
7106.01
7213.44
7276.63
7083.49
7222.08
7152.88
7009.56
6672.69
6526.62
6407.52
5944.87
5783.15
5457.82
5672.7
5715.92
6312.03
6015.3
6206.24
6223.37
6430.58
6446.31
6335.56
5984.26
6197.84
6165.35
5989.27
5799.24
6398.77
6369.28
6209.71
6495.15
6543.39
6514.72
6318.61
6470.74
6734.99
6839.59
6701.36
6588.28
5572.09
