1816.47
1973.44
1669.13
1846.9
1833.57
1653.95
1787.25
1487.34
1439.05
1500.1
1570.2
1593.6
1895.25
1974.69
1564.47
1470.53
1321.26
1221.11
1169.57
1363.32
1406.59
1410.33
1253.61
1235.3
1333.71
1425.16
1448.49
1447.05
1518.55
1529.65
1433.11
1288.11
1201.92
1195.37
1321.26
1115.78
1080.37
997.5
1050.04
1070.06
1098.29
1024.55
1038.07
1008.64
1058.14
1050.98
1125.16
1125.06
1105.06
1435.88
1386.25
1416.09
1592.74
1396.1
1535.65
1865.11
1879.87
1688.32
1606.04
1809.54
1967.28
2086.18
1941.41
1964.31
1856.43
1484.46
1395.79
1410.42
1562.65
1386.31
1945.82
1966.29
2305.64
2825.89
2908.24
2835.11
3186.77
3266.62
2829.02
3190.12
2143.52
1992.46
1982.93
2135.27
2141.77
2542.69
2612.89
3245.26
3271.99
3547.35
3617.29
3593.41
3294.08
3290.68
2852.93
2795.3
2415.25
2088.95
2686.52
2092.0
2432.89
2388.33
2194.84
2722.95
3078.91
3079.99
2721.78
2969.83
2883.21
2976.85
3097.92
2310.15
2137.59
2189.77
2007.12
2329.44
2025.58
2458.65
3229.6
3426.45
3682.73
3865.83
3369.14
3005.01
2584.21
3315.26
3774.81
3597.92
3455.24
3626.88
3784.23
4286.46
4002.88
3830.49
4290.59
4260.41
4366.59
4397.08
4550.53
4351.63
4341.74
4129.54
4111.99
4215.21
4326.76
4938.61
5308.52
4715.64
5062.44
5219.08
5110.86
5228.84
5300.24
5298.72
5408.52
5572.09
5457.82
6312.03
6508.21
6335.56
6318.61
6593.8
6407.52
6398.77
6015.3
6588.28
6627.43
6554.04
6742.97
5672.7
6514.72
6369.28
6979.81
6947.06
6749.28
6721.08
7136.1
7137.03
7198.85
7641.77
7152.88
7268.06
7458.99
7276.63
7331.73
7489.2
7312.85
7670.37
7630.26
7838.22
7877.19
7866.52
7927.49
7906.6
7918.53
8059.65
8043.71
8256.28
8069.81
8039.45
7816.44
7532.9
7093.42
7046.57
7060.6
7083.49
7341.65
7500.79
7739.86
7703.1
7575.15
7993.09
8001.57
8084.88
8098.16
8465.77
8738.72
8724.13
8516.02
8144.16
8144.02
8035.2
7742.53
7840.31
7830.35
7736.07
7677.73
7773.92
7832.22
7773.31
7213.44
7630.71
7197.5
7106.01
7222.08
7245.13
7252.4
7170.7
7380.32
7404.61
7573.26
7227.45
7227.96
6894.23
6826.61
6814.76
6710.4
6304.53
5989.27
5860.99
6470.74
6839.59
6919.59
6693.83
6872.97
6712.21
6181.06
6526.62
6661.44
5984.26
5944.87
5783.15
5930.17
5715.92
6701.36
6785.94
6430.58
6209.71
6165.35
6529.99
6646.55
6763.38
6890.94
6742.89
6923.6
7035.76
6964.01
7009.56
6495.15
6729.53
6206.24
6197.84
6061.8
6607.13
6245.18
6672.69
6446.31
6543.39
6923.41
6734.99
6223.37
6861.31
6642.27
6623.01
6586.01
6833.42
6864.87
7041.27
7086.86
5799.24
