2025.58
2908.24
1945.82
1606.04
1410.42
1406.59
1448.49
1833.57
1535.65
1500.1
1396.1
1321.26
1470.53
1570.2
1435.88
1425.16
1433.11
1484.46
1562.65
1787.25
1879.87
1816.47
1447.05
1688.32
1416.09
1439.05
1321.26
1363.32
1221.11
1410.33
1333.71
1195.37
1098.29
1050.98
1038.07
1058.14
1050.04
1024.55
1008.64
1070.06
1080.37
997.5
1115.78
1125.06
1253.61
1201.92
1395.79
1125.16
1235.3
1288.11
1386.31
1386.25
1105.06
1169.57
1487.34
1592.74
1593.6
1529.65
1809.54
1669.13
1974.69
1895.25
1865.11
1518.55
1967.28
2092.0
1992.46
2086.18
1653.95
1982.93
1966.29
2141.77
2305.64
2721.78
3245.26
2458.65
3290.68
3190.12
3005.01
2189.77
2137.59
2007.12
1941.41
2143.52
3186.77
2415.25
2722.95
2976.85
2584.21
2686.52
2612.89
2329.44
2432.89
2795.3
2829.02
2883.21
3079.99
2835.11
2852.93
2969.83
2542.69
3271.99
2388.33
3229.6
2310.15
2825.89
2135.27
1973.44
1856.43
1564.47
1846.9
1964.31
2088.95
2194.84
3097.92
3369.14
3294.08
3830.49
3626.88
3078.91
3617.29
3315.26
3266.62
3426.45
3547.35
3593.41
3455.24
3774.81
3682.73
3597.92
3784.23
4129.54
3865.83
4002.88
4111.99
4286.46
4290.59
4260.41
4215.21
4326.76
4341.74
4351.63
4366.59
4397.08
5062.44
5300.24
5308.52
5110.86
5298.72
4550.53
4938.61
4715.64
5219.08
5228.84
5408.52
5930.17
6588.28
7106.01
7677.73
7641.77
7630.71
7198.85
7245.13
7573.26
7060.6
7197.5
6979.81
6318.61
5984.26
5572.09
5457.82
6607.13
6508.21
6947.06
7152.88
7170.7
7136.1
7227.45
7703.1
7458.99
7404.61
8039.45
7906.6
7866.52
7927.49
7742.53
7773.31
8035.2
7331.73
7268.06
7312.85
7489.2
7830.35
7630.26
7222.08
7252.4
7670.37
7009.56
7341.65
7093.42
7046.57
7083.49
6923.6
6864.87
6593.8
6919.59
6646.55
7086.86
6923.41
7137.03
7276.63
7773.92
7993.09
7877.19
8001.57
8069.81
8465.77
8738.72
8724.13
8516.02
8256.28
8144.02
8144.16
8098.16
8084.88
7838.22
7575.15
7500.79
7739.86
8043.71
7736.07
7816.44
7840.31
8059.65
7532.9
7227.96
6890.94
6964.01
7380.32
7832.22
7918.53
7213.44
6894.23
6623.01
6446.31
6209.71
5860.99
5783.15
5989.27
6165.35
5799.24
5672.7
5715.92
6335.56
6701.36
6693.83
6833.42
6785.94
6826.61
6586.01
6554.04
6526.62
6734.99
6672.69
6742.97
6661.44
6514.72
6369.28
6495.15
6312.03
6398.77
6470.74
6712.21
6245.18
6543.39
6763.38
6839.59
6872.97
6742.89
6814.76
6642.27
6430.58
6206.24
6710.4
6721.08
7041.27
7035.76
6729.53
6061.8
5944.87
6529.99
6861.31
6627.43
6304.53
6197.84
6181.06
6223.37
6407.52
6749.28
6015.3
