1816.47
1564.47
1470.53
1973.44
2025.58
1592.74
1535.65
1321.26
1288.11
1235.3
1098.29
1333.71
1518.55
1992.46
3078.91
2388.33
1895.25
1833.57
1416.09
1433.11
1321.26
1410.42
1395.79
1570.2
1448.49
1653.95
1879.87
1865.11
1941.41
1787.25
1487.34
1425.16
1410.33
1125.06
1125.16
1201.92
1105.06
1050.04
1050.98
1024.55
1038.07
997.5
1008.64
1070.06
1058.14
1080.37
1253.61
1195.37
1221.11
1447.05
1500.1
1386.25
1386.31
1115.78
1169.57
1396.1
1439.05
1484.46
1435.88
1363.32
1562.65
1688.32
1967.28
1856.43
1406.59
2329.44
1529.65
1593.6
1809.54
1846.9
1669.13
1945.82
1982.93
2458.65
2612.89
1606.04
3290.68
2883.21
3229.6
3266.62
2542.69
2086.18
2141.77
2189.77
2686.52
2795.3
2722.95
3245.26
3005.01
3294.08
3315.26
3271.99
3190.12
3617.29
3626.88
3682.73
3597.92
3455.24
2852.93
3186.77
2143.52
2908.24
2194.84
2829.02
2721.78
2584.21
2305.64
1964.31
2007.12
1966.29
1974.69
2137.59
2135.27
2835.11
3547.35
3426.45
2310.15
2092.0
2825.89
2969.83
3369.14
2432.89
2415.25
2976.85
2088.95
3097.92
3079.99
3593.41
3774.81
3784.23
4111.99
4002.88
3830.49
3865.83
4260.41
4341.74
4351.63
4397.08
4326.76
4286.46
4129.54
4290.59
4215.21
4366.59
5062.44
4550.53
4715.64
5219.08
5228.84
4938.61
5298.72
5110.86
5457.82
5300.24
5672.7
6181.06
6729.53
6923.6
7198.85
7227.96
7268.06
7380.32
7312.85
7213.44
7083.49
6964.01
6890.94
6693.83
6369.28
6061.8
6245.18
6721.08
6514.72
6833.42
6826.61
6864.87
7086.86
7136.1
7252.4
7137.03
7060.6
6872.97
6839.59
6919.59
7489.2
7840.31
7670.37
7170.7
7227.45
7404.61
7832.22
7742.53
7630.26
7341.65
7331.73
7500.79
7573.26
7773.92
7877.19
8001.57
7276.63
7630.71
7041.27
6742.97
6712.21
6923.41
6947.06
7093.42
7222.08
7532.9
7736.07
7866.52
8035.2
8465.77
8256.28
8724.13
8516.02
8738.72
8059.65
7918.53
7830.35
7677.73
7575.15
7838.22
8039.45
7703.1
8043.71
8069.81
7993.09
8144.16
7906.6
7641.77
7816.44
7739.86
7773.31
8144.02
8084.88
7927.49
8098.16
7458.99
7245.13
6814.76
6318.61
5572.09
5308.52
5408.52
5715.92
5799.24
5783.15
6165.35
6398.77
6742.89
6627.43
6508.21
6701.36
5930.17
6586.01
6015.3
6734.99
6304.53
6430.58
6593.8
6710.4
6529.99
6785.94
7046.57
7152.88
7197.5
7106.01
6979.81
7009.56
7035.76
6894.23
6543.39
6206.24
6495.15
6470.74
6554.04
5944.87
5984.26
6526.62
6607.13
6642.27
6646.55
6623.01
6672.69
6312.03
6209.71
5989.27
6407.52
6197.84
6588.28
6763.38
6749.28
6446.31
6861.31
6661.44
6223.37
6335.56
5860.99
