1865.11
1816.47
1992.46
1809.54
2141.77
1593.6
1592.74
1416.09
1500.1
1564.47
1787.25
1856.43
2007.12
2086.18
1895.25
1833.57
1535.65
1484.46
1406.59
1425.16
1439.05
1448.49
1470.53
1562.65
1395.79
1688.32
1846.9
1570.2
1435.88
1396.1
1333.71
1386.25
1221.11
1058.14
1169.57
1125.06
1125.16
1098.29
1288.11
1201.92
1363.32
1235.3
1253.61
1080.37
1105.06
1038.07
1050.04
1008.64
1050.98
1024.55
1070.06
997.5
1115.78
1195.37
1321.26
1518.55
1653.95
1529.65
1433.11
1321.26
1386.31
1410.33
1410.42
1447.05
1487.34
1606.04
1669.13
1941.41
2092.0
2305.64
2388.33
2612.89
2721.78
2542.69
2825.89
2415.25
2722.95
3078.91
3186.77
2908.24
2829.02
2584.21
2883.21
3005.01
3266.62
3190.12
2686.52
2795.3
3593.41
4351.63
4002.88
4111.99
3784.23
4260.41
3774.81
3626.88
3369.14
3229.6
3097.92
2976.85
2194.84
3079.99
2135.27
2432.89
2329.44
2143.52
2025.58
1964.31
1974.69
1973.44
2189.77
2137.59
2088.95
1945.82
1879.87
1966.29
1967.28
1982.93
2310.15
2458.65
2852.93
2835.11
2969.83
3271.99
3245.26
3315.26
3455.24
3290.68
3294.08
3426.45
3597.92
3617.29
3682.73
3547.35
3830.49
4129.54
4326.76
4290.59
4215.21
3865.83
4341.74
4286.46
4715.64
4366.59
4550.53
5300.24
5308.52
5298.72
5219.08
5062.44
4938.61
4397.08
5228.84
5110.86
5408.52
5783.15
6593.8
6964.01
7213.44
7170.7
7009.56
6833.42
6495.15
6514.72
6181.06
5860.99
6446.31
6209.71
6197.84
6223.37
6543.39
6642.27
6672.69
6529.99
6742.89
6661.44
6864.87
7152.88
6979.81
7093.42
7083.49
7086.86
7197.5
7227.96
6872.97
6923.41
7136.1
7106.01
7252.4
7832.22
8001.57
7532.9
7736.07
7670.37
7137.03
7060.6
7816.44
7312.85
7906.6
7927.49
8059.65
7918.53
7742.53
7276.63
7245.13
7630.71
7630.26
7840.31
7866.52
7830.35
7877.19
8035.2
8039.45
8144.16
8738.72
8516.02
8724.13
8465.77
8098.16
8084.88
8256.28
8144.02
8069.81
8043.71
7993.09
7773.31
7500.79
7739.86
7573.26
7838.22
7773.92
7489.2
7404.61
7331.73
7341.65
7458.99
7641.77
7268.06
7575.15
6839.59
7041.27
6721.08
6526.62
5799.24
5944.87
5989.27
6369.28
6165.35
6206.24
6710.4
6304.53
6923.6
6947.06
6826.61
6890.94
6919.59
7227.45
7703.1
7677.73
7380.32
7198.85
6785.94
6588.28
6623.01
7035.76
7222.08
6894.23
6734.99
7046.57
6508.21
6627.43
6586.01
6646.55
6407.52
6607.13
6729.53
6763.38
6814.76
6861.31
6749.28
6470.74
6742.97
6061.8
6398.77
5984.26
5672.7
5457.82
5715.92
5930.17
6015.3
6335.56
6318.61
6312.03
6245.18
6554.04
6712.21
6701.36
6693.83
6430.58
5572.09
