2086.18
2908.24
1945.82
1865.11
1448.49
1406.59
1487.34
1416.09
1433.11
1396.1
1447.05
1470.53
1879.87
1974.69
1856.43
1562.65
1518.55
1425.16
1201.92
1321.26
1098.29
1038.07
1024.55
1058.14
1333.71
1653.95
1846.9
1688.32
1535.65
1253.61
1125.06
1105.06
1195.37
1115.78
1169.57
1410.42
1288.11
1080.37
1386.31
1221.11
1070.06
1050.04
1050.98
1125.16
1363.32
1321.26
1439.05
997.5
1008.64
1435.88
1833.57
1816.47
1529.65
1235.3
1592.74
1669.13
1606.04
1564.47
1484.46
1410.33
1386.25
1395.79
1500.1
1593.6
1967.28
2305.64
2007.12
1809.54
1570.2
1973.44
1964.31
1895.25
1966.29
2135.27
1941.41
1787.25
1992.46
2025.58
1982.93
2088.95
2092.0
2310.15
2329.44
2721.78
2825.89
2795.3
2388.33
3005.01
2189.77
3078.91
2835.11
2584.21
2969.83
3245.26
3369.14
3455.24
3426.45
3271.99
3186.77
2852.93
2722.95
2883.21
2829.02
3190.12
2415.25
2542.69
2141.77
2458.65
2612.89
2137.59
2432.89
2194.84
2143.52
2686.52
3079.99
2976.85
3097.92
3229.6
3266.62
3290.68
3294.08
3315.26
3593.41
3626.88
3865.83
4129.54
4351.63
4286.46
4002.88
4326.76
4290.59
4341.74
4366.59
3547.35
4111.99
3784.23
3682.73
3774.81
3617.29
3597.92
4215.21
3830.49
4260.41
4397.08
4715.64
4550.53
5062.44
4938.61
5219.08
5110.86
5298.72
5799.24
5408.52
5672.7
5944.87
6061.8
5715.92
6470.74
6304.53
6015.3
6318.61
5984.26
5989.27
6245.18
5783.15
6165.35
5860.99
5457.82
5308.52
5228.84
5300.24
5572.09
5930.17
6430.58
6710.4
7083.49
7341.65
7458.99
7500.79
7532.9
7331.73
7573.26
7677.73
7927.49
7877.19
8084.88
8001.57
8144.02
8039.45
7993.09
7830.35
7739.86
7742.53
7575.15
7670.37
8069.81
7832.22
7838.22
7866.52
8059.65
7773.31
7630.71
7641.77
7276.63
7213.44
7086.86
7152.88
7312.85
7489.2
7630.26
7773.92
7918.53
8098.16
8035.2
8256.28
8043.71
8516.02
8738.72
8724.13
8465.77
8144.16
7736.07
7404.61
7245.13
6529.99
6514.72
6335.56
6209.71
6223.37
7035.76
6964.01
7198.85
7703.1
7906.6
7840.31
7816.44
7380.32
7060.6
7093.42
6729.53
6826.61
7046.57
7136.1
6923.6
7227.45
7137.03
6979.81
6701.36
6742.89
6627.43
6661.44
6763.38
6861.31
7106.01
6839.59
6833.42
6607.13
6919.59
6947.06
6693.83
6814.76
6593.8
6623.01
6712.21
6749.28
7227.96
7197.5
7222.08
7268.06
7252.4
6923.41
7041.27
6742.97
6672.69
6890.94
7170.7
7009.56
6872.97
6369.28
6642.27
6785.94
6734.99
6864.87
6721.08
6495.15
6446.31
6206.24
6554.04
6526.62
6398.77
6407.52
6543.39
6586.01
6312.03
6197.84
6508.21
6588.28
6646.55
6894.23
6181.06
