2388.33
2795.3
1973.44
1535.65
1865.11
1945.82
2025.58
1593.6
1425.16
1410.42
1416.09
1470.53
1564.47
1974.69
1669.13
1967.28
2086.18
1941.41
1653.95
1439.05
1447.05
1386.25
1201.92
1195.37
1125.16
1080.37
1253.61
1070.06
1363.32
1386.31
1321.26
1410.33
1406.59
1038.07
1487.34
1098.29
1235.3
1435.88
2007.12
1856.43
1562.65
997.5
1008.64
1433.11
1570.2
1333.71
1050.98
1050.04
1024.55
1125.06
1221.11
1058.14
1396.1
1115.78
1518.55
1448.49
1484.46
1169.57
1395.79
1105.06
1288.11
1321.26
1500.1
1529.65
1592.74
1966.29
1982.93
1879.87
1787.25
1809.54
1833.57
2137.59
2189.77
2135.27
2415.25
2194.84
2584.21
2883.21
2835.11
3266.62
3005.01
3229.6
3190.12
3097.92
3079.99
2722.95
2825.89
2458.65
2141.77
2686.52
2721.78
3245.26
3290.68
3315.26
3426.45
3455.24
3547.35
3369.14
2969.83
2305.64
2542.69
2976.85
2432.89
2852.93
2612.89
2088.95
1964.31
1606.04
2310.15
1816.47
2143.52
1992.46
1688.32
1895.25
1846.9
2092.0
2329.44
2829.02
3078.91
3186.77
2908.24
3271.99
3294.08
3593.41
3617.29
3597.92
3784.23
3626.88
3774.81
4002.88
4111.99
3865.83
3830.49
3682.73
4260.41
4341.74
4351.63
4715.64
4550.53
4290.59
4326.76
4129.54
4286.46
4215.21
4366.59
4397.08
4938.61
5228.84
5300.24
5062.44
5110.86
5298.72
5457.82
5672.7
6165.35
6369.28
6223.37
6514.72
6721.08
6554.04
6833.42
7170.7
6979.81
7268.06
7093.42
6964.01
6734.99
6693.83
6710.4
6672.69
6729.53
7136.1
6742.89
6642.27
6749.28
6712.21
6627.43
7041.27
6872.97
6861.31
6919.59
6947.06
7083.49
7106.01
7137.03
7152.88
6864.87
6661.44
6586.01
6742.97
7773.31
7840.31
7252.4
7035.76
7312.85
7866.52
7906.6
8084.88
8256.28
8516.02
8144.16
8144.02
8035.2
7773.92
7742.53
8039.45
7331.73
7458.99
7816.44
7046.57
7009.56
7198.85
7489.2
7573.26
7832.22
8001.57
8738.72
8465.77
8724.13
8098.16
7877.19
7739.86
7703.1
7677.73
7736.07
7276.63
7641.77
7838.22
7918.53
8043.71
8059.65
8069.81
7927.49
7993.09
7830.35
7630.71
7245.13
6923.41
7213.44
7575.15
7060.6
6826.61
6607.13
6407.52
5860.99
5930.17
5944.87
5715.92
5572.09
5408.52
5308.52
5219.08
5799.24
5989.27
6446.31
6312.03
6593.8
6588.28
6894.23
6839.59
7341.65
7532.9
7630.26
7222.08
7197.5
7670.37
7227.96
7380.32
7404.61
7500.79
7227.45
6923.6
6814.76
6785.94
6763.38
7086.86
6646.55
6890.94
6526.62
6508.21
6543.39
6470.74
6335.56
6529.99
6430.58
6304.53
6495.15
6245.18
6015.3
5783.15
6181.06
6206.24
6209.71
6061.8
6197.84
6318.61
6623.01
6701.36
6398.77
5984.26
