1964.31
2721.78
2329.44
2686.52
2458.65
2415.25
2612.89
1982.93
1593.6
1470.53
1080.37
1105.06
1410.42
2310.15
2829.02
1787.25
1487.34
1833.57
1447.05
1562.65
1529.65
1448.49
1410.33
1363.32
1125.16
1433.11
1321.26
1221.11
1395.79
1386.31
1288.11
1396.1
1195.37
1235.3
1253.61
1125.06
1115.78
1070.06
1038.07
1050.04
1098.29
1008.64
997.5
1024.55
1050.98
1058.14
1386.25
1321.26
1416.09
1518.55
1669.13
1535.65
1406.59
1966.29
1333.71
1606.04
1439.05
1201.92
1425.16
1564.47
2194.84
2305.64
2088.95
1169.57
1484.46
1941.41
1973.44
1974.69
1846.9
1865.11
2135.27
2025.58
2388.33
2584.21
2542.69
2086.18
2189.77
2143.52
2432.89
1992.46
2092.0
1945.82
1592.74
1816.47
2007.12
1856.43
2137.59
2722.95
2795.3
3229.6
3245.26
3315.26
3830.49
4286.46
4366.59
4290.59
4129.54
3597.92
3290.68
3005.01
2825.89
2141.77
1895.25
1688.32
1653.95
1809.54
1879.87
1435.88
1570.2
1500.1
1967.28
2976.85
3271.99
3294.08
3078.91
3097.92
2835.11
3190.12
2969.83
3079.99
2883.21
2852.93
2908.24
3186.77
3266.62
3426.45
3369.14
3617.29
4260.41
4341.74
4326.76
4397.08
3682.73
3593.41
3547.35
3626.88
3865.83
4002.88
4215.21
3774.81
3784.23
3455.24
4111.99
4351.63
4550.53
4715.64
5799.24
6197.84
6061.8
5572.09
5408.52
5219.08
5298.72
5062.44
4938.61
6223.37
5672.7
6495.15
6623.01
6627.43
6369.28
6209.71
5860.99
5110.86
5228.84
5308.52
6165.35
5300.24
5715.92
5457.82
5984.26
5944.87
6526.62
6588.28
6712.21
6729.53
6826.61
7035.76
7137.03
7136.1
7213.44
7312.85
7489.2
7573.26
7630.26
7840.31
8069.81
7927.49
7906.6
8144.16
7918.53
8465.77
8256.28
8059.65
7739.86
7736.07
7670.37
7773.31
7816.44
7742.53
7641.77
7677.73
7773.92
7838.22
7703.1
8144.02
8098.16
8516.02
8724.13
8084.88
7866.52
8001.57
8039.45
7830.35
7877.19
7993.09
8043.71
8738.72
8035.2
7832.22
7630.71
7532.9
7331.73
7575.15
7245.13
7404.61
7252.4
7198.85
7222.08
7500.79
7106.01
7227.96
7152.88
7276.63
7170.7
7268.06
7227.45
7380.32
7341.65
7458.99
7197.5
7083.49
7041.27
6245.18
6672.69
6701.36
6839.59
6642.27
6872.97
6785.94
6742.97
6734.99
6607.13
6894.23
6833.42
6919.59
7093.42
6554.04
7086.86
6861.31
6890.94
7060.6
6947.06
6864.87
7009.56
6964.01
6979.81
6923.6
6814.76
6661.44
6446.31
6206.24
6335.56
5989.27
6181.06
6312.03
6398.77
6529.99
6318.61
6407.52
6693.83
6742.89
6749.28
7046.57
6923.41
6763.38
6508.21
6304.53
5783.15
5930.17
6430.58
6543.39
6593.8
6514.72
6470.74
6721.08
6646.55
6586.01
6710.4
6015.3
