1410.33
1945.82
1688.32
1833.57
1487.34
1570.2
1564.47
1535.65
1562.65
1321.26
1253.61
1169.57
1386.31
1592.74
1447.05
1386.25
1201.92
1321.26
1396.1
1448.49
1416.09
1105.06
1098.29
1235.3
1363.32
1433.11
1410.42
1439.05
1425.16
1395.79
1333.71
1288.11
1195.37
1125.16
1070.06
1080.37
1050.04
1008.64
997.5
1024.55
1038.07
1058.14
1050.98
1115.78
1125.06
1221.11
1406.59
1470.53
1435.88
1865.11
1669.13
1809.54
1606.04
1518.55
1816.47
1992.46
1974.69
1484.46
1500.1
1529.65
1593.6
1964.31
2542.69
2143.52
2852.93
2722.95
2415.25
2007.12
2141.77
2194.84
2305.64
2458.65
2388.33
2829.02
2908.24
2883.21
2825.89
3079.99
2092.0
1973.44
1895.25
2088.95
2612.89
3186.77
3097.92
2835.11
2969.83
3229.6
3290.68
3266.62
3294.08
3245.26
3426.45
3369.14
3455.24
3190.12
2795.3
2189.77
2025.58
1879.87
1846.9
1982.93
2137.59
2310.15
2432.89
3078.91
2329.44
2721.78
2135.27
1787.25
1967.28
1856.43
1653.95
1966.29
1941.41
2584.21
2086.18
2686.52
3005.01
2976.85
3271.99
3315.26
3593.41
3547.35
3784.23
3774.81
3830.49
4002.88
3865.83
4260.41
4341.74
4366.59
4550.53
4215.21
4351.63
4397.08
4290.59
4286.46
4111.99
3682.73
3626.88
3597.92
3617.29
4129.54
4326.76
4715.64
4938.61
5062.44
5110.86
5219.08
5228.84
5408.52
5298.72
5308.52
5457.82
5572.09
5799.24
5989.27
6430.58
6318.61
6529.99
6721.08
6672.69
6872.97
7137.03
6964.01
7532.9
7222.08
6947.06
7046.57
6749.28
6586.01
7060.6
6335.56
6890.94
6742.97
6407.52
7041.27
6763.38
6923.6
7341.65
7670.37
7866.52
7906.6
7276.63
7213.44
7136.1
7458.99
7573.26
7500.79
7489.2
7227.45
7252.4
7152.88
7331.73
7630.26
7832.22
7877.19
7641.77
7703.1
7106.01
7170.7
6979.81
6814.76
6923.41
7093.42
6864.87
7404.61
7197.5
7086.86
7245.13
8001.57
7736.07
8098.16
8035.2
8069.81
8059.65
8039.45
7838.22
7773.92
7739.86
7677.73
7630.71
7773.31
7840.31
8043.71
8144.16
8738.72
8724.13
8516.02
8144.02
8256.28
8084.88
8465.77
7918.53
7927.49
7380.32
7227.96
7742.53
7830.35
7993.09
7816.44
7575.15
7268.06
7312.85
7198.85
7035.76
6710.4
6742.89
6693.83
6785.94
6627.43
6588.28
5860.99
6209.71
5783.15
6061.8
6543.39
6593.8
6206.24
6181.06
6197.84
6446.31
6369.28
6701.36
6826.61
6861.31
6839.59
7083.49
6919.59
6894.23
7009.56
6833.42
6661.44
6623.01
6508.21
6245.18
6165.35
5672.7
6015.3
5715.92
5984.26
5930.17
6514.72
6470.74
6526.62
6642.27
6607.13
6495.15
6304.53
6312.03
6223.37
6398.77
5944.87
6554.04
6712.21
6729.53
6734.99
6646.55
5300.24
