1809.54
1593.6
1856.43
2135.27
2092.0
2086.18
2088.95
2025.58
1973.44
1669.13
1688.32
1487.34
1816.47
1879.87
1895.25
1865.11
1518.55
1564.47
1606.04
1846.9
1570.2
1992.46
1410.42
1416.09
1425.16
1974.69
1964.31
1941.41
1653.95
1562.65
1395.79
1288.11
1058.14
997.5
1008.64
1125.06
1169.57
1201.92
1070.06
1050.04
1195.37
1435.88
1115.78
1386.25
1321.26
1253.61
1024.55
1105.06
1321.26
1410.33
1235.3
1098.29
1221.11
1125.16
1038.07
1966.29
1386.31
1439.05
1433.11
1448.49
1535.65
1484.46
2007.12
1787.25
1500.1
1529.65
1592.74
1447.05
1833.57
1982.93
1945.82
2143.52
2310.15
2432.89
2686.52
2542.69
2825.89
3078.91
3266.62
2835.11
2795.3
2721.78
3097.92
2908.24
3617.29
3315.26
3190.12
2883.21
2829.02
3005.01
3186.77
3369.14
3455.24
3830.49
3865.83
3774.81
4111.99
3294.08
3271.99
2969.83
2852.93
2329.44
2305.64
3290.68
2194.84
2458.65
2415.25
2141.77
1967.28
1406.59
1396.1
1333.71
1080.37
1050.98
1363.32
1470.53
2137.59
2189.77
2584.21
3547.35
3079.99
3229.6
2612.89
2722.95
2388.33
3245.26
2976.85
3784.23
3682.73
3626.88
4129.54
3597.92
3426.45
3593.41
4002.88
4215.21
4260.41
4326.76
4286.46
4290.59
4397.08
4351.63
4366.59
4715.64
5300.24
4550.53
5110.86
5062.44
4938.61
4341.74
5219.08
5228.84
5298.72
5308.52
5408.52
5672.7
5783.15
6197.84
6398.77
6586.01
6826.61
6872.97
6814.76
6919.59
6894.23
6712.21
6693.83
6181.06
5989.27
6245.18
6318.61
6607.13
7106.01
6947.06
7227.45
7170.7
7046.57
7197.5
7252.4
6964.01
7086.86
6890.94
6833.42
6729.53
6721.08
6646.55
6593.8
6864.87
7083.49
6742.97
7137.03
7341.65
7312.85
7866.52
7832.22
7703.1
7840.31
8098.16
8144.16
8738.72
8724.13
8516.02
8035.2
7736.07
7380.32
7742.53
7404.61
7677.73
7739.86
7906.6
7773.31
7993.09
8043.71
8001.57
8069.81
8084.88
8256.28
8465.77
8144.02
8059.65
8039.45
7927.49
7830.35
7773.92
7532.9
7575.15
7276.63
7573.26
7670.37
7838.22
7458.99
7816.44
7641.77
7630.71
7489.2
7918.53
7877.19
7630.26
7331.73
7500.79
7222.08
7227.96
7093.42
6734.99
6839.59
6588.28
6446.31
5944.87
5457.82
5572.09
6223.37
6661.44
6710.4
6407.52
6526.62
6529.99
6672.69
7041.27
7268.06
7213.44
7198.85
6979.81
7152.88
7009.56
6861.31
7035.76
7245.13
7136.1
7060.6
6923.41
6627.43
6508.21
6495.15
6165.35
6015.3
6623.01
6543.39
6749.28
6923.6
6763.38
6701.36
6470.74
6209.71
6335.56
6554.04
6061.8
6304.53
6206.24
6430.58
6312.03
6642.27
6785.94
6742.89
6514.72
6369.28
5715.92
5930.17
5799.24
5984.26
5860.99
