2143.52
1833.57
1098.29
1592.74
1974.69
1945.82
1570.2
1518.55
1410.33
1395.79
1448.49
1562.65
1669.13
1787.25
1879.87
1653.95
1593.6
1816.47
1435.88
1333.71
1321.26
1221.11
1253.61
1484.46
1856.43
2310.15
1895.25
1195.37
1169.57
1433.11
1439.05
1425.16
1470.53
1416.09
1606.04
1564.47
1529.65
1487.34
1363.32
1386.31
1321.26
1125.16
1115.78
1038.07
1058.14
1050.98
1050.04
1008.64
1024.55
997.5
1080.37
1125.06
1201.92
1410.42
1406.59
1447.05
1500.1
1396.1
1386.25
1070.06
1105.06
1235.3
1535.65
1288.11
1846.9
1982.93
1967.28
2721.78
2686.52
3245.26
2612.89
2883.21
2835.11
3190.12
3369.14
3229.6
3186.77
2908.24
2969.83
2795.3
3271.99
3315.26
2584.21
3294.08
3078.91
2722.95
3455.24
3005.01
3079.99
2852.93
2976.85
3097.92
3426.45
3597.92
3547.35
3682.73
3774.81
3617.29
3626.88
3593.41
2542.69
2825.89
2388.33
2829.02
3266.62
2432.89
1992.46
1809.54
1865.11
1688.32
1966.29
2025.58
2194.84
2135.27
2329.44
2415.25
1973.44
2092.0
1964.31
2086.18
2305.64
2141.77
2137.59
2007.12
1941.41
2088.95
2189.77
2458.65
3290.68
3784.23
3830.49
4351.63
4341.74
4129.54
4286.46
3865.83
4260.41
4215.21
4111.99
4290.59
4326.76
4002.88
4366.59
4550.53
4397.08
4715.64
5062.44
5110.86
4938.61
5219.08
5457.82
5228.84
5298.72
5300.24
5408.52
6165.35
6335.56
6672.69
6712.21
6729.53
6919.59
7086.86
7083.49
7046.57
6979.81
7093.42
7197.5
6964.01
6721.08
6508.21
6693.83
6701.36
6763.38
6864.87
7041.27
7035.76
7106.01
7222.08
7532.9
7170.7
7152.88
7137.03
7198.85
7331.73
7630.26
7213.44
7060.6
7227.45
6742.89
6872.97
6826.61
6749.28
6861.31
6947.06
7245.13
7773.31
7404.61
7840.31
7641.77
7630.71
7838.22
7830.35
7312.85
7832.22
7739.86
7927.49
7906.6
7993.09
8035.2
7816.44
7575.15
7742.53
7866.52
7736.07
8059.65
8001.57
8043.71
8516.02
8144.16
8098.16
7703.1
7227.96
7009.56
7136.1
7489.2
7573.26
7677.73
7877.19
8465.77
8738.72
8144.02
8724.13
8084.88
8256.28
8069.81
8039.45
7918.53
7773.92
7670.37
7276.63
7252.4
6923.6
6814.76
6554.04
6206.24
6181.06
6197.84
6015.3
5944.87
5308.52
5715.92
6526.62
6646.55
6514.72
6607.13
6642.27
6785.94
6890.94
7458.99
7380.32
7500.79
7341.65
7268.06
6923.41
6839.59
6894.23
6734.99
6833.42
6661.44
6588.28
6318.61
6446.31
6710.4
6398.77
6627.43
6742.97
6593.8
6495.15
5984.26
6529.99
6407.52
6586.01
6543.39
6623.01
6312.03
6061.8
5930.17
5572.09
5860.99
5672.7
5783.15
5799.24
5989.27
6223.37
6245.18
6369.28
6470.74
6304.53
6209.71
6430.58
