1846.9
2137.59
1809.54
1816.47
1484.46
1201.92
1386.25
1500.1
1529.65
1593.6
1592.74
1518.55
1410.33
1363.32
1221.11
1105.06
1050.98
1115.78
1321.26
1386.31
1448.49
1416.09
1396.1
1288.11
1333.71
1425.16
1535.65
1395.79
1435.88
1570.2
1487.34
1253.61
1406.59
1235.3
1169.57
1038.07
1058.14
1024.55
1008.64
1070.06
1098.29
997.5
1050.04
1125.06
1195.37
1321.26
1447.05
1562.65
1879.87
2415.25
1941.41
2189.77
2310.15
1982.93
2329.44
1973.44
1787.25
1470.53
1080.37
1125.16
1439.05
1410.42
1688.32
1606.04
1653.95
1669.13
1433.11
1833.57
1564.47
1856.43
1895.25
1966.29
1945.82
2007.12
1974.69
2141.77
2088.95
2194.84
1992.46
1964.31
1967.28
2795.3
2092.0
2829.02
2612.89
2686.52
2432.89
2458.65
2721.78
2852.93
3079.99
2883.21
3005.01
2976.85
3078.91
2969.83
3290.68
2722.95
2542.69
2135.27
2584.21
3229.6
2908.24
2388.33
1865.11
2143.52
2086.18
2025.58
2825.89
2305.64
2835.11
3186.77
3245.26
3097.92
3426.45
3315.26
3190.12
3294.08
3271.99
3266.62
3617.29
3682.73
3784.23
4215.21
3774.81
3369.14
3865.83
4002.88
4286.46
4351.63
4341.74
4366.59
4397.08
4129.54
4111.99
3626.88
3547.35
3597.92
3593.41
3455.24
3830.49
4260.41
4326.76
4290.59
4550.53
4715.64
4938.61
5062.44
5110.86
5219.08
5300.24
5298.72
5228.84
5308.52
5672.7
5944.87
5984.26
6209.71
6312.03
6446.31
6627.43
6318.61
6165.35
5989.27
5408.52
5783.15
5572.09
5457.82
5715.92
5799.24
6206.24
6430.58
6588.28
6742.97
7093.42
7106.01
7136.1
7331.73
7276.63
7341.65
7404.61
7670.37
7500.79
7906.6
7742.53
7630.71
7227.96
7630.26
7213.44
7532.9
7641.77
7840.31
7838.22
7816.44
7380.32
7458.99
7575.15
7832.22
7927.49
8059.65
8043.71
8256.28
7918.53
7703.1
7312.85
7245.13
6923.6
7830.35
7198.85
7268.06
7677.73
7773.31
7993.09
8084.88
8144.16
7573.26
8001.57
7866.52
7877.19
7739.86
8069.81
8465.77
8098.16
8724.13
7736.07
6894.23
6919.59
7252.4
8516.02
8738.72
8035.2
8144.02
8039.45
7773.92
7489.2
7197.5
7137.03
7227.45
7152.88
7170.7
7222.08
7035.76
6642.27
6181.06
6304.53
6197.84
6369.28
6223.37
6508.21
6407.52
6826.61
7046.57
6964.01
6923.41
6979.81
6864.87
6710.4
6495.15
6514.72
6554.04
6947.06
7041.27
6749.28
6543.39
6661.44
6785.94
6712.21
7083.49
6833.42
7060.6
6872.97
6734.99
6729.53
6861.31
7086.86
7009.56
6721.08
6742.89
5860.99
6245.18
6335.56
6593.8
6623.01
6529.99
6646.55
6470.74
6015.3
6061.8
6526.62
6398.77
6814.76
6890.94
6839.59
6672.69
6586.01
6701.36
6763.38
6607.13
6693.83
5930.17
