1865.11
1945.82
1941.41
1846.9
1529.65
1425.16
1484.46
1439.05
1396.1
1562.65
1447.05
1669.13
1856.43
1992.46
1964.31
1688.32
1433.11
1809.54
1895.25
1879.87
1816.47
1564.47
1410.33
1253.61
1321.26
1169.57
1195.37
1321.26
1363.32
1470.53
1410.42
1288.11
1105.06
1038.07
997.5
1024.55
1008.64
1098.29
1115.78
1050.98
1058.14
1050.04
1080.37
1125.16
1125.06
1221.11
1201.92
1235.3
1333.71
1395.79
1386.25
1386.31
1406.59
1070.06
1416.09
1435.88
1592.74
1653.95
1570.2
1787.25
1833.57
1593.6
1535.65
1500.1
1606.04
1966.29
2092.0
1518.55
1448.49
1487.34
1967.28
2686.52
2415.25
2721.78
3229.6
3186.77
3290.68
3266.62
3294.08
3079.99
2458.65
2088.95
2141.77
2086.18
2829.02
2432.89
3005.01
2825.89
3097.92
3245.26
3078.91
2135.27
2189.77
2305.64
2542.69
2976.85
2969.83
2908.24
2722.95
2883.21
2310.15
2194.84
2137.59
2795.3
2329.44
1974.69
1973.44
1982.93
2025.58
2007.12
2143.52
2388.33
2835.11
2852.93
2584.21
3190.12
2612.89
3315.26
3271.99
3426.45
3369.14
3547.35
3455.24
4002.88
3593.41
3617.29
3830.49
3865.83
4215.21
4260.41
4290.59
4111.99
3784.23
3626.88
3774.81
3682.73
4286.46
4129.54
3597.92
4326.76
4351.63
4550.53
4938.61
5219.08
5298.72
5228.84
5062.44
4397.08
4341.74
4366.59
4715.64
5110.86
5300.24
5308.52
5572.09
5860.99
5930.17
6623.01
6785.94
6586.01
6712.21
6245.18
5944.87
6312.03
5457.82
5783.15
5672.7
5715.92
5408.52
5799.24
6369.28
6015.3
6335.56
6554.04
6861.31
6543.39
7083.49
7198.85
7500.79
7404.61
7816.44
7773.31
7641.77
7458.99
7312.85
7532.9
7489.2
7739.86
7877.19
7906.6
8035.2
8084.88
7866.52
7742.53
7832.22
7927.49
8039.45
8465.77
8256.28
8098.16
7993.09
7838.22
7703.1
7137.03
7252.4
7227.45
7331.73
7575.15
7677.73
7830.35
7773.92
7840.31
7670.37
7630.71
7736.07
7918.53
8043.71
8144.16
8738.72
8724.13
8144.02
8516.02
8059.65
8069.81
8001.57
7630.26
7276.63
7380.32
7222.08
7213.44
7041.27
7136.1
7197.5
7341.65
7093.42
7227.96
7170.7
7152.88
7245.13
7573.26
7268.06
7106.01
7009.56
6710.4
5984.26
6947.06
6526.62
6446.31
6839.59
6661.44
6894.23
6964.01
7086.86
6864.87
6979.81
6814.76
6826.61
6729.53
6833.42
6919.59
6890.94
6923.41
6529.99
6470.74
6181.06
6407.52
6923.6
7035.76
6514.72
6742.89
6430.58
6223.37
6742.97
5989.27
6672.69
6607.13
6763.38
6693.83
6508.21
6627.43
6734.99
6495.15
6701.36
6646.55
6588.28
6642.27
6318.61
6206.24
6209.71
6197.84
6749.28
6721.08
6593.8
6304.53
6061.8
6398.77
7060.6
7046.57
6872.97
6165.35
