1974.69
2086.18
1846.9
1964.31
1410.42
1395.79
1606.04
1593.6
1518.55
1941.41
1653.95
1487.34
1816.47
1688.32
2088.95
2025.58
2329.44
2458.65
2137.59
1448.49
1500.1
1386.31
1363.32
1333.71
1169.57
1235.3
1221.11
1288.11
1098.29
1125.16
1105.06
1038.07
1115.78
1058.14
1080.37
1125.06
1050.98
1050.04
997.5
1008.64
1070.06
1024.55
1201.92
1253.61
1321.26
1195.37
1321.26
1386.25
1406.59
1447.05
1570.2
1592.74
1564.47
1484.46
1967.28
1973.44
2388.33
2415.25
1895.25
1809.54
1856.43
1529.65
1562.65
1435.88
1787.25
1879.87
1865.11
2189.77
2542.69
3245.26
2584.21
2825.89
2721.78
2795.3
3097.92
3079.99
2612.89
2310.15
2143.52
1982.93
2305.64
2135.27
2007.12
2092.0
2908.24
2722.95
3005.01
3190.12
2852.93
3290.68
3426.45
3315.26
3369.14
3294.08
3229.6
2835.11
2969.83
2432.89
2829.02
2194.84
1945.82
1992.46
1833.57
1669.13
1470.53
1425.16
1396.1
1410.33
1416.09
1433.11
1439.05
1535.65
1966.29
2141.77
2686.52
2883.21
2976.85
3266.62
3271.99
3078.91
3547.35
3186.77
3784.23
3593.41
3455.24
3617.29
4002.88
4286.46
4326.76
4366.59
4938.61
4715.64
4351.63
4111.99
4260.41
4129.54
3865.83
3774.81
3830.49
3626.88
3682.73
3597.92
4215.21
4290.59
4550.53
4341.74
4397.08
5062.44
5110.86
5672.7
5783.15
5298.72
5219.08
5228.84
5572.09
6526.62
6721.08
6304.53
6209.71
6223.37
6554.04
6543.39
6529.99
6586.01
6514.72
6646.55
6742.97
6712.21
6814.76
6710.4
6894.23
6923.6
6890.94
7083.49
7046.57
6947.06
7198.85
7197.5
7268.06
7532.9
7489.2
7877.19
7866.52
8035.2
7773.31
7773.92
7830.35
7742.53
7245.13
7227.45
7137.03
7093.42
7170.7
7222.08
7213.44
7227.96
7677.73
7575.15
7703.1
7573.26
7630.71
7331.73
7035.76
6693.83
6245.18
6593.8
6826.61
7312.85
7630.26
7404.61
7500.79
7380.32
7341.65
7252.4
7458.99
7670.37
7918.53
8043.71
8144.02
8084.88
8069.81
7993.09
7840.31
7927.49
8039.45
7832.22
7641.77
7739.86
8001.57
8256.28
8465.77
8738.72
8724.13
8516.02
8098.16
8144.16
8059.65
7906.6
7838.22
7816.44
7736.07
7041.27
7276.63
6627.43
6588.28
6749.28
6742.89
6495.15
6701.36
6661.44
6734.99
6785.94
6729.53
6672.69
6430.58
5944.87
5860.99
5984.26
6312.03
6061.8
6861.31
6919.59
7086.86
7060.6
7009.56
7106.01
7136.1
7152.88
6964.01
6979.81
6872.97
6864.87
6763.38
6470.74
6623.01
6833.42
6923.41
6839.59
6607.13
6508.21
6407.52
6165.35
6335.56
6181.06
5308.52
5715.92
5300.24
6015.3
6206.24
6318.61
6642.27
5930.17
5799.24
6369.28
5408.52
5457.82
5989.27
6197.84
6446.31
6398.77
