1416.09
1484.46
1865.11
1396.1
1448.49
1406.59
1433.11
1669.13
1833.57
2086.18
2189.77
1564.47
1115.78
1038.07
1487.34
1787.25
1653.95
1846.9
1945.82
1562.65
1500.1
1410.42
1105.06
1321.26
1606.04
1809.54
2143.52
1050.98
1425.16
1125.06
1470.53
1288.11
1386.25
1125.16
1321.26
1024.55
1050.04
997.5
1098.29
1363.32
1435.88
1386.31
1253.61
1169.57
1080.37
1008.64
1070.06
1058.14
1395.79
1201.92
1333.71
1195.37
1235.3
1221.11
1447.05
1570.2
1518.55
1439.05
1529.65
1410.33
1592.74
1535.65
1992.46
1941.41
1982.93
2092.0
1967.28
1974.69
1688.32
1964.31
1816.47
2137.59
2141.77
2612.89
2432.89
2305.64
2722.95
2908.24
2852.93
2194.84
2135.27
2025.58
1973.44
2310.15
2458.65
2969.83
2388.33
2829.02
2835.11
2976.85
2686.52
2415.25
2795.3
3079.99
3245.26
3547.35
3617.29
3315.26
3455.24
3369.14
3271.99
3266.62
3190.12
2883.21
3078.91
3005.01
2721.78
2088.95
1879.87
1966.29
1593.6
1895.25
1856.43
2007.12
2329.44
2542.69
2825.89
2584.21
3097.92
3186.77
3229.6
3294.08
3290.68
3597.92
3593.41
3426.45
3626.88
3682.73
3784.23
4260.41
4341.74
4286.46
4326.76
3830.49
3865.83
4290.59
4111.99
4002.88
4129.54
4215.21
4351.63
3774.81
5110.86
4938.61
4715.64
5298.72
5219.08
5062.44
4366.59
4397.08
4550.53
5228.84
5300.24
5408.52
5457.82
5715.92
6206.24
6729.53
6826.61
6593.8
6588.28
6495.15
6693.83
6712.21
6446.31
6672.69
6861.31
6304.53
6312.03
6514.72
6543.39
6734.99
6872.97
7060.6
6508.21
7093.42
7198.85
7252.4
7630.71
7341.65
7276.63
7137.03
7136.1
6979.81
6785.94
6890.94
7197.5
7106.01
6742.89
6923.6
6964.01
7046.57
7227.96
7575.15
7670.37
7838.22
8043.71
8256.28
8465.77
8738.72
8516.02
8069.81
7906.6
7677.73
7227.45
7245.13
6947.06
7041.27
7170.7
7500.79
7739.86
7832.22
7866.52
7830.35
7877.19
7816.44
8059.65
8144.16
8039.45
7927.49
8001.57
7641.77
7458.99
7532.9
7489.2
7222.08
7573.26
7736.07
7773.31
7993.09
7840.31
7918.53
8084.88
8098.16
8144.02
8724.13
8035.2
7773.92
7742.53
7703.1
7331.73
7152.88
6839.59
6407.52
6607.13
6430.58
6529.99
5672.7
5860.99
5783.15
5799.24
6318.61
5944.87
5930.17
6223.37
5572.09
6197.84
6015.3
6701.36
6181.06
6919.59
6627.43
6814.76
6923.41
7035.76
7268.06
7083.49
7630.26
7380.32
7312.85
6833.42
7009.56
6710.4
6661.44
6526.62
6642.27
6894.23
7213.44
7404.61
7086.86
6749.28
6586.01
6398.77
6470.74
6554.04
6209.71
5989.27
6165.35
6245.18
6061.8
6335.56
6646.55
6721.08
6864.87
6742.97
6763.38
6623.01
6369.28
5984.26
5308.52
