3097.92
3005.01
2415.25
2388.33
1966.29
1846.9
1688.32
1562.65
1406.59
1416.09
1321.26
1433.11
1529.65
1833.57
1592.74
1050.04
1448.49
1105.06
1058.14
1125.16
1235.3
1098.29
1363.32
1484.46
1410.33
1535.65
1435.88
1500.1
1487.34
1865.11
1518.55
1410.42
1253.61
1080.37
1201.92
1386.31
1425.16
1169.57
1396.1
1221.11
1395.79
1439.05
1070.06
1333.71
1321.26
1195.37
1386.25
1125.06
1038.07
997.5
1024.55
1008.64
1115.78
1050.98
1288.11
1447.05
1856.43
1816.47
1809.54
1564.47
1593.6
1653.95
1879.87
1992.46
2143.52
2722.95
2829.02
2310.15
1967.28
1941.41
1973.44
2007.12
2329.44
2825.89
3229.6
3079.99
2686.52
3190.12
3271.99
3455.24
3245.26
2721.78
2542.69
1895.25
1982.93
2086.18
2141.77
2612.89
2584.21
2194.84
2432.89
2908.24
2088.95
3426.45
3593.41
3626.88
3617.29
3547.35
3597.92
2835.11
2305.64
2137.59
1964.31
2025.58
2189.77
2092.0
1570.2
1669.13
1470.53
1945.82
2458.65
2135.27
1606.04
1787.25
1974.69
2795.3
2976.85
3266.62
3315.26
3294.08
3186.77
2969.83
2852.93
3078.91
2883.21
3290.68
3369.14
3682.73
3774.81
3784.23
3830.49
4111.99
4290.59
4260.41
4326.76
4397.08
4351.63
4366.59
4550.53
4286.46
4129.54
4002.88
3865.83
4215.21
4341.74
4715.64
4938.61
5062.44
5110.86
5219.08
5298.72
5300.24
5308.52
5228.84
5457.82
5783.15
6197.84
6554.04
6586.01
6588.28
7312.85
7630.26
7573.26
7641.77
6861.31
6693.83
6712.21
6495.15
6661.44
6607.13
7170.7
7773.31
8039.45
8144.02
8069.81
7918.53
7840.31
7245.13
7331.73
7341.65
6979.81
6833.42
6742.97
6672.69
6749.28
6742.89
6710.4
6872.97
6839.59
6864.87
7252.4
7227.96
7630.71
7060.6
7197.5
7773.92
7198.85
7703.1
7404.61
7152.88
7035.76
6964.01
6919.59
6923.41
6947.06
7222.08
7276.63
7458.99
7575.15
7532.9
7046.57
7742.53
7500.79
7832.22
7993.09
7739.86
7866.52
7927.49
7906.6
8043.71
7838.22
7086.86
6721.08
7136.1
7670.37
8059.65
7877.19
8465.77
8035.2
8738.72
8144.16
8724.13
8516.02
8256.28
8084.88
8098.16
8001.57
7736.07
7830.35
7380.32
7083.49
7213.44
6734.99
6470.74
5672.7
5944.87
6623.01
6763.38
7106.01
7093.42
7041.27
6826.61
6543.39
6165.35
6446.31
6223.37
6526.62
6627.43
6729.53
6593.8
6701.36
6814.76
6894.23
6923.6
6785.94
7677.73
7816.44
7268.06
7489.2
7137.03
7227.45
7009.56
6890.94
6508.21
5715.92
5984.26
6407.52
6529.99
6181.06
5799.24
5572.09
5408.52
5860.99
5930.17
6015.3
6245.18
6061.8
5989.27
6514.72
6209.71
6304.53
6318.61
6430.58
6335.56
6206.24
6312.03
6398.77
6369.28
6646.55
6642.27
