2432.89
2825.89
2329.44
1982.93
1363.32
1288.11
1406.59
1487.34
1518.55
1846.9
1787.25
1470.53
1535.65
1570.2
1606.04
1967.28
2189.77
2143.52
1562.65
1395.79
1564.47
1865.11
1593.6
1653.95
1416.09
1410.42
1500.1
1321.26
1410.33
1425.16
1333.71
1447.05
1439.05
1435.88
1253.61
1235.3
1098.29
1125.16
1080.37
1125.06
1105.06
1058.14
1050.04
1070.06
1008.64
1038.07
1024.55
997.5
1050.98
1115.78
1195.37
1201.92
1221.11
1169.57
1433.11
1448.49
1669.13
1396.1
1484.46
1529.65
1592.74
1809.54
1941.41
1386.25
1816.47
1833.57
1879.87
1973.44
1964.31
2086.18
2141.77
2612.89
2795.3
3426.45
3271.99
3294.08
3774.81
2976.85
3315.26
2194.84
2542.69
2025.58
1966.29
2135.27
2829.02
3005.01
3290.68
3369.14
3593.41
4129.54
4002.88
3682.73
3097.92
2908.24
2969.83
3245.26
3784.23
3079.99
2835.11
2415.25
2388.33
2305.64
2310.15
2007.12
1856.43
2092.0
1895.25
1688.32
1386.31
1945.82
1321.26
2088.95
1974.69
1992.46
2137.59
2458.65
2584.21
2852.93
2722.95
2686.52
2721.78
3186.77
2883.21
3455.24
3190.12
3266.62
4111.99
4286.46
4351.63
4215.21
4341.74
4290.59
4366.59
3865.83
3830.49
3626.88
3597.92
4260.41
3617.29
3547.35
3078.91
3229.6
4326.76
4397.08
4550.53
4715.64
4938.61
5062.44
5110.86
5308.52
6181.06
6209.71
6398.77
6446.31
6586.01
6206.24
6369.28
6223.37
6407.52
6304.53
6335.56
6197.84
6470.74
6627.43
6642.27
6894.23
6923.6
6947.06
7041.27
7106.01
7245.13
7197.5
7136.1
7137.03
7227.96
7312.85
7341.65
7380.32
7840.31
7816.44
7993.09
7773.92
7742.53
7641.77
7532.9
7060.6
6919.59
7268.06
6646.55
7009.56
7086.86
7152.88
7093.42
7046.57
6979.81
7083.49
7198.85
7489.2
7500.79
7630.26
7736.07
7739.86
7670.37
7227.45
7170.7
7276.63
7252.4
7832.22
8001.57
7838.22
7573.26
7866.52
7458.99
7677.73
7703.1
7630.71
8035.2
8724.13
8738.72
8465.77
8098.16
8043.71
8039.45
8144.16
8256.28
8144.02
8069.81
8059.65
8084.88
8516.02
7927.49
7830.35
7877.19
7773.31
7906.6
7918.53
7404.61
7575.15
7331.73
7213.44
7035.76
6742.97
6543.39
6245.18
5672.7
5989.27
5715.92
5457.82
6495.15
6061.8
6672.69
6693.83
6734.99
6763.38
6833.42
6721.08
6623.01
6749.28
6890.94
6864.87
6785.94
6710.4
6923.41
6826.61
6964.01
7222.08
6839.59
6861.31
6514.72
6554.04
5783.15
5930.17
5219.08
5298.72
6318.61
6742.89
6872.97
6729.53
6701.36
6588.28
6529.99
6015.3
5944.87
6165.35
5860.99
5799.24
5572.09
5984.26
6312.03
6508.21
6593.8
6661.44
5300.24
5228.84
5408.52
6430.58
6712.21
6526.62
6814.76
6607.13
