3245.26
3005.01
2852.93
3078.91
2329.44
1865.1100000000001
1895.25
1518.55
1816.47
1416.09
1221.1100000000001
1058.14
1050.98
1050.04
1333.71
1529.65
1593.6
1386.25
1105.06
1125.06
1410.33
1439.05
1410.42
1288.1100000000001
1406.59
1562.65
1395.79
1363.32
1201.92
1235.3
1070.06
1038.07
997.5
1024.55
1008.64
1098.29
1080.37
1253.6100000000001
1115.78
1195.37
1321.26
1169.57
1125.16
1386.31
1321.26
1396.1
1484.46
1535.65
1564.47
2086.18
1974.69
1966.29
1964.31
1941.4099999999999
2025.58
2143.52
2137.59
1669.13
1487.34
1448.49
1447.05
1809.54
2088.95
2388.33
1592.74
1688.3200000000002
1787.25
1945.8200000000002
1653.95
2141.77
1833.5700000000002
1846.9
1856.4299999999998
1879.87
1570.2
1606.04
1973.44
2722.95
2721.7799999999997
2835.11
2795.3
2310.15
2829.02
2458.65
2415.25
1982.9299999999998
1967.28
2007.12
2969.83
2194.84
3315.26
3290.68
2092.0
3294.08
3369.14
3097.92
3186.77
2976.85
2908.24
2686.52
2432.89
2189.77
2584.21
2612.89
2825.89
2305.64
1992.46
1425.16
1433.1100000000001
1435.88
1470.53
1500.1
2135.27
2542.69
2883.21
3271.99
3547.35
3784.23
3593.41
3229.6
3266.62
3190.12
3079.99
3426.45
3455.24
3597.92
3682.73
3626.88
3865.83
4002.88
4215.21
4366.59
4326.76
4260.41
4111.99
4290.59
4351.63
4550.53
4286.46
4938.61
4129.54
4397.08
3774.81
3830.49
3617.29
4341.74
4715.64
5110.86
5062.44
5219.08
5298.72
5300.24
5228.84
5308.52
5408.52
5799.24
6165.35
6470.74
6646.55
6742.89
6890.9400000000005
6627.43
6197.84
6369.28
5572.09
5984.26
5860.99
5944.87
6318.61
6607.13
6672.6900000000005
6495.15
6749.28
6872.97
7083.49
7227.45
7630.26
7489.2
7703.1
7575.15
7276.63
7331.73
7222.08
7641.77
7773.92
7458.99
7630.71
7840.3099999999995
7866.52
7773.3099999999995
8035.2
7838.22
8059.65
7993.09
8001.57
7927.49
7830.35
7532.9
7093.42
7136.1
6923.6
6826.61
7046.57
6693.83
6742.97
6554.04
7198.85
6861.3099999999995
7252.4
7573.26
8039.45
8043.71
8069.81
8098.16
8256.28
8465.77
8738.72
8724.13
8144.16
7736.07
7670.37
7742.53
7312.85
7341.65
7170.7
7041.27
7086.86
7137.03
7197.5
7677.73
7739.86
7906.6
7832.22
7500.79
7404.61
7877.1900000000005
7816.4400000000005
8084.88
8516.02
8144.02
7918.53
7245.13
6710.4
6335.56
6312.03
6721.08
6923.41
7060.6
6763.38
6894.23
7009.56
7152.88
7268.06
7380.32
7106.01
6586.01
6223.37
6623.01
6712.21
6015.3
5457.82
5783.15
6209.71
6245.18
6181.06
6833.42
6864.87
6964.01
6919.59
6947.0599999999995
6543.39
6061.8
6529.99
6304.53
6508.21
6446.31
6814.76
6785.9400000000005
6729.53
6407.52
6430.58
6642.27
7035.76
7213.44
7227.96
6979.8099999999995
6701.36
6526.62
6734.99
6514.72
6398.77
6588.28
6839.59
6206.24
5715.92
5672.7
6593.8
6661.4400000000005
5989.27
5930.17
