1945.82
2852.93
2795.3
2825.89
2310.15
2432.89
2542.69
2025.58
1966.29
1967.28
1606.04
1447.05
1416.09
1406.59
1439.05
1396.1
1105.06
1169.57
1321.26
1050.04
1008.64
1050.98
1333.71
1669.13
1570.2
2137.59
1846.9
1410.33
1115.78
1038.07
1024.55
1363.32
1435.88
1562.65
1518.55
1410.42
1201.92
1125.16
1080.37
1058.14
1253.61
1098.29
1195.37
1221.11
1288.11
1070.06
1386.31
1395.79
1321.26
1125.06
1653.95
1386.25
1433.11
1425.16
1470.53
1941.41
1564.47
1809.54
1592.74
1484.46
1535.65
1529.65
1500.1
1487.34
1448.49
1964.31
1992.46
1833.57
1593.6
1235.3
997.5
1856.43
2086.18
1974.69
2007.12
2088.95
2194.84
2415.25
2329.44
2092.0
2189.77
1895.25
2143.52
2584.21
3005.01
2908.24
3229.6
3290.68
3426.45
3593.41
3617.29
3547.35
3294.08
3266.62
3271.99
3079.99
2883.21
2722.95
3078.91
3186.77
2835.11
2829.02
2721.78
2969.83
2141.77
2686.52
1973.44
1982.93
1865.11
1787.25
1688.32
1816.47
1879.87
2135.27
2388.33
2458.65
2612.89
2305.64
2976.85
3097.92
3369.14
3455.24
3682.73
3784.23
3626.88
3315.26
3190.12
3245.26
3597.92
3774.81
3830.49
3865.83
4111.99
4002.88
4129.54
4260.41
4215.21
4286.46
4290.59
4351.63
4326.76
4341.74
4366.59
4550.53
4715.64
4938.61
5298.72
4397.08
5219.08
5062.44
5110.86
5457.82
5984.26
6206.24
6646.55
6672.69
6749.28
6894.23
6864.87
7227.45
7046.57
6712.21
6742.89
6642.27
6543.39
6607.13
6586.01
6197.84
6061.8
5989.27
6245.18
6304.53
6223.37
6593.8
6623.01
6785.94
6890.94
7137.03
7060.6
7268.06
7404.61
7773.31
7630.71
7840.31
7816.44
8035.2
7677.73
7341.65
6826.61
6721.08
6947.06
6742.97
6861.31
7227.96
7213.44
7458.99
8059.65
7838.22
8724.13
8738.72
8256.28
8144.16
8039.45
7500.79
7573.26
7630.26
7773.92
8069.81
7152.88
8043.71
6964.01
7136.1
7222.08
7312.85
7830.35
7575.15
8098.16
8516.02
8465.77
8144.02
8084.88
7866.52
7245.13
7918.53
7739.86
7670.37
7703.1
7906.6
7532.9
7489.2
7832.22
7993.09
8001.57
7877.19
7742.53
7927.49
7736.07
7331.73
7252.4
7380.32
7041.27
6529.99
6312.03
5860.99
5783.15
5408.52
5715.92
5228.84
5300.24
5308.52
6369.28
7197.5
7641.77
7276.63
7106.01
7009.56
7083.49
6872.97
7086.86
7093.42
7170.7
6923.41
6710.4
6407.52
6514.72
6701.36
6919.59
6588.28
6470.74
6181.06
5944.87
5930.17
6015.3
6318.61
6554.04
6839.59
6729.53
6734.99
6661.44
6627.43
6814.76
6923.6
6763.38
6979.81
7198.85
7035.76
6693.83
6833.42
6526.62
6508.21
6446.31
6398.77
6335.56
6165.35
5572.09
5799.24
6430.58
6495.15
6209.71
5672.7
