1966.29
2092.0
2305.64
1973.44
1529.65
1363.32
1484.46
1688.32
1386.25
1865.11
1564.47
1487.34
1448.49
1447.05
1125.16
1221.11
1201.92
1321.26
1410.42
1433.11
1570.2
1395.79
1169.57
1098.29
1321.26
1386.31
1593.6
1606.04
1562.65
1895.25
1535.65
1416.09
1253.61
1288.11
1115.78
1105.06
1125.06
1070.06
1038.07
1058.14
1008.64
997.5
1024.55
1050.04
1050.98
1080.37
1235.3
1195.37
1333.71
1396.1
1653.95
1500.1
1669.13
1518.55
1816.47
1592.74
1945.82
1787.25
1833.57
1425.16
1439.05
1470.53
1410.33
1406.59
1435.88
1809.54
1856.43
1941.41
1879.87
1846.9
1967.28
1992.46
2194.84
2795.3
3186.77
2458.65
2432.89
2722.95
2329.44
2908.24
2976.85
2883.21
3097.92
3315.26
3784.23
3682.73
3830.49
3626.88
3597.92
3617.29
3593.41
3290.68
3426.45
3369.14
3266.62
3190.12
2969.83
2825.89
2388.33
2310.15
2007.12
2086.18
1982.93
2141.77
2025.58
2415.25
2189.77
1964.31
2135.27
2137.59
1974.69
2612.89
2088.95
2835.11
2584.21
3079.99
2829.02
3245.26
3078.91
3005.01
2852.93
2686.52
2143.52
2542.69
3229.6
2721.78
3294.08
3271.99
3455.24
3547.35
3865.83
4129.54
4351.63
4366.59
4326.76
4397.08
4215.21
4111.99
4290.59
4260.41
4286.46
3774.81
4002.88
4341.74
4550.53
4715.64
4938.61
5300.24
5298.72
5572.09
5799.24
5110.86
5228.84
5062.44
5219.08
5308.52
5989.27
6514.72
6646.55
6923.6
7035.76
6826.61
6749.28
6979.81
6839.59
7136.1
7046.57
6586.01
6181.06
5930.17
6304.53
6710.4
6947.06
6712.21
7575.15
7083.49
7213.44
7532.9
7331.73
7268.06
7404.61
7245.13
7312.85
7866.52
7198.85
7500.79
7736.07
7630.26
7227.96
7573.26
7830.35
7773.31
7703.1
7742.53
7773.92
7060.6
7380.32
7227.45
7677.73
7341.65
7222.08
7137.03
6919.59
6894.23
6833.42
7086.86
7041.27
7197.5
7170.7
7276.63
7670.37
7838.22
7993.09
8069.81
8098.16
8256.28
8516.02
8738.72
8724.13
8465.77
8144.16
8039.45
7927.49
8059.65
7906.6
7877.19
7832.22
7918.53
8035.2
8084.88
8144.02
8043.71
8001.57
7840.31
7489.2
7641.77
7106.01
7252.4
7458.99
7739.86
7816.44
7630.71
7009.56
5984.26
6312.03
6742.97
7152.88
6721.08
6407.52
6398.77
6672.69
6588.28
6642.27
6508.21
6369.28
6015.3
6526.62
6209.71
6335.56
6223.37
6206.24
6495.15
6543.39
6318.61
6607.13
6729.53
6701.36
6593.8
6623.01
6529.99
6554.04
6890.94
6763.38
6923.41
6814.76
6734.99
6872.97
6693.83
6245.18
6061.8
6165.35
5408.52
5715.92
6197.84
5457.82
5783.15
5672.7
5860.99
6430.58
6446.31
6470.74
6864.87
6785.94
6661.44
6627.43
6742.89
6964.01
7093.42
6861.31
5944.87
