2542.69
2432.89
1484.46
1425.16
1669.13
1816.47
1470.53
1448.49
1879.87
2007.12
1941.41
1050.04
1038.07
1653.95
1856.43
1433.11
1221.11
1386.31
1070.06
1050.98
1098.29
1386.25
1201.92
1487.34
1125.16
1410.42
1288.11
1125.06
1333.71
1416.09
1535.65
1570.2
1688.32
1945.82
1439.05
1833.57
1500.1
1169.57
1058.14
1024.55
997.5
1008.64
1080.37
1115.78
1396.1
1435.88
1395.79
1195.37
1105.06
1321.26
1410.33
1321.26
1592.74
1363.32
1518.55
1529.65
1562.65
1406.59
1253.61
1235.3
1447.05
1564.47
1846.9
1593.6
1606.04
1865.11
1967.28
1966.29
1895.25
1787.25
1809.54
1964.31
1973.44
2088.95
2137.59
2329.44
2686.52
2969.83
2086.18
2722.95
2141.77
1982.93
2310.15
2305.64
2835.11
2135.27
3229.6
3266.62
3597.92
3682.73
3784.23
3294.08
3190.12
2612.89
1992.46
3245.26
3315.26
3369.14
3271.99
3186.77
2908.24
2584.21
2194.84
2883.21
3078.91
3097.92
2829.02
2721.78
2025.58
2825.89
2415.25
3005.01
1974.69
2852.93
2189.77
2388.33
2458.65
2143.52
2092.0
2795.3
2976.85
3079.99
3290.68
3426.45
3617.29
3547.35
3593.41
3626.88
3455.24
3774.81
3865.83
3830.49
4002.88
4129.54
4290.59
4326.76
4351.63
4715.64
4366.59
4550.53
4260.41
4341.74
4111.99
4286.46
4215.21
4397.08
4938.61
5110.86
5062.44
5219.08
5228.84
5298.72
5300.24
5308.52
5715.92
5672.7
5984.26
6223.37
6245.18
5799.24
6318.61
6206.24
6061.8
6015.3
5930.17
6209.71
6586.01
6470.74
6742.89
6672.69
6814.76
6734.99
6826.61
6646.55
6721.08
6742.97
6861.31
7046.57
6923.41
7093.42
6923.6
7276.63
7137.03
7227.45
7170.7
7136.1
7222.08
7227.96
7532.9
7630.71
7906.6
7500.79
7832.22
7641.77
7742.53
7703.1
7830.35
8001.57
8039.45
8035.2
7993.09
7918.53
7866.52
7404.61
7677.73
7312.85
7380.32
7252.4
7630.26
7838.22
7773.31
8084.88
8098.16
8738.72
8516.02
8144.16
8465.77
8724.13
8144.02
8256.28
8069.81
7927.49
7773.92
7736.07
7341.65
7106.01
7198.85
7268.06
7213.44
7573.26
7041.27
7152.88
7331.73
7816.44
7670.37
8059.65
8043.71
7739.86
7877.19
7489.2
7035.76
6627.43
5944.87
5860.99
5408.52
6197.84
6407.52
6514.72
6398.77
6181.06
5989.27
6508.21
6335.56
6529.99
6693.83
6701.36
6749.28
7458.99
6833.42
6712.21
6839.59
6710.4
6890.94
7083.49
6979.81
6947.06
7840.31
7009.56
7575.15
7245.13
7086.86
6964.01
6785.94
6607.13
6543.39
6729.53
6894.23
7197.5
6872.97
6763.38
6593.8
6312.03
6304.53
6623.01
6554.04
6642.27
6588.28
6446.31
6526.62
6495.15
6864.87
7060.6
6919.59
6661.44
6430.58
5783.15
5457.82
5572.09
6369.28
6165.35
