2852.93
2137.59
1416.09
1865.11
1653.95
1406.59
1487.34
1529.65
1425.16
1363.32
1321.26
1333.71
1518.55
1500.1
2088.95
1846.9
1386.25
1410.42
1288.11
1050.04
1098.29
1105.06
997.5
1038.07
1050.98
1115.78
1201.92
1195.37
1125.16
1169.57
1221.11
1321.26
1386.31
1396.1
1435.88
1433.11
1439.05
1253.61
1125.06
1080.37
1070.06
1008.64
1024.55
1058.14
1235.3
1395.79
1448.49
1535.65
1562.65
1447.05
1410.33
1895.25
1484.46
1606.04
1973.44
2189.77
1964.31
1688.32
2086.18
2432.89
2025.58
1992.46
2135.27
1593.6
1833.57
1856.43
1982.93
1816.47
1974.69
2329.44
1967.28
2305.64
2458.65
2415.25
2141.77
1966.29
1669.13
2194.84
2825.89
2542.69
1945.82
1879.87
1592.74
1787.25
1941.41
2388.33
2584.21
2722.95
2835.11
3005.01
3079.99
3186.77
3245.26
3426.45
3229.6
3315.26
3597.92
3455.24
3290.68
3294.08
3097.92
2883.21
2829.02
2686.52
2310.15
2092.0
1809.54
1564.47
1470.53
1570.2
2007.12
2612.89
2976.85
3190.12
3271.99
3369.14
3078.91
2908.24
2143.52
2795.3
2721.78
2969.83
3266.62
4111.99
4260.41
3865.83
4351.63
4286.46
4341.74
4938.61
4550.53
4366.59
4129.54
3784.23
3830.49
3593.41
4215.21
3774.81
3626.88
3617.29
4002.88
3547.35
3682.73
4290.59
4326.76
4715.64
5219.08
5110.86
5228.84
4397.08
5062.44
5300.24
5298.72
5308.52
5408.52
5457.82
5672.7
5989.27
6015.3
6197.84
6206.24
5944.87
5783.15
5799.24
5715.92
5984.26
6529.99
6729.53
6749.28
6701.36
6890.94
6814.76
6861.31
6947.06
6964.01
7041.27
7252.4
7268.06
7136.1
7312.85
7170.7
7489.2
7575.15
7927.49
7838.22
7703.1
7773.31
7993.09
7630.71
7773.92
7380.32
7573.26
7739.86
7866.52
7677.73
7742.53
7197.5
7832.22
7458.99
7736.07
7500.79
7106.01
7227.96
7086.86
7152.88
7245.13
7331.73
7630.26
7532.9
7222.08
7404.61
7840.31
8084.88
8144.16
8465.77
8069.81
8144.02
8256.28
8724.13
8738.72
8098.16
8516.02
8001.57
8039.45
7918.53
7670.37
7816.44
7641.77
7227.45
7276.63
7198.85
7060.6
7213.44
7906.6
7877.19
8035.2
8059.65
7830.35
7341.65
7083.49
8043.71
6864.87
6734.99
5930.17
5572.09
6398.77
6642.27
6165.35
6710.4
6223.37
6646.55
6607.13
6661.44
6586.01
6407.52
6495.15
6446.31
6693.83
6623.01
6672.69
6919.59
6923.41
6979.81
7046.57
7035.76
7009.56
7093.42
7137.03
6872.97
6894.23
6833.42
6721.08
6712.21
6514.72
6335.56
6245.18
6526.62
6593.8
6312.03
6588.28
6554.04
6923.6
6369.28
6742.97
6627.43
6470.74
5860.99
6430.58
6318.61
6061.8
6742.89
6785.94
6826.61
6839.59
6508.21
6209.71
6304.53
6181.06
6543.39
6763.38
