1809.54
1964.31
1833.57
1787.25
1448.49
1593.6
1816.47
2025.58
1856.43
1966.29
1974.69
1967.28
2415.25
2189.77
1895.25
1562.65
1487.34
1470.53
1386.25
1201.92
1098.29
1050.98
1070.06
1363.32
1410.33
1606.04
1688.32
1435.88
1529.65
1221.11
1105.06
1080.37
1195.37
1425.16
1592.74
1439.05
1570.2
1447.05
1169.57
1125.06
1038.07
1008.64
1024.55
1115.78
1386.31
1333.71
1321.26
1050.04
1058.14
1125.16
1288.11
997.5
1410.42
1396.1
1253.61
1653.95
1518.55
1395.79
1321.26
1235.3
1406.59
1433.11
1564.47
1500.1
1669.13
1941.41
2141.77
2432.89
2143.52
2852.93
2612.89
2835.11
2458.65
2795.3
2092.0
2137.59
2329.44
2722.95
2584.21
2194.84
2305.64
1879.87
1982.93
2388.33
2908.24
3097.92
2969.83
3078.91
3190.12
3271.99
3597.92
3626.88
3774.81
3682.73
3294.08
3186.77
3005.01
3245.26
3547.35
3617.29
3266.62
2883.21
2829.02
2976.85
2721.78
2686.52
2310.15
1945.82
1865.11
1416.09
1484.46
1535.65
1846.9
1992.46
2135.27
2007.12
2086.18
1973.44
2088.95
2825.89
2542.69
3079.99
3229.6
3290.68
3315.26
3426.45
3369.14
3455.24
3593.41
3784.23
4260.41
4286.46
5062.44
4290.59
4366.59
4351.63
4341.74
4129.54
3830.49
4002.88
4111.99
3865.83
4215.21
4326.76
4715.64
5110.86
5228.84
5219.08
4938.61
4550.53
5298.72
4397.08
5300.24
5308.52
5408.52
5783.15
6543.39
6627.43
6642.27
6526.62
6398.77
6165.35
5572.09
5984.26
5930.17
6318.61
6508.21
6312.03
5944.87
6223.37
6209.71
6197.84
6407.52
6470.74
6495.15
6712.21
6661.44
7060.6
7213.44
7035.76
7630.71
7331.73
7380.32
7458.99
7245.13
7312.85
7500.79
7641.77
7575.15
8043.71
7670.37
7773.31
7703.1
7832.22
7742.53
7927.49
8059.65
8144.16
8084.88
8256.28
8465.77
8144.02
8069.81
7866.52
7877.19
7993.09
7830.35
7773.92
7739.86
7630.26
7816.44
7918.53
8035.2
8098.16
8738.72
8001.57
8516.02
8724.13
7840.31
8039.45
7906.6
7838.22
7677.73
7736.07
7573.26
7268.06
7198.85
7227.96
7404.61
7532.9
7489.2
7341.65
7252.4
7276.63
7222.08
7227.45
7197.5
7136.1
7093.42
7086.86
6919.59
6607.13
6061.8
5989.27
6672.69
6369.28
6923.6
6742.89
6623.01
6529.99
6646.55
6785.94
6947.06
6923.41
7083.49
7106.01
7046.57
6734.99
7137.03
6826.61
6864.87
6979.81
6872.97
6890.94
6861.31
7170.7
7041.27
7152.88
7009.56
6894.23
6763.38
6839.59
6749.28
6588.28
6335.56
6430.58
6304.53
6586.01
6245.18
6593.8
6833.42
6554.04
5860.99
5799.24
5715.92
6181.06
6710.4
6721.08
6206.24
5672.7
5457.82
6742.97
6964.01
6729.53
6701.36
6693.83
6814.76
6514.72
6446.31
6015.3
