2329.44
2825.89
2686.52
2458.65
1518.55
1448.49
1410.42
1321.26
1386.25
1169.57
1386.31
1425.16
1562.65
1653.95
1416.09
1235.3
1105.06
1050.98
1070.06
1038.07
1058.14
1080.37
1098.29
1050.04
1201.92
1253.61
1333.71
1288.11
1321.26
1529.65
1500.1
1484.46
1688.32
1406.59
1125.16
1008.64
1125.06
997.5
1024.55
1115.78
1221.11
1195.37
1433.11
1470.53
1447.05
1410.33
1395.79
1363.32
1396.1
1439.05
1435.88
1487.34
1564.47
1941.41
2542.69
2584.21
2612.89
1865.11
1592.74
1669.13
1846.9
2137.59
1879.87
1966.29
1833.57
2092.0
2086.18
1809.54
1974.69
2143.52
2310.15
2722.95
2969.83
2883.21
2432.89
2025.58
2141.77
2135.27
1856.43
1945.82
1593.6
2088.95
2415.25
2852.93
2976.85
3097.92
3079.99
3229.6
3294.08
3547.35
3593.41
3315.26
3455.24
3617.29
3369.14
3290.68
3266.62
3190.12
3005.01
2829.02
1982.93
1570.2
1787.25
1973.44
2305.64
1967.28
1535.65
1606.04
1816.47
2007.12
2908.24
1992.46
2795.3
2189.77
2388.33
2194.84
1964.31
1895.25
2721.78
2835.11
3078.91
3186.77
3245.26
3626.88
3682.73
3597.92
4215.21
3865.83
3830.49
4260.41
4002.88
3784.23
3271.99
3426.45
3774.81
4129.54
4397.08
4366.59
4351.63
4341.74
4290.59
4111.99
4286.46
4326.76
4550.53
4938.61
5219.08
5062.44
5300.24
4715.64
5110.86
5984.26
6015.3
5860.99
5783.15
6165.35
6061.8
6197.84
6304.53
5944.87
6446.31
6407.52
6181.06
6672.69
6529.99
6826.61
6923.41
6588.28
6335.56
6508.21
6369.28
6245.18
6646.55
6701.36
6814.76
6947.06
7136.1
7341.65
7312.85
7532.9
7630.71
7670.37
7703.1
7573.26
7832.22
7575.15
7198.85
7213.44
7222.08
7227.45
7736.07
7489.2
7993.09
8039.45
7918.53
8043.71
7927.49
7500.79
7137.03
7380.32
7093.42
7060.6
6864.87
6833.42
7106.01
7170.7
7252.4
7331.73
7458.99
7739.86
7404.61
7677.73
7840.31
8035.2
8465.77
8144.02
8724.13
8516.02
8144.16
7816.44
8738.72
7906.6
8098.16
8084.88
8059.65
7838.22
7742.53
7773.92
7830.35
7641.77
7773.31
7866.52
8069.81
8256.28
7877.19
8001.57
7630.26
6979.81
7152.88
6861.31
7009.56
7041.27
6919.59
7086.86
7227.96
7268.06
7245.13
6661.44
6593.8
6514.72
6742.89
7197.5
7276.63
6712.21
6872.97
6721.08
6763.38
6839.59
6785.94
6627.43
6749.28
6642.27
6729.53
6710.4
6554.04
6734.99
6693.83
6586.01
6398.77
6206.24
6430.58
6742.97
6894.23
6923.6
7083.49
7035.76
6623.01
6526.62
5572.09
5930.17
5228.84
5308.52
5298.72
5408.52
5672.7
5715.92
5457.82
5799.24
6223.37
6209.71
6495.15
6543.39
6470.74
6318.61
6312.03
6607.13
6890.94
7046.57
6964.01
5989.27
