1895.25
1964.31
1518.55
2135.27
1816.47
1570.2
1653.95
1592.74
1564.47
1433.11
1425.16
1410.33
1447.05
1470.53
1500.1
1395.79
1410.42
1435.88
1386.31
1288.11
1125.16
1125.06
1098.29
1221.11
1321.26
1439.05
1535.65
1487.34
1809.54
1846.9
1669.13
1484.46
1396.1
1363.32
1195.37
1080.37
1050.98
1008.64
1038.07
1024.55
1058.14
1070.06
1105.06
997.5
1050.04
1169.57
1333.71
1235.3
1201.92
1253.61
1406.59
1115.78
1386.25
1321.26
1416.09
1941.41
2852.93
3097.92
3079.99
1967.28
2969.83
2310.15
2088.95
2829.02
2908.24
2795.3
2388.33
2305.64
1966.29
2141.77
2025.58
1982.93
2007.12
2721.78
2584.21
2542.69
2143.52
2137.59
2329.44
1787.25
1448.49
1529.65
1593.6
1945.82
2458.65
1992.46
3005.01
2825.89
2189.77
2432.89
2194.84
1879.87
1856.43
1865.11
2086.18
1974.69
2612.89
3245.26
2976.85
2722.95
2092.0
1688.32
1606.04
2415.25
2883.21
2835.11
1562.65
1833.57
1973.44
2686.52
3190.12
3290.68
3315.26
3426.45
3547.35
3455.24
3266.62
3186.77
3078.91
3229.6
3271.99
3294.08
3369.14
3617.29
3626.88
3597.92
3865.83
4341.74
4715.64
4260.41
5219.08
5062.44
4550.53
4290.59
4326.76
4397.08
4938.61
4366.59
4286.46
4215.21
3774.81
3593.41
3830.49
3784.23
4129.54
4351.63
3682.73
4002.88
4111.99
5110.86
5228.84
5298.72
5300.24
5308.52
5930.17
5572.09
6763.38
6470.74
6304.53
5984.26
6526.62
6701.36
6623.01
6729.53
6742.89
6742.97
6861.31
6864.87
6693.83
6554.04
6785.94
6721.08
7009.56
7083.49
7106.01
7276.63
7222.08
7500.79
7739.86
7380.32
7489.2
7816.44
7630.71
7838.22
7906.6
7866.52
8039.45
7773.31
7630.26
7830.35
7877.19
7341.65
7268.06
7252.4
7677.73
7641.77
7670.37
7742.53
7312.85
7213.44
7060.6
7046.57
6923.41
6712.21
6839.59
6979.81
7227.96
7575.15
7993.09
8001.57
7773.92
8043.71
8069.81
8144.16
8724.13
7736.07
8516.02
8738.72
7927.49
7840.31
7918.53
7245.13
7093.42
7198.85
7136.1
7197.5
7227.45
7573.26
7703.1
7832.22
8098.16
8465.77
8035.2
8256.28
8144.02
8084.88
8059.65
7532.9
7458.99
7170.7
6872.97
6826.61
6814.76
5783.15
5944.87
6165.35
6318.61
6312.03
6543.39
6335.56
6642.27
6964.01
6514.72
6607.13
6061.8
5408.52
5672.7
5457.82
6369.28
6197.84
6710.4
6919.59
6890.94
6894.23
7041.27
7137.03
7331.73
7404.61
7086.86
7035.76
6923.6
6947.06
7152.88
6586.01
6734.99
6833.42
6529.99
6495.15
6223.37
5860.99
6181.06
5799.24
6015.3
6446.31
6209.71
5989.27
6245.18
6398.77
6672.69
6749.28
6593.8
6646.55
6661.44
6407.52
6508.21
6627.43
6588.28
6430.58
6206.24
5715.92
