1406.59
1593.6
1333.71
1395.79
1562.65
1879.87
1865.11
1945.82
1895.25
1816.47
1941.41
1592.74
1435.88
2329.44
1500.1
1964.31
1809.54
1529.65
1448.49
1447.05
1470.53
1833.57
1396.1
1410.33
1787.25
1416.09
1669.13
1570.2
1564.47
1606.04
1484.46
1487.34
1425.16
1386.25
1433.11
1439.05
1386.31
1321.26
1105.06
1080.37
1115.78
1038.07
1058.14
1050.98
1024.55
1050.04
997.5
1008.64
1070.06
1098.29
1201.92
1235.3
1125.16
1169.57
1221.11
1321.26
1288.11
1195.37
1253.61
1125.06
1363.32
1410.42
1518.55
1535.65
2135.27
2092.0
2137.59
2025.58
1846.9
1653.95
1688.32
1856.43
2388.33
2415.25
2908.24
2835.11
2852.93
3079.99
2432.89
2189.77
2007.12
1992.46
1974.69
2722.95
3078.91
3186.77
3097.92
3369.14
3593.41
3617.29
3597.92
3290.68
3266.62
3294.08
3426.45
3455.24
3682.73
3245.26
3271.99
2976.85
2542.69
2825.89
2310.15
2829.02
2686.52
2584.21
2141.77
1967.28
1973.44
2086.18
2143.52
2969.83
2305.64
2612.89
2721.78
2883.21
1982.93
2194.84
1966.29
2088.95
2458.65
2795.3
3005.01
3190.12
3229.6
3315.26
3547.35
3626.88
3774.81
3784.23
4326.76
4215.21
4260.41
4002.88
3865.83
4366.59
4286.46
4290.59
4111.99
3830.49
4341.74
4129.54
4351.63
4397.08
4550.53
4715.64
5110.86
5219.08
5062.44
4938.61
5228.84
5408.52
5308.52
5672.7
5783.15
6197.84
6554.04
6861.31
6734.99
6586.01
6206.24
5984.26
6015.3
5989.27
5944.87
5860.99
6061.8
5300.24
5715.92
5298.72
5572.09
5930.17
6245.18
6318.61
6672.69
6430.58
6749.28
7035.76
6947.06
7093.42
7106.01
7227.96
7245.13
7773.92
7773.31
7742.53
7838.22
8084.88
8035.2
8465.77
7906.6
7739.86
7630.71
7500.79
7573.26
7532.9
7641.77
7677.73
7830.35
8001.57
8516.02
8256.28
8059.65
7866.52
8144.16
7993.09
7832.22
7927.49
7840.31
7877.19
8724.13
8738.72
8043.71
8144.02
7918.53
8069.81
8098.16
8039.45
7816.44
7736.07
7703.1
7630.26
7268.06
7380.32
7227.45
7198.85
7170.7
7222.08
7152.88
7197.5
7086.86
7489.2
7575.15
7341.65
7404.61
7331.73
7312.85
7276.63
7136.1
7060.6
7083.49
7009.56
6742.97
6209.71
6335.56
6312.03
6529.99
6593.8
6407.52
6369.28
6508.21
6839.59
6785.94
6742.89
6729.53
6646.55
6607.13
6712.21
6864.87
6693.83
6833.42
6763.38
7041.27
7137.03
7458.99
7213.44
6894.23
6923.6
7670.37
7252.4
6979.81
6826.61
6710.4
6814.76
6872.97
6890.94
6919.59
7046.57
6964.01
6923.41
6661.44
6526.62
6398.77
6701.36
6627.43
6446.31
6223.37
6165.35
6304.53
6470.74
6543.39
6642.27
6623.01
5799.24
6181.06
6588.28
6514.72
6721.08
6495.15
5457.82
