1833.57
1941.41
1448.49
1288.11
1433.11
1008.64
1080.37
1201.92
1439.05
1592.74
1895.25
1169.57
1562.65
1484.46
1570.2
1879.87
1966.29
1865.11
1809.54
1535.65
1500.1
1487.34
1410.42
1447.05
1425.16
1529.65
1410.33
1058.14
1396.1
1435.88
1564.47
1606.04
1195.37
1593.6
1386.25
1470.53
1787.25
1653.95
1406.59
1070.06
1321.26
997.5
1024.55
1050.04
1115.78
1221.11
1386.31
1125.16
1038.07
1253.61
1333.71
1235.3
1363.32
1050.98
1098.29
1321.26
1105.06
1125.06
1395.79
1688.32
1416.09
1846.9
1518.55
1816.47
1669.13
1973.44
1945.82
2088.95
1992.46
1974.69
1856.43
2189.77
2329.44
2612.89
2432.89
2137.59
2007.12
1982.93
1967.28
1964.31
2025.58
2086.18
2092.0
2194.84
2143.52
2141.77
2305.64
2388.33
2721.78
3079.99
3078.91
2969.83
2883.21
2835.11
3097.92
3186.77
3229.6
2825.89
2795.3
2722.95
2852.93
2976.85
3005.01
3315.26
3774.81
3784.23
3294.08
2908.24
2686.52
2135.27
2415.25
2310.15
2458.65
2542.69
2584.21
2829.02
3245.26
3190.12
3830.49
3271.99
3593.41
3266.62
3617.29
3597.92
3865.83
3369.14
3455.24
3547.35
3682.73
4111.99
4290.59
4366.59
4286.46
4215.21
4326.76
4397.08
4129.54
4550.53
4351.63
4715.64
4341.74
4002.88
3626.88
3290.68
3426.45
4260.41
5110.86
5062.44
5228.84
5300.24
5457.82
5572.09
5298.72
5308.52
5219.08
4938.61
5408.52
5715.92
6015.3
6197.84
6369.28
6508.21
6470.74
6446.31
6206.24
6165.35
6245.18
6318.61
6529.99
6693.83
6721.08
6814.76
6734.99
6742.89
6872.97
6919.59
7060.6
7331.73
7009.56
7380.32
7227.45
7575.15
7500.79
7630.71
7137.03
6979.81
7041.27
7083.49
6861.31
7046.57
7198.85
7532.9
7742.53
7268.06
7404.61
7739.86
7918.53
8516.02
8724.13
8738.72
8059.65
8001.57
7906.6
7927.49
8098.16
8069.81
7736.07
7877.19
7830.35
7840.31
7773.92
7832.22
8035.2
8043.71
8144.16
8084.88
8465.77
8256.28
8144.02
8039.45
7993.09
7641.77
7170.7
6833.42
6964.01
6785.94
7152.88
7227.96
7677.73
7866.52
7703.1
7573.26
7773.31
7489.2
7630.26
7816.44
7838.22
7458.99
7341.65
6894.23
6947.06
6586.01
6526.62
6223.37
5989.27
6181.06
5984.26
5783.15
5672.7
5799.24
5930.17
6335.56
6209.71
6312.03
6495.15
6729.53
6712.21
7086.86
7035.76
7106.01
6763.38
7136.1
7222.08
6923.6
6839.59
7670.37
7245.13
7276.63
7252.4
7213.44
7093.42
7312.85
7197.5
6923.41
6749.28
6710.4
6661.44
6864.87
6701.36
6890.94
6742.97
6593.8
6623.01
6826.61
6627.43
6672.69
6514.72
6543.39
6642.27
6646.55
6607.13
6554.04
6588.28
6430.58
6398.77
6304.53
6061.8
5944.87
6407.52
5860.99
