1964.31
2835.11
2141.77
1967.28
1592.74
1406.59
1535.65
1435.88
1386.25
1433.11
1448.49
1653.95
1570.2
1564.47
1487.34
1410.42
1363.32
1447.05
1038.07
1050.98
1050.04
1125.06
1321.26
1395.79
1425.16
1518.55
1470.53
1235.3
1396.1
1321.26
1125.16
1098.29
1115.78
1201.92
1288.11
1195.37
1333.71
1221.11
1416.09
1439.05
1484.46
1080.37
1253.61
1058.14
1024.55
997.5
1008.64
1105.06
1593.6
1846.9
1865.11
1856.43
1945.82
2007.12
1879.87
2305.64
2086.18
1688.32
1941.41
1809.54
1833.57
1669.13
1787.25
1500.1
1410.33
1169.57
1070.06
1386.31
1606.04
1974.69
2092.0
1529.65
1562.65
2025.58
1992.46
1982.93
1895.25
1973.44
1966.29
1816.47
2137.59
2088.95
2135.27
2189.77
2415.25
2722.95
3455.24
3593.41
3190.12
4129.54
3597.92
3774.81
3617.29
3547.35
3369.14
3097.92
3294.08
2795.3
2143.52
2686.52
2542.69
3186.77
3078.91
3245.26
3266.62
2908.24
2976.85
2883.21
3005.01
2432.89
2721.78
2458.65
2310.15
2329.44
2612.89
3229.6
3079.99
3315.26
3290.68
2852.93
2825.89
2829.02
2388.33
2969.83
2194.84
2584.21
3271.99
3426.45
3682.73
3626.88
4111.99
4260.41
4215.21
3865.83
3830.49
3784.23
4002.88
4286.46
4290.59
4341.74
4351.63
4326.76
4938.61
4715.64
5062.44
4366.59
4397.08
4550.53
5110.86
5219.08
5228.84
5298.72
5300.24
5408.52
5799.24
6318.61
5930.17
6165.35
6223.37
6586.01
6646.55
6335.56
6543.39
5860.99
5715.92
6015.3
5572.09
6197.84
5308.52
6061.8
6304.53
6407.52
6693.83
6672.69
6734.99
7046.57
7009.56
6710.4
6833.42
6642.27
6947.06
7213.44
7227.96
7500.79
7773.92
7670.37
8043.71
7742.53
7630.71
8035.2
7830.35
8039.45
7575.15
7268.06
7197.5
7227.45
7312.85
7703.1
7927.49
8724.13
8516.02
8144.16
7736.07
7152.88
6430.58
7136.1
7404.61
7877.19
8144.02
8069.81
8084.88
8001.57
7918.53
7840.31
7866.52
7993.09
8256.28
8738.72
8465.77
8059.65
8098.16
7838.22
7906.6
7832.22
7532.9
7198.85
6894.23
6979.81
7245.13
7773.31
7222.08
7331.73
7276.63
7341.65
7380.32
7573.26
7630.26
7641.77
7677.73
7816.44
7739.86
7489.2
7458.99
7170.7
7106.01
7035.76
6712.21
6623.01
6864.87
6661.44
7060.6
7137.03
6923.6
6923.41
6872.97
6627.43
6763.38
6554.04
7041.27
6742.97
6826.61
6861.31
6701.36
6526.62
6919.59
6964.01
7086.86
6729.53
6721.08
6785.94
6508.21
6814.76
6181.06
6470.74
6607.13
6742.89
6369.28
6209.71
5984.26
6206.24
6312.03
6514.72
6446.31
6398.77
5944.87
5783.15
5672.7
6245.18
6588.28
6529.99
6839.59
7093.42
7252.4
6890.94
5989.27
7083.49
6495.15
6593.8
6749.28
5457.82
