1688.32
1966.29
1809.54
1669.13
1433.11
1562.65
2143.52
2305.64
1974.69
1787.25
1416.09
1050.98
1115.78
1484.46
2141.77
2194.84
1653.95
1070.06
1288.11
1518.55
1982.93
1564.47
1410.33
1396.1
1395.79
1447.05
1410.42
1235.3
1386.25
1487.34
1439.05
1406.59
1363.32
1253.61
1221.11
1125.06
1024.55
997.5
1050.04
1008.64
1125.16
1058.14
1038.07
1080.37
1333.71
1321.26
1098.29
1201.92
1105.06
1321.26
1386.31
1169.57
1425.16
1195.37
1435.88
1500.1
1895.25
1606.04
1967.28
1992.46
1846.9
1529.65
1879.87
1592.74
1535.65
1833.57
1816.47
1856.43
1964.31
1941.41
2310.15
3097.92
3005.01
3290.68
2135.27
2086.18
2189.77
3266.62
2908.24
2137.59
1865.11
1593.6
1945.82
2025.58
2415.25
2584.21
3079.99
2835.11
2458.65
2969.83
2542.69
2722.95
2686.52
2852.93
2829.02
3245.26
3229.6
3315.26
2976.85
3271.99
3186.77
2795.3
2612.89
2883.21
2432.89
3078.91
2388.33
2007.12
1570.2
1470.53
1448.49
2088.95
1973.44
2092.0
2329.44
2721.78
2825.89
3190.12
3294.08
3426.45
3593.41
3784.23
3626.88
3830.49
4002.88
3774.81
3597.92
3682.73
3369.14
3617.29
4290.59
3455.24
4397.08
3547.35
4129.54
4215.21
4286.46
4326.76
4366.59
4351.63
4260.41
4111.99
3865.83
4341.74
4550.53
4715.64
5219.08
4938.61
5062.44
5110.86
5228.84
5298.72
5308.52
5408.52
5783.15
6304.53
6526.62
6623.01
6712.21
6729.53
6586.01
6514.72
6642.27
6661.44
6430.58
6814.76
6710.4
6693.83
6646.55
6749.28
6872.97
7009.56
6947.06
7083.49
7152.88
7227.96
7276.63
8001.57
7877.19
7906.6
7832.22
7816.44
7866.52
7742.53
7500.79
7170.7
7137.03
7213.44
6923.41
7198.85
7227.45
7458.99
7489.2
7703.1
7532.9
7773.92
8035.2
8465.77
7993.09
8039.45
7739.86
7093.42
7268.06
7060.6
7046.57
7106.01
7197.5
7222.08
7641.77
7918.53
7838.22
8069.81
8256.28
8043.71
8144.02
8098.16
8516.02
8724.13
8738.72
8144.16
8084.88
8059.65
7670.37
7773.31
7840.31
7630.26
7404.61
7677.73
7630.71
7927.49
7736.07
7573.26
7575.15
7331.73
7245.13
7252.4
7380.32
7341.65
7830.35
7312.85
7136.1
7035.76
5944.87
6470.74
6165.35
5860.99
5930.17
5572.09
5799.24
5300.24
6181.06
6197.84
6369.28
5989.27
6318.61
6245.18
6209.71
6446.31
6335.56
6701.36
6206.24
6627.43
6964.01
6742.97
6223.37
6979.81
6785.94
6607.13
6919.59
6826.61
6588.28
6554.04
6312.03
6398.77
6495.15
6839.59
6593.8
6763.38
6407.52
6061.8
5715.92
5672.7
5984.26
6508.21
6734.99
6672.69
6543.39
6721.08
7041.27
6890.94
6864.87
7086.86
6923.6
6861.31
6742.89
6894.23
6833.42
6529.99
6015.3
5457.82
