1982.93
2194.84
1964.31
1865.11
1386.25
1406.59
1439.05
1518.55
1593.6
1570.2
1425.16
1169.57
1115.78
1395.79
1833.57
1967.28
1879.87
1592.74
1447.05
1895.25
1410.33
1410.42
1333.71
1433.11
1435.88
1235.3
1024.55
997.5
1221.11
1321.26
1195.37
1125.06
1098.29
1050.98
1070.06
1105.06
1050.04
1201.92
1125.16
1038.07
1058.14
1008.64
1080.37
1321.26
1288.11
1253.61
1363.32
1396.1
1386.31
1416.09
1484.46
1500.1
1856.43
1846.9
1653.95
1966.29
2092.0
1945.82
2086.18
2143.52
2141.77
2007.12
1973.44
1562.65
1487.34
1669.13
1816.47
1787.25
1529.65
1809.54
1535.65
1941.41
1992.46
2137.59
2686.52
2908.24
2829.02
2584.21
1974.69
1688.32
1448.49
1470.53
1564.47
1606.04
2025.58
2458.65
2432.89
3266.62
3245.26
3455.24
3547.35
3290.68
2852.93
3271.99
2976.85
3079.99
3190.12
2415.25
2388.33
2305.64
2135.27
2189.77
2088.95
2721.78
2825.89
3078.91
3315.26
2883.21
3005.01
2969.83
2542.69
2329.44
2310.15
2612.89
2835.11
3097.92
2722.95
2795.3
3186.77
3294.08
3229.6
3369.14
3426.45
3597.92
3593.41
3784.23
3617.29
3626.88
3682.73
3774.81
4002.88
4129.54
4351.63
4111.99
4260.41
5298.72
3865.83
4341.74
4215.21
3830.49
4366.59
4286.46
4326.76
4715.64
4938.61
4290.59
5219.08
4550.53
5228.84
5062.44
4397.08
5300.24
5110.86
5308.52
5457.82
5783.15
6369.28
6661.44
6672.69
6593.8
6430.58
5989.27
5944.87
5860.99
6015.3
6407.52
6312.03
6165.35
6197.84
6061.8
6508.21
6627.43
6919.59
6890.94
6947.06
6964.01
7213.44
7573.26
7866.52
7268.06
7331.73
7739.86
7832.22
7993.09
8001.57
7906.6
8035.2
8144.02
7877.19
7838.22
7773.92
8098.16
7630.71
7500.79
7198.85
7136.1
7106.01
7046.57
7083.49
7380.32
7060.6
7276.63
7137.03
7093.42
7197.5
7227.45
7312.85
7489.2
7404.61
7252.4
7532.9
7222.08
7341.65
7152.88
7458.99
7918.53
7677.73
8516.02
8059.65
7670.37
8043.71
8084.88
8069.81
8738.72
8144.16
8039.45
7736.07
7630.26
7816.44
8465.77
7703.1
8256.28
7927.49
7773.31
8724.13
7575.15
7840.31
7830.35
7742.53
7641.77
7227.96
6923.41
6749.28
6304.53
6209.71
5799.24
5715.92
5572.09
5672.7
5408.52
5930.17
6223.37
6495.15
6785.94
6861.31
6923.6
6979.81
7086.86
7170.7
7009.56
7035.76
7041.27
7245.13
6693.83
6623.01
6729.53
6586.01
6543.39
6588.28
6554.04
6514.72
6710.4
6742.89
6734.99
6742.97
6872.97
6839.59
6894.23
6833.42
6529.99
6701.36
6526.62
6398.77
6470.74
6763.38
6642.27
6712.21
6864.87
6721.08
6646.55
6826.61
6814.76
6607.13
6206.24
5984.26
6245.18
6446.31
6335.56
6318.61
6181.06
