2829.02
2194.84
1410.33
1447.05
1669.13
1570.2
1653.95
1945.82
1865.11
1688.32
1487.34
1425.16
1435.88
1518.55
1500.1
1529.65
1535.65
1484.46
1416.09
1395.79
1195.37
1169.57
1038.07
1080.37
1070.06
1050.98
1410.42
1105.06
1201.92
1333.71
1386.25
1396.1
1363.32
1221.11
1288.11
1406.59
1321.26
1235.3
1125.16
1125.06
1058.14
1008.64
1024.55
997.5
1050.04
1098.29
1115.78
1253.61
1321.26
1386.31
1606.04
1433.11
1439.05
1470.53
1593.6
1448.49
1964.31
1787.25
1973.44
1564.47
1982.93
2086.18
1879.87
1846.9
2137.59
2388.33
2143.52
2795.3
2305.64
2432.89
1833.57
1592.74
2686.52
2310.15
2825.89
1992.46
2189.77
2722.95
1974.69
1967.28
2092.0
1856.43
1895.25
1966.29
2088.95
2007.12
2329.44
2883.21
2908.24
2976.85
3315.26
3079.99
3290.68
3626.88
3597.92
3455.24
3005.01
2835.11
2542.69
1941.41
1809.54
1816.47
1562.65
2141.77
2721.78
2612.89
2584.21
2415.25
2135.27
2025.58
2458.65
2969.83
2852.93
3617.29
3774.81
3547.35
3190.12
3186.77
3245.26
3097.92
3294.08
3229.6
3271.99
3593.41
3682.73
4111.99
4260.41
4341.74
4351.63
4366.59
4938.61
4550.53
4715.64
4290.59
4286.46
4215.21
4129.54
3865.83
3784.23
3426.45
3830.49
3266.62
3078.91
3369.14
4002.88
4326.76
4397.08
5062.44
5219.08
5110.86
5228.84
5300.24
5308.52
5298.72
5457.82
5408.52
5672.7
5984.26
5799.24
6223.37
6318.61
5860.99
5715.92
5572.09
5783.15
6165.35
6446.31
6495.15
6398.77
6407.52
6642.27
6701.36
6742.97
6607.13
6593.8
6586.01
6710.4
6947.06
7245.13
7816.44
7993.09
8098.16
8738.72
8724.13
8144.16
8465.77
8256.28
8059.65
8069.81
8035.2
8084.88
8043.71
8001.57
7906.6
7742.53
7276.63
7380.32
7739.86
7268.06
7458.99
7252.4
7630.71
7170.7
7093.42
7532.9
7331.73
7641.77
7703.1
7830.35
7773.31
7877.19
7838.22
8039.45
7927.49
7840.31
7832.22
7918.53
8144.02
8516.02
7866.52
7046.57
6833.42
7035.76
7489.2
7213.44
7222.08
7500.79
7312.85
7197.5
7670.37
7227.45
7630.26
7341.65
7575.15
7677.73
7736.07
7773.92
7404.61
7573.26
7227.96
7198.85
7041.27
7009.56
6861.31
6919.59
7136.1
7137.03
7106.01
7086.86
6964.01
6894.23
7060.6
7083.49
6672.69
7152.88
6430.58
6839.59
6729.53
6742.89
6646.55
6979.81
6923.41
6923.6
6890.94
6526.62
6712.21
6826.61
6734.99
6872.97
6785.94
6627.43
6369.28
6206.24
6197.84
6209.71
6749.28
6763.38
6470.74
6514.72
6335.56
6693.83
6588.28
6661.44
6554.04
6508.21
6061.8
5989.27
5944.87
6181.06
6245.18
6543.39
6814.76
6864.87
6721.08
6312.03
6015.3
5930.17
6304.53
6623.01
6529.99
