1879.87
2432.89
1895.25
1964.31
1865.11
1448.49
1570.2
1688.32
1333.71
1487.34
1500.1
1535.65
1945.82
2007.12
2135.27
1973.44
1982.93
1833.57
1529.65
1435.88
1518.55
1395.79
1125.16
1363.32
1195.37
1115.78
1080.37
1098.29
1201.92
1235.3
1416.09
1593.6
1846.9
1433.11
1410.33
1058.14
1038.07
997.5
1008.64
1050.04
1050.98
1070.06
1105.06
1410.42
1386.25
1321.26
1396.1
1288.11
1406.59
1321.26
1653.95
1562.65
1470.53
1253.61
1439.05
1425.16
1125.06
1221.11
1169.57
1024.55
1592.74
1386.31
1484.46
1447.05
1809.54
1669.13
1606.04
1564.47
1787.25
1941.41
1816.47
2092.0
2189.77
2852.93
2721.78
2542.69
2458.65
2686.52
2141.77
2086.18
2137.59
1992.46
2388.33
2825.89
3266.62
3097.92
2969.83
3455.24
3597.92
3865.83
4111.99
4260.41
4286.46
4215.21
4129.54
3682.73
3617.29
3547.35
3315.26
3078.91
2829.02
2415.25
2722.95
3229.6
3005.01
2883.21
1856.43
1967.28
2088.95
1966.29
2143.52
2584.21
2025.58
2194.84
2612.89
2795.3
1974.69
2305.64
2310.15
2329.44
2835.11
2908.24
2976.85
3190.12
3079.99
3186.77
3245.26
3271.99
3593.41
3830.49
4290.59
4326.76
4351.63
3369.14
3626.88
4341.74
4366.59
3774.81
3426.45
3290.68
3294.08
3784.23
4002.88
4397.08
4550.53
5062.44
4715.64
4938.61
5110.86
5219.08
5572.09
5799.24
5408.52
5228.84
5308.52
5783.15
5715.92
5930.17
5457.82
5944.87
6197.84
6223.37
6607.13
6712.21
6508.21
6701.36
6919.59
6742.97
6672.69
6430.58
6312.03
6586.01
6742.89
6763.38
6710.4
6814.76
6661.44
6749.28
6839.59
6923.41
7106.01
7086.86
7312.85
7245.13
7060.6
6861.31
6979.81
7136.1
7197.5
7341.65
7500.79
7677.73
7630.26
7877.19
7838.22
7840.31
7830.35
7773.31
8001.57
8144.02
8144.16
8256.28
8043.71
7832.22
7993.09
8084.88
7866.52
8738.72
8039.45
8724.13
8465.77
8516.02
8059.65
7927.49
7918.53
7575.15
8098.16
8069.81
7404.61
8035.2
7630.71
7458.99
7573.26
7773.92
7641.77
7532.9
7198.85
7380.32
7489.2
7742.53
7739.86
7703.1
7906.6
7816.44
7736.07
7670.37
7331.73
7170.7
7222.08
7227.96
6890.94
7035.76
6593.8
6470.74
6543.39
6061.8
6398.77
6165.35
6495.15
6335.56
6864.87
7009.56
7268.06
7227.45
7041.27
6826.61
6964.01
6894.23
6923.6
6833.42
7093.42
7046.57
7152.88
7213.44
7137.03
6947.06
7252.4
7276.63
7083.49
6872.97
6721.08
6646.55
6526.62
6588.28
6623.01
6729.53
6446.31
6642.27
5989.27
6245.18
6407.52
6318.61
6554.04
6514.72
6209.71
6206.24
5984.26
5860.99
5672.7
5298.72
6015.3
6369.28
6181.06
6304.53
6529.99
6693.83
6734.99
6785.94
6627.43
5300.24
