1669.13
2135.27
1966.29
1879.87
1416.09
1564.47
1865.11
1967.28
1846.9
1448.49
1288.11
1115.78
1363.32
1395.79
1425.16
1535.65
1410.42
1688.32
1570.2
1518.55
1410.33
1235.3
1125.16
1125.06
1105.06
1321.26
1386.31
1529.65
1606.04
1973.44
1992.46
2189.77
2143.52
2092.0
1856.43
1816.47
1470.53
1253.61
1098.29
1080.37
1050.98
1038.07
997.5
1008.64
1024.55
1050.04
1058.14
1070.06
1169.57
1487.34
1484.46
1787.25
1593.6
1439.05
1964.31
1653.95
1809.54
1221.11
1386.25
1396.1
1201.92
1333.71
1406.59
1195.37
1321.26
1433.11
1447.05
1562.65
1500.1
1435.88
2086.18
1941.41
2025.58
2194.84
1895.25
1974.69
2088.95
2141.77
2137.59
1982.93
2007.12
1945.82
1592.74
1833.57
2721.78
2310.15
2542.69
3005.01
3245.26
3547.35
3078.91
2612.89
2432.89
2852.93
3186.77
3593.41
3294.08
3597.92
3097.92
3369.14
2969.83
2825.89
2795.3
3455.24
3079.99
2976.85
2458.65
2722.95
2329.44
2388.33
2305.64
2829.02
2584.21
2686.52
2883.21
3271.99
2415.25
3266.62
3290.68
3190.12
3229.6
3315.26
2835.11
2908.24
3426.45
3617.29
3774.81
3830.49
4326.76
4286.46
4290.59
4366.59
4215.21
4351.63
4550.53
4397.08
4111.99
3784.23
3865.83
3626.88
4002.88
3682.73
4260.41
4129.54
4341.74
4715.64
5062.44
4938.61
5408.52
5219.08
5799.24
5984.26
5457.82
5783.15
6015.3
6209.71
6398.77
6554.04
6514.72
6245.18
6407.52
6206.24
6165.35
6223.37
6312.03
6623.01
6646.55
6335.56
5930.17
5989.27
6446.31
6526.62
6588.28
6529.99
6593.8
6642.27
6627.43
6710.4
6814.76
7046.57
6923.6
7404.61
7573.26
7575.15
7739.86
7866.52
7993.09
8144.02
7840.31
7877.19
7703.1
7742.53
7677.73
7500.79
7489.2
7670.37
7832.22
7906.6
7816.44
8256.28
7918.53
8465.77
8039.45
7838.22
7630.26
7341.65
7252.4
7245.13
7927.49
7830.35
8069.81
8724.13
8084.88
8043.71
8035.2
8001.57
8059.65
8516.02
8738.72
7773.31
7532.9
7170.7
6979.81
7198.85
7227.45
7093.42
7197.5
7276.63
7630.71
7773.92
7458.99
7736.07
8144.16
8098.16
7331.73
7137.03
6947.06
6964.01
7009.56
7136.1
7312.85
6701.36
6693.83
5672.7
5572.09
5715.92
5298.72
5228.84
5300.24
5308.52
6061.8
6470.74
6495.15
6508.21
6672.69
6734.99
6729.53
6742.89
6861.31
6919.59
7035.76
7086.86
7268.06
7060.6
7152.88
7227.96
7380.32
7213.44
7083.49
7641.77
7106.01
7222.08
7041.27
6894.23
6890.94
6923.41
6839.59
6749.28
6826.61
6721.08
6785.94
6763.38
6712.21
6864.87
6872.97
6833.42
6742.97
6661.44
6607.13
6304.53
6430.58
6586.01
6369.28
5944.87
5110.86
5860.99
6197.84
6318.61
6543.39
6181.06
