1787.25
2086.18
2092.0
2137.59
1846.9
1879.87
2189.77
1964.31
1865.11
1593.6
1448.49
1410.33
1396.1
1500.1
1439.05
1895.25
1363.32
1433.11
1406.59
1321.26
1125.06
1395.79
1201.92
1288.11
1221.11
1425.16
1564.47
1529.65
1518.55
1816.47
1447.05
1386.31
1195.37
1235.3
1333.71
1169.57
1125.16
1105.06
1050.04
1070.06
1058.14
997.5
1008.64
1024.55
1038.07
1050.98
1080.37
1098.29
1115.78
1435.88
1653.95
1253.61
1416.09
1321.26
1470.53
1688.32
1856.43
1386.25
1562.65
1410.42
1535.65
1606.04
1669.13
1484.46
1570.2
1941.41
1833.57
1966.29
2025.58
2141.77
1982.93
2829.02
2194.84
2458.65
2722.95
2388.33
2835.11
3005.01
2007.12
2969.83
2584.21
2721.78
3229.6
2825.89
3315.26
3426.45
3455.24
3271.99
3290.68
3079.99
3186.77
2883.21
2976.85
3617.29
3626.88
3547.35
3774.81
3682.73
3190.12
2542.69
1992.46
2310.15
2686.52
3097.92
2795.3
2415.25
2135.27
1974.69
1945.82
1967.28
1592.74
1487.34
1809.54
2088.95
1973.44
2908.24
2612.89
2305.64
2329.44
2143.52
2432.89
2852.93
3245.26
3597.92
3784.23
3369.14
3593.41
3294.08
3830.49
4260.41
4351.63
4341.74
4290.59
4129.54
4286.46
4366.59
4550.53
4397.08
4326.76
4111.99
4002.88
3078.91
3266.62
3865.83
4215.21
4715.64
4938.61
5062.44
5110.86
5298.72
5228.84
5219.08
5300.24
5308.52
6015.3
6470.74
6693.83
6529.99
6646.55
6833.42
7197.5
7670.37
7677.73
6979.81
6495.15
6446.31
6964.01
7083.49
6923.6
6729.53
7136.1
6701.36
6734.99
7573.26
6919.59
7046.57
7106.01
7312.85
7152.88
7268.06
7380.32
7641.77
7773.31
7927.49
7830.35
7832.22
7838.22
7877.19
8001.57
7866.52
7840.31
7816.44
7739.86
7630.71
7630.26
7331.73
7009.56
7222.08
7093.42
7458.99
7532.9
7404.61
7341.65
7227.96
7276.63
7035.76
7213.44
6826.61
6398.77
7227.45
7252.4
7918.53
8144.02
8144.16
8724.13
8738.72
8465.77
8516.02
8256.28
8084.88
8043.71
7773.92
7489.2
7170.7
7137.03
7060.6
6947.06
7500.79
7575.15
7736.07
7742.53
7993.09
8039.45
8059.65
8035.2
8069.81
8098.16
7906.6
7703.1
7245.13
7198.85
7086.86
6864.87
6607.13
6586.01
6721.08
6872.97
6742.89
6785.94
6763.38
6742.97
6923.41
7041.27
6627.43
6814.76
6710.4
6593.8
6642.27
6894.23
6749.28
6861.31
6672.69
6890.94
6514.72
6335.56
6197.84
5799.24
6181.06
6712.21
6839.59
6661.44
6369.28
6209.71
6206.24
6304.53
6312.03
6407.52
6588.28
6508.21
6554.04
6543.39
6318.61
6623.01
6526.62
6430.58
6245.18
6165.35
5860.99
6223.37
5989.27
5944.87
6061.8
5930.17
5672.7
5572.09
5457.82
5408.52
5984.26
5783.15
5715.92
