1856.43
2310.15
1809.54
1669.13
1439.05
1529.65
1945.82
2025.58
1787.25
1688.32
1433.11
1363.32
1606.04
1895.25
1967.28
1846.9
1562.65
1518.55
1386.31
1410.33
1487.34
1564.47
1592.74
1865.11
1535.65
1435.88
1448.49
1410.42
1500.1
1653.95
1570.2
1425.16
1321.26
997.5
1024.55
1115.78
1447.05
1406.59
1070.06
1038.07
1288.11
1396.1
1395.79
1333.71
1221.11
1050.04
1235.3
1008.64
1105.06
1169.57
1321.26
1058.14
1050.98
1080.37
1098.29
1195.37
1201.92
1253.61
1386.25
1125.06
1484.46
1125.16
1470.53
1416.09
1593.6
1816.47
1833.57
1879.87
1941.41
1974.69
1964.31
2542.69
2795.3
3079.99
2829.02
2883.21
3266.62
3547.35
3290.68
2969.83
2835.11
2458.65
2415.25
2135.27
2194.84
2092.0
2388.33
2686.52
2722.95
2908.24
2825.89
3005.01
3271.99
3369.14
3455.24
3426.45
3593.41
3190.12
3245.26
3097.92
2721.78
2976.85
2584.21
3229.6
3186.77
3078.91
2852.93
2432.89
2189.77
1966.29
1973.44
2137.59
1992.46
2305.64
2088.95
2329.44
2141.77
2086.18
2007.12
1982.93
2143.52
2612.89
3294.08
3784.23
3597.92
3315.26
3626.88
3865.83
4326.76
4215.21
4002.88
3617.29
3682.73
3774.81
3830.49
4111.99
4129.54
4290.59
4286.46
4341.74
4351.63
4260.41
4550.53
4397.08
4366.59
5219.08
5062.44
4715.64
4938.61
5110.86
5298.72
5228.84
5408.52
5457.82
6209.71
6526.62
6890.94
7489.2
6919.59
7060.6
7197.5
6729.53
6721.08
6894.23
6872.97
6642.27
6495.15
6015.3
5984.26
6223.37
6407.52
6470.74
6335.56
7268.06
7170.7
7227.96
7312.85
7041.27
6742.89
6734.99
6661.44
6593.8
6646.55
6814.76
6923.6
6979.81
7773.31
7866.52
6947.06
7331.73
7816.44
7838.22
7736.07
8069.81
8039.45
8084.88
7993.09
8043.71
8059.65
7918.53
7840.31
8001.57
7630.26
7703.1
7276.63
7641.77
7213.44
7106.01
7500.79
7252.4
7245.13
7093.42
7380.32
7906.6
8256.28
8144.16
8724.13
8738.72
8516.02
8035.2
8465.77
8098.16
7832.22
8144.02
7927.49
7877.19
7742.53
7830.35
7630.71
7670.37
7573.26
7575.15
7773.92
7739.86
7404.61
7677.73
7458.99
7341.65
6861.31
7532.9
7046.57
6701.36
6514.72
5944.87
6061.8
5715.92
5672.7
5300.24
5308.52
5572.09
6318.61
6785.94
6833.42
6839.59
6923.41
6710.4
6554.04
6206.24
6197.84
6304.53
6529.99
6964.01
7152.88
7136.1
7083.49
7137.03
7086.86
6763.38
6607.13
6693.83
6586.01
6712.21
6672.69
6623.01
6742.97
7035.76
6864.87
6826.61
6543.39
6430.58
6369.28
6181.06
5989.27
6398.77
6245.18
5860.99
5799.24
5930.17
6165.35
6446.31
7009.56
7198.85
7222.08
7227.45
6508.21
6627.43
6749.28
6588.28
6312.03
5783.15
