2305.64
2542.69
2388.33
2189.77
1809.54
1535.65
1518.55
1564.47
1487.34
1416.09
1470.53
1410.42
1439.05
1500.1
1484.46
1448.49
1570.2
1945.82
1941.41
1688.32
1529.65
1447.05
1105.06
1288.11
1098.29
1080.37
1201.92
1024.55
1038.07
1406.59
1562.65
1606.04
1973.44
1386.25
997.5
1008.64
1425.16
1653.95
1435.88
1253.61
1321.26
1221.11
1363.32
1125.16
1125.06
1070.06
1058.14
1050.04
1169.57
1050.98
1386.31
1115.78
1333.71
1235.3
1433.11
1396.1
1410.33
1321.26
1395.79
1195.37
1593.6
1592.74
1964.31
1879.87
1833.57
1846.9
2088.95
2007.12
1787.25
2310.15
1669.13
2141.77
1816.47
2458.65
2329.44
2415.25
2612.89
2883.21
2722.95
2829.02
2825.89
2584.21
2969.83
3005.01
3079.99
3266.62
3294.08
3784.23
3617.29
3682.73
4111.99
3229.6
3774.81
4326.76
4002.88
4290.59
4129.54
3830.49
3593.41
3271.99
2686.52
2432.89
2086.18
1992.46
1865.11
1966.29
1967.28
2025.58
2135.27
1982.93
2092.0
1974.69
1856.43
1895.25
2194.84
2137.59
2143.52
2835.11
2795.3
3078.91
2976.85
2908.24
2852.93
3547.35
3455.24
2721.78
3190.12
3097.92
3186.77
3245.26
3597.92
3426.45
3315.26
3290.68
3369.14
3626.88
3865.83
4215.21
4260.41
4286.46
4351.63
4366.59
4341.74
4397.08
4550.53
4715.64
5308.52
4938.61
5228.84
5457.82
5984.26
6312.03
6061.8
5930.17
6181.06
6398.77
6165.35
6335.56
6526.62
6209.71
6369.28
6223.37
5989.27
5783.15
5860.99
5408.52
5572.09
5219.08
5300.24
5298.72
6245.18
6206.24
6318.61
6642.27
6672.69
6894.23
7041.27
7268.06
7404.61
7380.32
7532.9
7703.1
7816.44
7736.07
7341.65
7093.42
6947.06
7198.85
7213.44
7573.26
7739.86
7830.35
7677.73
7575.15
7197.5
7137.03
7500.79
7832.22
7877.19
8738.72
8144.16
8043.71
7927.49
7840.31
7866.52
7906.6
8035.2
7993.09
7773.31
8098.16
7773.92
7918.53
8059.65
8001.57
8724.13
8039.45
8069.81
8144.02
8465.77
8516.02
8256.28
8084.88
7742.53
7838.22
7670.37
7458.99
7489.2
7252.4
7630.71
7630.26
7641.77
7222.08
7227.45
7245.13
7136.1
7170.7
7227.96
7152.88
7046.57
7106.01
7083.49
6923.6
6890.94
6593.8
6814.76
6763.38
6826.61
6446.31
6430.58
6712.21
7331.73
7276.63
6864.87
6588.28
6749.28
6964.01
7060.6
7312.85
7086.86
6979.81
7009.56
6839.59
6833.42
6661.44
6514.72
6721.08
6872.97
6861.31
6623.01
6729.53
6607.13
6693.83
6701.36
6710.4
6646.55
6785.94
6734.99
6742.97
6742.89
6919.59
7035.76
6923.41
6627.43
6554.04
6407.52
6304.53
6015.3
6495.15
6508.21
5715.92
5799.24
5944.87
5062.44
5110.86
5672.7
6197.84
6543.39
6586.01
6529.99
6470.74
