2141.77
2976.85
2722.95
2584.21
1487.34
1410.33
1363.32
1396.1
1333.71
1410.42
1448.49
1433.11
1439.05
1592.74
1484.46
1321.26
1253.61
1235.3
1321.26
1435.88
1425.16
1406.59
1288.11
1195.37
1169.57
1201.92
1125.16
1105.06
1098.29
1115.78
1070.06
1050.98
1050.04
1008.64
997.5
1024.55
1038.07
1058.14
1125.06
1080.37
1386.25
1221.11
1386.31
1395.79
1416.09
1447.05
1529.65
1669.13
1816.47
1945.82
1974.69
1895.25
1865.11
1856.43
1964.31
2189.77
2432.89
2137.59
2143.52
2329.44
2088.95
2135.27
1941.41
1564.47
1518.55
1470.53
1562.65
1500.1
1535.65
1846.9
1809.54
1966.29
1973.44
2415.25
1606.04
2194.84
2086.18
2825.89
2458.65
1982.93
2007.12
2025.58
2388.33
2883.21
2612.89
2908.24
2795.3
2310.15
3229.6
3290.68
3547.35
3455.24
3186.77
3597.92
3078.91
2721.78
2542.69
3079.99
3271.99
3593.41
2969.83
2835.11
2686.52
1992.46
2852.93
1833.57
1593.6
1688.32
1653.95
1570.2
1967.28
1879.87
1787.25
2092.0
2305.64
2829.02
3005.01
3294.08
3626.88
3369.14
3315.26
3190.12
3097.92
3266.62
3245.26
3426.45
3617.29
3774.81
3784.23
4002.88
4215.21
4129.54
3865.83
3682.73
3830.49
4111.99
4286.46
4290.59
4341.74
4260.41
4366.59
4351.63
4397.08
4326.76
4550.53
4715.64
4938.61
5062.44
5298.72
5110.86
5219.08
5672.7
5300.24
5228.84
5408.52
5783.15
5799.24
6398.77
6642.27
6470.74
6710.4
6749.28
6693.83
7083.49
6543.39
6919.59
6661.44
6304.53
6712.21
6514.72
6588.28
6508.21
6526.62
6729.53
6923.41
7009.56
7198.85
7736.07
7838.22
7993.09
7404.61
7739.86
8035.2
7906.6
7830.35
7641.77
7312.85
7630.71
7222.08
7268.06
7213.44
7106.01
7152.88
7093.42
6923.6
7341.65
7245.13
8043.71
8098.16
8256.28
7877.19
7227.96
6623.01
5457.82
6061.8
6529.99
7086.86
7252.4
8001.57
7866.52
7840.31
7532.9
7380.32
7703.1
8069.81
8144.16
8738.72
8516.02
7773.92
7573.26
8144.02
8724.13
8465.77
8084.88
7918.53
7458.99
7816.44
7331.73
7575.15
8059.65
7276.63
7630.26
7489.2
7500.79
7832.22
7927.49
8039.45
7670.37
7773.31
7677.73
7742.53
7227.45
7136.1
6947.06
6872.97
6839.59
7041.27
6607.13
6964.01
6742.97
7046.57
7197.5
7137.03
7170.7
7060.6
6890.94
6864.87
6814.76
6721.08
6554.04
6495.15
6734.99
6979.81
6894.23
6833.42
7035.76
6742.89
6586.01
5944.87
5715.92
5308.52
5572.09
5989.27
6245.18
6446.31
6593.8
6646.55
6785.94
6763.38
6861.31
6826.61
6672.69
6209.71
6312.03
6165.35
6015.3
5860.99
5930.17
5984.26
6206.24
6430.58
6701.36
6627.43
6335.56
6181.06
6369.28
6223.37
6318.61
6407.52
6197.84
