1593.6
2007.12
1529.65
1564.47
1410.42
1433.11
1439.05
1487.34
1470.53
1448.49
1395.79
1321.26
1500.1
1484.46
1562.65
1570.2
1518.55
1535.65
1406.59
1201.92
1169.57
1080.37
1050.04
1115.78
997.5
1125.06
1416.09
1333.71
1386.31
1363.32
1253.61
1221.11
1195.37
1125.16
1098.29
1058.14
1105.06
1038.07
1008.64
1050.98
1024.55
1070.06
1288.11
1321.26
1396.1
1410.33
1235.3
1386.25
1447.05
1425.16
2086.18
1435.88
1606.04
2194.84
1653.95
2137.59
2025.58
1669.13
1865.11
1967.28
2795.3
2825.89
2883.21
2135.27
2686.52
2829.02
2189.77
2143.52
1982.93
2432.89
1992.46
2721.78
1879.87
2542.69
2388.33
1974.69
1856.43
2329.44
1846.9
1816.47
1787.25
1809.54
1941.41
2415.25
2612.89
2458.65
2852.93
2722.95
2835.11
3369.14
3245.26
3290.68
4002.88
3426.45
3593.41
3617.29
3315.26
3271.99
3097.92
2305.64
2092.0
1966.29
1688.32
2088.95
1592.74
1973.44
2310.15
1833.57
1945.82
1964.31
1895.25
2141.77
2584.21
2908.24
3186.77
3079.99
3078.91
3005.01
3229.6
3190.12
2976.85
2969.83
3266.62
3455.24
3294.08
3547.35
3597.92
3774.81
4341.74
4286.46
4290.59
4129.54
4326.76
3830.49
3682.73
4111.99
3865.83
4260.41
3784.23
4351.63
4215.21
3626.88
4366.59
4397.08
4550.53
4715.64
5062.44
5298.72
5308.52
5457.82
5408.52
5228.84
5219.08
4938.61
5110.86
5300.24
5715.92
6627.43
6894.23
7106.01
7035.76
6864.87
6742.97
6623.01
6593.8
6495.15
6586.01
5984.26
5989.27
6015.3
6529.99
6672.69
6712.21
6826.61
7041.27
7086.86
7137.03
7227.45
7152.88
7252.4
7245.13
7500.79
7404.61
7742.53
7832.22
8035.2
7840.31
7009.56
6964.01
8043.71
7906.6
7838.22
7532.9
7222.08
7213.44
7083.49
7170.7
7739.86
7773.92
7630.26
7276.63
7773.31
7060.6
7197.5
7198.85
7458.99
7573.26
7677.73
7268.06
7136.1
7093.42
7331.73
7341.65
7227.96
7830.35
7816.44
8465.77
8738.72
8084.88
7489.2
7703.1
7312.85
7380.32
7736.07
7641.77
7670.37
7630.71
7918.53
7993.09
8069.81
8001.57
8039.45
7927.49
8059.65
8144.16
8098.16
8144.02
8256.28
8724.13
8516.02
7866.52
7877.19
7575.15
6833.42
7046.57
6890.94
6923.41
6646.55
6785.94
6701.36
6710.4
6861.31
6729.53
6814.76
6919.59
6923.6
6947.06
6839.59
6872.97
6721.08
6554.04
6335.56
6245.18
6181.06
6398.77
6661.44
6209.71
6526.62
6588.28
6470.74
6318.61
6543.39
6197.84
5930.17
5944.87
6223.37
6165.35
5860.99
5572.09
5783.15
6312.03
6369.28
6407.52
6749.28
6693.83
6514.72
6508.21
6304.53
6206.24
6430.58
6642.27
6734.99
6446.31
5799.24
6061.8
6607.13
6763.38
6979.81
6742.89
5672.7
