1982.93
2329.44
2310.15
2686.52
1653.95
1333.71
1484.46
1606.04
1487.34
1439.05
1406.59
1416.09
1435.88
1535.65
1447.05
1396.1
1386.31
1395.79
1410.42
1288.11
1410.33
1221.11
1115.78
1098.29
1125.16
1363.32
1253.61
1195.37
1169.57
1321.26
1235.3
1321.26
1058.14
1105.06
1050.04
1201.92
1050.98
1070.06
1125.06
1008.64
1024.55
997.5
1038.07
1080.37
1529.65
1470.53
1895.25
1570.2
1448.49
1518.55
1386.25
1433.11
1846.9
1941.41
2825.89
2722.95
2542.69
1992.46
1865.11
1669.13
1964.31
1688.32
1562.65
1425.16
1500.1
1856.43
1879.87
1564.47
1593.6
1974.69
1816.47
2135.27
2194.84
2584.21
2088.95
2137.59
2141.77
2025.58
1787.25
1833.57
1592.74
1809.54
1966.29
2458.65
2883.21
3079.99
3190.12
3369.14
3774.81
4002.88
3865.83
3784.23
3455.24
3266.62
3245.26
3271.99
3097.92
2969.83
2721.78
2852.93
2432.89
2388.33
1973.44
2976.85
2007.12
2908.24
2612.89
2189.77
1967.28
1945.82
2086.18
2143.52
2092.0
2305.64
2829.02
2415.25
2795.3
2835.11
3078.91
3005.01
3186.77
3229.6
3426.45
3682.73
3547.35
3315.26
3617.29
3593.41
3294.08
3290.68
3597.92
3626.88
3830.49
4326.76
4351.63
4397.08
4366.59
4290.59
4286.46
4215.21
4129.54
4111.99
4260.41
4341.74
4550.53
4715.64
5110.86
5062.44
4938.61
5219.08
5228.84
5300.24
5298.72
5457.82
5572.09
6015.3
6061.8
6642.27
6749.28
5799.24
6742.89
6223.37
5860.99
6335.56
6318.61
6514.72
6661.44
6627.43
6646.55
6495.15
6693.83
6872.97
6304.53
6430.58
6470.74
6554.04
6814.76
6947.06
7136.1
6864.87
7060.6
7046.57
7093.42
7106.01
7213.44
7670.37
7703.1
7832.22
7252.4
7268.06
7630.26
7838.22
7816.44
7677.73
7331.73
7227.45
7830.35
7773.31
8039.45
8043.71
7736.07
7489.2
7739.86
6861.31
7009.56
7575.15
7245.13
7458.99
7993.09
8001.57
6890.94
7906.6
8465.77
8738.72
8724.13
8516.02
8256.28
7918.53
7380.32
7222.08
7630.71
8035.2
8069.81
8144.16
8084.88
7532.9
7137.03
7198.85
7227.96
7404.61
7197.5
7573.26
7927.49
8098.16
7312.85
7840.31
7866.52
7641.77
8144.02
8059.65
7877.19
7041.27
7035.76
6763.38
6734.99
6833.42
6979.81
6607.13
6623.01
6712.21
7152.88
7170.7
7742.53
7341.65
7500.79
7773.92
7276.63
7083.49
7086.86
6894.23
6701.36
6446.31
6586.01
6398.77
6197.84
6919.59
6923.6
6826.61
6721.08
6964.01
6710.4
6742.97
6729.53
6529.99
6593.8
6508.21
6312.03
6369.28
6165.35
5930.17
5944.87
5715.92
5408.52
5984.26
5783.15
6206.24
5672.7
6407.52
6245.18
6543.39
6839.59
6923.41
6672.69
6588.28
6209.71
5989.27
6785.94
6526.62
6181.06
5308.52
