2458.65
2795.3
3079.99
1669.13
1416.09
1386.25
1448.49
1562.65
1593.6
1564.47
1433.11
1221.11
1288.11
1363.32
1439.05
1500.1
1592.74
1973.44
1410.42
1470.53
1386.31
1396.1
1321.26
1518.55
1105.06
1333.71
1406.59
1787.25
1895.25
1992.46
1865.11
1846.9
1435.88
1410.33
1253.61
1321.26
1195.37
1125.06
1050.04
1050.98
1038.07
997.5
1024.55
1008.64
1058.14
1115.78
1201.92
1125.16
1070.06
1080.37
1169.57
1098.29
1235.3
1425.16
1395.79
1879.87
1833.57
1484.46
1487.34
1447.05
1606.04
1816.47
1856.43
1653.95
1809.54
1570.2
1688.32
1945.82
1982.93
1966.29
2305.64
1974.69
2542.69
2329.44
2189.77
2612.89
2722.95
2969.83
3190.12
3005.01
3266.62
2883.21
3078.91
3097.92
3271.99
3245.26
3593.41
3597.92
3682.73
4215.21
3774.81
4002.88
3784.23
3455.24
3186.77
2908.24
2432.89
2976.85
3315.26
3426.45
2825.89
1535.65
1529.65
2852.93
1941.41
2829.02
2007.12
2135.27
2721.78
2086.18
2088.95
2310.15
2092.0
2584.21
2835.11
2388.33
2141.77
2143.52
2137.59
2686.52
2415.25
2194.84
1967.28
1964.31
2025.58
3229.6
3369.14
3294.08
3290.68
3626.88
4260.41
4366.59
4286.46
4341.74
4111.99
4397.08
3865.83
4326.76
3547.35
4129.54
3617.29
3830.49
4290.59
4351.63
4715.64
4550.53
5062.44
4938.61
5110.86
5219.08
5308.52
5572.09
5860.99
5944.87
6165.35
6508.21
6554.04
6593.8
6712.21
6672.69
6919.59
6785.94
6864.87
6661.44
6729.53
6826.61
7268.06
7083.49
6742.97
6749.28
6693.83
6646.55
6923.41
7093.42
7086.86
7137.03
6947.06
7227.45
7532.9
7152.88
7641.77
7331.73
7840.31
7830.35
7838.22
7489.2
7816.44
7630.26
7670.37
7630.71
7703.1
7222.08
7106.01
6979.81
7009.56
7197.5
7227.96
7736.07
7312.85
7380.32
7170.7
7035.76
6890.94
6872.97
6923.6
7573.26
7136.1
7773.31
7739.86
7906.6
7918.53
8084.88
8043.71
8059.65
8256.28
8144.16
8724.13
8738.72
8516.02
8465.77
8069.81
7866.52
7773.92
7927.49
8001.57
7877.19
7404.61
7677.73
7993.09
8098.16
8035.2
8144.02
8039.45
7832.22
7252.4
6964.01
7198.85
6814.76
7575.15
7742.53
7500.79
7213.44
6763.38
6430.58
6245.18
6369.28
6407.52
6318.61
6312.03
6335.56
6514.72
6607.13
6529.99
6543.39
6586.01
6623.01
6627.43
6721.08
6894.23
6742.89
6861.31
7060.6
7245.13
7046.57
7458.99
7341.65
7276.63
7041.27
6833.42
6839.59
6710.4
6734.99
6701.36
6588.28
6197.84
6642.27
5930.17
6304.53
6181.06
6015.3
6470.74
5783.15
6061.8
5799.24
5300.24
5298.72
5228.84
5457.82
5408.52
5672.7
5715.92
6206.24
6209.71
6223.37
6398.77
6446.31
6495.15
5989.27
6526.62
5984.26
