1448.49
2141.77
2137.59
1974.69
1439.05
1221.11
1363.32
1396.1
1425.16
1253.61
1447.05
1435.88
1518.55
1669.13
1964.31
1856.43
1606.04
1570.2
1535.65
1470.53
1410.33
1406.59
1115.78
1201.92
1195.37
1321.26
1416.09
1333.71
1321.26
1386.31
1125.16
1125.06
1008.64
1038.07
1105.06
1098.29
1024.55
1080.37
997.5
1070.06
1050.98
1050.04
1058.14
1169.57
1235.3
1288.11
1410.42
1529.65
1487.34
1787.25
1816.47
1653.95
1593.6
1592.74
1564.47
1809.54
1500.1
1386.25
1395.79
1433.11
1484.46
1562.65
1846.9
1941.41
1688.32
1945.82
1833.57
1973.44
1895.25
2135.27
2025.58
2432.89
2007.12
1992.46
2092.0
1967.28
1982.93
2829.02
2686.52
2415.25
2458.65
2305.64
2388.33
2825.89
3271.99
2883.21
2835.11
2721.78
2329.44
2584.21
2969.83
2194.84
2612.89
3455.24
3186.77
3097.92
3617.29
3266.62
3229.6
2908.24
2722.95
2310.15
2189.77
2795.3
2976.85
2088.95
2086.18
1865.11
1879.87
1966.29
2143.52
2542.69
2852.93
3078.91
3190.12
3079.99
3005.01
3245.26
3315.26
3369.14
3294.08
3426.45
3290.68
3593.41
3547.35
3597.92
3626.88
3774.81
3830.49
4286.46
4260.41
4938.61
4129.54
3784.23
4002.88
4341.74
4715.64
5408.52
4397.08
4290.59
4366.59
3865.83
3682.73
4351.63
4550.53
5298.72
5300.24
5308.52
5110.86
4326.76
4215.21
5219.08
4111.99
5062.44
5228.84
5457.82
5572.09
5715.92
6446.31
6890.94
7060.6
7041.27
6710.4
6209.71
5930.17
6470.74
6642.27
6588.28
6586.01
6646.55
6785.94
6749.28
6923.6
6864.87
7227.96
7093.42
7136.1
7222.08
7532.9
7276.63
7575.15
7641.77
7773.31
7331.73
7404.61
7500.79
7573.26
7703.1
7677.73
7198.85
7742.53
6979.81
7152.88
6923.41
6839.59
7035.76
6964.01
7086.86
7245.13
7630.71
7840.31
7906.6
8069.81
8043.71
7927.49
7341.65
7213.44
6833.42
7046.57
7170.7
8035.2
8144.16
8516.02
8098.16
8256.28
8084.88
8465.77
8738.72
8724.13
8144.02
8059.65
7918.53
7816.44
7736.07
7458.99
7380.32
7268.06
7830.35
7773.92
7866.52
7670.37
7739.86
7489.2
7877.19
7838.22
8039.45
8001.57
7993.09
7832.22
7252.4
6861.31
6554.04
5944.87
5860.99
6181.06
6304.53
6061.8
5799.24
5989.27
6197.84
6398.77
6814.76
6627.43
6508.21
6335.56
6514.72
6543.39
6947.06
6919.59
7009.56
6872.97
6701.36
6623.01
6661.44
6672.69
7197.5
7083.49
7630.26
7312.85
7227.45
7137.03
7106.01
6894.23
6721.08
6712.21
6734.99
6593.8
6742.97
6826.61
6529.99
6763.38
6742.89
6693.83
6607.13
6729.53
6526.62
6430.58
6407.52
6318.61
6015.3
6312.03
6223.37
6245.18
5984.26
6165.35
5783.15
6495.15
6369.28
6206.24
5672.7
