1992.46
2388.33
2135.27
2007.12
1518.55
1363.32
1395.79
1470.53
1439.05
1448.49
1406.59
1484.46
1570.2
1945.82
1982.93
1809.54
1967.28
2086.18
1846.9
1562.65
1386.31
1221.11
1125.06
1080.37
1038.07
1098.29
1235.3
1195.37
1416.09
1396.1
1425.16
1321.26
1321.26
1433.11
1115.78
1169.57
1105.06
1050.98
1008.64
997.5
1024.55
1050.04
1058.14
1070.06
1201.92
1125.16
1386.25
1487.34
1500.1
1787.25
1856.43
1592.74
1865.11
1529.65
1564.47
1833.57
1816.47
1669.13
1964.31
1410.42
1653.95
1688.32
1593.6
1435.88
1333.71
1288.11
1410.33
1253.61
1447.05
1535.65
1895.25
2305.64
2584.21
2686.52
2612.89
1974.69
2310.15
2829.02
2088.95
2137.59
1966.29
1973.44
2092.0
2458.65
3229.6
3455.24
3784.23
3597.92
3547.35
3266.62
2969.83
2542.69
2825.89
3245.26
3369.14
3271.99
3190.12
3005.01
3078.91
2835.11
2194.84
2721.78
2189.77
2432.89
2329.44
2141.77
1879.87
1941.41
2143.52
2415.25
1606.04
2795.3
2025.58
2976.85
3079.99
3186.77
2722.95
2908.24
3426.45
3626.88
3774.81
2852.93
2883.21
3097.92
3290.68
3294.08
3315.26
3593.41
3830.49
4129.54
4326.76
4260.41
4286.46
3682.73
3617.29
3865.83
4215.21
4290.59
4111.99
4002.88
4351.63
4341.74
4397.08
4366.59
4550.53
4715.64
5062.44
4938.61
5110.86
5219.08
5715.92
5930.17
6061.8
5860.99
5799.24
6312.03
6181.06
5989.27
6398.77
6514.72
6543.39
6623.01
6586.01
6529.99
6712.21
6661.44
6729.53
6446.31
6206.24
6508.21
6369.28
6495.15
6318.61
6015.3
6197.84
6304.53
6742.89
7213.44
7198.85
7227.96
7197.5
7331.73
7252.4
7840.31
7489.2
7500.79
7404.61
7736.07
7773.31
7573.26
7532.9
7341.65
7268.06
7458.99
7276.63
7227.45
7222.08
7630.26
7575.15
8001.57
7630.71
7245.13
7136.1
6734.99
6335.56
7041.27
6833.42
7086.86
7641.77
7927.49
8084.88
8059.65
7877.19
7742.53
7773.92
7838.22
8035.2
8144.16
8039.45
7832.22
7918.53
7830.35
7816.44
7312.85
7703.1
7670.37
7739.86
7866.52
7906.6
8043.71
7993.09
8256.28
8465.77
8724.13
8144.02
8738.72
8516.02
8069.81
8098.16
7677.73
7380.32
7093.42
6721.08
6245.18
6223.37
5944.87
6165.35
5457.82
5300.24
5408.52
5572.09
5984.26
6430.58
6407.52
6554.04
6588.28
6672.69
6890.94
6919.59
6947.06
6979.81
6872.97
7060.6
6964.01
7035.76
7106.01
7137.03
7083.49
7170.7
7152.88
6607.13
6785.94
6701.36
6646.55
6526.62
7046.57
6763.38
6861.31
7009.56
6826.61
6742.97
6814.76
6864.87
6894.23
6839.59
6749.28
6710.4
6627.43
6642.27
6693.83
6923.6
6923.41
6470.74
5298.72
5228.84
6209.71
6593.8
5783.15
5308.52
5672.7
