1518.55
2025.58
1688.32
1592.74
1470.53
1487.34
1433.11
1529.65
1439.05
1484.46
1386.25
1435.88
1416.09
1653.95
1570.2
1562.65
1500.1
1448.49
1410.42
1288.11
1410.33
1363.32
1195.37
1221.11
1395.79
1425.16
1386.31
1396.1
1169.57
1125.16
1105.06
1080.37
1050.98
1058.14
1125.06
1235.3
1098.29
1008.64
1024.55
997.5
1038.07
1050.04
1070.06
1115.78
1201.92
1253.61
1333.71
1321.26
1321.26
1447.05
1593.6
1535.65
1669.13
1816.47
2388.33
2584.21
2825.89
2612.89
2458.65
1865.11
3097.92
2310.15
2721.78
2088.95
1967.28
2143.52
1809.54
1787.25
1606.04
1564.47
1406.59
1895.25
1992.46
2432.89
3245.26
3294.08
3426.45
3369.14
3078.91
2329.44
1941.41
1833.57
1945.82
2722.95
2908.24
2829.02
2835.11
2976.85
3079.99
3271.99
3290.68
3266.62
3229.6
3186.77
2883.21
2795.3
2092.0
1856.43
1879.87
1846.9
1982.93
2135.27
1964.31
2137.59
1974.69
2194.84
2189.77
2141.77
1973.44
1966.29
2086.18
2415.25
2007.12
2305.64
2542.69
2852.93
2686.52
3005.01
2969.83
3190.12
3315.26
3593.41
4129.54
4290.59
4341.74
4366.59
4111.99
4215.21
3455.24
3597.92
4286.46
4397.08
4326.76
4260.41
4550.53
3774.81
3830.49
3547.35
3682.73
3626.88
3617.29
4002.88
3865.83
3784.23
4351.63
5219.08
5228.84
5062.44
4715.64
4938.61
5110.86
5298.72
5308.52
5572.09
5408.52
5300.24
5457.82
6304.53
6729.53
6335.56
6785.94
6661.44
6749.28
6861.31
6826.61
6923.6
6979.81
6672.69
6495.15
6588.28
6642.27
6964.01
7197.5
7832.22
7840.31
7575.15
7830.35
7630.26
7170.7
7106.01
7041.27
7093.42
7773.31
7877.19
7773.92
7213.44
7152.88
7227.96
7137.03
7198.85
7380.32
7458.99
7532.9
7489.2
7341.65
7227.45
7245.13
7641.77
7252.4
7404.61
7083.49
7086.86
6894.23
6919.59
7046.57
7136.1
7222.08
7573.26
7630.71
7670.37
7677.73
7739.86
7816.44
7838.22
7866.52
7993.09
8144.16
8724.13
8144.02
8084.88
8039.45
7918.53
7927.49
8059.65
8043.71
7276.63
7268.06
7742.53
7009.56
7500.79
7312.85
7736.07
7331.73
8098.16
7906.6
8035.2
8465.77
8069.81
8738.72
8516.02
8256.28
8001.57
7703.1
7060.6
6864.87
6693.83
6061.8
5860.99
5783.15
5715.92
6015.3
6623.01
6701.36
6742.97
6947.06
6398.77
6763.38
6607.13
6833.42
6712.21
6872.97
6923.41
6890.94
7035.76
6839.59
6734.99
6508.21
6470.74
6318.61
6430.58
6710.4
6586.01
6369.28
5944.87
6446.31
6554.04
5930.17
6627.43
6197.84
6206.24
6312.03
6514.72
6526.62
6742.89
6593.8
6165.35
6209.71
5799.24
5989.27
5984.26
6407.52
6721.08
6223.37
6814.76
6529.99
6181.06
6245.18
6543.39
6646.55
5672.7
