2025.58
2722.95
1895.25
1535.65
1321.26
1201.92
1470.53
1363.32
1410.42
1484.46
1592.74
1406.59
1448.49
1447.05
1973.44
2189.77
2584.21
2305.64
1941.41
1439.05
1169.57
1058.14
1098.29
1386.31
1606.04
1865.11
1787.25
1333.71
1253.61
1416.09
1487.34
1570.2
1593.6
1386.25
1321.26
1288.11
1435.88
1221.11
1125.06
1050.98
1024.55
997.5
1008.64
1038.07
1050.04
1080.37
1070.06
1105.06
1425.16
1125.16
1235.3
1195.37
1410.33
1115.78
1433.11
1518.55
1564.47
1500.1
1529.65
1816.47
1669.13
1562.65
1856.43
1653.95
1688.32
1846.9
1809.54
1879.87
1945.82
1974.69
1833.57
2007.12
1982.93
2329.44
2143.52
2088.95
1992.46
2721.78
2310.15
2415.25
2612.89
2086.18
2825.89
2835.11
3186.77
2852.93
3229.6
2976.85
3294.08
3597.92
3547.35
3617.29
3455.24
3865.83
3315.26
3369.14
3626.88
2969.83
3005.01
3097.92
3078.91
2458.65
1967.28
1966.29
2432.89
3271.99
3266.62
2137.59
1395.79
1396.1
1964.31
2092.0
2141.77
2686.52
2883.21
3079.99
2829.02
2388.33
2194.84
2135.27
2542.69
2795.3
2908.24
3190.12
3245.26
3290.68
3426.45
3593.41
3774.81
3784.23
4260.41
4111.99
4215.21
3682.73
4326.76
4341.74
4366.59
4290.59
3830.49
4002.88
4129.54
4286.46
4351.63
4397.08
4550.53
4715.64
4938.61
5110.86
5457.82
5062.44
5298.72
5219.08
5300.24
5308.52
5799.24
6209.71
6661.44
6785.94
6839.59
6588.28
6312.03
6061.8
6318.61
6197.84
5944.87
5672.7
6223.37
5860.99
6369.28
6514.72
6712.21
6642.27
6543.39
6693.83
6701.36
6672.69
6586.01
6729.53
6919.59
7009.56
7060.6
7276.63
7489.2
7630.71
7739.86
7742.53
7630.26
7331.73
7198.85
7152.88
6964.01
7252.4
7736.07
7906.6
7575.15
7927.49
7830.35
8035.2
8069.81
8084.88
8059.65
7918.53
7838.22
7380.32
7312.85
7341.65
7213.44
7170.7
7222.08
7245.13
7670.37
7993.09
8043.71
8039.45
8144.16
8465.77
8738.72
8516.02
8724.13
8256.28
8144.02
8001.57
7458.99
7532.9
7877.19
7227.45
7816.44
7773.92
7268.06
7677.73
7500.79
7197.5
8098.16
7573.26
7703.1
7840.31
7832.22
7404.61
7866.52
7773.31
7641.77
7227.96
6979.81
6593.8
6430.58
6529.99
6646.55
5783.15
6526.62
5228.84
5572.09
6015.3
6508.21
6165.35
6398.77
6206.24
6335.56
6710.4
6923.6
7093.42
7086.86
7106.01
7137.03
7083.49
6721.08
7046.57
6947.06
6872.97
6894.23
6742.97
6554.04
6861.31
6833.42
6763.38
6826.61
6814.76
6623.01
6923.41
6607.13
6734.99
7041.27
6742.89
6890.94
7035.76
7136.1
6864.87
6749.28
6627.43
6495.15
6407.52
5989.27
6470.74
6181.06
5984.26
6245.18
6304.53
5930.17
5715.92
6446.31
5408.52
