2415.25
2388.33
2135.27
2088.95
1809.54
1964.31
2137.59
2141.77
1593.6
1941.41
1592.74
1221.11
1448.49
1439.05
2007.12
1974.69
1406.59
1070.06
1115.78
1562.65
1529.65
1487.34
1235.3
1169.57
1125.06
1024.55
1080.37
1038.07
1333.71
1518.55
1688.32
1535.65
1363.32
1288.11
1386.31
1395.79
1570.2
1447.05
1564.47
1484.46
1410.33
1201.92
1098.29
1321.26
1125.16
1008.64
1050.98
997.5
1050.04
1470.53
1816.47
1386.25
1606.04
1416.09
1425.16
1435.88
1396.1
1105.06
1195.37
1058.14
1433.11
1833.57
1992.46
2458.65
2612.89
1865.11
1879.87
1321.26
1253.61
1500.1
1895.25
2432.89
2825.89
3245.26
2722.95
2189.77
2686.52
2976.85
2908.24
2883.21
2835.11
2852.93
3079.99
3005.01
3186.77
3229.6
2829.02
3097.92
3266.62
3294.08
3547.35
3626.88
3593.41
3617.29
3682.73
3369.14
3455.24
3315.26
3190.12
2969.83
2721.78
2194.84
1945.82
1669.13
1410.42
1856.43
1787.25
1846.9
1982.93
1967.28
2305.64
2329.44
2143.52
2025.58
2092.0
2310.15
1973.44
1653.95
1966.29
2086.18
2542.69
2584.21
2795.3
3078.91
3271.99
3290.68
3426.45
3774.81
3597.92
4002.88
4286.46
4260.41
4129.54
3784.23
4215.21
3865.83
4111.99
3830.49
4326.76
4341.74
4351.63
4290.59
4715.64
4366.59
4938.61
4550.53
5219.08
5110.86
5228.84
5062.44
4397.08
5298.72
5300.24
5308.52
5715.92
6181.06
6446.31
6785.94
7213.44
7268.06
7773.31
7927.49
7500.79
7380.32
6749.28
6407.52
6223.37
6197.84
6304.53
6672.69
6979.81
6890.94
7093.42
6919.59
6872.97
6826.61
7009.56
7276.63
7227.96
7060.6
6923.41
7046.57
7197.5
7136.1
7041.27
7227.45
7312.85
7575.15
7670.37
7739.86
7877.19
7993.09
7816.44
7222.08
7170.7
7035.76
7152.88
7341.65
7137.03
7573.26
7736.07
7641.77
7630.71
7331.73
6923.6
7838.22
7106.01
7198.85
7532.9
7404.61
7703.1
7773.92
8465.77
7489.2
8084.88
7866.52
8035.2
8724.13
8098.16
8256.28
8059.65
8144.16
8039.45
8144.02
8738.72
7918.53
7832.22
7906.6
7830.35
8069.81
7840.31
8043.71
8001.57
8516.02
7677.73
7742.53
7252.4
6894.23
7630.26
7458.99
7083.49
6861.31
6529.99
5799.24
5672.7
5572.09
6165.35
5408.52
6015.3
5860.99
6206.24
6586.01
6701.36
6642.27
6729.53
6712.21
6693.83
6734.99
7245.13
6864.87
7086.86
6964.01
6947.06
6710.4
6721.08
6839.59
6742.89
6833.42
6627.43
6742.97
6312.03
6514.72
6430.58
6209.71
6318.61
6508.21
6526.62
6623.01
6646.55
6593.8
6607.13
6398.77
6495.15
6588.28
6543.39
6470.74
5930.17
5783.15
5944.87
5457.82
5984.26
6763.38
6814.76
6661.44
6061.8
5989.27
6245.18
6335.56
6554.04
6369.28
