1593.6
2721.78
2092.0
1865.11
1606.04
1564.47
1470.53
1201.92
1396.1
1410.42
1333.71
1321.26
1439.05
1487.34
1562.65
1992.46
1592.74
1895.25
1973.44
1816.47
1688.32
1435.88
1406.59
1386.31
1115.78
1050.98
1253.61
1098.29
1235.3
1288.11
1386.25
1058.14
1070.06
1024.55
1008.64
997.5
1050.04
1038.07
1080.37
1125.06
1169.57
1125.16
1395.79
1321.26
1221.11
1195.37
1105.06
1363.32
1433.11
1447.05
1535.65
1448.49
1416.09
1410.33
1425.16
1500.1
1669.13
1529.65
1484.46
1518.55
1967.28
1856.43
1982.93
1787.25
2007.12
1833.57
1941.41
1964.31
1966.29
2025.58
1846.9
2137.59
2135.27
2143.52
2088.95
2415.25
2141.77
2584.21
2686.52
2432.89
2458.65
2612.89
2310.15
2329.44
2542.69
2305.64
2194.84
2388.33
2722.95
2976.85
3229.6
3097.92
3190.12
3426.45
3369.14
3547.35
4260.41
3245.26
3079.99
2795.3
2189.77
1809.54
1570.2
1653.95
1945.82
2086.18
1879.87
1974.69
2829.02
2825.89
2883.21
3005.01
2852.93
2835.11
2908.24
3078.91
2969.83
3271.99
3315.26
3784.23
3617.29
3266.62
3455.24
4002.88
3597.92
3626.88
4366.59
4286.46
4351.63
4290.59
4326.76
3593.41
3294.08
3186.77
3682.73
3290.68
3830.49
3865.83
4129.54
4111.99
3774.81
4215.21
4341.74
4397.08
4550.53
5219.08
5228.84
5298.72
5308.52
5300.24
5062.44
4715.64
4938.61
5110.86
5572.09
5989.27
6586.01
6712.21
6763.38
6508.21
6526.62
5860.99
5944.87
6197.84
6015.3
6335.56
6593.8
6318.61
6223.37
5984.26
6470.74
6693.83
6785.94
7093.42
7086.86
7227.96
7670.37
7677.73
7137.03
7268.06
7245.13
7575.15
7630.26
7227.45
7276.63
7816.44
7312.85
7532.9
7106.01
7252.4
7489.2
7060.6
7404.61
7331.73
7380.32
7832.22
7877.19
8144.02
8001.57
8035.2
8256.28
8084.88
7830.35
7500.79
7773.92
7458.99
7341.65
7152.88
7198.85
7009.56
6864.87
7046.57
6894.23
6964.01
7573.26
7773.31
7918.53
7838.22
7739.86
7703.1
7213.44
7197.5
7630.71
8516.02
8738.72
8059.65
8043.71
8465.77
8724.13
8144.16
8039.45
7906.6
7927.49
8098.16
8069.81
7993.09
7840.31
7742.53
7866.52
7736.07
7641.77
7136.1
7170.7
6627.43
6543.39
6446.31
6245.18
5457.82
5715.92
5672.7
5408.52
6304.53
6514.72
6312.03
6495.15
6554.04
6661.44
6701.36
6742.97
6607.13
6947.06
6839.59
7035.76
6890.94
6979.81
6861.31
6729.53
6672.69
6529.99
6407.52
6623.01
6749.28
6919.59
6814.76
6826.61
7222.08
6923.6
6734.99
6721.08
6923.41
6833.42
7083.49
7041.27
6872.97
6710.4
6588.28
6206.24
6061.8
6165.35
6181.06
6369.28
6430.58
6398.77
6209.71
5799.24
5783.15
6642.27
6742.89
6646.55
5930.17
