2086.18
2835.11
2007.12
1879.87
1395.79
1221.11
1410.42
1570.2
1125.06
1080.37
1125.16
1105.06
1787.25
1945.82
1974.69
1966.29
1941.41
1653.95
1816.47
1487.34
1535.65
1470.53
1195.37
1406.59
1024.55
1098.29
1333.71
1410.33
1529.65
1856.43
1592.74
1363.32
1008.64
1058.14
1500.1
1447.05
1416.09
1518.55
1425.16
1386.31
1396.1
1050.04
1433.11
997.5
1038.07
1070.06
1201.92
1115.78
1235.3
1288.11
1253.61
1321.26
1435.88
1562.65
1593.6
1669.13
1606.04
1321.26
1050.98
1169.57
1386.25
1439.05
1564.47
1448.49
1809.54
1846.9
1688.32
2141.77
1992.46
1865.11
1484.46
1833.57
1895.25
2612.89
2852.93
2795.3
2458.65
3005.01
2976.85
3097.92
3190.12
3617.29
3626.88
3865.83
4002.88
4129.54
4111.99
3315.26
3290.68
3078.91
2883.21
3079.99
3294.08
3830.49
3784.23
3682.73
3229.6
2829.02
2686.52
2432.89
2310.15
2969.83
2143.52
2415.25
2137.59
2025.58
1967.28
1973.44
2135.27
2088.95
1964.31
1982.93
2329.44
2584.21
2908.24
2722.95
2388.33
2092.0
2189.77
2194.84
2305.64
2542.69
2721.78
2825.89
3186.77
3593.41
3271.99
3426.45
3266.62
3245.26
3455.24
3547.35
3597.92
3369.14
3774.81
4286.46
4260.41
4215.21
4351.63
4290.59
4326.76
4341.74
4366.59
4397.08
4550.53
4715.64
5062.44
5110.86
5219.08
5298.72
4938.61
5457.82
5783.15
5944.87
6495.15
6181.06
6529.99
6742.89
6947.06
7170.7
7198.85
6979.81
6763.38
6407.52
6206.24
6554.04
6165.35
5860.99
5308.52
5228.84
5300.24
5572.09
5984.26
6312.03
6734.99
6919.59
6749.28
6729.53
6826.61
6872.97
7106.01
7489.2
7773.31
8084.88
7086.86
7677.73
7816.44
7830.35
7927.49
7993.09
7832.22
7641.77
7630.26
7532.9
7245.13
7341.65
7276.63
7773.92
7906.6
8069.81
7742.53
7840.31
7703.1
7227.96
7877.19
7736.07
7838.22
7630.71
7227.45
7137.03
7060.6
7136.1
7670.37
8001.57
8144.02
8516.02
8724.13
8738.72
8465.77
8144.16
8256.28
8098.16
7866.52
8035.2
7575.15
7093.42
7312.85
7213.44
7252.4
7500.79
7380.32
7739.86
8059.65
8043.71
8039.45
7918.53
7573.26
7197.5
7152.88
7331.73
7404.61
7041.27
7009.56
6470.74
6588.28
6586.01
6607.13
6430.58
6642.27
6209.71
6833.42
6526.62
6514.72
6672.69
6839.59
7035.76
7083.49
6923.6
6508.21
6543.39
7268.06
7458.99
7222.08
6964.01
6742.97
6894.23
6814.76
6693.83
6785.94
6712.21
6627.43
6890.94
6710.4
6861.31
7046.57
6446.31
6864.87
6593.8
6245.18
6369.28
6398.77
6304.53
6318.61
6701.36
6646.55
6623.01
6335.56
6721.08
5989.27
6015.3
5672.7
5408.52
5799.24
5715.92
5930.17
6197.84
6223.37
6661.44
6923.41
6061.8
