1966.29
1941.41
1500.1
1593.6
1529.65
1809.54
1895.25
1982.93
1974.69
1669.13
1448.49
1406.59
1386.25
1333.71
1396.1
1433.11
1395.79
1363.32
1410.33
1221.11
1410.42
1235.3
1201.92
1195.37
1321.26
1447.05
1535.65
1487.34
1592.74
1564.47
1439.05
1288.11
1253.61
1169.57
1024.55
1050.98
1058.14
997.5
1050.04
1038.07
1070.06
1008.64
1125.16
1098.29
1125.06
1105.06
1080.37
1115.78
1321.26
1416.09
1484.46
1435.88
1606.04
1787.25
2189.77
2194.84
2686.52
1992.46
1865.11
1653.95
2007.12
1470.53
2088.95
1879.87
1833.57
2432.89
1570.2
1562.65
1386.31
1425.16
1816.47
1518.55
2329.44
3079.99
2584.21
2415.25
2137.59
2612.89
2305.64
1973.44
1856.43
2310.15
2086.18
2388.33
3078.91
2835.11
3455.24
3266.62
3426.45
3245.26
3190.12
2825.89
2542.69
2721.78
2883.21
2722.95
2969.83
2829.02
1967.28
1846.9
1688.32
1945.82
1964.31
2143.52
2025.58
2141.77
2092.0
2458.65
2908.24
2135.27
3005.01
2795.3
2976.85
3271.99
3097.92
3229.6
2852.93
3186.77
3294.08
3290.68
3315.26
3369.14
3547.35
3593.41
3617.29
3626.88
3830.49
3774.81
3865.83
4260.41
4715.64
4290.59
4341.74
4002.88
4366.59
4397.08
4326.76
5110.86
5298.72
5300.24
5408.52
4550.53
3682.73
3597.92
4351.63
4938.61
4215.21
3784.23
4111.99
4129.54
4286.46
5062.44
5219.08
5228.84
5308.52
5572.09
5984.26
6369.28
6979.81
6839.59
7198.85
6833.42
6623.01
6586.01
6593.8
6701.36
6763.38
6693.83
6318.61
6749.28
6407.52
6729.53
6923.41
6872.97
6861.31
6864.87
7222.08
7197.5
7035.76
6894.23
7083.49
7227.45
7575.15
7500.79
7046.57
7245.13
7041.27
7404.61
7832.22
7739.86
7838.22
8039.45
8144.02
8724.13
8059.65
8084.88
8144.16
8516.02
8069.81
8035.2
7703.1
7840.31
7268.06
7252.4
7152.88
7009.56
6964.01
6923.6
7093.42
7170.7
7630.71
7489.2
7677.73
7532.9
7736.07
7830.35
7927.49
7906.6
7866.52
7641.77
7458.99
7331.73
7060.6
7213.44
7341.65
7573.26
7816.44
7773.92
7670.37
7993.09
7742.53
7773.31
7877.19
8001.57
7918.53
8256.28
8738.72
8465.77
8043.71
8098.16
7630.26
6947.06
6672.69
6197.84
6245.18
6430.58
6785.94
6335.56
6710.4
6398.77
6646.55
6734.99
6661.44
6181.06
6015.3
5783.15
5672.7
6495.15
6742.89
6206.24
6304.53
6223.37
6607.13
7106.01
6712.21
6742.97
7312.85
6642.27
6627.43
6543.39
6529.99
6446.31
6588.28
6826.61
6890.94
7136.1
7086.86
7137.03
6814.76
6508.21
6312.03
6061.8
5989.27
5715.92
5930.17
5799.24
5457.82
5860.99
6514.72
6721.08
7227.96
7380.32
7276.63
6919.59
6554.04
6470.74
6526.62
6209.71
6165.35
5944.87
