1439.05
2141.77
1833.57
1592.74
1966.29
1856.43
2305.64
2025.58
2137.59
2086.18
1964.31
1406.59
1410.42
1386.25
1235.3
1195.37
1125.16
1321.26
1425.16
1570.2
1945.82
1809.54
1435.88
1564.47
1487.34
1967.28
2088.95
1593.6
1879.87
1865.11
1500.1
1535.65
1396.1
1115.78
1080.37
1125.06
1105.06
1008.64
1024.55
1038.07
1070.06
997.5
1050.04
1050.98
1058.14
1098.29
1201.92
1321.26
1288.11
1169.57
1253.61
1221.11
1433.11
1606.04
1688.32
1846.9
1974.69
1484.46
1386.31
1416.09
1395.79
1518.55
1669.13
1529.65
1333.71
1410.33
1363.32
1787.25
1448.49
1941.41
1470.53
1895.25
1653.95
1982.93
1816.47
1992.46
2189.77
2310.15
2092.0
1973.44
1562.65
1447.05
2007.12
2584.21
2612.89
2388.33
2542.69
2852.93
2686.52
3294.08
3078.91
2795.3
2908.24
2976.85
3271.99
3547.35
3266.62
3455.24
3290.68
3315.26
3229.6
3079.99
2883.21
3005.01
3369.14
3426.45
2969.83
2721.78
2415.25
2135.27
2329.44
2143.52
2194.84
2432.89
2458.65
2825.89
3186.77
3190.12
2835.11
2829.02
3097.92
2722.95
3245.26
3626.88
3593.41
3597.92
3774.81
3617.29
4215.21
4286.46
4326.76
4260.41
4002.88
3784.23
4715.64
4397.08
4290.59
4366.59
4341.74
3830.49
3865.83
3682.73
4129.54
4111.99
4351.63
4550.53
5062.44
4938.61
5110.86
5219.08
5228.84
5298.72
5308.52
5457.82
5930.17
6165.35
6514.72
6721.08
6729.53
6607.13
6430.58
6335.56
6495.15
6398.77
6223.37
6209.71
5944.87
6015.3
6206.24
5984.26
6245.18
5989.27
6304.53
6593.8
6672.69
6864.87
6890.94
6742.97
7083.49
7227.45
7170.7
7276.63
7404.61
8059.65
7500.79
8039.45
8035.2
7532.9
7331.73
7573.26
7575.15
7866.52
7840.31
7736.07
7773.92
8144.02
7832.22
8465.77
8069.81
7993.09
7739.86
7918.53
7677.73
7312.85
7830.35
7630.26
7641.77
7773.31
7838.22
8043.71
7816.44
7703.1
7742.53
8001.57
8516.02
8738.72
8724.13
7341.65
6923.6
7927.49
7380.32
7268.06
7093.42
7227.96
7106.01
6894.23
6872.97
7046.57
7252.4
7630.71
7458.99
7906.6
8084.88
8144.16
8256.28
8098.16
7877.19
7670.37
7489.2
7245.13
7198.85
6646.55
6529.99
5799.24
5408.52
5715.92
5572.09
5300.24
5783.15
5860.99
6181.06
6642.27
6701.36
6826.61
7035.76
6814.76
6712.21
6627.43
6508.21
6446.31
6623.01
6749.28
6923.41
6861.31
7060.6
7136.1
7137.03
7213.44
6833.42
6763.38
6742.89
6919.59
7197.5
6785.94
6710.4
6839.59
6979.81
7222.08
7086.86
6964.01
7009.56
7041.27
7152.88
6947.06
6734.99
6693.83
6470.74
6526.62
6554.04
6543.39
6661.44
6586.01
6407.52
6312.03
6197.84
6588.28
6318.61
6369.28
6061.8
5672.7
