1787.25
2194.84
1964.31
1816.47
1439.05
1593.6
1809.54
1448.49
1321.26
1386.31
1433.11
1487.34
1895.25
1945.82
1879.87
1535.65
1435.88
1592.74
1395.79
1447.05
1833.57
1562.65
1425.16
1500.1
1653.95
1846.9
1688.32
1470.53
1484.46
1856.43
1606.04
1564.47
1518.55
1416.09
1410.33
1253.61
1169.57
1098.29
1195.37
1050.98
1070.06
1050.04
1024.55
1080.37
1105.06
1008.64
1058.14
997.5
1038.07
1115.78
1406.59
1125.16
1288.11
1221.11
1386.25
1410.42
1396.1
1235.3
1201.92
1125.06
1333.71
1321.26
1529.65
1363.32
1669.13
1974.69
1570.2
1966.29
1865.11
1967.28
2329.44
3097.92
3186.77
3005.01
2432.89
2721.78
2829.02
3271.99
3079.99
2835.11
2686.52
1973.44
2189.77
2388.33
2795.3
2143.52
3078.91
3290.68
3455.24
3682.73
3617.29
3294.08
3593.41
3597.92
3547.35
3369.14
3315.26
3229.6
2025.58
2976.85
1941.41
2305.64
2584.21
2969.83
3245.26
2852.93
2310.15
2092.0
2415.25
2135.27
1992.46
2007.12
1982.93
2088.95
2137.59
2542.69
2825.89
2086.18
2612.89
2722.95
2141.77
2458.65
2908.24
3266.62
3190.12
2883.21
3626.88
3426.45
3774.81
3865.83
4366.59
4260.41
4002.88
3784.23
4129.54
4341.74
4326.76
4397.08
4286.46
4215.21
4351.63
3830.49
4111.99
4290.59
4550.53
5715.92
6586.01
5930.17
4938.61
4715.64
5110.86
5062.44
5672.7
5308.52
5572.09
5228.84
6495.15
5783.15
6312.03
6245.18
6543.39
6529.99
6369.28
6398.77
6514.72
6623.01
6814.76
6693.83
6407.52
6470.74
6061.8
5860.99
6197.84
6508.21
6672.69
6701.36
6627.43
6763.38
6734.99
7086.86
6964.01
7093.42
7222.08
7489.2
7670.37
7677.73
7832.22
7736.07
7458.99
7341.65
7500.79
7703.1
7630.26
8059.65
8069.81
8256.28
8516.02
8724.13
8738.72
8465.77
8144.16
8039.45
7840.31
7906.6
8043.71
7927.49
8001.57
7575.15
7877.19
7838.22
7773.31
8144.02
7918.53
8084.88
7866.52
7993.09
8098.16
8035.2
7641.77
7252.4
7331.73
7227.96
7245.13
7276.63
7312.85
7380.32
7573.26
7630.71
7773.92
7830.35
7816.44
7742.53
7739.86
7532.9
7404.61
7268.06
7170.7
6979.81
6864.87
6833.42
6872.97
7060.6
7137.03
6894.23
7046.57
6749.28
6593.8
5298.72
5219.08
5300.24
5457.82
6304.53
6430.58
6607.13
6729.53
6661.44
6642.27
6710.4
6890.94
6712.21
7152.88
7136.1
7227.45
7198.85
7106.01
7197.5
7213.44
6923.6
7041.27
6785.94
6826.61
7035.76
7083.49
7009.56
6923.41
6861.31
6742.97
6526.62
6223.37
6181.06
6209.71
5989.27
6206.24
6335.56
5984.26
6318.61
6165.35
6015.3
5944.87
5408.52
6554.04
6588.28
6646.55
6742.89
6446.31
6721.08
6839.59
6947.06
6919.59
5799.24
