1992.46
2329.44
1447.05
1433.11
1470.53
1416.09
1396.1
1115.78
1195.37
1386.25
1410.33
1425.16
1562.65
1606.04
1653.95
2025.58
1964.31
1669.13
1592.74
1570.2
2092.0
1593.6
1487.34
1386.31
1070.06
1058.14
1098.29
1125.06
1221.11
1321.26
1253.61
1288.11
1201.92
1105.06
1038.07
1050.04
1024.55
997.5
1008.64
1050.98
1125.16
1169.57
1439.05
1333.71
1235.3
1080.37
1363.32
1406.59
1435.88
1856.43
1688.32
1809.54
2086.18
1535.65
2135.27
1833.57
1895.25
1484.46
1500.1
1321.26
1395.79
1410.42
1529.65
1518.55
1448.49
1846.9
1564.47
1865.11
1816.47
1974.69
1787.25
1973.44
1941.41
2137.59
2141.77
1967.28
1879.87
2007.12
2088.95
1982.93
2432.89
2310.15
2584.21
2686.52
2829.02
2825.89
2835.11
3078.91
3079.99
3005.01
3186.77
2852.93
3097.92
3315.26
3455.24
3774.81
3682.73
3190.12
3290.68
3266.62
3229.6
3271.99
2883.21
2908.24
2305.64
2189.77
1966.29
1945.82
2143.52
2388.33
2194.84
2415.25
2458.65
2721.78
2722.95
2969.83
2612.89
2542.69
2795.3
2976.85
3245.26
3593.41
3294.08
3426.45
3626.88
3369.14
3617.29
3547.35
3597.92
3784.23
3830.49
3865.83
4002.88
4111.99
4215.21
4260.41
4290.59
4286.46
4129.54
4326.76
4351.63
4366.59
4715.64
4550.53
4341.74
4397.08
5062.44
4938.61
5110.86
5219.08
5228.84
5298.72
5308.52
5457.82
5984.26
5799.24
6206.24
5989.27
6181.06
5930.17
6661.44
6165.35
6407.52
6312.03
5783.15
6508.21
6554.04
5715.92
6061.8
5672.7
5860.99
6015.3
6369.28
6335.56
6529.99
6607.13
6470.74
6701.36
6890.94
7136.1
7213.44
7532.9
7677.73
7630.71
7227.45
7041.27
7245.13
7404.61
7137.03
7458.99
8001.57
7630.26
7736.07
7773.31
7832.22
7840.31
7830.35
7927.49
8039.45
8144.16
8465.77
8738.72
8043.71
7918.53
7906.6
7739.86
7703.1
7573.26
7341.65
7380.32
7170.7
7222.08
7489.2
7331.73
7773.92
7742.53
7866.52
8059.65
8516.02
8144.02
8084.88
8098.16
7877.19
7838.22
7500.79
7106.01
7035.76
6923.41
7046.57
7252.4
7670.37
8035.2
8069.81
8724.13
8256.28
7993.09
7641.77
7009.56
6833.42
6839.59
7575.15
7816.44
7268.06
5300.24
5408.52
6864.87
6749.28
6514.72
6919.59
6593.8
6979.81
7060.6
7198.85
7086.86
6712.21
6197.84
6672.69
6526.62
6623.01
6964.01
7152.88
7083.49
7276.63
6814.76
6872.97
6646.55
6245.18
6223.37
6586.01
6588.28
6209.71
6642.27
6923.6
6627.43
6785.94
6894.23
6826.61
6861.31
6729.53
6693.83
6763.38
6742.97
6947.06
7197.5
6710.4
6430.58
6543.39
6734.99
7227.96
7312.85
7093.42
6742.89
6721.08
6446.31
6318.61
6495.15
6398.77
6304.53
5944.87
5572.09
