1816.47
2310.15
1606.04
1448.49
1416.09
1500.1
1809.54
1895.25
1974.69
1967.28
1787.25
1688.32
1846.9
1945.82
1856.43
1570.2
1447.05
1518.55
1396.1
1321.26
1395.79
1058.14
1050.04
1253.61
1098.29
1410.33
1406.59
1105.06
1363.32
1195.37
1050.98
1288.11
1080.37
1321.26
1221.11
1386.31
1333.71
1235.3
1125.06
1386.25
1038.07
1024.55
1125.16
1169.57
1115.78
1201.92
997.5
1070.06
1008.64
1410.42
1425.16
1433.11
1593.6
1562.65
1439.05
1470.53
1435.88
1484.46
1653.95
1833.57
1964.31
2025.58
1941.41
1669.13
1865.11
1973.44
1529.65
1592.74
1564.47
1535.65
1487.34
2141.77
2721.78
2829.02
3245.26
2976.85
2883.21
2825.89
2686.52
2542.69
2584.21
2458.65
2612.89
2722.95
2852.93
2969.83
3315.26
3455.24
3097.92
3186.77
3078.91
2835.11
3294.08
3005.01
3079.99
3266.62
3190.12
2143.52
3426.45
2137.59
2189.77
2329.44
2135.27
2305.64
2086.18
2388.33
2194.84
1879.87
2092.0
1992.46
2007.12
1966.29
1982.93
2088.95
2432.89
2415.25
2795.3
2908.24
3597.92
3682.73
3290.68
3626.88
3865.83
4111.99
3593.41
4002.88
3617.29
3830.49
4215.21
4326.76
3774.81
4129.54
3229.6
3271.99
3369.14
3784.23
3547.35
4290.59
4260.41
4351.63
4341.74
4286.46
4366.59
4397.08
4550.53
4715.64
4938.61
5062.44
5219.08
5298.72
5300.24
5308.52
5110.86
5989.27
5984.26
6398.77
6607.13
6508.21
6712.21
7041.27
6785.94
6729.53
5799.24
5715.92
6181.06
6446.31
6623.01
6369.28
5860.99
6593.8
6734.99
6543.39
6742.89
6721.08
6864.87
7093.42
7227.45
7500.79
7630.26
7268.06
7993.09
7840.31
7877.19
8084.88
7927.49
7838.22
7906.6
7773.92
7832.22
7670.37
7641.77
7573.26
7816.44
7458.99
7331.73
7170.7
7312.85
7489.2
7245.13
7197.5
7136.1
6894.23
6588.28
6742.97
6826.61
6979.81
7106.01
7137.03
7252.4
7276.63
7575.15
7739.86
8001.57
8098.16
8465.77
8144.16
8738.72
8724.13
8516.02
8256.28
8144.02
8035.2
7830.35
7866.52
7742.53
7677.73
7404.61
7532.9
7227.96
7152.88
6947.06
7198.85
7222.08
7703.1
7773.31
8059.65
8039.45
8069.81
7918.53
8043.71
7736.07
7380.32
7060.6
6672.69
6919.59
7630.71
7341.65
7083.49
5408.52
5457.82
6693.83
7213.44
7035.76
6861.31
6833.42
6646.55
6554.04
6318.61
6304.53
6197.84
6407.52
6495.15
6586.01
6245.18
6223.37
6526.62
6061.8
6430.58
5672.7
5930.17
5572.09
5783.15
5944.87
6312.03
6514.72
6872.97
6839.59
6964.01
6923.41
6701.36
6814.76
6890.94
7009.56
7046.57
7086.86
6763.38
6710.4
6335.56
6015.3
6165.35
6661.44
6470.74
6923.6
6206.24
6642.27
6627.43
6749.28
6529.99
6209.71
5228.84
