1592.74
1945.82
1669.13
1570.2
1433.11
1439.05
1816.47
1833.57
1425.16
1125.16
1169.57
1865.11
2612.89
2686.52
1992.46
1856.43
1416.09
1253.61
1333.71
1321.26
1321.26
1410.42
1448.49
1593.6
1386.31
1500.1
1562.65
1410.33
1386.25
1195.37
1115.78
1008.64
1024.55
1050.98
1201.92
1221.11
1125.06
1105.06
1050.04
997.5
1098.29
1058.14
1288.11
1406.59
1395.79
1235.3
1070.06
1038.07
1080.37
1363.32
1484.46
1396.1
1895.25
1879.87
1982.93
2086.18
1973.44
1846.9
1688.32
1809.54
1606.04
1653.95
1529.65
1435.88
1470.53
1787.25
1487.34
1447.05
1518.55
1564.47
1535.65
1974.69
1941.41
2135.27
2092.0
2415.25
2542.69
3079.99
2883.21
2829.02
2835.11
2721.78
2141.77
2143.52
2795.3
2310.15
3005.01
3229.6
3097.92
3426.45
3290.68
3315.26
3369.14
3617.29
3186.77
3245.26
2825.89
2976.85
2852.93
2329.44
2458.65
2305.64
2722.95
2969.83
2908.24
3078.91
2388.33
2025.58
2189.77
1966.29
1967.28
2007.12
2137.59
2584.21
1964.31
2194.84
2088.95
2432.89
3271.99
3455.24
3597.92
3547.35
3774.81
3830.49
3626.88
3190.12
3266.62
3294.08
3593.41
3682.73
3865.83
4129.54
4002.88
3784.23
4260.41
4111.99
4215.21
4286.46
4326.76
4290.59
4351.63
4341.74
4366.59
4550.53
4397.08
4715.64
4938.61
5062.44
5110.86
5219.08
5572.09
5300.24
5930.17
5457.82
6015.3
5989.27
6398.77
6593.8
6623.01
6839.59
6712.21
6693.83
6407.52
6318.61
6197.84
6223.37
6209.71
5308.52
5672.7
5408.52
5944.87
6206.24
6470.74
6749.28
7136.1
7380.32
7086.86
7197.5
6923.41
7046.57
7083.49
7341.65
7630.26
7832.22
7838.22
7866.52
8059.65
7739.86
7458.99
7245.13
7227.96
7227.45
6861.31
7773.92
7404.61
7703.1
7489.2
7630.71
7573.26
7641.77
7312.85
7035.76
6826.61
6627.43
7252.4
7222.08
7268.06
7500.79
7198.85
7213.44
6894.23
7276.63
7532.9
7331.73
7816.44
7918.53
8465.77
8738.72
8724.13
8516.02
8256.28
8144.16
8084.88
8043.71
7877.19
7736.07
7670.37
7742.53
7773.31
7830.35
7677.73
7840.31
7906.6
8098.16
8039.45
8069.81
8035.2
8001.57
8144.02
7927.49
7993.09
7575.15
7009.56
6554.04
6446.31
6495.15
6061.8
5298.72
5860.99
5228.84
5715.92
5984.26
6312.03
6245.18
6642.27
6729.53
6785.94
6701.36
6661.44
6833.42
6947.06
6979.81
7060.6
7093.42
7137.03
7152.88
7170.7
6923.6
6964.01
6872.97
6734.99
7106.01
6814.76
6763.38
7041.27
6919.59
6529.99
6514.72
6543.39
6586.01
6607.13
6646.55
6710.4
6508.21
6742.89
6890.94
6864.87
6335.56
6165.35
6181.06
6588.28
6742.97
6672.69
6721.08
5783.15
6304.53
6526.62
6430.58
6369.28
5799.24
