1964.31
2092.0
1973.44
2007.12
1856.43
1288.11
1653.95
1321.26
1070.06
1169.57
1406.59
1333.71
1500.1
1570.2
1535.65
1439.05
1410.42
1410.33
1386.25
997.5
1221.11
1115.78
1201.92
1105.06
1050.98
1195.37
1125.16
1562.65
1787.25
1809.54
1846.9
1425.16
1416.09
1396.1
1435.88
1447.05
1448.49
1125.06
1395.79
1363.32
1433.11
1253.61
1386.31
1098.29
1038.07
1024.55
1058.14
1050.04
1235.3
1529.65
1321.26
1564.47
1470.53
1484.46
1592.74
1879.87
1669.13
1606.04
1593.6
1833.57
1865.11
1967.28
1992.46
2086.18
2025.58
2189.77
1895.25
1982.93
1945.82
2088.95
2135.27
2194.84
2141.77
3245.26
3426.45
2969.83
3626.88
2137.59
1941.41
1816.47
1688.32
1487.34
1080.37
1008.64
1518.55
2542.69
3271.99
3097.92
2686.52
2458.65
2310.15
2825.89
3186.77
3005.01
2722.95
2883.21
2795.3
2584.21
2143.52
1974.69
1966.29
2329.44
2721.78
3597.92
3593.41
3617.29
3682.73
3229.6
3315.26
3078.91
2852.93
2305.64
2908.24
2415.25
2432.89
3190.12
2612.89
2388.33
2829.02
2835.11
2976.85
3079.99
3266.62
3294.08
3547.35
3290.68
3455.24
4260.41
3774.81
4286.46
4715.64
4326.76
4351.63
4938.61
4550.53
4366.59
4341.74
4215.21
4002.88
3865.83
3784.23
3369.14
3830.49
4111.99
4129.54
4290.59
4397.08
5062.44
5219.08
5300.24
5308.52
5298.72
5228.84
5110.86
5408.52
5672.7
5715.92
5572.09
5457.82
5860.99
6304.53
6593.8
6407.52
6642.27
6446.31
6701.36
6734.99
6749.28
6646.55
6661.44
6712.21
7083.49
6864.87
6919.59
7060.6
7046.57
7093.42
7268.06
7035.76
6923.6
6839.59
6872.97
7170.7
7136.1
6947.06
7137.03
7152.88
7252.4
7222.08
7245.13
7670.37
7630.26
7532.9
7458.99
7276.63
7575.15
7331.73
7742.53
7739.86
7703.1
8059.65
8144.02
7918.53
8516.02
7877.19
7906.6
7816.44
7832.22
8098.16
8465.77
7840.31
7866.52
8724.13
7993.09
8256.28
8001.57
8069.81
7830.35
7927.49
7213.44
6923.41
6894.23
7086.86
7380.32
7641.77
7341.65
7227.96
7312.85
7677.73
7736.07
7773.92
7773.31
8039.45
8043.71
8084.88
8144.16
8738.72
8035.2
7838.22
7630.71
7227.45
6890.94
6742.97
6529.99
6586.01
6588.28
6508.21
6223.37
5989.27
5984.26
5799.24
6061.8
6197.84
6206.24
6398.77
6495.15
6526.62
6554.04
6672.69
6721.08
6814.76
7041.27
7106.01
6979.81
6833.42
7489.2
7500.79
7198.85
7404.61
7573.26
7009.56
7197.5
6964.01
6861.31
6785.94
6826.61
6763.38
6710.4
6015.3
6742.89
6318.61
6470.74
6543.39
6627.43
6181.06
6209.71
5930.17
5944.87
6430.58
6729.53
6693.83
6369.28
6165.35
6312.03
6514.72
6607.13
6623.01
6335.56
6245.18
5783.15
