1669.13
2092.0
2007.12
1653.95
1518.55
1964.31
1592.74
1500.1
1396.1
1363.32
1410.42
1447.05
1484.46
1809.54
1688.32
1941.41
1865.11
1973.44
1448.49
1386.31
1321.26
1195.37
1070.06
1080.37
1115.78
1235.3
1253.61
1201.92
1410.33
1564.47
1470.53
1169.57
1386.25
1098.29
1288.11
1321.26
1105.06
1050.04
1038.07
1050.98
1058.14
997.5
1008.64
1024.55
1221.11
1125.16
1333.71
1125.06
1787.25
1433.11
1879.87
1895.25
1945.82
1816.47
1570.2
1833.57
1562.65
1425.16
1435.88
1593.6
1439.05
1606.04
1974.69
1846.9
1535.65
1416.09
1406.59
1395.79
1487.34
1529.65
1856.43
1966.29
2143.52
2189.77
2329.44
2458.65
2722.95
2388.33
2584.21
2025.58
2137.59
2088.95
2086.18
2194.84
2829.02
3190.12
3369.14
3597.92
3426.45
3547.35
3271.99
3455.24
3617.29
4111.99
3774.81
3682.73
3626.88
3097.92
3266.62
2795.3
2305.64
2825.89
2976.85
3229.6
3245.26
3290.68
2612.89
2852.93
2835.11
2542.69
2310.15
1982.93
1992.46
1967.28
2135.27
2432.89
2415.25
2141.77
2686.52
2721.78
2883.21
3186.77
3078.91
3079.99
2969.83
2908.24
3294.08
3005.01
3315.26
3865.83
3593.41
4290.59
4260.41
3830.49
4002.88
4215.21
3784.23
4286.46
4341.74
4366.59
4326.76
4129.54
4351.63
4397.08
4550.53
4715.64
5228.84
4938.61
6672.69
6245.18
6833.42
6712.21
6693.83
6785.94
6646.55
6701.36
6514.72
6015.3
5799.24
5219.08
5715.92
5984.26
5300.24
5457.82
5062.44
5298.72
6335.56
6165.35
6304.53
5989.27
5944.87
5408.52
6061.8
6223.37
6446.31
6470.74
6763.38
7086.86
6979.81
7137.03
7197.5
6894.23
7227.96
7268.06
7489.2
7276.63
7213.44
6964.01
6890.94
7252.4
8084.88
7877.19
7670.37
7341.65
7458.99
7677.73
8098.16
8256.28
8516.02
8738.72
8724.13
8465.77
7641.77
7830.35
7630.71
7573.26
7532.9
7918.53
7331.73
7245.13
7222.08
7575.15
7630.26
7739.86
8069.81
7500.79
7773.92
7906.6
8059.65
8144.02
8144.16
7993.09
7816.44
8035.2
8043.71
7703.1
7838.22
7866.52
7927.49
7832.22
8001.57
7773.31
7736.07
7840.31
7404.61
8039.45
7742.53
7380.32
7227.45
7106.01
7041.27
6839.59
6398.77
5860.99
5783.15
5572.09
6430.58
6312.03
6729.53
6607.13
6710.4
7060.6
7093.42
6947.06
7312.85
7198.85
7083.49
7170.7
7152.88
6861.31
7136.1
6586.01
6814.76
6495.15
6642.27
6742.89
6721.08
6529.99
6526.62
6661.44
6742.97
6872.97
6826.61
6369.28
5308.52
5672.7
6508.21
6864.87
6593.8
6588.28
6623.01
6923.41
6919.59
7046.57
6923.6
6627.43
6554.04
6749.28
6543.39
6407.52
6181.06
6209.71
6206.24
5930.17
6318.61
6197.84
7035.76
7009.56
6734.99
5110.86
