1433.11
1945.82
1606.04
1529.65
1484.46
1518.55
1564.47
2007.12
1846.9
2141.77
1816.47
1856.43
1593.6
1439.05
1448.49
1321.26
1221.11
1125.16
1288.11
1098.29
1253.61
1235.3
1195.37
1386.31
1410.42
1487.34
1562.65
1653.95
1787.25
2086.18
1967.28
1895.25
1941.41
1879.87
1966.29
1669.13
1447.05
1333.71
1416.09
1105.06
1115.78
1070.06
1038.07
1050.04
1050.98
1058.14
1008.64
997.5
1024.55
1080.37
1125.06
1201.92
1425.16
1396.1
1470.53
1592.74
1500.1
1386.25
1169.57
1321.26
1395.79
1410.33
1406.59
1363.32
1435.88
1809.54
1570.2
1688.32
1973.44
1535.65
1833.57
2612.89
2458.65
2686.52
2542.69
3290.68
2721.78
3266.62
3097.92
3078.91
2835.11
2908.24
2829.02
3005.01
2976.85
2883.21
3190.12
3079.99
3271.99
3774.81
3294.08
3369.14
3617.29
3597.92
3626.88
3426.45
3547.35
3245.26
2969.83
2852.93
2584.21
2722.95
2310.15
2189.77
2088.95
2329.44
2092.0
2415.25
2825.89
2135.27
2388.33
2194.84
1992.46
1974.69
1865.11
1964.31
2025.58
1982.93
2137.59
2432.89
2143.52
2305.64
2795.3
3186.77
3229.6
3315.26
3455.24
3593.41
3682.73
3784.23
4111.99
3865.83
4002.88
3830.49
4290.59
4326.76
4286.46
4351.63
4215.21
4341.74
4397.08
4260.41
4129.54
4366.59
4938.61
5298.72
5408.52
5110.86
4550.53
4715.64
5062.44
5219.08
5300.24
5715.92
5308.52
5228.84
5572.09
6508.21
6607.13
6627.43
6693.83
6543.39
6209.71
6369.28
6223.37
6304.53
6729.53
6701.36
6642.27
6245.18
6526.62
6742.97
6407.52
6734.99
6826.61
6839.59
6864.87
7086.86
6947.06
6890.94
6923.41
7035.76
7170.7
7197.5
7222.08
7252.4
7331.73
7630.26
7677.73
7840.31
7866.52
8069.81
7816.44
7832.22
7489.2
7404.61
7532.9
7830.35
7918.53
8098.16
8144.02
8039.45
7993.09
7739.86
7906.6
8001.57
7736.07
8256.28
8035.2
7838.22
7877.19
8144.16
8084.88
7773.92
8043.71
7927.49
8724.13
8465.77
8738.72
8516.02
8059.65
7773.31
7312.85
7500.79
7458.99
7227.45
7276.63
7573.26
7641.77
7575.15
7341.65
7670.37
7742.53
7630.71
7703.1
7380.32
7245.13
7213.44
7152.88
7137.03
7009.56
6861.31
6623.01
6165.35
5860.99
5944.87
6061.8
5457.82
5783.15
5672.7
5799.24
5930.17
6586.01
6015.3
6588.28
6763.38
6814.76
6979.81
7093.42
7106.01
7046.57
7041.27
6785.94
7060.6
7198.85
7268.06
7227.96
7136.1
7083.49
6894.23
6742.89
6446.31
6335.56
6470.74
6672.69
6919.59
6712.21
6923.6
6646.55
6710.4
6514.72
6593.8
6661.44
6721.08
6749.28
6554.04
6318.61
6206.24
6197.84
5989.27
6312.03
6495.15
6430.58
6529.99
6181.06
6398.77
6833.42
6964.01
6872.97
5984.26
