2088.95
2305.64
1856.43
1809.54
1688.32
1416.09
1235.3
1518.55
1833.57
1846.9
1606.04
1395.79
1333.71
1396.1
1592.74
1535.65
1529.65
1564.47
1410.42
1406.59
1448.49
1439.05
1470.53
1562.65
1363.32
1433.11
1386.31
1288.11
1221.11
1570.2
1425.16
1447.05
1253.61
1169.57
1105.06
1125.16
1125.06
1050.04
1195.37
1080.37
1070.06
1050.98
1008.64
997.5
1024.55
1038.07
1098.29
1058.14
1115.78
1386.25
1484.46
1321.26
1487.34
1500.1
1669.13
1816.47
1865.11
1787.25
1321.26
1201.92
1410.33
1435.88
1653.95
1879.87
1974.69
1964.31
1593.6
2612.89
1945.82
1992.46
1982.93
2189.77
2908.24
2969.83
2976.85
2722.95
2883.21
2415.25
2584.21
1973.44
1941.41
1967.28
1966.29
2141.77
2432.89
2388.33
3005.01
3290.68
3369.14
3593.41
3626.88
3784.23
3617.29
3455.24
3426.45
3097.92
3294.08
3186.77
2829.02
3229.6
3078.91
3315.26
3079.99
3245.26
3266.62
3190.12
2686.52
2137.59
2825.89
2310.15
2329.44
2135.27
1895.25
2025.58
2542.69
2852.93
2194.84
2143.52
2721.78
2092.0
2458.65
2007.12
2086.18
2795.3
2835.11
3271.99
3547.35
3774.81
3830.49
4260.41
4397.08
4550.53
4290.59
4002.88
3682.73
4215.21
4129.54
4351.63
4366.59
3597.92
3865.83
4111.99
4341.74
4286.46
4326.76
4715.64
4938.61
5062.44
5110.86
5219.08
5228.84
5298.72
5308.52
5300.24
5408.52
5457.82
5572.09
6061.8
5799.24
6165.35
6430.58
6734.99
6763.38
6826.61
6721.08
6627.43
6947.06
6710.4
6864.87
6894.23
7035.76
7009.56
6923.6
6693.83
6554.04
6529.99
6508.21
6839.59
7245.13
7222.08
6749.28
6785.94
6923.41
6979.81
6919.59
7252.4
7041.27
7152.88
7227.96
7500.79
7458.99
7573.26
7227.45
7380.32
7341.65
7276.63
7677.73
7918.53
8039.45
8256.28
8516.02
8098.16
7927.49
7838.22
7630.71
7773.31
7670.37
8144.16
8724.13
8001.57
7739.86
7830.35
7816.44
7773.92
7832.22
7840.31
8035.2
8043.71
7866.52
7641.77
7268.06
7198.85
7083.49
7404.61
7312.85
7106.01
7170.7
7742.53
7630.26
8069.81
8084.88
8465.77
8738.72
7993.09
8059.65
8144.02
7906.6
7736.07
7877.19
7532.9
7703.1
7489.2
7331.73
6495.15
6514.72
6526.62
6318.61
5984.26
6245.18
5989.27
6369.28
6588.28
6446.31
6206.24
6335.56
6181.06
6223.37
5860.99
6470.74
6304.53
6742.89
6861.31
6712.21
7213.44
7060.6
7137.03
7197.5
7046.57
7086.86
6964.01
6833.42
6742.97
6661.44
6015.3
6672.69
6872.97
7093.42
7575.15
7136.1
6890.94
6209.71
5672.7
5930.17
5783.15
5715.92
6312.03
5944.87
6197.84
6398.77
6407.52
6607.13
6814.76
6593.8
6729.53
6642.27
6623.01
6543.39
6701.36
6646.55
6586.01
