1846.9
1593.6
1982.93
1386.31
1688.32
1816.47
1669.13
1333.71
1201.92
1169.57
1195.37
1321.26
1395.79
2137.59
2969.83
3005.01
2143.52
2025.58
2305.64
2086.18
2088.95
1787.25
1484.46
1363.32
1321.26
1288.11
1253.61
1235.3
1386.25
1410.42
1433.11
1447.05
1529.65
1416.09
1115.78
1125.06
1050.04
1008.64
1038.07
997.5
1050.98
1024.55
1070.06
1098.29
1058.14
1105.06
1080.37
1125.16
1221.11
1396.1
1410.33
1425.16
1439.05
1406.59
1833.57
1945.82
1865.11
1564.47
1435.88
1500.1
1592.74
1606.04
1879.87
1895.25
1562.65
1941.41
1448.49
1518.55
1535.65
1570.2
1487.34
1967.28
2007.12
2825.89
2829.02
2721.78
2612.89
2795.3
2458.65
2388.33
2189.77
2584.21
2722.95
3078.91
3369.14
3229.6
3315.26
3294.08
3271.99
3455.24
3597.92
3617.29
3830.49
4002.88
4111.99
4286.46
4260.41
3682.73
3426.45
3266.62
3079.99
3186.77
2686.52
3190.12
2542.69
2852.93
2415.25
2092.0
1992.46
1856.43
1964.31
2329.44
2310.15
2908.24
2976.85
2835.11
2135.27
2432.89
1974.69
1966.29
1809.54
1470.53
1973.44
1653.95
2194.84
2141.77
2883.21
3097.92
3245.26
3290.68
3593.41
3626.88
3547.35
3784.23
3774.81
4215.21
3865.83
4129.54
4290.59
4341.74
4351.63
4326.76
4366.59
4397.08
4715.64
5062.44
4938.61
5110.86
4550.53
5228.84
5219.08
5300.24
5457.82
5308.52
6407.52
6554.04
6543.39
6712.21
7035.76
6833.42
7093.42
6814.76
6785.94
6607.13
6508.21
6646.55
6864.87
6661.44
6312.03
6398.77
6061.8
6749.28
6529.99
6861.31
6710.4
6763.38
6826.61
7046.57
7083.49
7222.08
7739.86
7927.49
8084.88
7877.19
7575.15
7630.71
7341.65
7677.73
7227.96
7245.13
7573.26
7197.5
7152.88
7198.85
7106.01
7137.03
7213.44
7703.1
7832.22
7906.6
7830.35
7670.37
7268.06
7404.61
7380.32
7312.85
7331.73
7641.77
7630.26
7252.4
7136.1
7276.63
7458.99
7918.53
8059.65
8144.02
8724.13
8738.72
8516.02
8098.16
7840.31
7816.44
7532.9
7838.22
8039.45
7773.92
8144.16
8069.81
8043.71
7773.31
8001.57
7500.79
8035.2
7866.52
7993.09
8465.77
8256.28
7742.53
7170.7
7227.45
7736.07
7489.2
6923.6
6593.8
6586.01
6672.69
6721.08
6165.35
5799.24
5672.7
5783.15
6627.43
6245.18
6015.3
6923.41
6693.83
6839.59
6919.59
7009.56
6890.94
7060.6
6872.97
6947.06
6979.81
6964.01
7086.86
6894.23
7041.27
6734.99
6623.01
5930.17
5944.87
6197.84
6369.28
6304.53
6206.24
5984.26
6335.56
6470.74
6209.71
5989.27
6430.58
6495.15
6729.53
6742.97
6526.62
5860.99
6514.72
5408.52
5572.09
5298.72
6642.27
6223.37
6446.31
6181.06
6318.61
6588.28
6701.36
6742.89
5715.92
