1974.69
2721.78
1973.44
1606.04
1787.25
1941.41
1653.95
1518.55
1425.16
1570.2
1386.25
1448.49
1809.54
1592.74
1470.53
1500.1
1447.05
1321.26
1321.26
1169.57
1221.11
1288.11
1105.06
1439.05
1410.42
1333.71
1435.88
1564.47
1529.65
1593.6
1669.13
1833.57
1945.82
1865.11
1688.32
1535.65
1395.79
1195.37
1115.78
1201.92
1058.14
1070.06
1098.29
1038.07
1008.64
1024.55
1050.04
997.5
1080.37
1050.98
1125.16
1125.06
1235.3
1363.32
1416.09
1410.33
1386.31
1396.1
1406.59
1253.61
1562.65
1433.11
1879.87
1895.25
1966.29
1856.43
1816.47
1484.46
1846.9
1964.31
1487.34
1967.28
2686.52
3190.12
3290.68
3245.26
3078.91
3271.99
2825.89
2584.21
3005.01
2795.3
2976.85
3186.77
3315.26
3547.35
3830.49
3784.23
3294.08
3369.14
3626.88
3682.73
3597.92
3426.45
3229.6
3079.99
3097.92
2329.44
2388.33
2086.18
1982.93
2092.0
2135.27
2458.65
2415.25
2432.89
2194.84
2025.58
2137.59
2189.77
2310.15
2722.95
2542.69
2883.21
2969.83
2829.02
2612.89
2143.52
2141.77
2007.12
1992.46
2088.95
2305.64
2852.93
2835.11
2908.24
3266.62
3455.24
3593.41
3774.81
4215.21
4129.54
4341.74
4290.59
4260.41
4286.46
4002.88
4326.76
4366.59
4397.08
4111.99
3617.29
3865.83
4351.63
4550.53
5062.44
4938.61
4715.64
5110.86
5219.08
5298.72
5228.84
5300.24
5408.52
5930.17
5799.24
5715.92
6061.8
5672.7
6607.13
6693.83
6543.39
6593.8
6642.27
6947.06
6734.99
7152.88
6721.08
6890.94
6701.36
6710.4
6814.76
6964.01
6894.23
6864.87
6833.42
6861.31
6979.81
6923.41
6742.97
7106.01
6872.97
7170.7
7198.85
7197.5
7136.1
7252.4
7137.03
7046.57
7268.06
7573.26
7677.73
7532.9
7227.45
7093.42
7222.08
7341.65
7312.85
7404.61
7489.2
7500.79
7575.15
7458.99
7245.13
7380.32
7736.07
7773.92
8084.88
7840.31
7670.37
7993.09
8059.65
8098.16
8144.16
8465.77
8144.02
8738.72
8724.13
8516.02
8256.28
8043.71
7877.19
7830.35
8039.45
8069.81
8001.57
7838.22
7866.52
7832.22
7927.49
8035.2
7816.44
7630.26
7918.53
7739.86
7742.53
7703.1
7276.63
7227.96
7213.44
7041.27
7086.86
6839.59
6495.15
6529.99
6430.58
6508.21
5783.15
6304.53
6369.28
6446.31
6672.69
6826.61
6712.21
6742.89
6586.01
6335.56
5989.27
6197.84
6181.06
6588.28
6623.01
6749.28
7083.49
7331.73
7630.71
7906.6
7773.31
7641.77
7060.6
7035.76
6729.53
6627.43
6514.72
6526.62
7009.56
6919.59
6785.94
6661.44
6470.74
6318.61
6165.35
6554.04
6407.52
6245.18
5984.26
6312.03
5457.82
6223.37
5308.52
6209.71
6206.24
5944.87
5572.09
5860.99
6015.3
6646.55
6923.6
6763.38
6398.77
