1606.04
1973.44
1816.47
1945.82
1879.87
1964.31
1593.6
1439.05
1363.32
1435.88
1447.05
1500.1
1653.95
1895.25
1966.29
1856.43
1787.25
1669.13
1688.32
1570.2
1562.65
1416.09
1080.37
1098.29
1235.3
1024.55
1333.71
1105.06
1253.61
1448.49
1201.92
1125.16
1195.37
1169.57
1050.04
1410.33
1396.1
1288.11
1484.46
1433.11
1410.42
1386.25
1406.59
1038.07
1050.98
1125.06
1115.78
997.5
1008.64
1221.11
1395.79
1070.06
1321.26
1058.14
1386.31
1592.74
1809.54
1487.34
1470.53
1321.26
1564.47
1425.16
1529.65
1535.65
1518.55
1865.11
1846.9
1833.57
1941.41
2086.18
1974.69
2025.58
2135.27
2137.59
2143.52
2189.77
2329.44
2721.78
2310.15
2194.84
2088.95
1992.46
2141.77
2458.65
3079.99
3229.6
3369.14
3190.12
2976.85
3315.26
3593.41
3426.45
3547.35
3455.24
3682.73
3290.68
3784.23
3774.81
3597.92
3294.08
3186.77
3245.26
2969.83
2825.89
2722.95
3097.92
2584.21
2835.11
3005.01
2612.89
2388.33
2542.69
2007.12
1982.93
1967.28
2092.0
2305.64
2415.25
2432.89
2686.52
2852.93
2829.02
2795.3
3078.91
2883.21
2908.24
3271.99
3266.62
3617.29
3626.88
3830.49
4002.88
4129.54
4215.21
4341.74
4351.63
3865.83
4290.59
4326.76
4260.41
4111.99
4286.46
4366.59
4397.08
4550.53
4715.64
5228.84
4938.61
5110.86
5308.52
5672.7
5457.82
5783.15
5944.87
6470.74
6430.58
6554.04
6729.53
6586.01
5984.26
6508.21
6304.53
6623.01
5989.27
6661.44
6526.62
6607.13
5860.99
5572.09
5062.44
5219.08
5298.72
5408.52
5300.24
5715.92
5799.24
6245.18
6693.83
6872.97
7035.76
7041.27
7152.88
7245.13
7500.79
7213.44
7703.1
7380.32
7573.26
7742.53
7877.19
7993.09
7927.49
7906.6
7641.77
7773.92
7830.35
8001.57
8465.77
8724.13
8738.72
8516.02
8256.28
8043.71
7866.52
7404.61
7773.31
7838.22
8059.65
8098.16
8035.2
7341.65
7739.86
8039.45
8144.16
8084.88
7918.53
8144.02
8069.81
7840.31
7832.22
7670.37
7489.2
7677.73
7630.71
7575.15
7222.08
7137.03
7268.06
7276.63
7736.07
7816.44
7252.4
7630.26
7227.45
7136.1
7198.85
7086.86
6964.01
7009.56
7083.49
7197.5
6979.81
6785.94
6223.37
6672.69
6701.36
6627.43
6197.84
6588.28
6165.35
6335.56
6642.27
6721.08
6826.61
6923.41
6833.42
6947.06
7093.42
7312.85
7170.7
7331.73
7532.9
7060.6
7106.01
7227.96
6890.94
7458.99
6861.31
6814.76
6763.38
6646.55
6495.15
6529.99
6015.3
6061.8
6742.89
6712.21
6919.59
6894.23
7046.57
6923.6
6839.59
6864.87
6734.99
6593.8
6543.39
5930.17
6206.24
6312.03
6181.06
6514.72
6407.52
6446.31
6318.61
6398.77
6369.28
6710.4
6742.97
6749.28
6209.71
