1967.28
1570.2
1406.59
1425.16
1416.09
1606.04
2092.0
1787.25
1169.57
1235.3
1321.26
1433.11
1535.65
1593.6
1500.1
1484.46
1487.34
1518.55
1964.31
1448.49
1410.42
1386.31
1396.1
1435.88
1363.32
1386.25
1195.37
1253.61
1288.11
1321.26
1080.37
1008.64
1024.55
1050.98
1115.78
1038.07
1125.06
1201.92
1125.16
1098.29
1410.33
997.5
1050.04
1070.06
1058.14
1105.06
1221.11
1333.71
1395.79
1529.65
1564.47
1895.25
2007.12
1856.43
1688.32
2835.11
2305.64
2135.27
2141.77
1879.87
1865.11
1669.13
1833.57
1816.47
1945.82
1653.95
1470.53
1439.05
1447.05
1592.74
1846.9
1809.54
1562.65
1966.29
1974.69
2086.18
2137.59
2189.77
2415.25
3455.24
2908.24
3266.62
2458.65
2825.89
3593.41
3682.73
3426.45
3271.99
3190.12
3186.77
2795.3
2686.52
2722.95
2976.85
2852.93
3005.01
2969.83
3290.68
2612.89
3245.26
2883.21
3229.6
3369.14
3597.92
3626.88
3315.26
3294.08
2388.33
2542.69
1973.44
2143.52
2584.21
2721.78
3097.92
2310.15
3774.81
2829.02
3079.99
2432.89
2025.58
1941.41
1992.46
2194.84
1982.93
2088.95
2329.44
3078.91
3617.29
3547.35
3784.23
3865.83
4129.54
4111.99
3830.49
4002.88
4260.41
4286.46
4351.63
4341.74
4366.59
4550.53
4215.21
4290.59
4326.76
4397.08
4715.64
5062.44
4938.61
5110.86
5228.84
5219.08
5300.24
5298.72
5308.52
5715.92
5930.17
5783.15
6304.53
6407.52
6721.08
6701.36
6742.97
6814.76
6833.42
6763.38
6642.27
6661.44
6543.39
5860.99
6165.35
6206.24
5408.52
5799.24
6245.18
6627.43
6588.28
6526.62
6646.55
6785.94
6894.23
7152.88
7137.03
7245.13
7773.92
7630.71
8035.2
8001.57
7906.6
7736.07
7703.1
7866.52
8043.71
7641.77
7816.44
7575.15
7677.73
8059.65
8144.02
8039.45
8069.81
7927.49
7838.22
7458.99
7093.42
7009.56
6923.41
7060.6
7198.85
7170.7
7086.86
7197.5
7213.44
7877.19
7840.31
8084.88
8144.16
8465.77
8738.72
8724.13
8516.02
8256.28
8098.16
7993.09
7739.86
7268.06
7312.85
7341.65
7404.61
7773.31
7670.37
7832.22
7918.53
7742.53
7830.35
7500.79
7489.2
7630.26
7573.26
7380.32
7331.73
7532.9
7252.4
7276.63
7041.27
7106.01
6369.28
6495.15
5984.26
6734.99
6923.6
6430.58
6623.01
6861.31
6712.21
7046.57
6839.59
6514.72
6470.74
6742.89
6919.59
6947.06
6964.01
6890.94
6864.87
7035.76
7227.45
7222.08
6749.28
6693.83
6197.84
6061.8
5944.87
5457.82
5672.7
5989.27
6446.31
6826.61
7136.1
7083.49
7227.96
6979.81
6872.97
6672.69
6223.37
6312.03
6318.61
6181.06
6529.99
6586.01
6554.04
6508.21
6710.4
6729.53
6607.13
6015.3
6398.77
6209.71
6335.56
6593.8
5572.09
