2092.0
2194.84
2025.58
1787.25
1416.09
1406.59
1448.49
1435.88
1447.05
1470.53
1410.42
1484.46
1562.65
1570.2
1606.04
1535.65
1439.05
1410.33
1195.37
1024.55
1050.04
997.5
1008.64
1038.07
1058.14
1396.1
1425.16
1105.06
1386.31
1333.71
1201.92
1363.32
1221.11
1125.06
1098.29
1288.11
1321.26
1080.37
1169.57
1321.26
1125.16
1070.06
1386.25
1050.98
1395.79
1235.3
1253.61
1115.78
1433.11
1500.1
1809.54
1846.9
1945.82
1865.11
2086.18
2135.27
2612.89
1833.57
2007.12
1974.69
1966.29
1669.13
1941.41
1564.47
1593.6
1688.32
1592.74
1653.95
1529.65
1487.34
1518.55
1964.31
2141.77
2143.52
1879.87
1982.93
1816.47
1967.28
2088.95
1895.25
1973.44
1856.43
1992.46
2305.64
2310.15
2388.33
2686.52
2542.69
2432.89
2721.78
2852.93
2722.95
2825.89
3369.14
3005.01
2969.83
3290.68
3266.62
3455.24
3626.88
3245.26
3597.92
2976.85
2883.21
2908.24
3097.92
3547.35
3617.29
3271.99
3229.6
3315.26
2835.11
3078.91
3186.77
3426.45
3079.99
2415.25
3294.08
2329.44
2189.77
2458.65
2137.59
2584.21
2795.3
2829.02
3190.12
3593.41
3682.73
4002.88
4366.59
4215.21
4290.59
3865.83
3774.81
4351.63
3784.23
4341.74
4397.08
4326.76
4286.46
4260.41
4129.54
3830.49
4111.99
4550.53
4715.64
4938.61
5228.84
5300.24
5219.08
5308.52
5298.72
5110.86
5062.44
5408.52
5457.82
5572.09
6223.37
6833.42
6979.81
7152.88
7170.7
6814.76
6470.74
6061.8
6209.71
5944.87
5783.15
5799.24
5930.17
5984.26
5672.7
5989.27
6206.24
6335.56
6627.43
6729.53
7009.56
7106.01
7227.96
7252.4
7227.45
7213.44
7035.76
7245.13
7268.06
7341.65
7773.92
7641.77
7736.07
7918.53
8084.88
8738.72
8059.65
7840.31
8256.28
7816.44
8043.71
8144.02
8144.16
8098.16
8001.57
8035.2
7927.49
7906.6
7838.22
8069.81
7866.52
7832.22
7630.71
7573.26
7677.73
7742.53
7877.19
8516.02
8039.45
8724.13
8465.77
7993.09
7380.32
6919.59
6554.04
6607.13
6734.99
7198.85
7404.61
7739.86
7703.1
7276.63
7197.5
6894.23
6947.06
7083.49
7312.85
7630.26
7773.31
7830.35
7458.99
7489.2
7670.37
7532.9
6923.41
6839.59
6430.58
6369.28
6586.01
6721.08
6181.06
6588.28
6165.35
6543.39
6701.36
6710.4
6861.31
7041.27
6964.01
7086.86
7137.03
7575.15
7093.42
7500.79
7222.08
7046.57
6742.89
6712.21
6923.6
7136.1
6890.94
6785.94
6661.44
6672.69
6514.72
6646.55
6623.01
6763.38
6749.28
6864.87
6826.61
6693.83
6526.62
6398.77
6642.27
6312.03
6245.18
6593.8
6407.52
6446.31
6197.84
6495.15
6318.61
6872.97
6742.97
7331.73
7060.6
6529.99
5860.99
5715.92
6304.53
6508.21
6015.3
