2432.89
2135.27
1865.11
1966.29
1435.88
1396.1
1593.6
1447.05
1570.2
1439.05
1321.26
1050.98
1169.57
1973.44
2025.58
1982.93
1964.31
1816.47
1518.55
1416.09
1221.11
1288.11
1098.29
1386.31
1125.16
1562.65
1470.53
1564.47
1050.04
1410.33
1253.61
997.5
1406.59
1363.32
1105.06
1484.46
1115.78
1125.06
1070.06
1058.14
1080.37
1008.64
1024.55
1038.07
1321.26
1395.79
1500.1
1425.16
1386.25
1487.34
1809.54
1895.25
1967.28
1833.57
2088.95
1974.69
2007.12
1941.41
1856.43
1653.95
1945.82
1448.49
1410.42
1333.71
1235.3
1433.11
1529.65
1606.04
1195.37
1669.13
1535.65
1879.87
2086.18
2141.77
2194.84
2092.0
2143.52
2329.44
2721.78
2189.77
2584.21
2458.65
2686.52
2795.3
3078.91
2976.85
3186.77
3294.08
3682.73
3784.23
4111.99
4341.74
4397.08
4366.59
4286.46
4290.59
3865.83
3617.29
3097.92
3190.12
2415.25
2542.69
2388.33
2969.83
2612.89
2835.11
2305.64
1992.46
1846.9
1201.92
1592.74
1688.32
1787.25
2137.59
2310.15
2722.95
2825.89
2908.24
3079.99
3315.26
3290.68
3229.6
3005.01
2852.93
2829.02
2883.21
3271.99
3245.26
3266.62
3455.24
3830.49
4215.21
4351.63
4129.54
4260.41
4002.88
3774.81
3426.45
3369.14
3597.92
3547.35
3593.41
3626.88
4326.76
4550.53
4715.64
4938.61
5062.44
5228.84
5715.92
5860.99
5298.72
5300.24
5219.08
5572.09
5308.52
5989.27
5984.26
6209.71
6165.35
6369.28
5672.7
6206.24
6543.39
5783.15
6245.18
6223.37
6061.8
5110.86
5408.52
6318.61
6407.52
6623.01
6729.53
6872.97
7060.6
7197.5
7500.79
7380.32
7252.4
7245.13
7268.06
7404.61
7630.71
7773.92
7832.22
7703.1
7331.73
7213.44
7170.7
7086.86
7198.85
7312.85
7670.37
7641.77
7573.26
7742.53
8098.16
8035.2
8059.65
8738.72
7918.53
7877.19
7736.07
7532.9
7739.86
8039.45
8724.13
8144.16
7840.31
7906.6
8001.57
7866.52
8084.88
7927.49
7993.09
8516.02
8256.28
8144.02
8465.77
8043.71
8069.81
7838.22
7830.35
7677.73
7458.99
7341.65
7630.26
7773.31
7816.44
7575.15
7227.45
7276.63
7489.2
7227.96
7152.88
6864.87
6833.42
6923.41
6964.01
7137.03
7046.57
6894.23
6642.27
6712.21
6839.59
6701.36
6607.13
6526.62
6430.58
6672.69
7093.42
7136.1
6785.94
6890.94
6693.83
6814.76
6919.59
7009.56
6826.61
7035.76
6742.97
6861.31
6947.06
7106.01
7041.27
7222.08
7083.49
6470.74
6721.08
6495.15
6197.84
6979.81
6446.31
6710.4
6749.28
6763.38
6734.99
6661.44
6627.43
6554.04
6508.21
6593.8
6586.01
6529.99
6588.28
6015.3
6304.53
6398.77
5457.82
6312.03
6514.72
6181.06
5944.87
5799.24
5930.17
6335.56
6742.89
6923.6
6646.55
