2415.25
2721.78
1535.65
1487.34
1235.3
1050.98
1321.26
1606.04
1879.87
1982.93
1964.31
1410.42
1105.06
1288.11
1562.65
1592.74
1439.05
1500.1
1435.88
1416.09
1395.79
1529.65
1518.55
1484.46
1447.05
1386.25
1448.49
1115.78
1195.37
1201.92
1221.11
1058.14
1024.55
997.5
1008.64
1038.07
1070.06
1080.37
1169.57
1125.16
1253.61
1050.04
1098.29
1321.26
1125.06
1396.1
1470.53
1570.2
1816.47
2542.69
2141.77
1973.44
2137.59
1653.95
1974.69
2329.44
2189.77
2092.0
1856.43
1809.54
2305.64
1669.13
1593.6
1386.31
1333.71
1406.59
1363.32
1425.16
1433.11
1564.47
1410.33
1945.82
1688.32
1992.46
1787.25
1895.25
1846.9
1941.41
1865.11
2194.84
2086.18
2135.27
1833.57
2835.11
2584.21
2612.89
3186.77
2976.85
3005.01
3245.26
3597.92
3078.91
3229.6
3547.35
3617.29
3455.24
3626.88
3369.14
2908.24
2686.52
2883.21
3097.92
2722.95
2310.15
2025.58
2795.3
2388.33
2143.52
2458.65
2088.95
1966.29
1967.28
2007.12
2432.89
2825.89
3426.45
3315.26
3294.08
3271.99
2969.83
2829.02
2852.93
3079.99
3593.41
3774.81
3190.12
3865.83
4002.88
4215.21
4129.54
4286.46
4111.99
3682.73
3266.62
3290.68
3830.49
3784.23
4290.59
4351.63
4341.74
4326.76
4260.41
4366.59
4397.08
4550.53
4715.64
4938.61
5228.84
5110.86
5219.08
5062.44
5298.72
5300.24
5308.52
5799.24
5672.7
6642.27
6814.76
6979.81
7046.57
7093.42
6947.06
6721.08
6335.56
5944.87
6398.77
6245.18
5572.09
5860.99
5715.92
6015.3
6661.44
6826.61
7041.27
7268.06
7773.92
7198.85
7245.13
7252.4
7227.45
7152.88
7703.1
7489.2
7838.22
7742.53
7641.77
7573.26
7575.15
7341.65
7331.73
7404.61
7500.79
7816.44
7830.35
7677.73
8035.2
7927.49
8144.16
8256.28
8738.72
7906.6
8098.16
8144.02
7630.71
7532.9
7773.31
7630.26
7840.31
7918.53
8084.88
8039.45
8001.57
7877.19
8069.81
8043.71
7993.09
8724.13
8516.02
8465.77
8059.65
7866.52
7739.86
7670.37
7832.22
7736.07
7276.63
7083.49
7312.85
7458.99
7380.32
7170.7
7227.96
7197.5
7136.1
7009.56
7035.76
6890.94
6710.4
7106.01
6964.01
7213.44
7137.03
7060.6
6712.21
6693.83
6607.13
6593.8
6061.8
6165.35
6181.06
6588.28
6785.94
6872.97
6864.87
6839.59
6742.97
6923.41
6833.42
6729.53
6672.69
6742.89
6749.28
6734.99
6543.39
6554.04
6508.21
6318.61
6407.52
6223.37
6304.53
6369.28
6514.72
6206.24
5930.17
6526.62
6763.38
6470.74
6861.31
6495.15
6529.99
6446.31
6209.71
5984.26
6197.84
5783.15
5989.27
5457.82
5408.52
6312.03
6627.43
6923.6
7222.08
7086.86
6919.59
6646.55
6430.58
6586.01
6701.36
6894.23
6623.01
