2305.64
2189.77
1500.1
2137.59
2721.78
2141.77
1333.71
1386.25
1487.34
2135.27
1895.25
1787.25
1865.11
1669.13
1425.16
1396.1
1435.88
1410.42
1448.49
1529.65
1439.05
1321.26
1125.16
1038.07
1050.04
1125.06
1321.26
1105.06
1115.78
1070.06
1050.98
1169.57
1058.14
1008.64
997.5
1024.55
1080.37
1098.29
1195.37
1253.61
1406.59
1221.11
1410.33
1447.05
1395.79
1288.11
1470.53
1201.92
1363.32
1416.09
1562.65
1570.2
1688.32
1941.41
2092.0
1964.31
1974.69
1816.47
1592.74
1235.3
1846.9
1484.46
1992.46
2007.12
2088.95
1973.44
1945.82
1967.28
1856.43
1386.31
1518.55
1564.47
1966.29
2310.15
2388.33
2329.44
1982.93
2432.89
2542.69
2458.65
2025.58
2143.52
2835.11
3005.01
3190.12
2976.85
2852.93
2825.89
2722.95
3079.99
3593.41
3245.26
2883.21
2795.3
3315.26
3426.45
3290.68
2969.83
3078.91
3271.99
3229.6
3097.92
2829.02
2686.52
2584.21
2194.84
1593.6
1879.87
1535.65
1606.04
1653.95
1833.57
1433.11
1809.54
2086.18
2415.25
2612.89
2908.24
3266.62
3294.08
3369.14
3455.24
3186.77
3547.35
3865.83
3626.88
3830.49
3784.23
4326.76
4351.63
4550.53
4290.59
4215.21
3617.29
3597.92
4002.88
3774.81
3682.73
4111.99
4129.54
4286.46
4260.41
4366.59
4341.74
4397.08
5219.08
5228.84
5110.86
5308.52
4938.61
5062.44
4715.64
5300.24
5298.72
5457.82
5715.92
6197.84
6495.15
6607.13
6529.99
6661.44
6554.04
6642.27
6627.43
6721.08
6785.94
6861.31
6646.55
6586.01
6446.31
6593.8
6729.53
6749.28
6470.74
6763.38
6979.81
7380.32
7703.1
7739.86
7816.44
7641.77
7489.2
7197.5
7341.65
7312.85
7041.27
7245.13
7198.85
6890.94
7035.76
7046.57
6864.87
7137.03
6964.01
7060.6
7213.44
7276.63
7532.9
8724.13
8738.72
7840.31
7993.09
8043.71
7573.26
7458.99
7268.06
7136.1
7106.01
6947.06
6672.69
6623.01
6839.59
6894.23
7252.4
7832.22
8059.65
8256.28
8144.16
8084.88
7742.53
7677.73
7630.26
7575.15
7906.6
7918.53
7736.07
7773.92
8001.57
8069.81
8144.02
8039.45
8516.02
8465.77
8035.2
7630.71
7877.19
7404.61
7773.31
7866.52
7830.35
7500.79
7222.08
7083.49
6526.62
6335.56
6206.24
6430.58
5989.27
5799.24
5572.09
5408.52
5672.7
5930.17
5944.87
6165.35
6181.06
6407.52
6312.03
6712.21
6833.42
7086.86
7227.96
7227.45
7152.88
7331.73
7927.49
8098.16
7670.37
7838.22
7170.7
6701.36
6742.89
6734.99
6710.4
6872.97
6919.59
6923.6
7009.56
6923.41
6742.97
6814.76
6508.21
6223.37
6693.83
6245.18
6588.28
6061.8
5860.99
6318.61
5783.15
6304.53
6209.71
6398.77
6369.28
6514.72
6826.61
7093.42
6543.39
6015.3
5984.26
