1448.49
1945.82
1941.41
2189.77
2086.18
1879.87
1895.25
1809.54
1592.74
1787.25
1606.04
1846.9
2007.12
3186.77
2329.44
2976.85
2310.15
2194.84
1967.28
1816.47
1570.2
1410.42
1321.26
1105.06
1098.29
1080.37
1115.78
1169.57
1435.88
1518.55
1484.46
1447.05
1321.26
1386.31
1288.11
1500.1
1416.09
1395.79
1201.92
1253.61
1125.06
1050.98
1038.07
1058.14
1024.55
1050.04
997.5
1008.64
1070.06
1125.16
1865.11
1433.11
1593.6
1221.11
1363.32
1439.05
1535.65
1425.16
1470.53
1562.65
1833.57
1487.34
1564.47
1410.33
1235.3
1386.25
1333.71
1396.1
1406.59
1529.65
1856.43
1992.46
2092.0
2415.25
2825.89
2137.59
2721.78
2722.95
3005.01
2584.21
2686.52
2612.89
2143.52
2795.3
3078.91
3097.92
3229.6
3290.68
3426.45
3626.88
3593.41
3547.35
3266.62
3455.24
3294.08
3597.92
3315.26
3617.29
3271.99
2883.21
2305.64
2969.83
2458.65
2542.69
2388.33
2088.95
1688.32
1966.29
2135.27
1982.93
1973.44
1669.13
1195.37
2025.58
1653.95
1964.31
1974.69
2141.77
2432.89
3245.26
2835.11
2908.24
2852.93
2829.02
3079.99
3190.12
3369.14
3784.23
4111.99
4215.21
4286.46
4351.63
4341.74
4260.41
4397.08
4715.64
4290.59
4366.59
4326.76
3865.83
3830.49
3774.81
3682.73
4002.88
4129.54
4550.53
4938.61
5062.44
5110.86
5408.52
5783.15
5300.24
5930.17
5944.87
6514.72
6588.28
6701.36
6712.21
6642.27
6446.31
6245.18
6814.76
6398.77
6646.55
6763.38
6964.01
7041.27
6919.59
6861.31
6729.53
6672.69
6593.8
6785.94
6661.44
6749.28
6890.94
7060.6
7170.7
7046.57
7404.61
7830.35
7227.45
7840.31
8069.81
7739.86
7832.22
7906.6
7736.07
7877.19
8059.65
7500.79
7630.71
6872.97
6839.59
7341.65
8144.16
8035.2
7773.92
7703.1
7573.26
7245.13
7276.63
7213.44
6923.41
7197.5
6979.81
7222.08
7380.32
7312.85
7458.99
7268.06
7575.15
7630.26
7993.09
8256.28
8465.77
8724.13
8738.72
8516.02
8098.16
7677.73
7489.2
7816.44
8001.57
8084.88
7918.53
7773.31
7742.53
7670.37
7927.49
7641.77
8039.45
8043.71
8144.02
7838.22
7866.52
7532.9
7252.4
7137.03
7136.1
6894.23
6742.97
6470.74
6015.3
5799.24
6061.8
6304.53
5298.72
5572.09
5219.08
5228.84
5860.99
6312.03
6206.24
6508.21
6318.61
6369.28
6335.56
6734.99
6710.4
6923.6
7083.49
7106.01
7086.86
7035.76
7331.73
7227.96
7198.85
7152.88
7093.42
7009.56
6864.87
6947.06
6693.83
6826.61
6721.08
6554.04
6586.01
6223.37
6407.52
6623.01
6742.89
6833.42
6607.13
6529.99
6430.58
6197.84
5308.52
6181.06
5672.7
5715.92
5984.26
5989.27
6165.35
6209.71
6495.15
6627.43
6543.39
6526.62
5457.82
