1865.11
1973.44
2143.52
2007.12
1982.93
2092.0
1500.1
1425.16
1115.78
1125.06
1125.16
1201.92
1321.26
1529.65
1570.2
1816.47
1787.25
1593.6
1966.29
1484.46
1895.25
1562.65
1410.42
1098.29
1024.55
1058.14
1169.57
1050.98
1105.06
1406.59
1396.1
1439.05
1470.53
1288.11
1410.33
1487.34
1809.54
1669.13
1833.57
1386.31
1008.64
997.5
1070.06
1080.37
1050.04
1038.07
1195.37
1235.3
1221.11
1447.05
1653.95
1363.32
1606.04
1448.49
1535.65
1941.41
1964.31
1856.43
1846.9
1518.55
1435.88
1395.79
1321.26
1433.11
1386.25
1253.61
1333.71
1416.09
1592.74
1564.47
1688.32
1945.82
2025.58
2141.77
2388.33
2189.77
2135.27
2686.52
2305.64
2458.65
2329.44
2310.15
2584.21
2852.93
3245.26
3290.68
3079.99
2969.83
3266.62
3626.88
3682.73
3271.99
3078.91
3455.24
3005.01
2795.3
3229.6
2086.18
2137.59
2088.95
2432.89
2721.78
2829.02
3186.77
3294.08
3369.14
3190.12
2908.24
2835.11
2542.69
1992.46
1967.28
1879.87
1974.69
2415.25
2976.85
3593.41
3426.45
3547.35
2883.21
2722.95
2194.84
2612.89
2825.89
3097.92
3315.26
3617.29
3830.49
3597.92
3784.23
4002.88
3774.81
4111.99
3865.83
4260.41
4341.74
4351.63
4366.59
4326.76
4215.21
4290.59
4129.54
4286.46
4550.53
4397.08
4715.64
5298.72
4938.61
5457.82
5308.52
5944.87
6197.84
6304.53
6430.58
6742.97
6514.72
6701.36
6627.43
6529.99
6446.31
6318.61
6407.52
6312.03
6398.77
5715.92
6061.8
5930.17
5219.08
5110.86
5062.44
5408.52
5572.09
6209.71
6165.35
6181.06
6470.74
6593.8
6712.21
6826.61
6923.41
7041.27
7197.5
7404.61
7927.49
8039.45
7677.73
7630.26
7877.19
7252.4
7816.44
7840.31
7993.09
7739.86
7866.52
7341.65
7703.1
7918.53
8043.71
8098.16
8465.77
7832.22
7331.73
7838.22
7736.07
8035.2
8144.02
8059.65
8516.02
7630.71
8084.88
7380.32
7268.06
7276.63
7670.37
8144.16
7830.35
8724.13
8256.28
8738.72
7458.99
8069.81
7489.2
7575.15
8001.57
7532.9
7213.44
7083.49
7046.57
7137.03
7312.85
7227.45
7906.6
7773.92
7773.31
7573.26
7641.77
7742.53
7198.85
7227.96
7245.13
7500.79
7222.08
6919.59
6245.18
5860.99
5783.15
5799.24
5300.24
5672.7
5228.84
6335.56
6554.04
6964.01
6864.87
7152.88
7060.6
7170.7
7086.86
6894.23
6890.94
6923.6
7106.01
6979.81
6814.76
6839.59
6872.97
7035.76
7093.42
7136.1
7009.56
6861.31
6785.94
6742.89
6623.01
6729.53
6763.38
6734.99
6833.42
6672.69
6661.44
6495.15
6526.62
6543.39
6749.28
6947.06
6721.08
6586.01
6642.27
6588.28
6693.83
6646.55
6710.4
6607.13
6223.37
6206.24
5984.26
6015.3
6369.28
6508.21
5989.27
