2721.78
1593.6
1195.37
1570.2
2092.0
1973.44
2137.59
2305.64
2088.95
2141.77
1653.95
1895.25
1974.69
2086.18
1966.29
1846.9
1487.34
1816.47
1433.11
1484.46
1416.09
1321.26
1221.11
1235.3
1169.57
1024.55
1038.07
1008.64
1080.37
1105.06
1115.78
1125.06
1070.06
1050.04
1098.29
997.5
1050.98
1058.14
1125.16
1201.92
1333.71
1253.61
1321.26
1363.32
1386.31
1447.05
1410.42
1386.25
1410.33
1518.55
1688.32
2135.27
1941.41
1606.04
1564.47
1669.13
1945.82
1500.1
1865.11
1879.87
2329.44
2458.65
2612.89
1535.65
1787.25
1592.74
1562.65
1425.16
1406.59
1395.79
1288.11
1396.1
1529.65
1809.54
1967.28
1964.31
1448.49
2189.77
2310.15
2584.21
1982.93
2415.25
2432.89
2722.95
2829.02
2852.93
3229.6
3294.08
3315.26
3547.35
3271.99
3186.77
3005.01
3097.92
3266.62
3426.45
3617.29
3593.41
3455.24
3245.26
2976.85
2883.21
2795.3
2686.52
2388.33
1992.46
1833.57
1435.88
1439.05
1856.43
1470.53
2194.84
2025.58
2007.12
2143.52
2825.89
2542.69
2908.24
2969.83
3079.99
3190.12
2835.11
3078.91
3369.14
3290.68
3597.92
3626.88
3830.49
4286.46
3682.73
4341.74
4129.54
4111.99
3865.83
3774.81
3784.23
4215.21
4002.88
4260.41
4326.76
4366.59
4290.59
4397.08
4351.63
4550.53
5300.24
5219.08
5298.72
4938.61
4715.64
5110.86
5062.44
5228.84
5308.52
5457.82
5984.26
6701.36
7276.63
7532.9
7742.53
7830.35
6923.41
5989.27
5715.92
6369.28
6721.08
6529.99
6312.03
6181.06
5572.09
5408.52
5930.17
6206.24
6586.01
6979.81
7245.13
7489.2
7641.77
7773.92
7838.22
7380.32
8144.16
7840.31
8098.16
8069.81
7816.44
7993.09
8035.2
7773.31
7575.15
7227.45
7136.1
7222.08
7106.01
7137.03
7739.86
7573.26
7877.19
7832.22
7736.07
7630.26
7312.85
7227.96
6864.87
6964.01
7046.57
6947.06
7093.42
7703.1
7268.06
7677.73
7866.52
7918.53
8059.65
8256.28
8516.02
8465.77
8738.72
8724.13
8084.88
8144.02
8001.57
7927.49
8043.71
8039.45
7906.6
7630.71
7197.5
7213.44
7083.49
7086.86
7060.6
7198.85
7341.65
7500.79
7331.73
7458.99
7404.61
7252.4
7670.37
7170.7
7041.27
7152.88
6197.84
6398.77
6661.44
6672.69
6607.13
5944.87
5672.7
5783.15
6318.61
6734.99
6814.76
6642.27
6526.62
6693.83
6446.31
6593.8
6470.74
6543.39
6742.97
6742.89
6623.01
6833.42
6749.28
6919.59
6646.55
6627.43
6554.04
6407.52
6588.28
6710.4
6729.53
6712.21
6890.94
6872.97
6923.6
6763.38
6861.31
6894.23
7009.56
6785.94
7035.76
6826.61
6514.72
6335.56
6245.18
6015.3
5860.99
6508.21
6430.58
6839.59
6495.15
6165.35
6209.71
5799.24
6061.8
6223.37
6304.53
