2025.58
2722.95
1688.32
1448.49
1410.42
1416.09
1487.34
1945.82
2141.77
1964.31
2143.52
1973.44
1879.87
1982.93
1865.11
1833.57
1593.6
1529.65
1447.05
1396.1
1470.53
1484.46
1321.26
1439.05
1500.1
1653.95
1592.74
1425.16
1321.26
1386.25
1221.11
1253.61
1395.79
1201.92
1125.06
1105.06
1098.29
1008.64
1125.16
1050.04
1070.06
1050.98
1080.37
1038.07
1058.14
1115.78
1024.55
1195.37
1333.71
997.5
1235.3
1169.57
1363.32
1386.31
1410.33
1518.55
1535.65
1406.59
1435.88
1288.11
1433.11
1562.65
1570.2
1856.43
1974.69
2007.12
1895.25
1846.9
1787.25
1606.04
1564.47
1941.41
1967.28
2086.18
2432.89
2458.65
2305.64
2721.78
2310.15
2189.77
2135.27
2092.0
2194.84
2542.69
2686.52
2388.33
2969.83
2795.3
3266.62
3294.08
2908.24
3005.01
2883.21
3186.77
3245.26
3593.41
3774.81
3682.73
3830.49
3617.29
3097.92
3271.99
3078.91
3229.6
3079.99
2976.85
2329.44
2088.95
1966.29
1669.13
1809.54
1992.46
1816.47
2137.59
2612.89
2829.02
2584.21
2415.25
2835.11
2852.93
2825.89
3190.12
3426.45
3626.88
3597.92
3369.14
3547.35
3315.26
3290.68
3455.24
3784.23
3865.83
4002.88
4111.99
4129.54
4290.59
4326.76
4351.63
4286.46
4215.21
4260.41
4341.74
4366.59
4397.08
4938.61
5300.24
5308.52
5228.84
5062.44
5298.72
5219.08
5110.86
5783.15
5672.7
6165.35
6245.18
6508.21
6495.15
6526.62
6554.04
6586.01
6318.61
6061.8
6304.53
6223.37
6312.03
6407.52
5944.87
5984.26
5989.27
5860.99
6430.58
6661.44
6646.55
6979.81
7060.6
7312.85
7736.07
7152.88
7198.85
7093.42
7136.1
7137.03
7245.13
7083.49
7197.5
7227.96
7213.44
7252.4
7331.73
7500.79
7268.06
7575.15
7773.31
7703.1
7670.37
7742.53
8039.45
7838.22
8098.16
8059.65
7877.19
7573.26
7380.32
7489.2
7035.76
6894.23
6826.61
6763.38
7009.56
7222.08
7630.26
8144.16
8724.13
8738.72
8516.02
8256.28
7918.53
7630.71
8035.2
7927.49
7830.35
8001.57
7866.52
7677.73
7532.9
7276.63
7832.22
7641.77
7816.44
7993.09
8069.81
8043.71
8465.77
8144.02
8084.88
7739.86
7227.45
7170.7
6923.41
6833.42
6749.28
6470.74
5457.82
6197.84
6015.3
6335.56
5408.52
4550.53
4715.64
6181.06
7041.27
6627.43
5715.92
6209.71
6369.28
6710.4
6872.97
6861.31
6734.99
6964.01
6839.59
7106.01
7458.99
7341.65
7773.92
7906.6
7840.31
7404.61
7086.86
6923.6
6864.87
6814.76
6742.89
6947.06
7046.57
6742.97
6919.59
6890.94
6588.28
6529.99
6543.39
6607.13
6642.27
6514.72
6446.31
5799.24
5572.09
6398.77
6623.01
6729.53
6785.94
6701.36
6721.08
6712.21
6693.83
6593.8
6672.69
6206.24
5930.17
