1992.46
2137.59
1669.13
1500.1
1386.31
1787.25
2141.77
1386.25
1410.33
1395.79
1396.1
1253.61
1562.65
1865.11
1974.69
1967.28
1966.29
1945.82
1879.87
1433.11
1470.53
1570.2
1484.46
1425.16
1333.71
1195.37
1321.26
1321.26
1201.92
1169.57
1098.29
1050.98
1024.55
1050.04
1038.07
1105.06
1125.06
1070.06
1008.64
1080.37
1125.16
1115.78
1487.34
1653.95
1529.65
1535.65
1410.42
1235.3
1518.55
1895.25
1973.44
1435.88
997.5
1058.14
1688.32
1846.9
1448.49
1221.11
1288.11
1363.32
1416.09
1406.59
1447.05
1592.74
1816.47
1606.04
1439.05
1593.6
1809.54
1964.31
1833.57
1856.43
1982.93
2135.27
2388.33
2458.65
2722.95
2835.11
2976.85
2883.21
3245.26
3682.73
3266.62
2432.89
4002.88
2908.24
3271.99
3186.77
3097.92
3005.01
3369.14
3078.91
3190.12
3626.88
2612.89
3597.92
4111.99
3593.41
3455.24
3079.99
2969.83
3290.68
3315.26
3865.83
3617.29
3426.45
2852.93
2086.18
2007.12
1941.41
1564.47
2088.95
2092.0
2143.52
2686.52
2305.64
2189.77
2825.89
2721.78
2584.21
2795.3
2025.58
2542.69
2415.25
2329.44
2194.84
2310.15
2829.02
3229.6
3547.35
3784.23
3294.08
3774.81
3830.49
4129.54
4215.21
4260.41
4286.46
4290.59
4326.76
4351.63
4341.74
4366.59
4397.08
4550.53
4715.64
5110.86
4938.61
5228.84
5219.08
5572.09
5300.24
5062.44
5298.72
6197.84
6245.18
6627.43
6508.21
6470.74
6495.15
6586.01
5783.15
6407.52
5715.92
5408.52
6223.37
5930.17
5672.7
5308.52
5457.82
6015.3
6165.35
6529.99
6661.44
6734.99
6839.59
7136.1
7312.85
7252.4
7093.42
7106.01
7489.2
7170.7
7573.26
7137.03
7009.56
7227.96
7197.5
6833.42
6979.81
7213.44
7404.61
7630.26
7739.86
7830.35
8144.16
8039.45
8724.13
8465.77
8256.28
8043.71
8069.81
7927.49
7677.73
7703.1
7670.37
7816.44
7918.53
8001.57
7993.09
7866.52
7840.31
7838.22
7906.6
8035.2
8084.88
8098.16
8738.72
8516.02
8144.02
8059.65
7877.19
7832.22
7773.92
7500.79
7458.99
7268.06
7222.08
7575.15
7736.07
7532.9
7742.53
7331.73
7341.65
7641.77
7630.71
7773.31
7083.49
7245.13
7198.85
7276.63
6923.6
7152.88
6593.8
6710.4
6543.39
6446.31
6061.8
6672.69
6742.97
6923.41
7227.45
7380.32
7035.76
6894.23
7046.57
6872.97
6919.59
6861.31
6304.53
6514.72
5984.26
6526.62
6588.28
6742.89
6964.01
6864.87
6814.76
6763.38
6607.13
6318.61
6398.77
6312.03
6335.56
6209.71
6642.27
6721.08
6693.83
6646.55
6890.94
6749.28
6947.06
7060.6
7041.27
7086.86
6785.94
6729.53
6712.21
6623.01
6369.28
5860.99
5944.87
6181.06
5989.27
5799.24
6430.58
6554.04
6701.36
6826.61
6206.24
