1895.25
2086.18
1967.28
1945.82
1518.55
1564.47
1865.11
1201.92
1333.71
1125.16
1570.2
1688.32
1973.44
2025.58
2415.25
2135.27
1964.31
1856.43
1529.65
1606.04
1809.54
1846.9
1592.74
1653.95
1395.79
1195.37
1038.07
997.5
1058.14
1321.26
1098.29
1410.42
1416.09
1816.47
1833.57
1941.41
1787.25
1879.87
1484.46
1410.33
1535.65
1288.11
1487.34
1433.11
1386.25
1125.06
1115.78
1070.06
1050.04
1448.49
1406.59
1221.11
1169.57
1235.3
1439.05
1425.16
1386.31
1024.55
1008.64
1080.37
1050.98
1253.61
1396.1
1105.06
1321.26
1435.88
1363.32
1470.53
1562.65
1669.13
1447.05
1500.1
1593.6
1966.29
1974.69
2007.12
2388.33
2542.69
2584.21
2092.0
2194.84
2137.59
1992.46
1982.93
2329.44
2143.52
2721.78
3079.99
3271.99
3190.12
3294.08
2825.89
2852.93
2835.11
2908.24
3097.92
3290.68
3186.77
2976.85
2969.83
2458.65
2722.95
2432.89
2829.02
2686.52
2612.89
2305.64
2088.95
2141.77
2189.77
2310.15
2795.3
2883.21
3245.26
3078.91
3266.62
3005.01
3229.6
3315.26
3593.41
3784.23
4215.21
3865.83
4326.76
3774.81
3547.35
3455.24
3626.88
3830.49
4286.46
4351.63
4397.08
4341.74
4111.99
4260.41
4129.54
3426.45
4002.88
3369.14
3597.92
3682.73
3617.29
4290.59
4366.59
4550.53
4938.61
5062.44
4715.64
5110.86
5219.08
5298.72
5308.52
5228.84
5672.7
5457.82
5783.15
6197.84
5300.24
6209.71
6165.35
6245.18
6223.37
6312.03
6446.31
6554.04
6607.13
6646.55
6304.53
6430.58
6335.56
6543.39
6586.01
6701.36
6693.83
6826.61
6947.06
6890.94
7060.6
7093.42
7197.5
7198.85
7227.96
7641.77
7532.9
7573.26
7575.15
7703.1
7866.52
7276.63
7245.13
7458.99
7380.32
7312.85
7489.2
7630.26
8043.71
8084.88
8098.16
8256.28
8516.02
8039.45
8465.77
7840.31
7877.19
7670.37
7773.31
7906.6
7838.22
7993.09
8035.2
7404.61
8069.81
7677.73
7341.65
7927.49
8059.65
8144.16
8738.72
8724.13
8144.02
8001.57
7830.35
7739.86
7918.53
7630.71
7832.22
7227.45
7500.79
7816.44
7736.07
6814.76
6894.23
6742.97
6923.6
6919.59
7106.01
7213.44
7009.56
7083.49
7035.76
6785.94
6661.44
6369.28
5984.26
5944.87
5930.17
5860.99
5408.52
5572.09
5715.92
5989.27
6181.06
6318.61
6508.21
6734.99
6839.59
6712.21
7268.06
6833.42
6749.28
7046.57
7152.88
7742.53
7170.7
7331.73
7773.92
7252.4
7137.03
7222.08
7086.86
6864.87
6979.81
6872.97
6729.53
6964.01
6861.31
6763.38
6710.4
6623.01
6526.62
6588.28
6742.89
6923.41
7041.27
7136.1
6721.08
6672.69
6514.72
6398.77
6206.24
6470.74
6495.15
6593.8
6407.52
5799.24
6061.8
6529.99
6642.27
6627.43
6015.3
