1895.25
1564.47
1448.49
1865.11
1846.9
1570.2
1941.41
1592.74
1879.87
1395.79
1386.25
1410.42
1406.59
1487.34
1653.95
1288.11
1321.26
1253.61
1396.1
1447.05
1416.09
1425.16
1235.3
1195.37
1105.06
1169.57
1201.92
1333.71
1321.26
1410.33
1363.32
1386.31
1529.65
1606.04
1221.11
1966.29
1125.06
1098.29
1058.14
1038.07
1024.55
997.5
1008.64
1070.06
1050.04
1050.98
1115.78
1080.37
1125.16
1435.88
1816.47
2143.52
2135.27
2189.77
2432.89
2612.89
2092.0
1967.28
1945.82
2086.18
2025.58
2388.33
2305.64
1484.46
1992.46
2141.77
1833.57
1787.25
1439.05
1535.65
1470.53
1518.55
1562.65
1669.13
1688.32
1974.69
1433.11
1593.6
1973.44
1809.54
1982.93
1500.1
2088.95
1856.43
2415.25
2542.69
3245.26
2458.65
2852.93
3005.01
2825.89
2829.02
2883.21
3079.99
3315.26
3078.91
3593.41
3097.92
2722.95
2310.15
2329.44
2969.83
2835.11
2007.12
1964.31
2584.21
2194.84
2137.59
2721.78
2686.52
2976.85
3229.6
3294.08
3290.68
3271.99
3190.12
2795.3
2908.24
3186.77
3266.62
3455.24
3426.45
3547.35
3369.14
3597.92
3617.29
3626.88
4341.74
4550.53
4397.08
4286.46
4215.21
4351.63
4002.88
3682.73
4129.54
3865.83
4260.41
3784.23
4326.76
3830.49
3774.81
4111.99
4290.59
4366.59
4715.64
5062.44
5228.84
4938.61
5219.08
5110.86
5298.72
5300.24
5308.52
5457.82
6312.03
6430.58
6872.97
7035.76
7252.4
7312.85
7093.42
6627.43
6554.04
6061.8
6335.56
6734.99
6607.13
5944.87
6526.62
6529.99
6749.28
6839.59
6721.08
6785.94
6923.41
6947.06
7083.49
7222.08
7573.26
7670.37
7641.77
7830.35
7993.09
7918.53
8043.71
8256.28
8144.02
7832.22
7500.79
7227.45
7046.57
7060.6
7136.1
7458.99
7170.7
7742.53
7773.92
7877.19
7736.07
7341.65
7213.44
7703.1
7086.86
7137.03
7152.88
7532.9
7677.73
7838.22
7630.26
7866.52
7773.31
7927.49
8039.45
8059.65
7404.61
8098.16
8465.77
8144.16
8069.81
8001.57
7331.73
7009.56
7245.13
7197.5
7227.96
7575.15
7906.6
7840.31
8035.2
7198.85
7380.32
7489.2
8516.02
8724.13
8738.72
8084.88
7816.44
7630.71
7739.86
7276.63
7268.06
6923.6
6543.39
6593.8
6672.69
6508.21
6223.37
5672.7
5572.09
5860.99
6398.77
5930.17
6729.53
6015.3
6369.28
5408.52
5989.27
6245.18
5799.24
6642.27
6742.89
6586.01
6693.83
6814.76
6861.31
7106.01
6894.23
6826.61
6712.21
5984.26
6197.84
5715.92
5783.15
6304.53
6623.01
6919.59
6979.81
6964.01
6742.97
6833.42
6318.61
6206.24
6181.06
6495.15
6470.74
6407.52
6446.31
6588.28
6209.71
6701.36
6864.87
7041.27
6890.94
6763.38
6661.44
6710.4
6514.72
6646.55
6165.35
