1966.29
2007.12
1895.25
1982.93
1448.49
1288.11
1535.65
1386.25
1395.79
1416.09
1406.59
1447.05
2088.95
2305.64
2415.25
1653.95
1433.11
1201.92
1125.06
1169.57
1410.42
1410.33
1321.26
1235.3
1321.26
1253.61
1396.1
1221.11
1363.32
1105.06
1195.37
1050.98
1024.55
1050.04
1098.29
1115.78
1070.06
1058.14
1008.64
997.5
1080.37
1038.07
1125.16
1333.71
1386.31
1425.16
1439.05
1435.88
1529.65
1787.25
1816.47
1518.55
1484.46
1564.47
2194.84
2542.69
2612.89
2092.0
1945.82
1846.9
1669.13
1941.41
1992.46
1487.34
1964.31
2141.77
1809.54
2143.52
2025.58
1967.28
1856.43
1974.69
1973.44
2329.44
2189.77
2388.33
2852.93
3245.26
3294.08
3271.99
3097.92
3266.62
3005.01
2686.52
3079.99
2310.15
2137.59
2458.65
2722.95
2829.02
2969.83
2883.21
2835.11
2976.85
2795.3
2825.89
2584.21
2086.18
1879.87
1593.6
1570.2
1688.32
1562.65
1865.11
1833.57
1592.74
1500.1
1470.53
1606.04
2135.27
2432.89
2721.78
2908.24
3078.91
3186.77
3369.14
3190.12
3229.6
3290.68
3315.26
3426.45
3593.41
4129.54
4260.41
4366.59
4290.59
4111.99
3784.23
3830.49
3455.24
3774.81
4002.88
3597.92
3682.73
4215.21
4341.74
4397.08
4326.76
3626.88
3547.35
3865.83
3617.29
4286.46
4351.63
4550.53
4715.64
5228.84
5298.72
5062.44
5219.08
5110.86
4938.61
5300.24
5308.52
5408.52
5799.24
5457.82
6061.8
6398.77
6470.74
6729.53
7222.08
7198.85
6763.38
6015.3
5783.15
6181.06
6223.37
5672.7
5715.92
5989.27
6495.15
6742.97
7312.85
7500.79
7742.53
7838.22
7840.31
7993.09
8039.45
7877.19
8069.81
7927.49
7736.07
7341.65
7213.44
7227.45
7532.9
7630.71
7703.1
7739.86
7677.73
7252.4
7106.01
7046.57
7197.5
6526.62
7137.03
6919.59
7035.76
6979.81
6923.6
6814.76
6646.55
6529.99
6586.01
6923.41
7009.56
6964.01
7268.06
7093.42
7227.96
7573.26
7489.2
7918.53
8516.02
8738.72
8724.13
8465.77
8043.71
8098.16
8256.28
8035.2
7866.52
7830.35
7630.26
7404.61
7380.32
7670.37
7773.92
7276.63
7816.44
7641.77
8001.57
8084.88
8144.02
8144.16
7906.6
7773.31
7832.22
8059.65
7458.99
7575.15
7152.88
6872.97
7041.27
7170.7
6826.61
7086.86
6661.44
6607.13
6894.23
6861.31
6742.89
6785.94
7060.6
6749.28
6554.04
6864.87
6642.27
6701.36
6721.08
6734.99
6672.69
6514.72
6710.4
6890.94
7083.49
6623.01
7331.73
6693.83
6712.21
6335.56
6543.39
6508.21
6627.43
6446.31
6318.61
6245.18
6312.03
5984.26
6165.35
6304.53
6209.71
5930.17
6197.84
5572.09
5944.87
6206.24
5860.99
6407.52
6593.8
6588.28
6839.59
6430.58
6833.42
7136.1
7245.13
6947.06
6369.28
