2584.21
2721.78
1982.93
2143.52
1484.46
1592.74
1024.55
1169.57
1221.11
1288.11
1535.65
1448.49
1809.54
1816.47
1395.79
1386.25
1038.07
1050.04
1195.37
1115.78
1125.06
1080.37
1105.06
1321.26
1321.26
1253.61
1433.11
1410.33
1529.65
1856.43
1653.95
1833.57
1406.59
1386.31
1396.1
1435.88
1333.71
1416.09
1070.06
1058.14
1050.98
1201.92
1125.16
1098.29
1008.64
997.5
1235.3
1363.32
1518.55
1487.34
1470.53
1570.2
1787.25
1606.04
1865.11
1895.25
1973.44
1688.32
1564.47
1669.13
1562.65
1500.1
1439.05
1410.42
1425.16
1447.05
1593.6
1846.9
1879.87
1974.69
1966.29
2329.44
2415.25
2086.18
2007.12
1964.31
2092.0
2388.33
2189.77
2194.84
2141.77
2305.64
2432.89
2612.89
2686.52
2542.69
2835.11
3097.92
3190.12
3315.26
3774.81
3426.45
2976.85
3290.68
3078.91
2908.24
2852.93
2829.02
3005.01
3271.99
3369.14
3186.77
2883.21
2969.83
2795.3
2825.89
2310.15
2137.59
1967.28
2025.58
1992.46
1945.82
1941.41
2135.27
2088.95
2458.65
2722.95
3229.6
3266.62
3245.26
3079.99
3455.24
3294.08
3865.83
4286.46
3597.92
3593.41
3547.35
4326.76
4550.53
4397.08
4341.74
4129.54
4290.59
4351.63
4260.41
4002.88
3617.29
3784.23
3830.49
3626.88
3682.73
4111.99
4215.21
4366.59
4715.64
4938.61
5110.86
5219.08
5228.84
5572.09
5944.87
5984.26
5308.52
5783.15
5715.92
5408.52
6061.8
6407.52
6181.06
6335.56
6209.71
5799.24
5930.17
5062.44
5300.24
5672.7
6015.3
6543.39
6814.76
6833.42
6693.83
6742.97
6470.74
6923.41
7227.45
7252.4
7641.77
7573.26
7773.92
7832.22
7739.86
7703.1
7380.32
7341.65
7677.73
7312.85
7532.9
7170.7
7035.76
7152.88
7093.42
7060.6
6864.87
6826.61
7222.08
7742.53
8035.2
8724.13
8738.72
8516.02
7838.22
7268.06
6964.01
6872.97
7213.44
7500.79
7918.53
8069.81
7993.09
7840.31
7927.49
7906.6
8001.57
8256.28
8465.77
8144.16
8084.88
8144.02
8059.65
8098.16
8039.45
7866.52
7877.19
7816.44
7575.15
7404.61
7331.73
7489.2
7670.37
7458.99
7736.07
7830.35
8043.71
7276.63
7773.31
7227.96
7083.49
6894.23
6785.94
6712.21
6607.13
6529.99
6318.61
6304.53
5989.27
6312.03
5457.82
6197.84
6165.35
6508.21
6646.55
6763.38
6672.69
6947.06
6890.94
7046.57
7086.86
6923.6
6734.99
6729.53
6749.28
7106.01
6742.89
6839.59
7245.13
7630.26
7630.71
7197.5
7041.27
6979.81
7137.03
7198.85
6586.01
6721.08
6919.59
7009.56
7136.1
6861.31
6701.36
6642.27
6554.04
6446.31
6588.28
6593.8
6526.62
6369.28
6398.77
6495.15
6627.43
6661.44
6710.4
6623.01
6514.72
6223.37
5298.72
6245.18
5860.99
6206.24
6430.58
