2092.0
3229.6
1945.82
1816.47
1425.16
1787.25
1941.41
1592.74
1125.06
1098.29
1169.57
1058.14
1448.49
1395.79
1518.55
1433.11
1321.26
1439.05
1410.42
1363.32
1535.65
1570.2
1386.31
1406.59
1321.26
1410.33
1333.71
1487.34
1562.65
1564.47
1500.1
1253.61
1235.3
1201.92
1221.11
1195.37
1080.37
1050.04
1115.78
1125.16
1288.11
1050.98
1038.07
997.5
1008.64
1024.55
1070.06
1105.06
1447.05
1846.9
1974.69
2415.25
2584.21
1879.87
2329.44
1865.11
1688.32
1529.65
1470.53
1435.88
1396.1
1416.09
1386.25
1484.46
1653.95
1964.31
1967.28
1856.43
1669.13
1809.54
1593.6
2194.84
2310.15
2432.89
2143.52
2137.59
1973.44
2086.18
1992.46
2542.69
1895.25
2088.95
1833.57
1606.04
2189.77
3190.12
3626.88
3369.14
2612.89
2025.58
2825.89
3547.35
3682.73
3593.41
1966.29
2007.12
2829.02
3097.92
2795.3
2388.33
2305.64
2135.27
2141.77
2458.65
1982.93
3005.01
2852.93
3079.99
2722.95
2686.52
2883.21
2721.78
2835.11
2969.83
2908.24
3426.45
2976.85
3290.68
3266.62
3455.24
3271.99
3186.77
3078.91
3245.26
3294.08
3315.26
3597.92
3774.81
3617.29
3830.49
3865.83
4129.54
3784.23
4002.88
4111.99
4215.21
4326.76
4290.59
4351.63
4341.74
4286.46
4260.41
4366.59
4397.08
4550.53
4938.61
4715.64
5062.44
5110.86
5228.84
5300.24
5219.08
5298.72
5308.52
6197.84
5672.7
6335.56
6890.94
7009.56
6894.23
7245.13
7086.86
6923.6
6693.83
6514.72
6369.28
6543.39
6312.03
6318.61
5984.26
6223.37
6607.13
6729.53
6554.04
6826.61
6627.43
6833.42
7093.42
7170.7
7136.1
7060.6
7213.44
7312.85
7670.37
7458.99
7197.5
7137.03
7380.32
7838.22
8144.02
8738.72
8724.13
8516.02
8069.81
7742.53
7866.52
7532.9
8098.16
7773.92
7918.53
7222.08
7152.88
7083.49
6749.28
7106.01
7276.63
7268.06
7816.44
7830.35
7404.61
7630.71
8035.2
7906.6
7677.73
7877.19
7993.09
8059.65
8465.77
8256.28
8039.45
8144.16
7927.49
7575.15
8084.88
8043.71
7840.31
7736.07
7703.1
7641.77
7739.86
7252.4
7500.79
7489.2
7832.22
7341.65
8001.57
7630.26
7227.96
7773.31
7573.26
7331.73
7046.57
6785.94
6181.06
5860.99
6165.35
5930.17
5408.52
6407.52
6061.8
6209.71
6245.18
6430.58
6495.15
6586.01
6588.28
6593.8
6721.08
6861.31
6979.81
6712.21
6508.21
6446.31
5944.87
6304.53
6470.74
6742.97
7041.27
6964.01
7227.45
6839.59
6919.59
6864.87
6814.76
7198.85
6872.97
6742.89
6529.99
5799.24
5783.15
5715.92
5572.09
5457.82
5989.27
6015.3
6398.77
6623.01
6672.69
6734.99
6701.36
6923.41
6763.38
6526.62
6710.4
6661.44
6947.06
7035.76
6646.55
6642.27
6206.24
