1945.82
1865.11
1787.25
2092.0
2025.58
1669.13
1435.88
1433.11
1406.59
1333.71
1535.65
1564.47
1288.11
1653.95
1879.87
1974.69
1606.04
1447.05
1386.31
1195.37
1321.26
1201.92
1235.3
1363.32
1396.1
1416.09
1816.47
1386.25
1448.49
1487.34
1410.42
1321.26
1221.11
1080.37
1098.29
1253.61
1470.53
1846.9
1809.54
1484.46
1500.1
1070.06
1050.04
1024.55
1038.07
1050.98
1115.78
1105.06
1058.14
997.5
1008.64
1529.65
1941.41
1395.79
1688.32
1833.57
1592.74
1169.57
1125.06
1125.16
1425.16
1982.93
2329.44
1518.55
1562.65
2137.59
2542.69
2721.78
2432.89
2305.64
2189.77
2458.65
2415.25
3005.01
2883.21
2825.89
2969.83
3290.68
3078.91
2908.24
2612.89
2722.95
2194.84
2310.15
2388.33
2584.21
1895.25
2007.12
2141.77
2829.02
3079.99
2795.3
3455.24
3315.26
3266.62
3294.08
3369.14
3229.6
3593.41
3426.45
3271.99
3186.77
3097.92
2835.11
2088.95
2143.52
1966.29
1593.6
1570.2
1439.05
1410.33
1856.43
1964.31
2086.18
1967.28
1973.44
1992.46
2135.27
2686.52
2852.93
2976.85
3190.12
3547.35
3245.26
3617.29
3597.92
3682.73
3830.49
3784.23
4129.54
4326.76
3626.88
4111.99
3774.81
3865.83
4260.41
4366.59
4290.59
4341.74
4215.21
4351.63
4002.88
4286.46
4550.53
4397.08
4715.64
5228.84
5062.44
5219.08
4938.61
5110.86
5298.72
5572.09
5799.24
5783.15
5308.52
5989.27
6526.62
6826.61
6947.06
6919.59
6785.94
7046.57
7213.44
7060.6
7152.88
7227.45
7106.01
6839.59
6627.43
7245.13
6693.83
7489.2
7458.99
7573.26
7532.9
7276.63
7670.37
7773.31
7630.71
7252.4
7773.92
6894.23
7227.96
6861.31
6742.89
6749.28
7035.76
6734.99
6923.6
7198.85
6712.21
6710.4
6588.28
6833.42
6964.01
7404.61
7866.52
8043.71
8465.77
8069.81
7906.6
7677.73
7137.03
8001.57
7575.15
7312.85
7041.27
6763.38
6742.97
6312.03
6890.94
6872.97
7341.65
7736.07
7918.53
8144.02
8724.13
8738.72
8516.02
8144.16
7840.31
7739.86
7742.53
7838.22
7830.35
8035.2
7927.49
8098.16
8256.28
8059.65
8039.45
8084.88
7993.09
7832.22
7877.19
7703.1
7500.79
7816.44
7630.26
7641.77
7268.06
6864.87
6206.24
6209.71
6398.77
6543.39
6197.84
6514.72
6335.56
6586.01
6814.76
7197.5
6593.8
6701.36
6672.69
6721.08
6979.81
6923.41
7136.1
7380.32
7093.42
7331.73
7222.08
7009.56
7086.86
7170.7
6318.61
6661.44
6470.74
6623.01
6529.99
6304.53
6181.06
6223.37
6446.31
6554.04
6642.27
6508.21
6607.13
6369.28
6495.15
6061.8
6245.18
6015.3
6165.35
5984.26
5672.7
5457.82
5408.52
5300.24
5715.92
5944.87
5930.17
6407.52
6729.53
7083.49
6646.55
6430.58
5860.99
