1967.28
1966.29
1410.33
1562.65
1487.34
1406.59
1235.3
1333.71
1386.25
1395.79
1669.13
1500.1
1564.47
1833.57
1945.82
1447.05
1448.49
1396.1
1386.31
1288.11
1410.42
1425.16
1435.88
1253.61
1974.69
1535.65
1895.25
1809.54
1529.65
1416.09
1433.11
1363.32
1201.92
1125.06
1098.29
1080.37
1058.14
1050.04
1038.07
997.5
1008.64
1024.55
1050.98
1070.06
1115.78
1125.16
1195.37
1105.06
1169.57
1221.11
1321.26
1688.32
2092.0
2007.12
2135.27
1439.05
1484.46
2137.59
2415.25
1964.31
1606.04
1941.41
1856.43
1816.47
1321.26
1653.95
1470.53
1518.55
1846.9
1865.11
1593.6
2141.77
2088.95
2194.84
2025.58
2086.18
2310.15
2883.21
3186.77
3315.26
2976.85
2908.24
2969.83
2829.02
2721.78
2795.3
2458.65
2835.11
3097.92
3547.35
3593.41
3294.08
3229.6
3271.99
3290.68
3266.62
3426.45
3005.01
3079.99
2852.93
2329.44
2432.89
2825.89
3190.12
2722.95
3078.91
2143.52
2189.77
2612.89
2584.21
2388.33
2305.64
1973.44
1982.93
1570.2
1879.87
1787.25
1592.74
1992.46
2542.69
2686.52
3245.26
3369.14
3455.24
3626.88
3617.29
3774.81
4111.99
4326.76
4397.08
4550.53
3865.83
4290.59
3830.49
3597.92
4351.63
4129.54
4260.41
4002.88
4215.21
3784.23
3682.73
4286.46
4341.74
4366.59
4715.64
4938.61
5062.44
5110.86
5219.08
5228.84
5298.72
5308.52
5300.24
5457.82
5672.7
6015.3
6543.39
6529.99
6785.94
6749.28
6712.21
6627.43
6661.44
6586.01
6514.72
6588.28
6209.71
5572.09
6318.61
6430.58
6672.69
6710.4
6742.97
6979.81
7046.57
7341.65
7773.92
7816.44
7575.15
7086.86
7380.32
7060.6
7489.2
7136.1
7227.96
7331.73
7312.85
7137.03
7252.4
7404.61
7268.06
7093.42
7227.45
7198.85
7458.99
7500.79
7641.77
7927.49
7773.31
7670.37
7532.9
7170.7
7197.5
7742.53
7838.22
7573.26
7840.31
7906.6
7877.19
7736.07
7630.71
7276.63
7222.08
7739.86
8039.45
8144.16
8724.13
8738.72
8098.16
8144.02
8001.57
8059.65
8256.28
8084.88
7245.13
7630.26
7918.53
8069.81
8516.02
8465.77
8043.71
7993.09
7832.22
7866.52
8035.2
7830.35
7703.1
7677.73
7213.44
7106.01
7009.56
6947.06
6312.03
6646.55
6721.08
6693.83
6181.06
5930.17
5715.92
6245.18
6623.01
6593.8
6407.52
6701.36
6304.53
6508.21
6369.28
6165.35
6470.74
6495.15
6923.41
6814.76
6642.27
6607.13
6729.53
6919.59
6872.97
6839.59
6763.38
6742.89
6833.42
6826.61
6890.94
7083.49
7152.88
6923.6
6554.04
6446.31
6526.62
7041.27
6894.23
6197.84
7035.76
5984.26
6206.24
6223.37
6061.8
6398.77
5783.15
5799.24
5860.99
5944.87
5989.27
6734.99
6864.87
6964.01
6861.31
6335.56
5408.52
