3078.91
2883.21
2194.84
2415.25
2686.52
2310.15
1593.6
1321.26
1416.09
1992.46
2007.12
1447.05
1050.04
1070.06
1448.49
1439.05
1425.16
1535.65
1288.1100000000001
1333.71
1195.37
1115.78
1080.37
1050.98
1363.32
1410.33
1435.88
1321.26
1169.57
1038.07
1221.1100000000001
1395.79
1386.31
1386.25
1406.59
1433.1100000000001
1688.3200000000002
1606.04
1653.95
1856.4299999999998
1967.28
1865.1100000000001
1564.47
1410.42
1396.1
1105.06
1201.92
1235.3
1125.16
1098.29
1008.64
1024.55
1058.14
997.5
1125.06
1470.53
1669.13
1487.34
1895.25
1592.74
1816.47
1964.31
2143.52
2305.64
1945.8200000000002
1500.1
1879.87
2135.27
1253.6100000000001
1982.9299999999998
1518.55
2088.95
2432.89
2722.95
2852.93
2835.11
2458.65
2584.21
2795.3
2141.77
1973.44
1833.5700000000002
1809.54
1966.29
1941.4099999999999
2542.69
2388.33
2825.89
3005.01
3617.29
3593.41
4550.53
4351.63
4715.64
4397.08
4366.59
3774.81
3079.99
2829.02
2612.89
2329.44
2025.58
2189.77
2137.59
1974.69
2086.18
1787.25
1570.2
1529.65
1484.46
1562.65
1846.9
2092.0
2721.7799999999997
3190.12
3455.24
3426.45
3597.92
3266.62
3229.6
2908.24
3245.26
2969.83
2976.85
3097.92
3186.77
3271.99
3369.14
3865.83
4290.59
4215.21
3784.23
4286.46
3315.26
3294.08
3682.73
4111.99
3830.49
4326.76
4260.41
3626.88
3547.35
4002.88
3290.68
4129.54
4341.74
4938.61
5062.44
5110.86
5298.72
5228.84
5984.26
6165.35
5300.24
5799.24
6197.84
6369.28
6701.36
6742.89
6430.58
6627.43
6312.03
6335.56
6495.15
5715.92
5989.27
6245.18
6061.8
6223.37
6543.39
6672.6900000000005
6749.28
7035.76
6947.0599999999995
6712.21
6734.99
7341.65
7137.03
7832.22
7532.9
7575.15
7703.1
7773.92
8043.71
7458.99
7877.1900000000005
7227.96
7093.42
7009.56
7083.49
7268.06
7170.7
7276.63
7918.53
7197.5
7489.2
7222.08
7742.53
7136.1
7630.71
7252.4
7041.27
7227.45
7046.57
7060.6
7198.85
7213.44
7866.52
8035.2
7838.22
7993.09
7773.3099999999995
7106.01
7152.88
7312.85
7641.77
8084.88
8738.72
8465.77
8098.16
8001.57
7404.61
7331.73
8059.65
8724.13
8069.81
8144.02
8256.28
7736.07
8516.02
8144.16
7927.49
7573.26
7630.26
7906.6
7840.3099999999995
7500.79
7086.86
7677.73
8039.45
7739.86
6890.9400000000005
6814.76
6607.13
6588.28
6514.72
6526.62
6470.74
6593.8
5572.09
5672.7
5308.52
6209.71
6833.42
6864.87
6729.53
6785.9400000000005
6923.41
6872.97
6508.21
6446.31
6721.08
6894.23
7245.13
7670.37
7816.4400000000005
7830.35
7380.32
6979.8099999999995
6646.55
6304.53
5860.99
5457.82
6015.3
6318.61
6586.01
6642.27
6839.59
6826.61
6529.99
6964.01
6763.38
6923.6
6919.59
6742.97
6710.4
5944.87
5783.15
6181.06
6206.24
6398.77
6623.01
6693.83
6661.4400000000005
5930.17
6407.52
6861.3099999999995
6554.04
5408.52
5219.08
