2135.27
1570.2
1288.11
1593.6
1966.29
1470.53
1592.74
2141.77
1410.33
1487.34
1333.71
1395.79
1448.49
1535.65
1945.82
1410.42
1484.46
1518.55
1386.31
1221.11
1406.59
1386.25
1321.26
1435.88
1396.1
1447.05
1809.54
1941.41
1846.9
1856.43
1688.32
1964.31
1669.13
1564.47
1500.1
1529.65
1363.32
1169.57
1125.16
1098.29
1115.78
1070.06
1050.98
1038.07
1058.14
1024.55
1008.64
997.5
1125.06
1105.06
1195.37
1050.04
1080.37
1416.09
1895.25
1425.16
1253.61
1235.3
1201.92
1321.26
1439.05
1562.65
1865.11
1433.11
1653.95
1879.87
1787.25
1606.04
1967.28
2137.59
2092.0
2795.3
2825.89
3186.77
2143.52
2908.24
2721.78
2883.21
3079.99
3005.01
2829.02
2415.25
2310.15
2007.12
3097.92
2388.33
3245.26
3290.68
3229.6
3547.35
3369.14
3455.24
3315.26
3294.08
3271.99
3266.62
3078.91
2976.85
2835.11
2542.69
1982.93
2432.89
2305.64
2722.95
2969.83
3597.92
3617.29
3190.12
2584.21
1816.47
1833.57
2458.65
2088.95
2612.89
1992.46
1974.69
2086.18
1973.44
2329.44
2189.77
2686.52
2194.84
2025.58
3593.41
2852.93
3426.45
3626.88
3682.73
3774.81
4111.99
4129.54
4260.41
4351.63
3865.83
4715.64
5219.08
4286.46
5110.86
4290.59
4341.74
4326.76
3830.49
3784.23
4002.88
4215.21
4366.59
5062.44
4550.53
4938.61
4397.08
5228.84
5300.24
5298.72
5457.82
6015.3
5989.27
6607.13
6947.06
7197.5
7198.85
7227.96
6894.23
6814.76
6785.94
7035.76
6712.21
6646.55
6495.15
6514.72
6318.61
6742.97
6710.4
6734.99
6890.94
6826.61
6923.41
7086.86
7093.42
7170.7
7041.27
7083.49
7106.01
7060.6
6872.97
7276.63
7213.44
7773.92
7918.53
7703.1
7630.26
7838.22
8516.02
8043.71
8084.88
8035.2
7927.49
7641.77
8039.45
8059.65
7816.44
7866.52
7830.35
7742.53
7312.85
7341.65
7500.79
7575.15
7832.22
7736.07
7380.32
7532.9
7840.31
7906.6
8001.57
8069.81
8144.02
8465.77
8738.72
8724.13
8256.28
8144.16
8098.16
7993.09
7877.19
7670.37
7573.26
7222.08
7404.61
7331.73
7739.86
7245.13
7137.03
7152.88
7046.57
7268.06
7489.2
7458.99
7630.71
7773.31
7677.73
7136.1
6864.87
6446.31
5715.92
5860.99
5930.17
5783.15
5308.52
5572.09
5408.52
5799.24
6398.77
6304.53
6588.28
6661.44
6627.43
6508.21
6470.74
6165.35
6181.06
6245.18
6206.24
6430.58
6672.69
6919.59
6964.01
7252.4
7227.45
6979.81
7009.56
6839.59
6749.28
6861.31
6763.38
6729.53
6923.6
6833.42
6742.89
6593.8
6586.01
6526.62
6554.04
6693.83
6721.08
6701.36
6623.01
6369.28
6223.37
6197.84
5944.87
6407.52
6543.39
6312.03
6209.71
5672.7
5984.26
6529.99
6642.27
6335.56
6061.8
