2825.89
2835.11
1846.9
2329.44
2612.89
2088.95
1593.6
1416.09
1562.65
1966.29
1879.87
1570.2
1833.5700000000002
2143.52
1992.46
1592.74
1433.1100000000001
1529.65
1288.1100000000001
1125.16
1105.06
1058.14
1050.98
1024.55
1008.64
997.5
1050.04
1038.07
1098.29
1169.57
1125.06
1201.92
1115.78
1195.37
1253.6100000000001
1321.26
1410.42
1406.59
1386.25
1080.37
1395.79
1221.1100000000001
1070.06
1333.71
1321.26
1439.05
1606.04
1809.54
1982.9299999999998
1967.28
2025.58
1941.4099999999999
1787.25
1435.88
1448.49
1945.8200000000002
2086.18
2415.25
2141.77
1964.31
1856.4299999999998
1484.46
1386.31
1235.3
1363.32
1410.33
1396.1
1500.1
1487.34
1653.95
1688.3200000000002
1669.13
1564.47
1447.05
1518.55
1895.25
2007.12
2721.7799999999997
2305.64
2722.95
2458.65
2542.69
2135.27
2432.89
2686.52
2908.24
2976.85
3079.99
3186.77
3266.62
3290.68
3455.24
3593.41
3865.83
3784.23
3547.35
3597.92
3190.12
2795.3
2189.77
1973.44
2137.59
2092.0
2194.84
2310.15
2388.33
1974.69
1816.47
1470.53
1425.16
1535.65
1865.1100000000001
2584.21
2883.21
2852.93
3005.01
2829.02
2969.83
3078.91
3229.6
3682.73
4260.41
3774.81
4129.54
3369.14
3617.29
4111.99
4326.76
4550.53
4351.63
4002.88
3626.88
4341.74
4397.08
3830.49
4215.21
3294.08
3426.45
3315.26
3097.92
3245.26
3271.99
4286.46
4290.59
4366.59
4715.64
4938.61
5110.86
5298.72
5408.52
5672.7
5228.84
5219.08
5062.44
5457.82
5308.52
6061.8
6672.6900000000005
6623.01
6661.4400000000005
6586.01
6721.08
6642.27
6749.28
6742.89
6826.61
6304.53
5783.15
5799.24
6165.35
6864.87
7009.56
7152.88
6923.6
6529.99
6369.28
6861.3099999999995
7276.63
7532.9
7573.26
7197.5
7331.73
7838.22
8098.16
8043.71
7739.86
7773.3099999999995
7773.92
7341.65
7252.4
7170.7
7630.71
7404.61
7268.06
7670.37
7840.3099999999995
7641.77
7918.53
7927.49
8035.2
7083.49
7213.44
7198.85
6398.77
6312.03
7312.85
6508.21
7222.08
7677.73
7227.96
7500.79
7630.26
7993.09
8084.88
7832.22
7816.4400000000005
8039.45
7830.35
8144.02
7877.1900000000005
7742.53
6947.0599999999995
7041.27
7106.01
7489.2
7137.03
7245.13
7736.07
8059.65
8516.02
8001.57
7866.52
7703.1
7380.32
7906.6
8256.28
8465.77
8144.16
8738.72
8724.13
8069.81
7458.99
7086.86
6712.21
6318.61
6335.56
6627.43
5715.92
6206.24
5944.87
6245.18
6894.23
7035.76
6839.59
6543.39
6209.71
6742.97
6588.28
7093.42
7046.57
7136.1
7060.6
6890.9400000000005
6593.8
6833.42
7575.15
7227.45
6919.59
6646.55
6923.41
6964.01
6814.76
6470.74
6223.37
5989.27
5930.17
5860.99
6197.84
5572.09
6407.52
6446.31
6785.9400000000005
6763.38
6872.97
6607.13
6430.58
6734.99
6495.15
6693.83
6701.36
6979.8099999999995
6554.04
6729.53
6514.72
6015.3
6710.4
6526.62
6181.06
5984.26
5300.24
