1669.13
1688.32
1653.95
1974.69
1833.57
1425.16
1564.47
1518.55
1433.11
1435.88
1500.1
1410.33
1416.09
1395.79
1363.32
1221.11
1169.57
1125.16
1098.29
1038.07
1115.78
1050.98
1070.06
1321.26
1529.65
1606.04
1439.05
1447.05
1535.65
1593.6
1396.1
1288.11
1235.3
1195.37
1125.06
1201.92
1105.06
997.5
1024.55
1008.64
1050.04
1080.37
1058.14
1253.61
1386.25
1321.26
1406.59
1470.53
1562.65
1570.2
1809.54
1941.41
2141.77
1865.11
2092.0
2305.64
2415.25
2143.52
1982.93
1973.44
1895.25
2135.27
2194.84
1846.9
1816.47
1856.43
1333.71
1448.49
1410.42
1386.31
1484.46
1945.82
1966.29
2025.58
1992.46
1787.25
1487.34
1592.74
1879.87
2388.33
2542.69
2086.18
1964.31
2088.95
2584.21
2852.93
3617.29
2458.65
3290.68
3426.45
2976.85
3315.26
2908.24
3271.99
3229.6
3005.01
2612.89
2310.15
2189.77
2007.12
1967.28
2137.59
2329.44
2825.89
2883.21
3186.77
2835.11
2722.95
3190.12
2721.78
2686.52
2432.89
2795.3
3369.14
3078.91
3593.41
3294.08
3079.99
3097.92
2969.83
2829.02
3245.26
3266.62
3455.24
3626.88
3597.92
3774.81
3682.73
3547.35
3784.23
4002.88
3865.83
4290.59
3830.49
4129.54
4286.46
4341.74
4351.63
4260.41
4111.99
4326.76
4215.21
4366.59
4397.08
4550.53
5062.44
5228.84
4938.61
4715.64
5219.08
5298.72
5110.86
5300.24
5308.52
5408.52
5457.82
5572.09
5930.17
6508.21
6742.89
6947.06
6742.97
5989.27
6061.8
6318.61
6446.31
6369.28
6312.03
6197.84
6223.37
6593.8
6749.28
6588.28
6543.39
6646.55
6642.27
6712.21
7093.42
6672.69
6833.42
6872.97
6923.41
7083.49
7630.26
7227.96
7331.73
7575.15
7816.44
7840.31
7573.26
7222.08
8144.02
8035.2
8144.16
8059.65
8465.77
7773.92
8098.16
8001.57
7993.09
7677.73
7500.79
7380.32
7213.44
7276.63
7197.5
7152.88
7137.03
7170.7
7198.85
7532.9
7877.19
8043.71
8069.81
8084.88
8516.02
8738.72
8724.13
8256.28
8039.45
7918.53
7670.37
7630.71
7742.53
7830.35
7641.77
7489.2
7739.86
7736.07
7927.49
7832.22
7838.22
7773.31
7341.65
7458.99
7268.06
7312.85
7245.13
7906.6
7866.52
7703.1
7404.61
7086.86
6623.01
6763.38
6979.81
7046.57
6693.83
6814.76
6839.59
7060.6
6919.59
6864.87
6554.04
6729.53
6861.31
6710.4
6661.44
6627.43
6304.53
5860.99
6165.35
6015.3
6430.58
6407.52
6964.01
7106.01
7041.27
6894.23
6607.13
6209.71
6514.72
6734.99
6923.6
6826.61
6586.01
6701.36
6526.62
5715.92
5984.26
5783.15
5799.24
6470.74
6721.08
6529.99
6495.15
6181.06
5944.87
6335.56
6206.24
6398.77
6785.94
7009.56
7035.76
7136.1
7227.45
7252.4
6890.94
6245.18
5672.7
