1992.46
2310.15
1484.46
1470.53
1195.37
1080.37
1235.3
1386.25
1487.34
1570.2
1809.54
1669.13
1846.9
1535.65
1518.55
1447.05
1386.31
1221.11
1966.29
1406.59
1856.43
1564.47
1410.42
1288.11
1201.92
1396.1
1433.11
1416.09
1448.49
1395.79
1125.06
1070.06
1098.29
1008.64
1050.98
1024.55
1050.04
997.5
1038.07
1058.14
1169.57
1105.06
1321.26
1253.61
1363.32
1333.71
1125.16
1115.78
1321.26
1435.88
1529.65
1865.11
2092.0
1606.04
2721.78
2135.27
1982.93
1688.32
1973.44
2143.52
2388.33
2137.59
2795.3
1964.31
1593.6
1562.65
1425.16
1410.33
1439.05
1592.74
1500.1
1787.25
2088.95
2686.52
2432.89
1941.41
1816.47
1974.69
2086.18
1895.25
1945.82
2007.12
1879.87
1653.95
2025.58
2141.77
2458.65
2976.85
3097.92
3290.68
3455.24
3266.62
3245.26
3229.6
3186.77
3369.14
3617.29
3005.01
3190.12
2883.21
2829.02
2825.89
2722.95
3079.99
2852.93
3078.91
2835.11
2584.21
2542.69
2305.64
2329.44
2908.24
2612.89
2415.25
2194.84
1967.28
1833.57
2189.77
2969.83
3271.99
3426.45
3294.08
3547.35
3593.41
3597.92
3315.26
3682.73
3626.88
3774.81
4002.88
3865.83
4215.21
4290.59
4260.41
4286.46
4111.99
3830.49
3784.23
4129.54
4351.63
4938.61
4341.74
4397.08
4326.76
4366.59
4550.53
4715.64
5062.44
5219.08
5110.86
5300.24
5308.52
5298.72
5228.84
5457.82
5672.7
6165.35
6814.76
7035.76
7380.32
7575.15
6861.31
6729.53
5944.87
5572.09
6061.8
6223.37
5783.15
6197.84
6209.71
6742.89
6642.27
6923.6
6785.94
6894.23
6919.59
7136.1
7458.99
7489.2
7573.26
7404.61
7137.03
7060.6
6964.01
6979.81
7086.86
7532.9
7830.35
7312.85
7742.53
7877.19
7331.73
7993.09
7838.22
7670.37
8001.57
7739.86
7918.53
8059.65
8144.16
7630.71
7736.07
7630.26
7197.5
7198.85
7213.44
7222.08
7341.65
7245.13
7152.88
7268.06
7677.73
7832.22
8069.81
8098.16
7773.92
8256.28
8144.02
8035.2
8043.71
8724.13
7906.6
7773.31
7703.1
7227.96
7093.42
7083.49
7170.7
7500.79
8465.77
7816.44
7840.31
7227.45
7252.4
7641.77
8084.88
8516.02
7927.49
8039.45
7866.52
8738.72
7276.63
7106.01
6526.62
6495.15
6508.21
6312.03
5930.17
5715.92
5408.52
5799.24
6470.74
6701.36
6554.04
6407.52
6245.18
6623.01
5989.27
6864.87
6607.13
6593.8
6543.39
6588.28
6304.53
6693.83
6742.97
6826.61
7046.57
6206.24
6646.55
6710.4
6923.41
6839.59
6721.08
6833.42
6514.72
6369.28
6627.43
6398.77
6446.31
6763.38
6661.44
6335.56
6672.69
6430.58
6318.61
5984.26
6529.99
6586.01
6015.3
6181.06
6734.99
6947.06
7041.27
7009.56
6872.97
6749.28
6712.21
6890.94
5860.99
