1669.13
1982.93
1787.25
1865.11
1593.6
1448.49
1564.47
1410.42
1816.47
1570.2
1945.82
2088.95
1973.44
1846.9
1606.04
1363.32
1105.06
1024.55
1038.07
1008.64
1050.98
1115.78
1098.29
1201.92
1321.26
1439.05
1592.74
1447.05
1470.53
1518.55
1653.95
1484.46
1500.1
1433.11
1395.79
1386.31
1253.61
1070.06
1050.04
997.5
1058.14
1080.37
1195.37
1321.26
1529.65
1410.33
1396.1
1125.16
1125.06
1169.57
1235.3
1288.11
1562.65
1425.16
2086.18
2329.44
2141.77
1535.65
1406.59
1435.88
1895.25
2137.59
2542.69
2829.02
2584.21
2721.78
2432.89
2825.89
2852.93
2883.21
2415.25
3294.08
3190.12
3005.01
3186.77
2976.85
2908.24
2612.89
2092.0
1487.34
1386.25
1221.11
1333.71
1416.09
1833.57
1966.29
2969.83
3097.92
3229.6
3547.35
4002.88
3865.83
3369.14
3626.88
3426.45
3597.92
3315.26
3266.62
3079.99
2835.11
2722.95
2686.52
2388.33
2143.52
1967.28
2194.84
1992.46
1879.87
2189.77
1688.32
1964.31
2025.58
1809.54
1974.69
1941.41
2007.12
2305.64
2458.65
2795.3
2310.15
1856.43
2135.27
3271.99
4129.54
3593.41
3078.91
3245.26
3290.68
3455.24
4260.41
4326.76
4351.63
4341.74
4286.46
4215.21
3830.49
3784.23
4111.99
3617.29
3682.73
3774.81
4290.59
4366.59
4397.08
4550.53
4715.64
5062.44
4938.61
5110.86
5219.08
5228.84
5298.72
5408.52
5308.52
5989.27
5457.82
5930.17
5860.99
6304.53
6514.72
6785.94
7041.27
6979.81
6947.06
6721.08
6729.53
6607.13
6335.56
6312.03
6529.99
6646.55
6318.61
6919.59
6710.4
7046.57
6964.01
7009.56
6890.94
6642.27
6814.76
7093.42
7152.88
7227.45
7816.44
7736.07
7866.52
7739.86
7773.92
7670.37
7170.7
7573.26
7575.15
7703.1
7830.35
7268.06
7380.32
7222.08
7341.65
7276.63
7532.9
7198.85
7137.03
7245.13
7252.4
7630.26
7331.73
7641.77
7773.31
7877.19
7677.73
7742.53
7918.53
8069.81
8465.77
8516.02
8039.45
7993.09
7840.31
7500.79
7213.44
7197.5
7227.96
7404.61
7927.49
7832.22
7489.2
7312.85
7838.22
8098.16
8035.2
8738.72
8144.16
8144.02
8724.13
8001.57
7906.6
8084.88
7458.99
8256.28
8043.71
8059.65
7630.71
7106.01
6833.42
7136.1
7086.86
7060.6
6734.99
6588.28
6197.84
6470.74
6543.39
6627.43
6181.06
6923.41
6742.89
6495.15
6661.44
6749.28
6446.31
6763.38
6586.01
6693.83
6623.01
6593.8
6861.31
6826.61
6864.87
6894.23
7083.49
7035.76
6872.97
6839.59
6672.69
6923.6
6742.97
6712.21
6701.36
6554.04
6061.8
6508.21
6398.77
6407.52
6206.24
6223.37
6209.71
5572.09
5799.24
5672.7
5715.92
6015.3
5984.26
5944.87
6165.35
5783.15
6245.18
6526.62
6430.58
6369.28
5300.24
