2388.33
2141.77
1992.46
2305.64
1856.43
1809.54
1973.44
1787.25
1688.32
1500.1
1592.74
1564.47
1484.46
1518.55
1669.13
1363.32
1570.2
1406.59
1333.71
1058.14
1070.06
1024.55
1008.64
997.5
1038.07
1253.61
1396.1
1487.34
1833.57
1945.82
1895.25
1395.79
1535.65
1386.25
1105.06
1321.26
1169.57
1115.78
1235.3
1050.98
1967.28
1221.11
1125.16
1080.37
1201.92
1125.06
1195.37
1529.65
1439.05
1982.93
2137.59
1593.6
1606.04
1410.33
1562.65
2088.95
2415.25
1865.11
2194.84
2025.58
2092.0
2086.18
1470.53
1448.49
1321.26
1416.09
1050.04
1386.31
1098.29
1425.16
1288.11
2007.12
2686.52
3186.77
3455.24
3078.91
2722.95
3079.99
2143.52
2329.44
2542.69
2721.78
2612.89
2829.02
2908.24
3315.26
3005.01
3369.14
3426.45
3271.99
3617.29
3682.73
3547.35
3593.41
3294.08
3290.68
3597.92
3245.26
3229.6
3190.12
2883.21
2976.85
2852.93
2825.89
2584.21
2795.3
2458.65
2310.15
1816.47
1974.69
1410.42
1447.05
1433.11
1435.88
1879.87
1941.41
1653.95
1846.9
1964.31
1966.29
2189.77
2135.27
2432.89
2835.11
2969.83
3097.92
3266.62
3626.88
3830.49
4215.21
4326.76
4341.74
4260.41
3774.81
3784.23
3865.83
4002.88
4286.46
4366.59
4397.08
4290.59
4129.54
4111.99
4351.63
4550.53
4715.64
5110.86
4938.61
5062.44
5219.08
5228.84
5298.72
5672.7
5572.09
6061.8
6470.74
6514.72
6693.83
6763.38
6890.94
7086.86
6872.97
6729.53
6623.01
6607.13
6661.44
6785.94
6672.69
6701.36
6710.4
6923.41
7106.01
7041.27
7046.57
7009.56
6979.81
7060.6
7198.85
7458.99
7573.26
7404.61
7489.2
7152.88
7213.44
7035.76
6923.6
6964.01
6919.59
6947.06
7227.45
7331.73
7276.63
7252.4
7093.42
7222.08
7500.79
7918.53
8738.72
8465.77
8724.13
8059.65
8001.57
8035.2
7773.31
7773.92
7832.22
7739.86
7736.07
7866.52
7268.06
7341.65
8043.71
8516.02
7906.6
7677.73
7170.7
7575.15
7816.44
7840.31
7641.77
7670.37
7742.53
7838.22
7993.09
8256.28
8144.02
8098.16
8084.88
8039.45
8144.16
7532.9
7877.19
7703.1
7830.35
7630.71
7927.49
8069.81
7312.85
7630.26
7227.96
7380.32
7137.03
6864.87
6335.56
6312.03
6209.71
6181.06
6245.18
6508.21
6646.55
6742.97
6894.23
7136.1
6833.42
6734.99
6839.59
6814.76
6826.61
7245.13
7197.5
7083.49
6861.31
6543.39
6223.37
5799.24
6197.84
6407.52
6495.15
6712.21
6742.89
6369.28
6627.43
5989.27
5860.99
5930.17
6398.77
6642.27
6721.08
6588.28
6593.8
6526.62
6206.24
6304.53
6165.35
5944.87
5783.15
5300.24
5408.52
5308.52
5457.82
5715.92
5984.26
6446.31
6430.58
6015.3
6318.61
6529.99
6586.01
6749.28
6554.04
