2088.95
1895.25
1564.47
2143.52
1974.69
2141.77
1816.47
1653.95
1833.57
1433.11
1425.16
1518.55
1447.05
1484.46
1941.41
1562.65
1865.11
1669.13
1448.49
1439.05
1321.26
1221.11
1050.98
1125.06
1070.06
1105.06
1395.79
1410.42
1416.09
1410.33
1386.31
1396.1
1592.74
1333.71
1435.88
1386.25
1253.61
1321.26
1038.07
1058.14
1008.64
997.5
1024.55
1098.29
1406.59
1288.11
1195.37
1201.92
1235.3
1363.32
1593.6
1050.04
1115.78
1080.37
1125.16
1606.04
1809.54
1500.1
1688.32
1846.9
1966.29
2007.12
1879.87
1570.2
1856.43
1787.25
1535.65
1487.34
1169.57
1529.65
1470.53
1945.82
1964.31
2086.18
2189.77
2137.59
1992.46
2584.21
2092.0
2025.58
1967.28
1982.93
1973.44
2135.27
2194.84
2612.89
2825.89
2852.93
2722.95
3186.77
3190.12
3369.14
3315.26
3290.68
3079.99
2883.21
3097.92
2835.11
2829.02
2388.33
2721.78
3078.91
2908.24
2976.85
2542.69
2458.65
2329.44
2432.89
2415.25
2310.15
2305.64
2795.3
2686.52
2969.83
3229.6
3266.62
3547.35
3784.23
3774.81
3455.24
3294.08
3005.01
3426.45
4260.41
3617.29
3597.92
3245.26
3271.99
3682.73
3865.83
4550.53
4366.59
4002.88
3593.41
3626.88
4341.74
4351.63
4215.21
4326.76
4290.59
4111.99
4129.54
3830.49
4286.46
4938.61
4397.08
5308.52
5110.86
4715.64
5228.84
5219.08
5300.24
5298.72
5062.44
5408.52
5457.82
5715.92
5989.27
6165.35
6304.53
6430.58
6508.21
6514.72
6245.18
6061.8
6181.06
6209.71
6398.77
6197.84
6206.24
6495.15
6554.04
6785.94
6894.23
6919.59
7152.88
7227.96
7252.4
7532.9
7312.85
7832.22
8035.2
7877.19
8059.65
7739.86
7331.73
7677.73
7341.65
7573.26
7170.7
7035.76
7198.85
7060.6
7137.03
7227.45
7489.2
7773.31
8069.81
8724.13
8516.02
7993.09
7830.35
7641.77
7268.06
6923.6
7213.44
7197.5
7500.79
7736.07
7458.99
7093.42
7136.1
7106.01
7086.86
8098.16
8039.45
8256.28
8738.72
8465.77
8144.16
8144.02
8084.88
8043.71
7927.49
7918.53
8001.57
7816.44
7840.31
7838.22
7866.52
7906.6
7630.71
7404.61
7222.08
7009.56
7041.27
6947.06
6864.87
6964.01
6979.81
6763.38
6710.4
6646.55
5783.15
5930.17
5799.24
5944.87
5672.7
5860.99
5572.09
5984.26
6223.37
6586.01
6623.01
6593.8
6693.83
6721.08
6872.97
7276.63
6890.94
7575.15
7703.1
7773.92
7670.37
7742.53
7630.26
7245.13
7380.32
7083.49
7046.57
6742.89
6923.41
6839.59
6701.36
6712.21
6833.42
6742.97
6814.76
6729.53
6734.99
6672.69
6588.28
6543.39
6529.99
6642.27
6627.43
6015.3
6335.56
6312.03
6407.52
6446.31
6369.28
6470.74
6318.61
6607.13
6749.28
6861.31
6826.61
6661.44
6526.62
