1564.47
2092.0
1865.11
1856.43
1416.09
1982.93
1606.04
1395.79
1195.37
1115.78
1410.33
1447.05
1518.55
1945.82
1570.2
1433.11
1386.31
1386.25
1470.53
1529.65
1688.32
1500.1
1439.05
1425.16
1487.34
1966.29
2088.95
1992.46
1593.6
1535.65
1105.06
1050.04
1008.64
997.5
1024.55
1288.11
1333.71
1169.57
1235.3
1201.92
1321.26
1098.29
1038.07
1592.74
1406.59
1410.42
1448.49
1221.11
1253.61
1833.57
2086.18
1809.54
1895.25
1125.06
1787.25
2025.58
1973.44
2137.59
1974.69
1941.41
1964.31
1484.46
1669.13
1435.88
1321.26
1816.47
1058.14
1070.06
1080.37
1050.98
1125.16
1363.32
1396.1
1967.28
1846.9
1653.95
1562.65
1879.87
2007.12
2194.84
2189.77
2432.89
2143.52
2388.33
2612.89
2458.65
2722.95
2721.78
2825.89
2829.02
2908.24
2852.93
2835.11
3005.01
3229.6
3245.26
3271.99
2969.83
2795.3
2584.21
2686.52
2976.85
3097.92
3315.26
3290.68
3190.12
2883.21
3078.91
2542.69
2415.25
2305.64
2310.15
2135.27
2141.77
2329.44
3079.99
3186.77
4002.88
4286.46
3455.24
3426.45
3266.62
3294.08
3369.14
3617.29
3682.73
4341.74
4326.76
4111.99
4215.21
4290.59
4397.08
4366.59
4129.54
3865.83
3784.23
3626.88
3774.81
3830.49
3593.41
3597.92
3547.35
4260.41
4351.63
4715.64
4938.61
5062.44
5110.86
5219.08
5228.84
5298.72
5308.52
5300.24
4550.53
5408.52
5457.82
5860.99
5672.7
5572.09
5799.24
6245.18
6646.55
6729.53
6642.27
6430.58
6446.31
6495.15
6181.06
5984.26
5930.17
6209.71
6165.35
6627.43
6526.62
6742.97
6861.31
7009.56
7170.7
7222.08
7252.4
7341.65
7830.35
7331.73
7573.26
7083.49
7060.6
7093.42
7532.9
7670.37
7630.71
7739.86
7641.77
7742.53
7736.07
7838.22
8039.45
8144.16
8256.28
8465.77
8724.13
8059.65
8069.81
8001.57
7832.22
7773.31
7906.6
7773.92
7877.19
7918.53
7816.44
7630.26
8035.2
7993.09
8098.16
8043.71
7866.52
7927.49
8084.88
8516.02
8738.72
8144.02
7380.32
6979.81
7489.2
7677.73
6872.97
6749.28
6890.94
6763.38
7500.79
7136.1
7703.1
7840.31
7575.15
7106.01
7198.85
7041.27
7268.06
7458.99
7276.63
7404.61
7086.86
7035.76
6712.21
6543.39
6693.83
6529.99
5944.87
6304.53
5783.15
5989.27
6206.24
6015.3
6197.84
6318.61
6593.8
6947.06
6833.42
7227.96
7137.03
7245.13
7197.5
7312.85
7152.88
7227.45
7213.44
7046.57
6864.87
6785.94
6586.01
6508.21
6312.03
6223.37
6061.8
6335.56
6734.99
6894.23
6964.01
6923.41
6923.6
6839.59
6919.59
6826.61
6814.76
6742.89
6514.72
6588.28
6661.44
6672.69
6701.36
6607.13
6407.52
6554.04
6470.74
6721.08
6623.01
6710.4
6398.77
6369.28
5715.92
