1653.95
1416.09
1484.46
1333.71
1386.31
1410.33
1529.65
1487.34
1964.31
1895.25
1448.49
1425.16
1447.05
1856.43
1787.25
1967.28
1945.82
1809.54
1688.32
1562.65
1570.2
1410.42
1406.59
1433.11
1321.26
1386.25
1201.92
1363.32
1321.26
1253.61
1058.14
1098.29
1008.64
997.5
1024.55
1115.78
1050.98
1235.3
1125.16
1125.06
1070.06
1038.07
1050.04
1105.06
1221.11
1169.57
1288.11
1080.37
1195.37
1396.1
1470.53
1439.05
1500.1
1435.88
1535.65
1564.47
1592.74
1518.55
1395.79
1606.04
1833.57
1846.9
1973.44
1593.6
1982.93
2135.27
2388.33
2194.84
2458.65
1669.13
2025.58
1879.87
2086.18
2829.02
2137.59
2852.93
2825.89
2969.83
2908.24
2721.78
2584.21
2835.11
2415.25
2612.89
2686.52
2143.52
2310.15
2141.77
2542.69
2722.95
3186.77
3266.62
3290.68
3865.83
4366.59
4397.08
4111.99
3617.29
3315.26
3271.99
3229.6
3079.99
3245.26
3078.91
3190.12
3097.92
2329.44
2189.77
2007.12
1966.29
1974.69
1941.41
1865.11
1816.47
1992.46
2092.0
2088.95
2432.89
3005.01
2976.85
2795.3
2883.21
2305.64
3294.08
3426.45
3682.73
3455.24
3547.35
3369.14
3830.49
3774.81
3784.23
4326.76
3593.41
4286.46
4290.59
4550.53
4260.41
4215.21
4129.54
4002.88
3626.88
3597.92
4351.63
4341.74
4938.61
5110.86
5228.84
5219.08
4715.64
5062.44
5308.52
5408.52
5300.24
5298.72
5572.09
5715.92
6223.37
6672.69
6693.83
6712.21
6742.89
6607.13
6318.61
6245.18
6197.84
6721.08
6495.15
6627.43
6593.8
6861.31
6369.28
6872.97
6742.97
7198.85
7041.27
7083.49
7137.03
7136.1
7170.7
7252.4
7106.01
7489.2
7213.44
7227.96
7046.57
7035.76
7060.6
7197.5
7268.06
7670.37
7641.77
7703.1
7877.19
7573.26
7816.44
7773.31
7906.6
8516.02
8738.72
8465.77
8001.57
7832.22
7630.26
7866.52
7773.92
7830.35
7341.65
7222.08
7276.63
6785.94
7458.99
7404.61
7500.79
7838.22
7927.49
8084.88
8724.13
8256.28
8144.02
7739.86
7736.07
7093.42
7677.73
7331.73
7575.15
7742.53
8059.65
7918.53
8098.16
8039.45
8035.2
8144.16
8069.81
8043.71
7993.09
7840.31
7630.71
7532.9
7380.32
7312.85
7245.13
7086.86
6734.99
6209.71
6508.21
6181.06
6015.3
5860.99
5672.7
5989.27
5984.26
6335.56
5783.15
5799.24
5930.17
6165.35
6526.62
6543.39
6586.01
6642.27
6763.38
6826.61
6923.6
6919.59
7152.88
6894.23
6890.94
7009.56
6749.28
6623.01
7227.45
6864.87
6430.58
6814.76
6833.42
6947.06
6923.41
6979.81
6964.01
6839.59
6729.53
6710.4
6588.28
6701.36
6514.72
6312.03
6398.77
6206.24
6304.53
6470.74
6661.44
6554.04
6646.55
6529.99
6061.8
6407.52
5944.87
6446.31
5457.82
