2194.84
2092.0
1833.57
1592.74
1333.71
1410.33
1416.09
1688.32
1816.47
1879.87
1669.13
1535.65
1653.95
1945.82
1593.6
2007.12
1966.29
1974.69
1787.25
1562.65
1606.04
1564.47
1386.31
1395.79
1221.11
1024.55
1253.61
1235.3
1288.11
1363.32
1518.55
1470.53
1425.16
1321.26
1080.37
1201.92
1125.06
1098.29
1115.78
1058.14
1008.64
997.5
1038.07
1050.98
1050.04
1169.57
1070.06
1125.16
1105.06
1410.42
1435.88
1484.46
1529.65
1439.05
1967.28
1487.34
1846.9
1500.1
1433.11
1386.25
1447.05
1321.26
1406.59
1195.37
1396.1
1448.49
1570.2
1856.43
1973.44
1865.11
1964.31
2305.64
2852.93
2883.21
3271.99
2458.65
2829.02
3190.12
3079.99
2795.3
2542.69
2722.95
1992.46
3186.77
2584.21
3078.91
3290.68
3315.26
3597.92
3547.35
3455.24
3245.26
3266.62
3626.88
4129.54
4326.76
3774.81
3617.29
3426.45
3294.08
2969.83
3097.92
2432.89
2908.24
2825.89
2835.11
2310.15
2329.44
2612.89
2388.33
2137.59
3005.01
1809.54
2025.58
1982.93
2135.27
2141.77
2143.52
2415.25
2189.77
2086.18
1895.25
1941.41
2088.95
2686.52
2976.85
2721.78
3229.6
3369.14
3593.41
4002.88
3865.83
4215.21
3682.73
4290.59
4397.08
4351.63
4366.59
4341.74
4260.41
4286.46
4111.99
3784.23
3830.49
4550.53
4715.64
5219.08
5228.84
5062.44
4938.61
5110.86
5308.52
5930.17
5408.52
5944.87
6223.37
6607.13
6701.36
6785.94
6894.23
6964.01
6833.42
6742.89
6729.53
6642.27
6661.44
6763.38
6446.31
6407.52
5672.7
6209.71
6543.39
6197.84
6627.43
6734.99
6593.8
6245.18
6015.3
6304.53
6554.04
6839.59
7136.1
7268.06
7227.45
7213.44
7252.4
7404.61
7630.26
7816.44
7742.53
8035.2
7736.07
7877.19
7341.65
7276.63
7245.13
7312.85
7573.26
7670.37
7739.86
7641.77
8069.81
7489.2
7830.35
7927.49
8001.57
7773.92
7918.53
8144.16
7993.09
8059.65
8144.02
8084.88
8043.71
8098.16
8039.45
8738.72
8724.13
8516.02
8256.28
7832.22
7677.73
7773.31
7575.15
7630.71
7458.99
7197.5
8465.77
7380.32
7840.31
7703.1
7838.22
7866.52
7906.6
7500.79
7532.9
7222.08
7198.85
7331.73
7170.7
7083.49
6864.87
6495.15
5989.27
5457.82
6318.61
6181.06
5984.26
6470.74
6693.83
6646.55
7041.27
7152.88
7093.42
7227.96
6979.81
7086.86
7106.01
7009.56
6919.59
7046.57
6947.06
6923.41
6749.28
6742.97
6814.76
6623.01
6588.28
6398.77
5860.99
6165.35
5783.15
5572.09
5298.72
5300.24
6312.03
6061.8
6529.99
6712.21
7137.03
7035.76
7060.6
6861.31
6826.61
6872.97
6710.4
6923.6
6721.08
6672.69
6586.01
6508.21
6430.58
6335.56
5799.24
5715.92
6206.24
6369.28
6526.62
6890.94
6514.72
