2025.58
2310.15
1879.87
1593.6
1396.1
1410.42
1816.47
1895.25
2007.12
2086.18
1669.13
1470.53
1487.34
1846.9
1966.29
1688.32
1653.95
1535.65
1363.32
1125.06
1024.55
1008.64
1038.07
1201.92
1416.09
1529.65
1787.25
1386.31
1484.46
1833.57
1395.79
1406.59
1410.33
1221.11
1070.06
1288.11
1105.06
1125.16
1321.26
1050.98
1050.04
997.5
1080.37
1195.37
1564.47
1518.55
1433.11
1333.71
1321.26
1115.78
1500.1
1606.04
1974.69
1809.54
2143.52
1973.44
1865.11
1235.3
1098.29
1169.57
1945.82
1967.28
1562.65
1386.25
1439.05
1448.49
1447.05
1435.88
1058.14
1570.2
1253.61
1425.16
1592.74
1964.31
2088.95
1982.93
2092.0
2141.77
2189.77
2305.64
2415.25
2584.21
2721.78
2795.3
2969.83
2976.85
2722.95
2686.52
3005.01
3097.92
3229.6
3190.12
3266.62
3547.35
3626.88
3784.23
3682.73
3597.92
3455.24
3245.26
3078.91
3186.77
2829.02
2908.24
2883.21
2825.89
2388.33
2329.44
2135.27
1856.43
1941.41
1992.46
2137.59
2194.84
2542.69
2432.89
2458.65
2852.93
2612.89
2835.11
3079.99
3617.29
3369.14
3774.81
3290.68
3271.99
3593.41
3426.45
3315.26
3294.08
3830.49
3865.83
4215.21
4260.41
4286.46
4366.59
4002.88
4129.54
4341.74
4326.76
4111.99
4290.59
4351.63
4550.53
4715.64
4938.61
5062.44
4397.08
5110.86
5219.08
5298.72
5408.52
5300.24
5228.84
5457.82
5308.52
5572.09
6206.24
6749.28
6826.61
7198.85
6734.99
6015.3
5860.99
6642.27
6742.89
6586.01
6318.61
5984.26
5715.92
6223.37
6181.06
6335.56
6495.15
6588.28
6729.53
6839.59
6894.23
7136.1
6947.06
7083.49
7170.7
7060.6
7227.96
7086.86
7245.13
7573.26
7331.73
7268.06
7213.44
7500.79
7641.77
7736.07
7703.1
7773.31
7838.22
8144.16
8724.13
7906.6
8516.02
8084.88
8098.16
8256.28
7918.53
7927.49
8039.45
7830.35
8144.02
7670.37
7832.22
7993.09
8043.71
8001.57
7877.19
8035.2
7866.52
8069.81
8738.72
8465.77
7742.53
7227.45
7252.4
6607.13
6923.6
6964.01
6861.31
6814.76
6864.87
7041.27
7489.2
7197.5
7739.86
7773.92
8059.65
7840.31
7816.44
7630.71
7575.15
7630.26
7677.73
7276.63
6919.59
6701.36
6197.84
5989.27
6165.35
5944.87
6061.8
5799.24
5783.15
6312.03
6369.28
6627.43
6785.94
6872.97
6833.42
6593.8
7222.08
6979.81
6763.38
7106.01
7152.88
7458.99
7404.61
7312.85
7532.9
7341.65
7009.56
7046.57
6890.94
6712.21
6742.97
6710.4
6529.99
6672.69
6721.08
6693.83
6514.72
6430.58
6470.74
6543.39
6923.41
7137.03
7035.76
7380.32
7093.42
6646.55
6446.31
6245.18
5672.7
6526.62
6508.21
6554.04
6407.52
6209.71
6304.53
6398.77
6661.44
6623.01
5930.17
