1833.57
2194.84
1974.69
1562.65
1433.11
1787.25
1816.47
1564.47
1416.09
1606.04
1856.43
2092.0
2141.77
2584.21
2542.69
2415.25
2088.95
1529.65
1447.05
2025.58
2310.15
1982.93
1535.65
1484.46
1470.53
1941.41
1973.44
1865.11
1435.88
1410.42
1125.16
1098.29
1008.64
997.5
1050.04
1221.11
1024.55
1070.06
1038.07
1058.14
1050.98
1080.37
1105.06
1235.3
1115.78
1195.37
1321.26
1253.61
1396.1
1125.06
1288.11
1169.57
1321.26
1386.25
1439.05
1593.6
1448.49
1410.33
1395.79
1333.71
1201.92
1386.31
1406.59
1363.32
1425.16
1570.2
1500.1
1653.95
1592.74
1487.34
1669.13
1518.55
2143.52
2329.44
2388.33
2432.89
2612.89
2795.3
2825.89
2852.93
2976.85
2908.24
2883.21
2969.83
3097.92
3005.01
3190.12
3245.26
3626.88
4111.99
3597.92
3617.29
3426.45
3865.83
4260.41
4002.88
4215.21
3290.68
3547.35
3186.77
3079.99
2835.11
2721.78
2458.65
2137.59
2189.77
1967.28
2135.27
1809.54
2007.12
1895.25
1879.87
1688.32
1846.9
1945.82
1966.29
1964.31
2086.18
2305.64
1992.46
2686.52
2722.95
2829.02
3271.99
3294.08
3774.81
3682.73
3315.26
3266.62
3229.6
3078.91
3369.14
3830.49
3455.24
4290.59
4341.74
4129.54
3784.23
3593.41
4286.46
4326.76
4351.63
4366.59
4397.08
4715.64
4938.61
5298.72
5228.84
5062.44
4550.53
5219.08
5110.86
5300.24
5408.52
6209.71
6526.62
6508.21
6763.38
6734.99
6814.76
6919.59
6833.42
6729.53
6701.36
6588.28
6514.72
6672.69
6061.8
6223.37
5984.26
6369.28
6593.8
6890.94
7213.44
7276.63
7703.1
7458.99
7404.61
7252.4
7816.44
7630.71
7773.31
7742.53
7198.85
7046.57
6979.81
7041.27
7152.88
6947.06
6964.01
7093.42
7035.76
7086.86
7222.08
7227.45
7736.07
7331.73
7575.15
7630.26
7641.77
7341.65
7268.06
7170.7
7060.6
7227.96
7380.32
7532.9
7866.52
7677.73
7312.85
7137.03
7573.26
7245.13
7670.37
7927.49
7877.19
8059.65
8098.16
8144.02
8724.13
8738.72
8516.02
8043.71
8084.88
7739.86
7838.22
7830.35
8039.45
7918.53
8256.28
8035.2
8465.77
8144.16
8069.81
8001.57
7993.09
7773.92
7489.2
7840.31
7832.22
7500.79
7906.6
6623.01
5989.27
5860.99
6245.18
6495.15
6165.35
6398.77
5930.17
6015.3
6446.31
6529.99
6554.04
6721.08
6712.21
6839.59
6861.31
6749.28
6710.4
6742.89
6894.23
6923.6
6872.97
7009.56
7083.49
7197.5
7106.01
7136.1
6646.55
6607.13
6642.27
6923.41
6785.94
6864.87
6826.61
6742.97
6693.83
6627.43
6407.52
6181.06
5572.09
6335.56
6206.24
6197.84
5799.24
5783.15
5672.7
5457.82
5308.52
5715.92
6318.61
6470.74
6430.58
6304.53
6312.03
6586.01
6543.39
6661.44
5944.87
