2137.59
3245.26
2908.24
2432.89
1865.11
1396.1
1386.31
1564.47
1816.47
2092.0
2088.95
2143.52
2194.84
2310.15
2141.77
1688.32
1966.29
1895.25
1964.31
1982.93
1856.43
1484.46
1433.11
1333.71
1425.16
1606.04
1235.3
1195.37
1321.26
1363.32
1447.05
1386.25
1410.33
1125.06
1050.04
1201.92
1038.07
997.5
1008.64
1024.55
1050.98
1070.06
1169.57
1115.78
1288.11
1098.29
1439.05
1125.16
1410.42
1846.9
1879.87
1321.26
1787.25
1395.79
1653.95
1809.54
1833.57
1562.65
1518.55
1992.46
1974.69
1941.41
1669.13
1470.53
1500.1
1529.65
1221.11
1406.59
1105.06
1253.61
1080.37
1448.49
1945.82
2025.58
2135.27
2305.64
2542.69
2825.89
2584.21
2415.25
2388.33
2722.95
2829.02
3186.77
3266.62
3229.6
3315.26
3079.99
2976.85
3078.91
2795.3
3294.08
3784.23
3593.41
4129.54
3271.99
2852.93
2883.21
3290.68
3547.35
3190.12
2969.83
2458.65
2189.77
1973.44
2007.12
1967.28
1593.6
1570.2
1435.88
1416.09
1487.34
1058.14
1592.74
1535.65
2086.18
2329.44
2612.89
2835.11
3005.01
2721.78
2686.52
3617.29
3097.92
3369.14
3626.88
3830.49
4002.88
4260.41
4286.46
4290.59
4215.21
3865.83
3682.73
3455.24
3774.81
3426.45
3597.92
4111.99
4326.76
4341.74
4366.59
4351.63
4715.64
4550.53
4397.08
4938.61
5062.44
5110.86
5228.84
5298.72
5300.24
5308.52
5219.08
5930.17
5572.09
6369.28
6661.44
6814.76
6734.99
6923.41
7197.5
6864.87
7106.01
6646.55
6642.27
6514.72
5989.27
6554.04
6749.28
7152.88
7312.85
7573.26
7245.13
7213.44
6979.81
7227.45
7198.85
7227.96
7677.73
7575.15
7832.22
7341.65
7641.77
7670.37
7906.6
7816.44
7380.32
7009.56
6964.01
6872.97
7046.57
7630.26
7331.73
7137.03
7222.08
7830.35
8098.16
8256.28
8738.72
8724.13
8069.81
7703.1
6894.23
6693.83
6839.59
6923.6
7773.92
7840.31
7404.61
7877.19
7918.53
7739.86
8035.2
8043.71
8059.65
8465.77
8516.02
8084.88
8144.16
8144.02
8039.45
7993.09
8001.57
7866.52
7268.06
7489.2
7276.63
7458.99
7252.4
7500.79
7742.53
7773.31
7838.22
7736.07
7927.49
7170.7
7532.9
7630.71
7041.27
7093.42
6785.94
6701.36
6335.56
6526.62
6209.71
6430.58
5715.92
5783.15
5408.52
6206.24
6304.53
6245.18
6061.8
6407.52
6529.99
6470.74
6543.39
6588.28
6623.01
6729.53
6890.94
6742.97
6763.38
6833.42
7086.86
7035.76
7083.49
7060.6
6861.31
6742.89
6586.01
6495.15
6223.37
6607.13
6710.4
6826.61
6947.06
7136.1
6919.59
6712.21
6318.61
6165.35
6627.43
5984.26
6181.06
5799.24
6312.03
5860.99
6015.3
6398.77
6721.08
6672.69
6508.21
6197.84
5944.87
5672.7
6446.31
6593.8
5457.82
