1787.25
2458.65
1895.25
1592.74
1448.49
1439.05
1425.16
1435.88
1470.53
1487.34
1518.55
1500.1
1564.47
1593.6
1416.09
1447.05
1363.32
1321.26
1169.57
1050.98
1070.06
1008.64
997.5
1105.06
1395.79
1050.04
1396.1
1253.61
1321.26
1288.11
1386.25
1410.33
1433.11
1406.59
1386.31
1333.71
1125.06
1235.3
1201.92
1125.16
1115.78
1024.55
1038.07
1058.14
1080.37
1098.29
1195.37
1221.11
1410.42
1484.46
1856.43
1606.04
2025.58
1992.46
2135.27
2137.59
1982.93
1879.87
1669.13
1653.95
2007.12
2092.0
1974.69
2305.64
2086.18
2194.84
1816.47
1688.32
1809.54
1941.41
1535.65
1562.65
1529.65
1570.2
1964.31
1833.57
2388.33
2612.89
2415.25
2088.95
1846.9
1945.82
2310.15
2835.11
3078.91
2825.89
2143.52
2795.3
2584.21
2969.83
3186.77
3097.92
2852.93
3229.6
2686.52
2883.21
2908.24
2722.95
2721.78
2189.77
2141.77
1966.29
1865.11
1967.28
1973.44
2329.44
2432.89
3005.01
3369.14
3294.08
3597.92
3593.41
3245.26
3455.24
3617.29
3190.12
2829.02
3547.35
2542.69
3290.68
3266.62
3079.99
2976.85
3271.99
3426.45
3315.26
3626.88
3682.73
4286.46
4366.59
4351.63
4341.74
4290.59
3784.23
3830.49
4260.41
3774.81
4215.21
4129.54
3865.83
4002.88
4111.99
4326.76
4397.08
5110.86
4550.53
5308.52
4938.61
5219.08
4715.64
5228.84
5298.72
5062.44
5300.24
5408.52
5457.82
5944.87
6749.28
6833.42
6543.39
6529.99
6061.8
5715.92
5572.09
5989.27
6514.72
6446.31
6335.56
5984.26
5930.17
6312.03
6318.61
5799.24
6206.24
6947.06
6964.01
7458.99
7573.26
7245.13
7213.44
7170.7
7137.03
7312.85
7670.37
7341.65
7906.6
7832.22
8043.71
8059.65
8256.28
8144.02
8069.81
8001.57
7773.92
7380.32
7404.61
7331.73
7630.26
7742.53
7838.22
7630.71
7866.52
7252.4
7046.57
7060.6
6894.23
7083.49
7830.35
7739.86
7198.85
7106.01
7641.77
7840.31
7993.09
8098.16
8084.88
8738.72
8724.13
8039.45
7773.31
7816.44
7500.79
7736.07
7877.19
8035.2
7703.1
7575.15
7532.9
7276.63
7268.06
7222.08
7927.49
7677.73
8516.02
8144.16
8465.77
7918.53
7227.45
7227.96
7152.88
7489.2
7093.42
6785.94
6607.13
7009.56
7086.86
7136.1
6015.3
6554.04
6495.15
6693.83
6398.77
6864.87
6661.44
6872.97
6919.59
6890.94
6979.81
6923.41
6701.36
6646.55
6712.21
6508.21
6526.62
6588.28
6672.69
6197.84
6763.38
6826.61
5860.99
6369.28
6430.58
6209.71
5783.15
6165.35
6721.08
6814.76
6734.99
6304.53
6223.37
6181.06
6586.01
6627.43
6839.59
6623.01
6470.74
6245.18
6407.52
6642.27
6593.8
6710.4
7197.5
6742.97
6861.31
6742.89
6729.53
6923.6
7041.27
7035.76
5672.7
