2007.12
2088.95
1518.55
2025.58
1439.05
1253.61
1688.32
1809.54
1653.95
1816.47
1535.65
1406.59
1416.09
1447.05
1570.2
1606.04
1787.25
1500.1
1433.11
1592.74
1125.06
1396.1
1363.32
1169.57
1070.06
1321.26
1201.92
1221.11
1125.16
1235.3
1195.37
1105.06
1115.78
1038.07
997.5
1080.37
1058.14
1050.04
1008.64
1024.55
1050.98
1098.29
1288.11
1448.49
1410.42
1386.25
1562.65
1333.71
1395.79
1484.46
1435.88
1410.33
1386.31
1321.26
1529.65
1564.47
1856.43
1879.87
1964.31
1992.46
2092.0
2194.84
2415.25
1974.69
1967.28
1973.44
1945.82
1941.41
1425.16
1846.9
1470.53
1593.6
3097.92
3294.08
2686.52
3005.01
2908.24
2852.93
2722.95
2141.77
1865.11
1487.34
1669.13
2135.27
2612.89
2795.3
2969.83
2825.89
2835.11
3245.26
2829.02
3190.12
2432.89
3229.6
3271.99
2458.65
3078.91
2584.21
2143.52
2388.33
2305.64
2542.69
2329.44
2721.78
2883.21
3266.62
3186.77
2086.18
2310.15
1966.29
1833.57
1895.25
1982.93
2137.59
2189.77
3079.99
2976.85
3426.45
3547.35
3455.24
3290.68
3369.14
3315.26
3597.92
3617.29
3626.88
3593.41
3682.73
4002.88
3830.49
4111.99
3774.81
3784.23
3865.83
4129.54
4215.21
4326.76
4290.59
4260.41
4715.64
4366.59
4286.46
4341.74
4351.63
4550.53
4938.61
5110.86
4397.08
5062.44
5219.08
5228.84
5298.72
5300.24
5308.52
5672.7
6529.99
6672.69
6964.01
7331.73
7106.01
7198.85
6923.6
6749.28
6814.76
6304.53
6646.55
6742.97
6245.18
6543.39
6398.77
6508.21
6554.04
6763.38
6701.36
7041.27
7227.96
7170.7
7083.49
7222.08
7458.99
7918.53
8098.16
8724.13
8738.72
8144.02
7927.49
7703.1
7500.79
7136.1
7245.13
7838.22
8035.2
7573.26
7906.6
7489.2
7213.44
7252.4
7830.35
8001.57
8069.81
7312.85
6861.31
6947.06
6894.23
6864.87
7152.88
7046.57
7035.76
7197.5
7268.06
7341.65
7532.9
7877.19
7773.31
7816.44
7993.09
8059.65
8084.88
8516.02
8465.77
8144.16
8256.28
7670.37
7832.22
8039.45
8043.71
7866.52
7773.92
7575.15
7404.61
7227.45
7380.32
7093.42
7276.63
7630.26
7641.77
7739.86
7677.73
7736.07
7742.53
7840.31
7630.71
7137.03
6642.27
6593.8
6206.24
6514.72
6181.06
5944.87
5799.24
6826.61
6721.08
6712.21
6526.62
6470.74
6833.42
6919.59
6872.97
6623.01
5408.52
6586.01
5860.99
6407.52
6446.31
6015.3
6661.44
6693.83
5783.15
5930.17
6165.35
5572.09
6209.71
6335.56
5457.82
5989.27
5984.26
6223.37
6495.15
6588.28
6430.58
6734.99
6742.89
6890.94
6839.59
7086.86
7060.6
6729.53
7009.56
6979.81
6710.4
6923.41
6785.94
6607.13
6312.03
5715.92
6061.8
6318.61
6627.43
6369.28
6197.84
