1500.1
1974.69
1653.95
2135.27
2432.89
2007.12
1564.47
1895.25
1809.54
1967.28
2143.52
2141.77
2310.15
2584.21
2721.78
2458.65
2189.77
2194.84
1945.82
1688.32
1669.13
1518.55
1487.34
1448.49
1410.42
1433.11
1529.65
1562.65
1406.59
1396.1
1288.11
1201.92
1058.14
1070.06
1235.3
1050.98
1105.06
1321.26
1386.25
1321.26
1363.32
1410.33
1115.78
1221.11
1253.61
1195.37
1098.29
1024.55
1050.04
1125.06
1125.16
1080.37
1008.64
997.5
1038.07
1169.57
1386.31
1333.71
1416.09
1470.53
1966.29
1982.93
1787.25
1570.2
1439.05
1435.88
1395.79
1447.05
1879.87
1606.04
1973.44
2092.0
2025.58
2086.18
2137.59
2415.25
1992.46
2883.21
2388.33
2542.69
2835.11
2795.3
2829.02
2722.95
2908.24
2852.93
3097.92
3190.12
3266.62
3455.24
3830.49
4215.21
3774.81
3426.45
3597.92
3784.23
3290.68
3617.29
3294.08
3271.99
3079.99
3229.6
3078.91
2825.89
2686.52
2305.64
1964.31
1941.41
1865.11
1535.65
1425.16
1593.6
1484.46
1592.74
1856.43
1833.57
1846.9
1816.47
2088.95
2329.44
2612.89
2969.83
3005.01
2976.85
3186.77
3245.26
3315.26
3369.14
3682.73
3547.35
4002.88
4286.46
4326.76
3626.88
4260.41
4341.74
4290.59
3593.41
4397.08
4111.99
4129.54
3865.83
4351.63
4366.59
4550.53
5228.84
5408.52
5298.72
5308.52
5219.08
5300.24
4938.61
5110.86
4715.64
5062.44
5457.82
6061.8
6763.38
6672.69
6593.8
6864.87
6833.42
6729.53
6693.83
6165.35
6430.58
6446.31
6206.24
6015.3
6223.37
6508.21
6646.55
6861.31
6721.08
6742.89
6734.99
6894.23
7404.61
7500.79
7630.26
7041.27
7093.42
7252.4
7380.32
7198.85
7083.49
7170.7
7227.96
7670.37
8001.57
8039.45
7993.09
7838.22
7641.77
7312.85
7276.63
7331.73
7877.19
8144.16
8738.72
8516.02
8724.13
8144.02
7840.31
7918.53
7927.49
7906.6
7816.44
7830.35
7773.92
7773.31
7832.22
7703.1
8069.81
8059.65
8084.88
8465.77
8256.28
8098.16
8043.71
8035.2
7866.52
7742.53
7739.86
7677.73
7532.9
7268.06
7630.71
7222.08
7736.07
7575.15
7458.99
7341.65
7227.45
7086.86
7489.2
7573.26
7245.13
7137.03
7046.57
6979.81
6872.97
6890.94
6543.39
6554.04
6526.62
6701.36
6661.44
6586.01
5783.15
6181.06
6470.74
6529.99
5984.26
6514.72
6245.18
6839.59
6964.01
7213.44
7197.5
7152.88
7106.01
7136.1
7060.6
7035.76
6923.6
7009.56
6919.59
6923.41
6947.06
6814.76
6826.61
6623.01
6407.52
6318.61
6398.77
6209.71
6312.03
6335.56
6588.28
6742.97
6642.27
6627.43
6785.94
6369.28
5860.99
5672.7
5572.09
5799.24
6197.84
6607.13
5944.87
5715.92
5989.27
6304.53
6712.21
6749.28
6710.4
6495.15
5930.17
