2722.95
2883.21
2137.59
1856.43
1653.95
1966.29
2007.12
2135.27
1433.11
1435.88
1425.16
1410.42
1406.59
1416.09
1050.98
1321.26
1098.29
1288.11
1024.55
1038.07
1105.06
997.5
1008.64
1058.14
1125.16
1410.33
1833.57
1865.11
1470.53
1448.49
1201.92
1235.3
1221.11
1363.32
1396.1
1386.25
1395.79
1321.26
1253.61
1195.37
1125.06
1050.04
1070.06
1080.37
1115.78
1169.57
1333.71
1386.31
1439.05
1447.05
1570.2
1564.47
1809.54
1529.65
1518.55
1562.65
1669.13
1816.47
1945.82
1879.87
1787.25
1593.6
1964.31
1941.41
1982.93
2025.58
2088.95
1606.04
1500.1
1487.34
1484.46
1592.74
1535.65
1973.44
1974.69
1688.32
1846.9
2092.0
2141.77
2305.64
2194.84
2388.33
2415.25
2432.89
2612.89
2686.52
2721.78
2976.85
2969.83
3079.99
3186.77
2835.11
3294.08
3290.68
3005.01
3315.26
3271.99
3078.91
2908.24
2584.21
2458.65
2310.15
2329.44
2829.02
2825.89
2795.3
2143.52
2086.18
1967.28
1895.25
1992.46
2189.77
2542.69
2852.93
3097.92
3229.6
3266.62
3547.35
3455.24
3626.88
3369.14
3245.26
3190.12
3426.45
3617.29
3784.23
4215.21
4111.99
3830.49
4002.88
3593.41
3597.92
3682.73
3774.81
3865.83
4341.74
4129.54
4290.59
4326.76
4260.41
4351.63
4286.46
4550.53
5062.44
4397.08
4366.59
4938.61
4715.64
5110.86
5228.84
5457.82
5300.24
5219.08
5298.72
5572.09
5672.7
5860.99
6318.61
6588.28
6710.4
6701.36
6526.62
5930.17
6165.35
5944.87
6181.06
6197.84
5989.27
5783.15
5715.92
6430.58
6206.24
6833.42
6742.89
6894.23
6964.01
6947.06
7170.7
7245.13
7331.73
7276.63
7489.2
7742.53
7739.86
7838.22
7773.92
7630.71
8069.81
7918.53
7816.44
7840.31
7993.09
7877.19
7830.35
7906.6
7773.31
7670.37
7736.07
7703.1
7832.22
7573.26
7630.26
7341.65
7252.4
7222.08
7213.44
7227.96
7458.99
7500.79
7641.77
7677.73
8035.2
8043.71
8098.16
8256.28
8465.77
8516.02
8738.72
8724.13
8059.65
8084.88
7312.85
7137.03
7086.86
7060.6
7083.49
6872.97
6785.94
7136.1
7575.15
7404.61
7927.49
8039.45
8144.02
8001.57
8144.16
7866.52
7380.32
7227.45
7198.85
7268.06
7532.9
6623.01
5308.52
5408.52
5984.26
6495.15
6061.8
6398.77
6209.71
6864.87
6923.41
7152.88
6919.59
7046.57
6749.28
6839.59
6923.6
6890.94
6826.61
7093.42
6814.76
7106.01
6979.81
7009.56
7197.5
7035.76
6861.31
6712.21
6721.08
6642.27
6543.39
6763.38
6554.04
6693.83
6627.43
6729.53
6672.69
6304.53
7041.27
6446.31
6586.01
6593.8
6734.99
6661.44
6529.99
6742.97
6470.74
6646.55
6312.03
6407.52
6508.21
6245.18
6223.37
5799.24
6015.3
6335.56
6514.72
6607.13
6369.28
