1895.25
2137.59
1846.9
1435.88
1410.42
2388.33
3079.99
2829.02
1992.46
1787.25
2025.58
2086.18
2908.24
2722.95
2305.64
2852.93
2092.0
2542.69
1964.31
1669.13
1529.65
1439.05
1406.59
1386.25
1410.33
1235.3
1487.34
1500.1
1856.43
1833.57
1470.53
1433.11
1425.16
1396.1
1564.47
1395.79
1333.71
1058.14
1050.04
1105.06
1038.07
997.5
1008.64
1070.06
1024.55
1080.37
1098.29
1050.98
1125.16
1125.06
1195.37
1201.92
1321.26
1363.32
1416.09
1253.61
1221.11
1115.78
1321.26
1169.57
1592.74
1447.05
1941.41
1974.69
1879.87
1967.28
1518.55
1688.32
1945.82
1973.44
1570.2
1606.04
1982.93
2143.52
2194.84
2310.15
2432.89
2612.89
2825.89
2976.85
3005.01
3097.92
3078.91
2883.21
3315.26
3617.29
3682.73
4260.41
3774.81
3865.83
4129.54
4215.21
4286.46
4351.63
4326.76
4002.88
4290.59
3597.92
3266.62
3229.6
2795.3
2686.52
2584.21
2458.65
2415.25
2329.44
1966.29
1448.49
1484.46
1386.31
1288.11
1562.65
1865.11
2088.95
2189.77
2141.77
1593.6
1653.95
1535.65
1816.47
1809.54
2007.12
2135.27
2835.11
2969.83
2721.78
3547.35
3271.99
3426.45
3593.41
3784.23
4341.74
4397.08
3830.49
3455.24
3290.68
3186.77
3190.12
3626.88
3245.26
3294.08
3369.14
4111.99
4366.59
4550.53
4715.64
5110.86
5219.08
5228.84
5062.44
5408.52
5298.72
6061.8
6588.28
6701.36
6672.69
6661.44
6833.42
7331.73
7677.73
7816.44
6864.87
6529.99
6470.74
6710.4
6894.23
6712.21
6593.8
6526.62
6623.01
6729.53
6839.59
6947.06
6923.41
7222.08
7630.71
7641.77
7739.86
7500.79
7630.26
7341.65
7213.44
7380.32
7573.26
7532.9
7312.85
7670.37
7245.13
6964.01
7152.88
7252.4
7227.45
7086.86
7197.5
7060.6
7106.01
7041.27
7046.57
7136.1
7093.42
7035.76
7137.03
6923.6
6872.97
6890.94
7404.61
7268.06
7575.15
7840.31
7489.2
7838.22
8059.65
7918.53
7993.09
7866.52
8001.57
8516.02
8738.72
8724.13
7773.92
8039.45
7742.53
7773.31
7830.35
7736.07
7458.99
7198.85
7703.1
7927.49
8084.88
8144.02
8043.71
8069.81
7906.6
7832.22
8465.77
8035.2
8098.16
8144.16
8256.28
7877.19
7276.63
6742.97
6446.31
6304.53
6543.39
6554.04
6209.71
6369.28
6181.06
6223.37
6335.56
6693.83
6586.01
6742.89
6734.99
6763.38
6627.43
6861.31
6646.55
6749.28
6826.61
6919.59
6814.76
7009.56
7227.96
7083.49
7170.7
6979.81
6785.94
6721.08
6642.27
6607.13
6508.21
6398.77
6495.15
6312.03
5860.99
5715.92
5930.17
5989.27
6165.35
6318.61
6514.72
6206.24
6015.3
5783.15
5308.52
5457.82
4938.61
5300.24
5572.09
5672.7
5984.26
5944.87
6197.84
6407.52
6430.58
6245.18
5799.24
