2135.27
2908.24
2825.89
2835.11
2189.77
1974.69
1982.93
2388.33
2007.12
1570.2
1333.71
1070.06
1038.07
1169.57
1115.78
1105.06
1098.29
1080.37
1321.26
1500.1
1606.04
1518.55
1879.87
1816.47
1592.74
1992.46
1945.82
1564.47
1535.65
1787.25
1669.13
1593.6
1448.49
1439.05
1410.42
1435.88
1410.33
1125.16
1125.06
1050.98
1058.14
997.5
1024.55
1050.04
1253.61
1425.16
1529.65
1406.59
1221.11
1395.79
1363.32
1008.64
1201.92
1288.11
1484.46
1895.25
1846.9
1447.05
1386.31
1416.09
1941.41
1809.54
1833.57
1688.32
1973.44
1487.34
1470.53
1396.1
1195.37
1235.3
1321.26
1653.95
1967.28
1966.29
2025.58
2086.18
2088.95
2795.3
2458.65
2310.15
2092.0
2143.52
2194.84
2542.69
2829.02
2584.21
2976.85
2969.83
3245.26
3078.91
2432.89
2329.44
2305.64
2415.25
2883.21
3005.01
3079.99
3097.92
3190.12
3266.62
3186.77
3455.24
2612.89
2852.93
2686.52
2721.78
2137.59
1964.31
1856.43
1433.11
1386.25
1562.65
1865.11
2141.77
2722.95
3229.6
3547.35
3426.45
3271.99
3682.73
3597.92
3369.14
3290.68
3617.29
3315.26
3294.08
3593.41
3626.88
3774.81
3865.83
4260.41
4129.54
4290.59
3830.49
4111.99
4326.76
4351.63
4341.74
4715.64
4938.61
4397.08
4215.21
4002.88
3784.23
4286.46
5062.44
5219.08
4550.53
4366.59
5110.86
5228.84
5715.92
6015.3
6181.06
6061.8
5408.52
5783.15
6734.99
7152.88
6890.94
6964.01
7041.27
6495.15
6593.8
6304.53
6335.56
6588.28
6369.28
6514.72
6642.27
6661.44
6729.53
6763.38
6861.31
6947.06
6894.23
6923.6
7086.86
7380.32
7630.26
7742.53
7830.35
8001.57
8069.81
7877.19
7838.22
7906.6
7630.71
7312.85
7252.4
7404.61
7458.99
7670.37
7840.31
7816.44
8059.65
8035.2
8039.45
7773.92
7575.15
7198.85
7137.03
7136.1
7222.08
7331.73
7227.96
7106.01
7532.9
7866.52
7677.73
7993.09
8144.16
8084.88
8144.02
8465.77
8724.13
8738.72
8516.02
8256.28
8098.16
8043.71
7918.53
7641.77
7245.13
7093.42
7083.49
7009.56
7170.7
7197.5
7489.2
7276.63
7573.26
7739.86
7927.49
7500.79
7832.22
7773.31
7736.07
7703.1
7341.65
7046.57
6586.01
5930.17
5298.72
5300.24
5308.52
5457.82
5572.09
6470.74
6430.58
6508.21
6398.77
6526.62
5944.87
5799.24
6197.84
6701.36
6407.52
6872.97
6833.42
6923.41
6864.87
6919.59
7060.6
6826.61
7213.44
7268.06
7227.45
6979.81
6839.59
6693.83
6623.01
6554.04
5984.26
6209.71
6543.39
6223.37
6712.21
6710.4
6742.97
6785.94
6721.08
6749.28
7035.76
6627.43
6814.76
6742.89
6446.31
6646.55
6672.69
6607.13
6206.24
6529.99
6318.61
5989.27
5672.7
6165.35
6312.03
5860.99
6245.18
