2415.25
2143.52
1816.47
1973.44
1593.6
1410.42
1529.65
1447.05
1500.1
1564.47
1535.65
1395.79
1410.33
1435.88
1487.34
1448.49
1416.09
1484.46
1433.11
1406.59
1470.53
1321.26
1333.71
1386.31
1321.26
1288.11
1363.32
1105.06
1396.1
1008.64
1235.3
1080.37
1058.14
1050.04
1115.78
1253.61
1386.25
1070.06
1024.55
997.5
1038.07
1050.98
1125.06
1221.11
1169.57
1098.29
1125.16
1201.92
1195.37
1439.05
1518.55
1606.04
1865.11
1653.95
1945.82
1895.25
2088.95
2141.77
2007.12
1967.28
2137.59
2135.27
1974.69
1846.9
1787.25
1688.32
1833.57
1982.93
2310.15
2458.65
1809.54
2852.93
2584.21
3271.99
3455.24
3245.26
3079.99
3290.68
2722.95
2189.77
2086.18
2025.58
1592.74
1941.41
2194.84
2835.11
2432.89
3005.01
2976.85
3190.12
2969.83
2795.3
2829.02
3315.26
3426.45
3547.35
3369.14
3097.92
3186.77
3229.6
3078.91
2825.89
2388.33
2305.64
2092.0
1966.29
1570.2
1425.16
1669.13
1562.65
1856.43
1879.87
1964.31
1992.46
2329.44
2908.24
2612.89
2542.69
2721.78
2686.52
2883.21
3266.62
3294.08
3593.41
3865.83
4215.21
4286.46
4326.76
4351.63
4260.41
4290.59
4341.74
4129.54
3682.73
3774.81
3626.88
3784.23
4002.88
4111.99
3830.49
3617.29
3597.92
4550.53
4715.64
4366.59
4397.08
4938.61
5110.86
5219.08
5062.44
5298.72
5300.24
5228.84
5308.52
5408.52
5572.09
5930.17
6015.3
6223.37
6312.03
6398.77
6543.39
6407.52
6245.18
6209.71
6529.99
6894.23
6586.01
6514.72
6672.69
6593.8
6923.41
7152.88
7198.85
7630.71
7773.92
7670.37
7866.52
7832.22
7816.44
7641.77
7677.73
7575.15
7404.61
7489.2
7170.7
7009.56
7106.01
7213.44
6627.43
7739.86
7197.5
7227.45
7312.85
7380.32
7458.99
7222.08
7331.73
7227.96
7630.26
7268.06
7086.86
6919.59
6623.01
6721.08
7083.49
7035.76
7046.57
7093.42
7245.13
7773.31
7742.53
7532.9
7136.1
7252.4
7341.65
7838.22
7573.26
8738.72
7703.1
7840.31
8059.65
7906.6
8043.71
8256.28
7877.19
8001.57
7927.49
8035.2
8039.45
7918.53
7993.09
8098.16
8069.81
7736.07
8144.16
8144.02
8516.02
8724.13
8465.77
8084.88
7830.35
7500.79
6923.6
6734.99
6749.28
6763.38
6470.74
6335.56
6181.06
6369.28
6701.36
6826.61
6646.55
6729.53
6430.58
6861.31
6947.06
6872.97
6833.42
7060.6
7041.27
7276.63
7137.03
6890.94
6785.94
6693.83
6554.04
6508.21
6446.31
5672.7
5944.87
5984.26
5715.92
6197.84
6712.21
6814.76
6979.81
6588.28
6642.27
5860.99
5799.24
5457.82
5783.15
6061.8
6165.35
5989.27
6304.53
6318.61
6495.15
6742.97
6526.62
6710.4
6607.13
6661.44
6864.87
6964.01
6742.89
6839.59
6206.24
