3005.01
2458.65
1410.33
1395.79
1396.1
1050.04
1518.55
1593.6
2135.27
1973.44
1964.31
1484.46
1562.65
1435.88
1500.1
1487.34
1535.65
1386.25
1253.61
1195.37
1058.14
1070.06
1125.16
1321.26
1386.31
1288.11
1321.26
1080.37
1008.64
1050.98
1024.55
1038.07
1125.06
1169.57
1333.71
1433.11
1425.16
1221.11
1439.05
1235.3
1115.78
997.5
1201.92
1564.47
1809.54
1895.25
1592.74
1098.29
1406.59
1448.49
1105.06
1410.42
1363.32
1416.09
1470.53
1669.13
1688.32
1879.87
1447.05
1529.65
1856.43
1967.28
1974.69
2007.12
1570.2
1865.11
1816.47
1992.46
1606.04
1787.25
1653.95
1941.41
2086.18
2189.77
2141.77
2194.84
2143.52
2088.95
1966.29
2025.58
1982.93
1945.82
1833.57
1846.9
2092.0
2137.59
2305.64
2329.44
2310.15
2584.21
2686.52
3229.6
2969.83
2835.11
3593.41
3290.68
3547.35
3426.45
3369.14
3271.99
3245.26
3190.12
3078.91
2883.21
2908.24
2721.78
2795.3
2415.25
2722.95
2432.89
2612.89
2388.33
2542.69
2976.85
3186.77
3315.26
3097.92
3079.99
3294.08
2829.02
2825.89
2852.93
3266.62
3455.24
3597.92
3617.29
3626.88
3774.81
4002.88
4286.46
4397.08
4290.59
4366.59
4111.99
4215.21
4260.41
3682.73
3865.83
3830.49
4129.54
4550.53
3784.23
4341.74
4326.76
4351.63
4715.64
4938.61
5062.44
5298.72
5228.84
5110.86
5300.24
5219.08
5308.52
5457.82
5783.15
5408.52
6369.28
5989.27
6593.8
6627.43
6470.74
6223.37
6312.03
6165.35
6209.71
6446.31
6526.62
6430.58
6304.53
6623.01
6642.27
6721.08
6661.44
6710.4
7093.42
7573.26
7380.32
7227.96
7137.03
6335.56
7331.73
7035.76
7152.88
7630.71
7906.6
7918.53
7816.44
6749.28
7041.27
7993.09
8516.02
8069.81
8001.57
8035.2
8059.65
8144.16
8724.13
8465.77
8256.28
8738.72
8144.02
7877.19
7630.26
7575.15
7276.63
7086.86
7245.13
7341.65
7106.01
7312.85
7009.56
7773.92
7489.2
7703.1
7736.07
7927.49
8039.45
8098.16
8084.88
8043.71
7840.31
7773.31
7838.22
7832.22
7500.79
7170.7
7404.61
7227.45
7532.9
7197.5
7060.6
7458.99
7742.53
7866.52
7641.77
7198.85
6833.42
6923.6
6872.97
6947.06
6785.94
6923.41
6015.3
6245.18
6529.99
6197.84
6508.21
6646.55
6495.15
6543.39
6763.38
6407.52
6729.53
6839.59
7083.49
7252.4
7670.37
7222.08
6864.87
6814.76
7136.1
7046.57
7739.86
7677.73
7830.35
7268.06
6826.61
6181.06
6206.24
5799.24
5672.7
5984.26
5715.92
5930.17
6588.28
6734.99
6979.81
7213.44
6964.01
6861.31
6919.59
6742.97
6894.23
6514.72
6890.94
6672.69
6742.89
6693.83
6554.04
6607.13
6712.21
6701.36
6586.01
6061.8
5944.87
5572.09
5860.99
6318.61
6398.77
