1941.41
2007.12
1518.55
1570.2
1433.11
1425.16
1487.34
1606.04
1809.54
1856.43
1787.25
1964.31
1992.46
2092.0
2143.52
2141.77
2086.18
2025.58
1974.69
1879.87
1470.53
1688.32
1529.65
1439.05
1288.11
1500.1
1098.29
1253.61
1333.71
1410.33
1448.49
1406.59
1321.26
1386.25
1169.57
1221.11
1235.3
997.5
1008.64
1080.37
1115.78
1070.06
1125.06
1058.14
1050.98
1105.06
1195.37
1050.04
1038.07
1201.92
1321.26
1396.1
1410.42
1024.55
1125.16
1395.79
1416.09
1447.05
1484.46
1386.31
1363.32
1435.88
1593.6
1592.74
1833.57
1669.13
1535.65
1564.47
1653.95
1816.47
1562.65
1945.82
2088.95
2542.69
2722.95
2852.93
3190.12
2795.3
2969.83
3245.26
3079.99
3229.6
3078.91
3593.41
3455.24
3597.92
3547.35
3294.08
3315.26
3682.73
3290.68
3626.88
3271.99
2835.11
2883.21
2584.21
3186.77
3097.92
2908.24
2825.89
2432.89
2388.33
2329.44
2829.02
2189.77
2194.84
1982.93
1966.29
1967.28
1846.9
1865.11
1895.25
1973.44
2135.27
2415.25
2458.65
2305.64
2137.59
2310.15
3005.01
2721.78
3784.23
2686.52
2612.89
2976.85
3266.62
3369.14
3774.81
3617.29
4129.54
4715.64
4286.46
4260.41
3830.49
3426.45
4002.88
4290.59
4550.53
4397.08
4366.59
4351.63
4111.99
3865.83
4215.21
4326.76
4341.74
4938.61
5062.44
5219.08
5228.84
5110.86
5308.52
5298.72
5300.24
5930.17
6312.03
6061.8
6894.23
6979.81
6923.6
7213.44
7093.42
7009.56
6919.59
6947.06
7106.01
7170.7
6554.04
6661.44
6607.13
6749.28
6742.89
6734.99
6623.01
6514.72
6446.31
6721.08
6964.01
7489.2
7227.45
7137.03
7222.08
7331.73
7245.13
7060.6
7197.5
6642.27
6923.41
6729.53
6763.38
6693.83
6712.21
6814.76
6785.94
7198.85
7773.92
8001.57
8724.13
8465.77
8084.88
7993.09
7404.61
7276.63
7227.96
7312.85
7532.9
7677.73
7739.86
7736.07
7742.53
7838.22
7918.53
7906.6
7830.35
7877.19
8039.45
8256.28
8516.02
8738.72
8144.02
8035.2
8069.81
7703.1
7927.49
7832.22
7575.15
7670.37
7866.52
7573.26
7630.71
7641.77
7630.26
7816.44
8043.71
8059.65
8144.16
8098.16
7840.31
7773.31
7500.79
7458.99
6839.59
6826.61
6335.56
6223.37
6318.61
6165.35
5457.82
5860.99
5672.7
5944.87
6495.15
6526.62
6407.52
6710.4
6646.55
6398.77
6701.36
6588.28
6543.39
6890.94
6872.97
7136.1
7086.86
7152.88
7341.65
7380.32
7268.06
7252.4
7083.49
7035.76
6861.31
6833.42
6593.8
6627.43
6742.97
7046.57
7041.27
6864.87
6508.21
6430.58
6206.24
6369.28
6586.01
6672.69
6529.99
6197.84
6181.06
6304.53
6245.18
6015.3
5989.27
5799.24
5715.92
5783.15
5408.52
5572.09
6209.71
6470.74
5984.26
