1787.25
1846.9
1833.57
1865.11
1386.31
1562.65
1592.74
1410.33
1321.26
1253.61
1535.65
1518.55
1964.31
2137.59
1941.41
1669.13
1201.92
1125.06
1105.06
1098.29
1115.78
1195.37
1321.26
1396.1
1470.53
1606.04
1856.43
1688.32
1333.71
1809.54
1395.79
1439.05
1570.2
1529.65
1564.47
1416.09
1125.16
1070.06
1050.98
1050.04
1008.64
997.5
1024.55
1080.37
1235.3
1386.25
1406.59
1169.57
1038.07
1058.14
1288.11
1448.49
1363.32
1221.11
1435.88
1410.42
1593.6
1425.16
1484.46
1487.34
1653.95
1447.05
1500.1
1816.47
1433.11
1982.93
1992.46
2310.15
2584.21
2795.3
2329.44
2542.69
3186.77
3245.26
3271.99
2852.93
2976.85
3294.08
2883.21
2194.84
2025.58
1967.28
1895.25
2143.52
3005.01
2686.52
2086.18
2141.77
3290.68
3315.26
3774.81
3784.23
3682.73
3617.29
3079.99
3266.62
3097.92
3078.91
3229.6
2835.11
2825.89
2722.95
2458.65
2612.89
2189.77
2721.78
1974.69
2088.95
1973.44
1945.82
1879.87
2135.27
1966.29
2388.33
2415.25
2007.12
2305.64
2092.0
2432.89
2908.24
2969.83
2829.02
3190.12
3369.14
3593.41
3597.92
3547.35
3426.45
3455.24
3626.88
3865.83
4260.41
4215.21
4111.99
4290.59
4341.74
4129.54
3830.49
4351.63
4002.88
4286.46
4326.76
4366.59
4397.08
4550.53
4715.64
5062.44
4938.61
5219.08
5110.86
5408.52
5672.7
5298.72
5228.84
5572.09
5930.17
6015.3
6588.28
6607.13
6470.74
6430.58
6206.24
6529.99
6826.61
7380.32
7670.37
7060.6
6508.21
6398.77
6526.62
6701.36
6785.94
6872.97
7041.27
7152.88
7136.1
7197.5
7083.49
6964.01
7093.42
6947.06
7227.96
7630.26
7331.73
7276.63
7227.45
7573.26
7641.77
7312.85
7489.2
7086.86
7137.03
6833.42
6661.44
6729.53
7009.56
7245.13
7736.07
7739.86
7268.06
7035.76
7106.01
6721.08
6814.76
6839.59
7170.7
7404.61
7816.44
8001.57
7927.49
8069.81
8256.28
8039.45
8144.16
8516.02
8724.13
8738.72
8465.77
8098.16
7993.09
7840.31
7838.22
7742.53
7575.15
7222.08
7532.9
6919.59
7773.92
7341.65
7866.52
7906.6
7918.53
8084.88
8144.02
8043.71
8035.2
8059.65
7773.31
7877.19
7830.35
7832.22
7703.1
7198.85
6890.94
6742.97
6646.55
6623.01
6446.31
6181.06
5799.24
5457.82
6197.84
6672.69
6209.71
7458.99
6742.89
6734.99
6642.27
6318.61
6335.56
6627.43
6712.21
6864.87
6710.4
6923.41
7213.44
7630.71
7677.73
7500.79
7252.4
6979.81
6763.38
6894.23
6693.83
6543.39
6923.6
7046.57
6861.31
6749.28
6593.8
6554.04
6586.01
6304.53
6369.28
6407.52
5944.87
6061.8
5715.92
5989.27
5783.15
5300.24
6165.35
5984.26
6514.72
5860.99
6312.03
6223.37
6245.18
6495.15
5308.52
