2432.89
2143.52
1435.88
1448.49
1606.04
1564.47
1593.6
1535.65
1856.43
1895.25
1809.54
1487.34
1570.2
2135.27
1688.32
1865.11
1529.65
1447.05
1235.3
1321.26
1410.33
1470.53
1562.65
1653.95
1288.11
1396.1
1221.11
1406.59
1333.71
1500.1
1195.37
1098.29
1024.55
1058.14
997.5
1115.78
1050.98
1038.07
1125.16
1070.06
1080.37
1050.04
1105.06
1008.64
1125.06
1169.57
1253.61
1201.92
1386.25
1386.31
1518.55
1439.05
1433.11
1395.79
1425.16
1416.09
1484.46
1410.42
1321.26
1363.32
1592.74
1833.57
1941.41
2007.12
1974.69
2388.33
2329.44
2092.0
1787.25
2086.18
1945.82
1669.13
2189.77
2088.95
2310.15
2542.69
2852.93
3266.62
3455.24
2908.24
3186.77
2829.02
2415.25
2835.11
2825.89
2795.3
3078.91
2722.95
2721.78
2969.83
3245.26
3097.92
3005.01
3271.99
3597.92
3830.49
4002.88
3865.83
3294.08
3315.26
2883.21
3079.99
2976.85
3369.14
3290.68
3626.88
2686.52
3190.12
2584.21
2141.77
1992.46
2194.84
1982.93
1967.28
1964.31
1846.9
1879.87
2025.58
1816.47
1966.29
2137.59
1973.44
2305.64
2458.65
2612.89
3229.6
3617.29
3784.23
4111.99
3774.81
3547.35
3593.41
3426.45
3682.73
4129.54
4550.53
4366.59
5219.08
5110.86
4351.63
4290.59
4260.41
4215.21
4286.46
4326.76
4341.74
4938.61
4397.08
4715.64
5062.44
5228.84
5298.72
5308.52
5715.92
6335.56
5930.17
6623.01
6693.83
6864.87
7060.6
7152.88
7137.03
7106.01
7083.49
6710.4
6712.21
6642.27
6508.21
6526.62
6514.72
6627.43
7093.42
7331.73
7341.65
7630.71
7245.13
6742.89
6923.6
6701.36
6872.97
6785.94
7197.5
7227.45
7312.85
7268.06
7380.32
7573.26
7630.26
7703.1
7838.22
7906.6
7927.49
8465.77
8039.45
8084.88
7877.19
7773.92
7866.52
7489.2
7532.9
7227.96
7252.4
7213.44
7046.57
6826.61
6814.76
6672.69
6729.53
6721.08
6839.59
7086.86
7404.61
7830.35
8256.28
8144.02
8035.2
8738.72
8144.16
8724.13
8516.02
7736.07
7677.73
7458.99
7670.37
7742.53
7773.31
7641.77
7918.53
8001.57
8098.16
7840.31
7816.44
8043.71
7993.09
8069.81
8059.65
7739.86
7575.15
7832.22
7276.63
7500.79
7222.08
7009.56
6763.38
6742.97
7035.76
6947.06
6833.42
6861.31
6894.23
6964.01
7198.85
6890.94
7136.1
6979.81
6607.13
6430.58
6304.53
6593.8
5672.7
6245.18
6312.03
5989.27
6223.37
6446.31
6529.99
6588.28
6398.77
6543.39
6749.28
6919.59
6923.41
7041.27
5300.24
5572.09
6586.01
6734.99
6318.61
6181.06
6470.74
6061.8
5984.26
6015.3
6165.35
6369.28
6554.04
6495.15
6197.84
5944.87
6206.24
6646.55
7170.7
6661.44
6209.71
6407.52
5860.99
5457.82
5408.52
5783.15
5799.24
