1879.87
1964.31
1895.25
2612.89
2825.89
1688.32
1410.42
1333.71
1080.37
1038.07
997.5
1169.57
1433.11
1425.16
1809.54
1856.43
1386.25
1435.88
1386.31
1439.05
1500.1
1447.05
1487.34
1593.6
1564.47
1470.53
1518.55
1529.65
1253.61
1484.46
1201.92
1410.33
1221.11
1321.26
1321.26
1288.11
1115.78
1024.55
1070.06
1050.98
1098.29
1058.14
1125.16
1125.06
1195.37
1008.64
1105.06
1050.04
1363.32
1406.59
1562.65
1395.79
1416.09
1235.3
1396.1
1606.04
1669.13
1592.74
1653.95
1787.25
1967.28
2686.52
3097.92
2883.21
2007.12
3186.77
2432.89
2141.77
2305.64
1846.9
1973.44
2025.58
1974.69
2088.95
1992.46
1833.57
1945.82
2137.59
2415.25
2795.3
2458.65
2388.33
2829.02
2969.83
2908.24
2086.18
2092.0
2135.27
1448.49
3271.99
3078.91
2143.52
2852.93
3245.26
3455.24
3597.92
3426.45
3593.41
3369.14
3290.68
3079.99
3266.62
2310.15
3229.6
2835.11
2584.21
1982.93
1865.11
1570.2
1816.47
1535.65
1966.29
1941.41
2189.77
2194.84
2542.69
2329.44
2721.78
3005.01
2722.95
2976.85
3294.08
3190.12
3315.26
3547.35
3617.29
3774.81
3784.23
4002.88
4260.41
4286.46
3865.83
3626.88
3682.73
3830.49
4111.99
4326.76
4351.63
4341.74
4397.08
4366.59
4129.54
4215.21
4290.59
4550.53
4715.64
5219.08
5308.52
5408.52
4938.61
5228.84
5062.44
5298.72
5110.86
5300.24
5860.99
6312.03
6763.38
6919.59
7106.01
7198.85
6979.81
7136.1
6890.94
6623.01
6833.42
6398.77
6304.53
6206.24
5984.26
6607.13
6627.43
6712.21
6742.89
7083.49
7060.6
7331.73
7532.9
7773.92
8069.81
7252.4
7739.86
6964.01
7009.56
6742.97
6826.61
6814.76
7035.76
6864.87
7152.88
7268.06
7670.37
8001.57
7927.49
8043.71
8738.72
8144.02
8039.45
8516.02
7866.52
7404.61
7137.03
7222.08
7245.13
7458.99
7630.71
7832.22
7677.73
7840.31
7877.19
7816.44
7773.31
7993.09
8035.2
8144.16
8465.77
8256.28
8724.13
8098.16
7918.53
7830.35
7227.96
7742.53
7575.15
7312.85
7630.26
7703.1
7906.6
7500.79
7641.77
7276.63
7170.7
7227.45
7573.26
7380.32
7736.07
8059.65
8084.88
7838.22
7341.65
7489.2
7213.44
7086.86
6197.84
6554.04
6672.69
6407.52
5715.92
5572.09
5457.82
5672.7
6181.06
5783.15
6165.35
6335.56
6209.71
6470.74
6642.27
6646.55
6729.53
6710.4
6749.28
6693.83
6526.62
6588.28
6785.94
6923.6
6721.08
7093.42
6923.41
6947.06
7041.27
7197.5
6894.23
7046.57
6861.31
6872.97
6734.99
6245.18
6015.3
5930.17
5944.87
6061.8
6543.39
6495.15
6661.44
6430.58
6529.99
6508.21
6318.61
6446.31
6369.28
6593.8
6223.37
5989.27
6514.72
6701.36
6839.59
6586.01
5799.24
