2329.44
2458.65
2025.58
1879.87
1439.05
1562.65
1115.78
1253.61
1653.95
1050.98
1425.16
1410.42
1570.2
1688.32
1518.55
1487.34
1433.11
1396.1
1395.79
1406.59
1535.65
1333.71
1416.09
1386.31
1447.05
1484.46
1500.1
1435.88
1221.11
1070.06
1008.64
1050.04
1105.06
1098.29
1169.57
1125.06
1058.14
997.5
1024.55
1195.37
1363.32
1235.3
1080.37
1125.16
1529.65
1321.26
1470.53
1410.33
1038.07
1288.11
1201.92
1386.25
1448.49
1321.26
1592.74
1669.13
1809.54
1564.47
1606.04
1593.6
1787.25
1816.47
1856.43
1846.9
1833.57
1966.29
1895.25
2088.95
2007.12
2135.27
1964.31
2388.33
1982.93
2310.15
1974.69
1992.46
2086.18
2883.21
3078.91
2542.69
2686.52
2143.52
1865.11
1967.28
2137.59
2194.84
2721.78
2908.24
3097.92
3229.6
3245.26
3266.62
3369.14
3426.45
3271.99
3315.26
3186.77
3190.12
3079.99
3005.01
2852.93
2829.02
2795.3
2976.85
2189.77
2612.89
1941.41
1945.82
1973.44
2092.0
2432.89
2305.64
2141.77
2415.25
2835.11
2825.89
2584.21
2969.83
2722.95
3290.68
3294.08
3593.41
3547.35
3455.24
4215.21
4286.46
4002.88
3774.81
3626.88
4351.63
4111.99
3597.92
4366.59
3617.29
3865.83
4290.59
4326.76
4341.74
3784.23
3682.73
4260.41
4129.54
3830.49
4550.53
4397.08
4715.64
5219.08
5300.24
5457.82
5408.52
5298.72
5308.52
5110.86
4938.61
5062.44
5228.84
5715.92
6015.3
6514.72
6586.01
6529.99
6430.58
6181.06
6209.71
6304.53
6646.55
7227.45
7331.73
6593.8
6470.74
6508.21
6543.39
6839.59
7500.79
7670.37
7312.85
7046.57
7641.77
7906.6
8043.71
7918.53
7830.35
7575.15
7532.9
6923.6
6979.81
6964.01
7041.27
7093.42
7083.49
7035.76
6894.23
6919.59
6947.06
6923.41
7106.01
7276.63
7742.53
7703.1
7993.09
7832.22
7773.92
7573.26
7227.96
7489.2
7404.61
7380.32
7630.71
7268.06
7213.44
7458.99
7838.22
7816.44
7736.07
7840.31
7739.86
7866.52
8069.81
8516.02
8256.28
8465.77
8098.16
8084.88
8724.13
8738.72
8144.16
8039.45
8144.02
8035.2
8059.65
8001.57
7927.49
7877.19
7773.31
7630.26
7341.65
7222.08
7009.56
6872.97
6710.4
6672.69
6627.43
6588.28
5860.99
6312.03
6223.37
6197.84
5930.17
5944.87
5572.09
5672.7
5984.26
6318.61
6495.15
6701.36
6890.94
7136.1
7245.13
7677.73
7197.5
7086.86
7252.4
7137.03
7060.6
7152.88
7198.85
7170.7
6785.94
6864.87
6861.31
6661.44
6763.38
6814.76
6642.27
6721.08
6749.28
6826.61
6833.42
6712.21
6729.53
6742.89
6742.97
6369.28
6554.04
6335.56
6206.24
6446.31
6398.77
6526.62
6165.35
5783.15
6061.8
5799.24
5989.27
6245.18
6407.52
6623.01
6734.99
6693.83
6607.13
