2141.77
2329.44
1562.65
1865.11
1447.05
1395.79
1470.53
1809.54
1435.88
1448.49
1410.33
1386.25
1433.11
1500.1
1606.04
1439.05
1386.31
1363.32
1321.26
1253.61
1321.26
1125.06
1125.16
1195.37
1058.14
1416.09
1288.11
1201.92
1221.11
1169.57
997.5
1050.04
1038.07
1008.64
1024.55
1105.06
1050.98
1070.06
1098.29
1115.78
1235.3
1080.37
1333.71
1410.42
1425.16
1396.1
1982.93
1529.65
1816.47
1669.13
1967.28
1593.6
1484.46
1787.25
1895.25
2086.18
2135.27
1966.29
1941.41
1973.44
2189.77
1856.43
2137.59
1653.95
1570.2
1879.87
1688.32
1592.74
1833.57
1518.55
1406.59
1487.34
1846.9
2088.95
1964.31
2025.58
2388.33
2310.15
2542.69
2432.89
2194.84
2092.0
2143.52
2458.65
2835.11
3005.01
2976.85
2883.21
3369.14
3315.26
3784.23
3830.49
3774.81
3455.24
3426.45
3294.08
3097.92
2722.95
2795.3
2852.93
2908.24
3079.99
2612.89
2829.02
2415.25
2721.78
1992.46
1945.82
1535.65
1564.47
2007.12
1974.69
2305.64
2686.52
2584.21
2825.89
3190.12
3186.77
3547.35
3865.83
3597.92
3626.88
3290.68
3617.29
3229.6
2969.83
3271.99
3078.91
3245.26
3682.73
3593.41
4002.88
4215.21
3266.62
4260.41
4111.99
4129.54
4286.46
4290.59
4326.76
4341.74
4351.63
4366.59
4397.08
4550.53
4715.64
4938.61
5062.44
5219.08
5110.86
5228.84
5298.72
5300.24
5308.52
5457.82
5715.92
6646.55
6529.99
6923.6
7093.42
7137.03
6861.31
6839.59
6607.13
5984.26
5989.27
6470.74
5944.87
5408.52
5860.99
6015.3
5572.09
5672.7
6526.62
6165.35
6833.42
7009.56
7152.88
7222.08
7227.96
7227.45
7312.85
7341.65
7641.77
7630.71
7276.63
7245.13
7380.32
6742.97
6749.28
6729.53
7197.5
7268.06
7458.99
7630.26
7736.07
8069.81
8465.77
8724.13
8738.72
8516.02
8256.28
7404.61
7086.86
7170.7
7106.01
7331.73
8059.65
7927.49
7816.44
7213.44
7198.85
7532.9
7670.37
7877.19
7838.22
8144.02
8144.16
8039.45
8084.88
7773.31
7575.15
7252.4
7677.73
7573.26
7500.79
7773.92
7840.31
8035.2
8098.16
7832.22
7906.6
8001.57
7703.1
7742.53
8043.71
7830.35
7993.09
7866.52
7918.53
7739.86
7489.2
7136.1
6712.21
6721.08
6661.44
6826.61
6206.24
6223.37
6181.06
6710.4
6947.06
6923.41
6979.81
6701.36
6593.8
6245.18
6554.04
6495.15
6672.69
7046.57
7041.27
7083.49
7035.76
6864.87
7060.6
6872.97
6693.83
6430.58
6312.03
6061.8
6197.84
6919.59
5799.24
6508.21
6627.43
6514.72
6642.27
6543.39
6734.99
6890.94
6586.01
6588.28
6894.23
6742.89
6814.76
6304.53
6407.52
6318.61
5783.15
6369.28
6785.94
6763.38
6446.31
6209.71
5930.17
6335.56
6623.01
6964.01
6398.77
