2092.0
2141.77
1945.82
1653.95
1410.33
1416.09
1535.65
1865.11
1895.25
1992.46
1688.32
1564.47
1941.41
1833.57
1966.29
2088.95
2135.27
2025.58
1964.31
1529.65
1406.59
1500.1
1321.26
1809.54
1570.2
1487.34
1195.37
1169.57
1606.04
1816.47
1396.1
1321.26
1105.06
1008.64
1038.07
997.5
1050.04
1070.06
1115.78
1333.71
1288.11
1098.29
1058.14
1024.55
1050.98
1080.37
1125.06
1125.16
1410.42
1201.92
1562.65
1518.55
1669.13
1592.74
1593.6
1879.87
1967.28
1447.05
1448.49
1363.32
1470.53
1386.31
1395.79
1221.11
1235.3
1386.25
1253.61
1425.16
1484.46
1433.11
1435.88
1439.05
1846.9
2007.12
2143.52
2969.83
2852.93
2908.24
2883.21
2432.89
2612.89
2721.78
2388.33
2722.95
3078.91
3229.6
3290.68
3597.92
3626.88
4002.88
3865.83
3774.81
3617.29
3294.08
3455.24
3315.26
3426.45
3266.62
3079.99
2795.3
2310.15
2305.64
2189.77
2458.65
2329.44
2194.84
2137.59
1982.93
1973.44
1974.69
1856.43
1787.25
2086.18
2542.69
2976.85
3097.92
2829.02
2835.11
2686.52
2415.25
2825.89
2584.21
3186.77
3005.01
3245.26
3190.12
3271.99
3369.14
3784.23
4260.41
4341.74
4351.63
4111.99
3547.35
3593.41
3682.73
4326.76
4286.46
4290.59
4215.21
4129.54
3830.49
4366.59
4397.08
4550.53
5110.86
4938.61
4715.64
5062.44
5219.08
5228.84
5300.24
5308.52
5408.52
5989.27
5860.99
6245.18
6470.74
6742.97
6693.83
6763.38
6646.55
6495.15
6209.71
6529.99
6661.44
6734.99
6318.61
5944.87
6304.53
6508.21
6446.31
6672.69
6701.36
6721.08
6749.28
6872.97
6919.59
7009.56
7086.86
7312.85
7268.06
7245.13
7276.63
7197.5
7213.44
7198.85
7532.9
7630.71
7703.1
7573.26
7341.65
7630.26
7670.37
7489.2
7736.07
7773.31
7816.44
7840.31
8001.57
8039.45
7866.52
7458.99
8069.81
7331.73
7575.15
7500.79
7677.73
7838.22
7830.35
7877.19
8098.16
8144.02
7832.22
8256.28
8465.77
8724.13
8738.72
8516.02
8144.16
7927.49
8084.88
7906.6
8035.2
8043.71
7773.92
7739.86
7993.09
7918.53
8059.65
7742.53
7641.77
7380.32
7404.61
7222.08
7227.45
7252.4
7170.7
7137.03
7152.88
7227.96
6833.42
6839.59
6627.43
6623.01
6554.04
6181.06
5783.15
5984.26
5672.7
5715.92
6607.13
6015.3
6206.24
6369.28
6223.37
6586.01
6165.35
6729.53
6642.27
6826.61
6894.23
6923.41
6964.01
6923.6
7060.6
7106.01
7083.49
7136.1
7035.76
7046.57
7041.27
6890.94
6864.87
6979.81
7093.42
6861.31
6785.94
6947.06
6514.72
6712.21
6593.8
6526.62
6061.8
6197.84
5457.82
5298.72
5572.09
5799.24
5930.17
6335.56
6430.58
6543.39
6398.77
6312.03
6588.28
6710.4
6742.89
6814.76
6407.52
