1982.93
2432.89
1816.47
1592.74
1396.1
1448.49
1966.29
2088.95
1879.87
1856.43
1570.2
1386.31
1386.25
1416.09
1410.42
1529.65
1688.32
2305.64
1964.31
1562.65
1606.04
1406.59
1195.37
1169.57
1115.78
1253.61
1363.32
1321.26
1435.88
1447.05
1410.33
1333.71
1221.11
1125.16
1201.92
1288.11
1235.3
1050.98
1080.37
1024.55
1008.64
997.5
1050.04
1038.07
1070.06
1058.14
1098.29
1105.06
1125.06
1535.65
1425.16
1433.11
1439.05
1500.1
1809.54
1518.55
1484.46
1321.26
1395.79
1470.53
1487.34
1593.6
1865.11
1974.69
2092.0
2135.27
1941.41
1846.9
1967.28
1833.57
1787.25
1653.95
1564.47
1992.46
1973.44
2143.52
2329.44
2686.52
2542.69
2825.89
2310.15
3079.99
2458.65
3186.77
2852.93
3190.12
3315.26
3369.14
3294.08
3593.41
3597.92
3426.45
3617.29
3682.73
3774.81
3830.49
4002.88
3547.35
3271.99
3229.6
3078.91
2829.02
2415.25
2584.21
2722.95
2835.11
2976.85
2883.21
2969.83
2795.3
2612.89
2721.78
2388.33
2189.77
2141.77
2194.84
2025.58
2086.18
1945.82
1895.25
1669.13
2007.12
2137.59
2908.24
3097.92
3005.01
3266.62
3245.26
3290.68
3455.24
3784.23
4111.99
4260.41
3626.88
4286.46
3865.83
4129.54
4326.76
4341.74
4351.63
4290.59
4215.21
4366.59
4397.08
4550.53
4715.64
5062.44
5110.86
5219.08
5308.52
6223.37
6672.69
6335.56
6919.59
6710.4
6872.97
6742.89
6923.41
7093.42
7035.76
6979.81
6197.84
5408.52
5930.17
5860.99
6369.28
6430.58
6206.24
6181.06
5984.26
6165.35
5298.72
6061.8
5300.24
6015.3
6304.53
6398.77
6642.27
6446.31
6861.31
6833.42
7083.49
7227.45
7739.86
7830.35
7906.6
7866.52
8069.81
7227.96
7838.22
7736.07
7677.73
7380.32
7213.44
7106.01
6964.01
7252.4
7312.85
7404.61
7773.31
7832.22
8035.2
7993.09
7458.99
7573.26
7532.9
7816.44
7877.19
7918.53
8043.71
8144.02
8084.88
8039.45
7773.92
7500.79
7927.49
8724.13
8738.72
8059.65
7009.56
7489.2
7575.15
7670.37
7630.26
7198.85
7136.1
7137.03
7641.77
8001.57
8144.16
8465.77
8256.28
8516.02
8098.16
7840.31
7742.53
7703.1
7276.63
7630.71
7152.88
7086.86
6785.94
6721.08
6623.01
6661.44
6763.38
6712.21
6593.8
6729.53
6586.01
6894.23
6890.94
6814.76
6864.87
6826.61
6749.28
6529.99
6947.06
6839.59
6923.6
7060.6
7046.57
7222.08
7170.7
7331.73
7268.06
7341.65
7245.13
7197.5
7041.27
6742.97
6701.36
6514.72
5572.09
6627.43
6526.62
6312.03
5457.82
5228.84
6508.21
5799.24
6543.39
6318.61
6734.99
6588.28
6470.74
5783.15
5989.27
6209.71
6245.18
6607.13
6646.55
6495.15
5715.92
4938.61
5672.7
6554.04
6407.52
6693.83
5944.87
