1688.32
2141.77
1606.04
1964.31
1865.11
1416.09
1529.65
1433.11
1321.26
1115.78
1125.16
1195.37
1487.34
1447.05
1562.65
1410.42
1396.1
1435.88
1333.71
1201.92
1386.31
1221.11
1080.37
1169.57
1253.61
1386.25
1406.59
1484.46
1669.13
1321.26
1535.65
1518.55
1235.3
1363.32
1288.11
1125.06
1070.06
1038.07
1050.04
997.5
1008.64
1024.55
1050.98
1058.14
1098.29
1105.06
1410.33
1395.79
1846.9
1974.69
1982.93
1833.57
1816.47
1500.1
2137.59
2458.65
2542.69
1879.87
1593.6
1470.53
1564.47
1439.05
1425.16
1448.49
1570.2
2025.58
1809.54
1973.44
1992.46
1941.41
1787.25
2088.95
2092.0
2432.89
2795.3
2852.93
3005.01
3294.08
3229.6
2310.15
2612.89
2686.52
2189.77
2329.44
3186.77
2835.11
2825.89
3079.99
3369.14
3617.29
3597.92
3426.45
2722.95
2388.33
3290.68
3547.35
3455.24
3190.12
3097.92
2969.83
2305.64
2829.02
2584.21
2721.78
2143.52
2908.24
2135.27
2086.18
2415.25
2194.84
1945.82
1967.28
1856.43
1653.95
1592.74
1895.25
1966.29
2007.12
3078.91
2976.85
2883.21
3245.26
3271.99
3266.62
3593.41
3315.26
3626.88
3784.23
4129.54
4290.59
5062.44
4326.76
5110.86
4366.59
4351.63
4341.74
4260.41
4215.21
3830.49
3865.83
3774.81
3682.73
4002.88
4111.99
4286.46
4397.08
4715.64
4550.53
4938.61
5219.08
5228.84
5298.72
5300.24
5308.52
5572.09
5783.15
5944.87
6206.24
6318.61
6061.8
6923.41
6526.62
6627.43
6721.08
6710.4
6742.97
7035.76
6742.89
6712.21
6763.38
6729.53
7222.08
7060.6
6864.87
7152.88
7252.4
6979.81
7106.01
6964.01
6923.6
7083.49
7227.45
7276.63
7630.71
7331.73
7573.26
7312.85
7137.03
6890.94
6734.99
7093.42
6814.76
7009.56
7086.86
7198.85
7380.32
7866.52
8043.71
8084.88
8039.45
7838.22
7816.44
7742.53
7500.79
7641.77
7458.99
7268.06
7575.15
7832.22
7736.07
7341.65
7245.13
7670.37
7532.9
7840.31
7918.53
8724.13
8738.72
8516.02
7773.31
7630.26
7404.61
7489.2
7877.19
8001.57
7739.86
7830.35
7993.09
8144.02
8465.77
8069.81
8098.16
8256.28
8059.65
7927.49
8035.2
8144.16
7703.1
7906.6
7773.92
7677.73
7213.44
6749.28
6304.53
5989.27
5930.17
5984.26
6181.06
6701.36
6839.59
7170.7
7227.96
7046.57
6833.42
6693.83
6470.74
6446.31
6495.15
6586.01
6245.18
6672.69
6646.55
6642.27
6398.77
6529.99
6861.31
7041.27
6872.97
7197.5
7136.1
6826.61
6894.23
6543.39
6209.71
6369.28
6508.21
6607.13
6514.72
6015.3
6335.56
6623.01
6312.03
6223.37
6197.84
5860.99
5715.92
5408.52
5672.7
5457.82
5799.24
6430.58
6554.04
6661.44
6593.8
6407.52
6588.28
6785.94
6947.06
6919.59
6165.35
