2612.89
2458.65
2584.21
1653.95
1967.28
1439.05
1235.3
1406.59
1895.25
1879.87
1787.25
1435.88
1564.47
1410.33
1080.37
1038.07
1447.05
1529.65
2415.25
1688.32
1593.6
1321.26
1201.92
1221.11
1024.55
1098.29
1125.16
1195.37
1169.57
1115.78
1058.14
1333.71
1500.1
1562.65
1973.44
1816.47
1410.42
1050.98
1125.06
1448.49
1992.46
1592.74
1363.32
1105.06
1396.1
1425.16
1050.04
1008.64
997.5
1321.26
1070.06
1253.61
1386.31
1416.09
1288.11
1395.79
1484.46
1470.53
1518.55
1966.29
1669.13
1982.93
2086.18
1606.04
1865.11
1945.82
1846.9
1833.57
1809.54
1974.69
2088.95
2329.44
2141.77
2310.15
2194.84
2092.0
2829.02
2686.52
2189.77
2722.95
2388.33
2432.89
2007.12
2795.3
2721.78
2825.89
3186.77
3245.26
3315.26
3626.88
4215.21
4286.46
4111.99
3830.49
3593.41
3369.14
3617.29
3266.62
3290.68
2883.21
2143.52
1941.41
2137.59
2025.58
2542.69
1856.43
1487.34
1433.11
1386.25
1535.65
2135.27
1570.2
1964.31
2305.64
3005.01
3097.92
2969.83
2976.85
3079.99
2908.24
2852.93
2835.11
3078.91
3190.12
3229.6
3271.99
3426.45
3455.24
4260.41
3682.73
3865.83
3774.81
4002.88
3547.35
3597.92
3294.08
3784.23
4129.54
4290.59
4326.76
4351.63
4341.74
4366.59
5110.86
5062.44
4550.53
4938.61
4715.64
4397.08
5300.24
5219.08
5308.52
5228.84
5457.82
5715.92
6061.8
5799.24
6165.35
6508.21
6526.62
6742.89
6826.61
6646.55
6407.52
5989.27
6312.03
6514.72
6209.71
5860.99
6015.3
6470.74
6627.43
6729.53
6814.76
7213.44
6693.83
7489.2
7137.03
7739.86
7404.61
7703.1
7532.9
7380.32
7331.73
6923.41
7060.6
6710.4
6661.44
6672.69
6839.59
7106.01
6979.81
7866.52
7312.85
7268.06
7341.65
7276.63
7500.79
7838.22
8039.45
8256.28
8084.88
7877.19
7670.37
7742.53
7773.92
8035.2
8043.71
8144.16
7773.31
7906.6
8001.57
8059.65
7630.71
7227.45
6763.38
7252.4
7830.35
8069.81
8465.77
8724.13
8738.72
8516.02
8098.16
7840.31
7677.73
7816.44
7927.49
7993.09
8144.02
7918.53
7575.15
7227.96
7170.7
6919.59
7222.08
7245.13
7736.07
7630.26
7198.85
7832.22
6864.87
6923.6
6554.04
6430.58
6304.53
5930.17
5408.52
5572.09
5672.7
6223.37
6785.94
6894.23
6890.94
6721.08
7083.49
6642.27
7046.57
7136.1
7197.5
7093.42
7041.27
7035.76
7152.88
7573.26
7641.77
7458.99
7086.86
6861.31
6833.42
6446.31
6607.13
5984.26
5944.87
6197.84
6543.39
6593.8
6872.97
6947.06
7009.56
6964.01
6742.97
6749.28
6712.21
6529.99
6369.28
6335.56
6398.77
6495.15
6586.01
6701.36
6734.99
6588.28
6181.06
6245.18
6318.61
6623.01
5783.15
6206.24
5298.72
