1593.6
2432.89
1895.25
1570.2
1688.32
1529.65
1487.34
1406.59
1288.11
1333.71
1410.42
1410.33
1500.1
1606.04
1787.25
1967.28
1564.47
1518.55
1433.11
1386.25
1439.05
1098.29
1070.06
1125.16
1235.3
1363.32
1169.57
1125.06
1416.09
1396.1
1435.88
1447.05
1105.06
1080.37
1195.37
1395.79
1253.61
1321.26
1058.14
1050.98
1024.55
997.5
1008.64
1050.04
1038.07
1221.11
1321.26
1201.92
1115.78
1484.46
1470.53
1425.16
1386.31
1448.49
1535.65
1669.13
1846.9
1653.95
1592.74
1816.47
1964.31
1809.54
2305.64
1562.65
1856.43
1941.41
1833.57
1865.11
1879.87
1973.44
1966.29
2092.0
2088.95
2310.15
2007.12
2189.77
2969.83
3245.26
2908.24
2329.44
2612.89
2686.52
2825.89
2852.93
2722.95
2025.58
2976.85
2135.27
2143.52
2829.02
3294.08
3097.92
3426.45
3597.92
3593.41
3369.14
3547.35
2542.69
2721.78
1945.82
1974.69
1982.93
2141.77
2795.3
3186.77
3290.68
2584.21
2194.84
2086.18
1992.46
2137.59
2388.33
2835.11
3078.91
2415.25
3079.99
2883.21
2458.65
3005.01
3229.6
3190.12
3266.62
3271.99
3315.26
3455.24
3617.29
3774.81
4002.88
3830.49
4351.63
4290.59
4341.74
4286.46
4260.41
4366.59
4550.53
4215.21
4397.08
3865.83
4111.99
3682.73
3626.88
3784.23
4129.54
4326.76
4715.64
5062.44
5219.08
5110.86
5228.84
4938.61
5408.52
5799.24
6015.3
5672.7
5572.09
5989.27
6312.03
6398.77
6446.31
6586.01
6607.13
6710.4
6661.44
6627.43
6554.04
6543.39
6245.18
6197.84
6181.06
6223.37
6526.62
6642.27
6672.69
6742.89
6923.6
7152.88
7213.44
7312.85
6890.94
7170.7
7222.08
7341.65
7489.2
7458.99
7268.06
7380.32
7009.56
6833.42
6923.41
7106.01
7227.96
7641.77
7630.71
7739.86
7773.92
7832.22
8039.45
8144.16
8098.16
8001.57
8059.65
8069.81
7906.6
7877.19
8043.71
7993.09
7838.22
7866.52
7918.53
7742.53
7703.1
7404.61
7331.73
7573.26
7575.15
7773.31
7830.35
7736.07
7227.45
7083.49
7086.86
7276.63
7840.31
8035.2
7532.9
6742.97
7500.79
7927.49
8738.72
8516.02
8724.13
8465.77
8256.28
8084.88
8144.02
7677.73
7816.44
7670.37
7630.26
7093.42
6763.38
6721.08
6508.21
6495.15
6318.61
5783.15
5300.24
5298.72
5308.52
5715.92
6514.72
6335.56
6646.55
6593.8
6588.28
6729.53
6814.76
6964.01
6947.06
7252.4
7198.85
7060.6
6734.99
6826.61
6864.87
6712.21
6919.59
7197.5
6861.31
6701.36
7245.13
6839.59
6749.28
7035.76
7137.03
7046.57
7041.27
6979.81
6894.23
7136.1
6872.97
6785.94
6693.83
6623.01
6407.52
6369.28
6209.71
6304.53
5860.99
6061.8
5944.87
5984.26
5930.17
6165.35
6206.24
6529.99
6430.58
6470.74
5457.82
