2007.12
2143.52
2092.0
2542.69
1406.59
1288.11
1435.88
1653.95
1410.33
1688.32
1535.65
1448.49
1833.57
1879.87
1487.34
1396.1
1253.61
1169.57
1050.04
1098.29
1115.78
1105.06
1125.06
1125.16
1201.92
1321.26
1416.09
1433.11
1570.2
1787.25
1593.6
1846.9
1425.16
1809.54
1500.1
1439.05
1221.11
1024.55
1008.64
997.5
1080.37
1050.98
1038.07
1058.14
1195.37
1070.06
1321.26
1363.32
1386.31
1386.25
1592.74
1333.71
1410.42
1529.65
1895.25
1992.46
2329.44
2310.15
1941.41
1669.13
1447.05
1235.3
1484.46
1606.04
1982.93
2388.33
2086.18
1966.29
1470.53
1564.47
1395.79
1518.55
1973.44
2135.27
2722.95
2612.89
2141.77
2835.11
2795.3
2458.65
2415.25
3079.99
2584.21
3186.77
3547.35
3294.08
3315.26
3266.62
3229.6
3271.99
3369.14
3593.41
3426.45
3617.29
3455.24
3245.26
3097.92
2852.93
2825.89
2686.52
2721.78
2908.24
2976.85
2969.83
2829.02
3190.12
1964.31
2088.95
2137.59
1865.11
2189.77
2305.64
2025.58
2432.89
1945.82
1816.47
1974.69
1562.65
1856.43
2194.84
1967.28
2883.21
3078.91
3005.01
3290.68
3597.92
3626.88
3682.73
3774.81
3784.23
3865.83
4290.59
4715.64
4002.88
4286.46
5110.86
4111.99
4326.76
4366.59
3830.49
4129.54
4215.21
4260.41
4341.74
4351.63
4550.53
5219.08
4397.08
5062.44
4938.61
5228.84
5298.72
5300.24
5308.52
5408.52
5715.92
6165.35
6593.8
6729.53
7009.56
6923.6
6763.38
6833.42
6734.99
6947.06
7093.42
7137.03
6890.94
6864.87
6742.97
6721.08
6839.59
6701.36
6206.24
7086.86
7041.27
7703.1
7630.71
7197.5
6712.21
6529.99
7227.96
7742.53
7906.6
6785.94
7060.6
7136.1
7276.63
7575.15
7630.26
7832.22
7816.44
7830.35
7331.73
7532.9
7840.31
7927.49
8256.28
8098.16
8001.57
7489.2
7341.65
7245.13
7198.85
7252.4
7500.79
7222.08
7670.37
7838.22
8035.2
8059.65
8043.71
8144.16
8084.88
8144.02
8465.77
8738.72
8724.13
8516.02
8069.81
7736.07
7773.92
7739.86
7458.99
7380.32
7213.44
6979.81
7152.88
7268.06
7641.77
7170.7
7773.31
7677.73
7993.09
8039.45
7866.52
7312.85
7035.76
7106.01
6923.41
7227.45
6826.61
6627.43
6304.53
6197.84
6245.18
6209.71
5457.82
5783.15
6061.8
6508.21
6554.04
6526.62
6514.72
6710.4
6672.69
6749.28
6693.83
6586.01
6430.58
6369.28
6470.74
6661.44
6623.01
6872.97
7573.26
7877.19
7918.53
7404.61
7046.57
6646.55
6495.15
6642.27
6543.39
6742.89
6964.01
6861.31
6588.28
6318.61
5860.99
5984.26
6181.06
5799.24
6398.77
6312.03
5672.7
5572.09
6015.3
5944.87
5930.17
6223.37
6446.31
6407.52
6607.13
6814.76
6919.59
7083.49
6894.23
6335.56
5989.27
