2686.52
3097.92
1484.46
1363.32
1115.78
1105.06
1169.57
1396.1
1518.55
1941.41
2088.95
2305.64
2795.3
2722.95
2137.59
1787.25
1410.33
1333.71
1235.3
1253.61
1221.11
1195.37
1288.11
1386.25
1386.31
1448.49
1439.05
1410.42
1406.59
1395.79
1321.26
1201.92
1125.06
1050.04
1024.55
1038.07
997.5
1008.64
1050.98
1070.06
1058.14
1080.37
1098.29
1125.16
1321.26
1416.09
1570.2
1435.88
1500.1
1816.47
1535.65
1529.65
1688.32
1856.43
2542.69
2612.89
2194.84
1879.87
1592.74
1487.34
1974.69
1470.53
1865.11
1833.57
2007.12
2141.77
1653.95
1447.05
1562.65
1809.54
1425.16
1973.44
1669.13
1945.82
1846.9
1967.28
2092.0
2388.33
2310.15
2584.21
1966.29
1895.25
1593.6
1564.47
1982.93
2086.18
2135.27
1992.46
2908.24
3078.91
3547.35
3455.24
3617.29
3593.41
3229.6
3426.45
3369.14
3315.26
3682.73
3597.92
3245.26
3626.88
3079.99
3190.12
3005.01
2969.83
2883.21
2835.11
2432.89
2458.65
2329.44
2189.77
2143.52
2415.25
1964.31
2825.89
1433.11
2025.58
1606.04
2721.78
3266.62
3186.77
2976.85
2852.93
2829.02
3271.99
3294.08
3290.68
3774.81
3830.49
3784.23
4002.88
4290.59
4129.54
4326.76
4366.59
4397.08
4351.63
4341.74
4550.53
4286.46
3865.83
4111.99
4260.41
4215.21
4715.64
4938.61
5228.84
5110.86
5062.44
5219.08
5298.72
5308.52
5408.52
6245.18
5984.26
6197.84
6223.37
6785.94
6446.31
6721.08
6923.41
6872.97
6833.42
6627.43
6593.8
6964.01
5989.27
6209.71
6701.36
6693.83
6672.69
6729.53
6861.31
6407.52
6894.23
7252.4
7532.9
7489.2
7380.32
7458.99
7575.15
7198.85
7137.03
7136.1
7041.27
7046.57
7222.08
7268.06
7816.44
8001.57
8084.88
8059.65
7927.49
7840.31
8098.16
8144.02
8144.16
8256.28
8724.13
8465.77
7866.52
7677.73
7170.7
7009.56
7035.76
7106.01
7341.65
7630.71
7312.85
7773.92
7838.22
7773.31
8069.81
8035.2
7830.35
7739.86
8738.72
7918.53
7906.6
7742.53
7670.37
7500.79
7703.1
7630.26
7152.88
7404.61
7331.73
7832.22
8043.71
7877.19
8039.45
8516.02
7993.09
7641.77
7276.63
7197.5
7227.45
7213.44
7573.26
7736.07
6923.6
5672.7
5300.24
6526.62
6839.59
6554.04
5944.87
5930.17
5572.09
5783.15
6495.15
6529.99
6543.39
6586.01
5457.82
6514.72
5715.92
6369.28
6623.01
6742.89
6742.97
6710.4
6646.55
6763.38
6947.06
7060.6
7245.13
7227.96
7083.49
7093.42
6749.28
6661.44
6398.77
6607.13
6588.28
6470.74
6508.21
6335.56
6206.24
6015.3
6061.8
5799.24
6312.03
6430.58
6734.99
6890.94
6979.81
7086.86
6919.59
6814.76
6826.61
6642.27
6318.61
6181.06
6165.35
6304.53
6712.21
6864.87
5860.99
