1945.82
2415.25
2141.77
1982.93
1410.33
1416.09
2135.27
1435.88
1518.55
1487.34
1395.79
1406.59
1688.32
1846.9
1816.47
1484.46
1410.42
1447.05
1425.16
1386.25
1386.31
1288.11
1105.06
1024.55
997.5
1038.07
1050.04
1070.06
1125.06
1221.11
1115.78
1098.29
1080.37
1050.98
1058.14
1195.37
1169.57
1321.26
1235.3
1321.26
1333.71
1363.32
1433.11
1593.6
1966.29
1833.57
1787.25
1470.53
1535.65
1562.65
1606.04
1592.74
1529.65
1500.1
2007.12
1865.11
1992.46
2612.89
2025.58
2686.52
2137.59
1653.95
1448.49
1396.1
1253.61
1809.54
1201.92
1008.64
1125.16
1439.05
1570.2
1879.87
1856.43
2092.0
1967.28
2542.69
2829.02
2976.85
3079.99
2795.3
2194.84
2722.95
1973.44
2852.93
2883.21
3186.77
3097.92
3271.99
3245.26
3078.91
2584.21
1974.69
2143.52
2388.33
2432.89
2825.89
2721.78
2189.77
2086.18
2458.65
1564.47
2088.95
1964.31
2305.64
1669.13
3229.6
1941.41
2329.44
2310.15
1895.25
2835.11
2908.24
3005.01
3190.12
3369.14
2969.83
3455.24
3266.62
3290.68
3315.26
3294.08
3426.45
3597.92
3626.88
3617.29
3682.73
4215.21
3865.83
4286.46
4260.41
3830.49
3774.81
3593.41
3547.35
3784.23
4002.88
4111.99
4129.54
4326.76
4341.74
4351.63
4290.59
4397.08
4366.59
4715.64
4550.53
5110.86
5062.44
4938.61
5219.08
5228.84
5298.72
5457.82
5672.7
5572.09
6197.84
5860.99
6206.24
6593.8
6245.18
6588.28
6554.04
6642.27
6693.83
6586.01
6223.37
6209.71
5989.27
6672.69
7060.6
6785.94
6623.01
6398.77
6814.76
6890.94
7170.7
7532.9
7838.22
7736.07
8039.45
8069.81
8059.65
8144.16
8084.88
8001.57
7918.53
7773.31
7830.35
7245.13
7630.26
7773.92
7739.86
7703.1
7630.71
7500.79
7742.53
8043.71
7906.6
7641.77
7575.15
7106.01
7268.06
6923.6
6712.21
7086.86
6964.01
7222.08
7404.61
7458.99
7489.2
7677.73
7866.52
7927.49
7832.22
7877.19
7993.09
8098.16
8256.28
8465.77
8516.02
8738.72
8724.13
7670.37
8144.02
7331.73
7227.96
7252.4
7312.85
7276.63
7152.88
6979.81
6919.59
7197.5
7380.32
7341.65
7083.49
7213.44
7573.26
8035.2
7840.31
7816.44
7227.45
6833.42
6543.39
6529.99
6335.56
6470.74
5984.26
6181.06
6304.53
6312.03
6508.21
6729.53
6495.15
6646.55
6701.36
6627.43
6721.08
6861.31
6894.23
7198.85
7137.03
7136.1
6839.59
7009.56
6826.61
6710.4
6369.28
5944.87
5799.24
5408.52
5715.92
5308.52
5300.24
6015.3
6514.72
6749.28
7035.76
7093.42
7046.57
6923.41
6742.89
6763.38
6864.87
6872.97
6742.97
6446.31
6661.44
6430.58
6318.61
6526.62
6607.13
6061.8
6165.35
5930.17
6407.52
6734.99
6947.06
7041.27
5783.15
