2795.3
3271.99
2007.12
1973.44
2305.64
1966.29
1787.25
1406.59
1396.1
1470.53
1856.43
1865.11
1518.55
1435.88
1564.47
1606.04
1253.61
1386.25
1410.42
1321.26
1195.37
1363.32
1321.26
1058.14
1125.06
1105.06
1125.16
1395.79
1416.09
1500.1
1447.05
1529.65
1688.32
1809.54
1833.57
1562.65
1669.13
1433.11
1484.46
1487.34
1448.49
1221.11
1098.29
1080.37
1038.07
1050.04
1070.06
1201.92
1386.31
1410.33
1288.11
1169.57
1235.3
997.5
1024.55
1008.64
1050.98
1115.78
1333.71
1425.16
1439.05
1570.2
1653.95
1593.6
1535.65
1592.74
1895.25
2194.84
2908.24
2883.21
3190.12
3290.68
3186.77
3079.99
2825.89
2143.52
2329.44
2458.65
2189.77
2086.18
2025.58
1982.93
1879.87
2088.95
2542.69
2852.93
3005.01
2969.83
3245.26
3369.14
3597.92
3626.88
3294.08
3455.24
3617.29
3547.35
3097.92
4111.99
2835.11
3315.26
2976.85
2722.95
2388.33
2137.59
1816.47
1941.41
1846.9
1964.31
1967.28
1945.82
1974.69
2135.27
2686.52
2310.15
2415.25
2721.78
2092.0
1992.46
3078.91
2612.89
2141.77
2432.89
2584.21
2829.02
3229.6
3266.62
3774.81
4290.59
4397.08
4938.61
5062.44
4366.59
4129.54
4286.46
3830.49
3426.45
3593.41
3682.73
3865.83
4260.41
4341.74
3784.23
4215.21
4002.88
4326.76
4351.63
4550.53
4715.64
5219.08
5110.86
5408.52
5457.82
5308.52
5300.24
5944.87
6209.71
6398.77
6529.99
6693.83
6712.21
6721.08
6646.55
6661.44
6964.01
6749.28
7170.7
6734.99
6312.03
5783.15
5989.27
6710.4
7035.76
6785.94
6369.28
6245.18
6864.87
7198.85
7252.4
6814.76
6763.38
6894.23
7093.42
7197.5
7222.08
7677.73
7877.19
7816.44
7575.15
7573.26
7742.53
7838.22
7245.13
6839.59
6588.28
6742.89
6833.42
7630.71
7993.09
7840.31
7918.53
7500.79
7227.96
7041.27
6861.31
7009.56
6890.94
7276.63
7927.49
8001.57
8465.77
8039.45
8144.02
8098.16
8069.81
8084.88
8256.28
8738.72
8059.65
8516.02
7670.37
7739.86
7489.2
7312.85
7736.07
7773.92
7458.99
7703.1
8043.71
7906.6
8144.16
8724.13
8035.2
7866.52
7773.31
7830.35
7832.22
7630.26
7331.73
7213.44
7152.88
7083.49
6923.41
6642.27
6335.56
6206.24
6181.06
5799.24
5860.99
6165.35
5672.7
6015.3
6304.53
6543.39
6627.43
6742.97
6701.36
6446.31
6593.8
6607.13
6554.04
6729.53
6919.59
7341.65
7532.9
7641.77
7404.61
7268.06
7086.86
7046.57
7106.01
7227.45
7380.32
7137.03
6947.06
6979.81
7060.6
6672.69
7136.1
6470.74
6623.01
6508.21
6872.97
6826.61
6514.72
5715.92
5298.72
5572.09
6197.84
6318.61
6061.8
6495.15
6923.6
6586.01
6430.58
6223.37
6526.62
6407.52
5984.26
5930.17
5228.84
