1833.57
2976.85
3271.99
3245.26
2088.95
1487.34
1470.53
1425.16
1321.26
1221.11
1288.11
1439.05
1529.65
1879.87
1570.2
1787.25
1606.04
1669.13
1448.49
1410.42
1201.92
1105.06
1169.57
1333.71
1195.37
1125.16
1410.33
1115.78
1125.06
1080.37
1070.06
1050.04
1050.98
997.5
1008.64
1024.55
1038.07
1058.14
1386.25
1098.29
1395.79
1253.61
1406.59
1484.46
1564.47
1809.54
1945.82
1992.46
2086.18
2825.89
2189.77
1967.28
1966.29
2092.0
2584.21
3078.91
2908.24
1688.32
2415.25
1856.43
1653.95
1433.11
1386.31
1235.3
1416.09
1435.88
1321.26
1363.32
1396.1
1447.05
1500.1
1535.65
1518.55
1593.6
1846.9
1562.65
1592.74
1964.31
1895.25
2388.33
2143.52
2852.93
2137.59
3005.01
3229.6
3426.45
3617.29
2835.11
3097.92
3290.68
3315.26
3294.08
3547.35
3455.24
3626.88
3597.92
3593.41
3266.62
3079.99
2721.78
2829.02
3369.14
3682.73
2612.89
3186.77
2795.3
2135.27
1865.11
2025.58
1816.47
1941.41
1974.69
1982.93
2432.89
2007.12
2194.84
2542.69
2722.95
2141.77
2305.64
2310.15
2883.21
3190.12
2969.83
2458.65
1973.44
2329.44
2686.52
3774.81
3784.23
4215.21
4260.41
4290.59
3865.83
4111.99
4341.74
5219.08
5300.24
4397.08
4326.76
4129.54
3830.49
4002.88
4286.46
4351.63
4366.59
5228.84
4938.61
4550.53
5062.44
4715.64
5110.86
5298.72
5457.82
5930.17
6304.53
6335.56
6623.01
7083.49
7152.88
7670.37
7198.85
7197.5
6919.59
6785.94
6693.83
6826.61
6861.31
6763.38
6588.28
6734.99
6642.27
6529.99
6543.39
6646.55
6742.97
6923.41
6923.6
6979.81
7268.06
7404.61
7380.32
7500.79
7830.35
7276.63
7736.07
7773.31
7840.31
7773.92
7993.09
8069.81
8043.71
7918.53
7630.26
7906.6
7838.22
7630.71
8035.2
7703.1
7927.49
8084.88
8039.45
7816.44
7213.44
7041.27
6872.97
6814.76
7060.6
7136.1
7086.86
7739.86
8059.65
8098.16
8144.16
8256.28
8465.77
8724.13
8738.72
8516.02
8144.02
8001.57
7832.22
7641.77
7331.73
7106.01
6864.87
7137.03
7575.15
7866.52
7877.19
7742.53
7252.4
7677.73
7489.2
7458.99
7312.85
7341.65
7222.08
7532.9
6833.42
6627.43
6209.71
5860.99
6197.84
6245.18
6593.8
6742.89
6514.72
7009.56
6890.94
7035.76
7227.96
7245.13
7046.57
7227.45
6964.01
6947.06
7170.7
7573.26
6894.23
6749.28
6729.53
6430.58
5672.7
6318.61
6526.62
6712.21
6672.69
6839.59
6721.08
6607.13
6407.52
6398.77
5989.27
5944.87
6508.21
5572.09
5799.24
5308.52
6061.8
6369.28
6206.24
6446.31
6586.01
6661.44
6710.4
6470.74
5984.26
6312.03
5715.92
6015.3
6495.15
6181.06
5783.15
6165.35
6701.36
7093.42
6554.04
6223.37
5408.52
