1564.47
1941.41
1816.47
1562.65
1484.46
1606.04
1833.57
1688.32
1410.42
1448.49
1487.34
1669.13
1966.29
1593.6
1529.65
1470.53
1425.16
1592.74
1570.2
1439.05
1406.59
1396.1
1235.3
1288.11
1050.04
997.5
1386.25
1253.61
1433.11
1447.05
1333.71
1098.29
1435.88
1221.11
1169.57
1125.16
1125.06
1024.55
1008.64
1321.26
1115.78
1201.92
1070.06
1050.98
1058.14
1363.32
1386.31
1038.07
1895.25
1321.26
1865.11
1846.9
1787.25
1535.65
1967.28
2135.27
2025.58
1518.55
1395.79
1080.37
1105.06
1195.37
1410.33
1416.09
1500.1
1856.43
1945.82
1973.44
1974.69
1992.46
1653.95
1809.54
1879.87
2141.77
2137.59
2721.78
2835.11
3186.77
3078.91
3266.62
3245.26
3097.92
2976.85
3079.99
3626.88
3547.35
3617.29
3369.14
3190.12
3315.26
2883.21
3005.01
3229.6
3294.08
3455.24
3597.92
3682.73
3271.99
3290.68
2908.24
2329.44
2189.77
2432.89
2722.95
2829.02
2852.93
2388.33
2825.89
2458.65
2542.69
2305.64
2612.89
2194.84
2415.25
2584.21
2143.52
2007.12
1964.31
2092.0
1982.93
2086.18
2310.15
2088.95
2686.52
2795.3
2969.83
3426.45
3593.41
3774.81
3784.23
4129.54
4002.88
4715.64
4550.53
4938.61
5062.44
4351.63
4286.46
4111.99
4260.41
3865.83
3830.49
4215.21
4397.08
5219.08
5300.24
5298.72
5228.84
4366.59
4341.74
4290.59
4326.76
5308.52
5110.86
5408.52
5944.87
6165.35
6642.27
6729.53
6864.87
7331.73
6919.59
7312.85
7060.6
6947.06
6826.61
7046.57
6586.01
5989.27
5930.17
5799.24
5783.15
6061.8
6430.58
6588.28
6514.72
6197.84
6661.44
6701.36
7009.56
6623.01
6814.76
6742.97
6923.41
7083.49
7227.96
7573.26
7222.08
7268.06
7742.53
8035.2
8001.57
7993.09
7832.22
7630.26
7773.92
7838.22
7927.49
7840.31
8039.45
8059.65
8043.71
7532.9
7736.07
7198.85
7137.03
7170.7
7641.77
7575.15
7630.71
7677.73
7877.19
8069.81
8098.16
8144.02
8256.28
8516.02
8144.16
8738.72
8724.13
8465.77
8084.88
7906.6
7918.53
7773.31
7739.86
7252.4
7670.37
7213.44
7703.1
7830.35
7341.65
7816.44
7458.99
7489.2
7380.32
7500.79
7404.61
7093.42
6964.01
7106.01
6890.94
6763.38
6593.8
6407.52
6335.56
6369.28
6223.37
6833.42
6710.4
6607.13
7276.63
7086.86
7136.1
7245.13
6923.6
7035.76
7041.27
6861.31
6734.99
6742.89
6470.74
6209.71
6304.53
6839.59
7227.45
7866.52
7197.5
6398.77
6312.03
6749.28
7152.88
6979.81
6693.83
6206.24
6872.97
6721.08
6894.23
6785.94
6712.21
6646.55
6672.69
6627.43
6508.21
6554.04
6543.39
5672.7
6181.06
6529.99
5860.99
5715.92
6245.18
5572.09
6015.3
5984.26
6318.61
6526.62
6446.31
6495.15
5457.82
