1787.25
1945.82
1856.43
2092.0
1982.93
1833.57
2086.18
1865.11
1562.65
1518.55
1363.32
1195.37
1235.3
1410.33
1416.09
1447.05
1125.16
1564.47
1406.59
1386.25
1470.53
1500.1
1080.37
1201.92
1024.55
1169.57
1115.78
1321.26
1410.42
1396.1
1448.49
1098.29
1038.07
997.5
1008.64
1050.04
1050.98
1058.14
1105.06
1070.06
1253.61
1125.06
1333.71
1321.26
1221.11
1386.31
1592.74
1435.88
1529.65
1606.04
1973.44
2007.12
2137.59
1816.47
1964.31
2825.89
2415.25
2305.64
2025.58
1809.54
1653.95
1688.32
1570.2
1433.11
1439.05
1535.65
1395.79
1593.6
1487.34
1288.11
1484.46
1425.16
1669.13
1992.46
1966.29
1846.9
2088.95
2310.15
2721.78
2141.77
2194.84
1879.87
1895.25
1974.69
2388.33
2829.02
2686.52
2458.65
2852.93
3245.26
2542.69
2432.89
2143.52
2722.95
2795.3
3079.99
3229.6
3097.92
3005.01
3186.77
2883.21
2969.83
2976.85
3290.68
3078.91
2835.11
2189.77
1941.41
2584.21
3190.12
3266.62
2612.89
2329.44
1967.28
2135.27
2908.24
3369.14
3455.24
3315.26
3271.99
3294.08
3426.45
3547.35
3593.41
3597.92
3626.88
3784.23
3865.83
3617.29
4351.63
4260.41
4366.59
4111.99
4286.46
4215.21
4290.59
4129.54
4326.76
3830.49
3682.73
4002.88
3774.81
4341.74
5062.44
5219.08
5298.72
5572.09
5110.86
4715.64
4550.53
4397.08
4938.61
5228.84
5300.24
5860.99
5944.87
6197.84
6318.61
6712.21
6864.87
6964.01
7276.63
6923.6
6814.76
6693.83
6701.36
6742.89
6627.43
6508.21
6209.71
6623.01
6529.99
6661.44
6861.31
7041.27
6979.81
7213.44
7500.79
7736.07
7906.6
7918.53
8144.16
8738.72
8144.02
8059.65
7832.22
7816.44
7739.86
8084.88
7742.53
7773.31
7573.26
7268.06
7083.49
7341.65
7252.4
7380.32
8516.02
8069.81
8465.77
7840.31
7993.09
6839.59
6749.28
6672.69
6826.61
6872.97
7170.7
7331.73
7677.73
7703.1
7927.49
8035.2
7532.9
7630.26
7222.08
7641.77
7830.35
8724.13
8098.16
7227.96
8256.28
7458.99
7312.85
8001.57
7489.2
7245.13
7035.76
7137.03
7093.42
6785.94
7009.56
6894.23
7060.6
7152.88
7227.45
7404.61
7773.92
7877.19
8043.71
7838.22
7575.15
7046.57
6554.04
6223.37
6245.18
6181.06
5715.92
5783.15
5930.17
6061.8
6710.4
6763.38
6543.39
6398.77
6526.62
6923.41
7197.5
7866.52
7198.85
8039.45
7670.37
7630.71
7136.1
7106.01
6833.42
6642.27
6514.72
6206.24
5984.26
5799.24
5457.82
5308.52
5408.52
5672.7
6015.3
6430.58
6586.01
6593.8
6729.53
6721.08
6734.99
6919.59
6947.06
6890.94
7086.86
6446.31
6646.55
6742.97
6407.52
6588.28
6607.13
6470.74
6335.56
6312.03
6165.35
6304.53
6369.28
6495.15
5989.27
