2458.65
2542.69
2092.0
1895.25
1518.55
1235.3
1288.11
1470.53
1386.31
1439.05
1098.29
1125.16
1050.98
1195.37
1221.11
1115.78
1396.1
1529.65
1448.49
1500.1
1487.34
1447.05
1425.16
1333.71
1321.26
1564.47
1395.79
1484.46
1169.57
1363.32
1070.06
1125.06
1038.07
1008.64
1024.55
1253.61
1105.06
1058.14
1080.37
997.5
1050.04
1201.92
1321.26
1410.33
1410.42
1406.59
1433.11
1386.25
1435.88
1535.65
1592.74
1833.57
2135.27
1653.95
2141.77
2086.18
1982.93
1809.54
1606.04
1562.65
1570.2
1669.13
1856.43
1416.09
1846.9
1865.11
1879.87
1966.29
1945.82
1941.41
1816.47
1967.28
2025.58
1992.46
1787.25
1593.6
1688.32
1964.31
1973.44
2194.84
2432.89
2686.52
2835.11
2721.78
2584.21
2189.77
2415.25
2795.3
3245.26
3455.24
3097.92
3078.91
2829.02
2722.95
3005.01
3547.35
3266.62
3593.41
3426.45
3315.26
3079.99
2969.83
3190.12
2883.21
2825.89
3229.6
2329.44
2388.33
2143.52
2310.15
2007.12
2088.95
1974.69
2137.59
2305.64
2612.89
2908.24
3290.68
3617.29
3626.88
3369.14
3294.08
3865.83
4111.99
3784.23
3271.99
3186.77
2976.85
2852.93
3597.92
3682.73
3774.81
3830.49
4002.88
4129.54
4290.59
4326.76
4341.74
4715.64
4550.53
4397.08
4366.59
4215.21
4286.46
4260.41
4351.63
4938.61
5062.44
5110.86
5300.24
5219.08
5228.84
5298.72
5308.52
5783.15
5989.27
6369.28
6642.27
6514.72
6627.43
6661.44
6245.18
6304.53
6407.52
6165.35
5799.24
6318.61
5715.92
5984.26
5944.87
6335.56
5860.99
5457.82
5672.7
6206.24
6526.62
7093.42
7252.4
7703.1
7630.71
7630.26
7380.32
7152.88
7170.7
7458.99
7276.63
7830.35
7816.44
7677.73
7641.77
7331.73
7197.5
7227.45
7500.79
7739.86
7866.52
7832.22
8084.88
8001.57
7993.09
8059.65
7489.2
7736.07
7198.85
7532.9
7573.26
6923.6
7742.53
7222.08
7137.03
7213.44
7773.31
7575.15
7877.19
8035.2
8069.81
8724.13
8738.72
8516.02
8256.28
8098.16
7840.31
7404.61
7341.65
7136.1
7035.76
7041.27
7312.85
7773.92
8144.02
7906.6
8465.77
8043.71
8039.45
7918.53
8144.16
7838.22
7106.01
7927.49
7245.13
7670.37
7227.96
7009.56
6712.21
6742.89
7046.57
7086.86
6495.15
6672.69
6446.31
6586.01
6749.28
6646.55
6607.13
6894.23
6947.06
7060.6
6979.81
6721.08
6209.71
6470.74
6554.04
6864.87
6763.38
6742.97
6890.94
6785.94
6623.01
6701.36
6529.99
6543.39
6923.41
6826.61
6588.28
6729.53
6839.59
6814.76
6508.21
5930.17
6061.8
5572.09
5408.52
6197.84
6015.3
6223.37
6593.8
6710.4
6833.42
6693.83
6430.58
7268.06
6872.97
7083.49
6919.59
6398.77
6734.99
6312.03
6861.31
6964.01
6181.06
