1500.1
1518.55
1439.05
1945.82
1879.87
1653.95
1669.13
1895.25
1941.41
1487.34
1435.88
1406.59
1688.32
1833.57
1564.47
1606.04
1396.1
1235.3
1115.78
1125.06
1125.16
1288.11
1169.57
1221.11
1253.61
1447.05
1535.65
1410.42
1787.25
1470.53
1425.16
1386.31
1321.26
1195.37
1201.92
1363.32
1386.25
1333.71
1105.06
1098.29
1080.37
1050.98
997.5
1024.55
1038.07
1008.64
1050.04
1058.14
1070.06
1321.26
1395.79
1433.11
1592.74
1448.49
1484.46
1593.6
1562.65
1410.33
1416.09
1570.2
1964.31
1967.28
1982.93
1816.47
1846.9
1966.29
2007.12
2086.18
2141.77
2852.93
2310.15
3078.91
3079.99
2969.83
2458.65
2415.25
2189.77
2722.95
3271.99
2388.33
1809.54
1856.43
2143.52
2829.02
3266.62
2883.21
2584.21
3294.08
3547.35
3617.29
3774.81
3426.45
3245.26
2976.85
2908.24
2835.11
3369.14
3455.24
3315.26
2721.78
3005.01
2135.27
2686.52
3186.77
2542.69
2825.89
2092.0
1974.69
1529.65
1865.11
1973.44
1992.46
2137.59
2305.64
2088.95
2194.84
2025.58
2329.44
2612.89
3190.12
2795.3
3097.92
2432.89
3229.6
3290.68
3626.88
4260.41
3597.92
4366.59
4341.74
4351.63
4111.99
4326.76
4002.88
4129.54
4286.46
4215.21
3784.23
3593.41
3865.83
3682.73
3830.49
4290.59
4397.08
4550.53
4715.64
4938.61
5062.44
5110.86
5219.08
5298.72
5228.84
5300.24
5308.52
5408.52
5457.82
6165.35
6543.39
6318.61
6495.15
6785.94
6514.72
6742.89
6839.59
6923.41
6833.42
7404.61
6712.21
6894.23
6947.06
6923.6
7009.56
6964.01
7093.42
6749.28
6979.81
6890.94
7086.86
7041.27
7380.32
7198.85
7276.63
7341.65
7573.26
7630.26
7575.15
7046.57
7773.92
7136.1
7268.06
7252.4
7152.88
7060.6
6864.87
6763.38
6742.97
6826.61
7532.9
7213.44
7739.86
7703.1
7630.71
7489.2
7137.03
6919.59
7331.73
7312.85
7736.07
7816.44
7840.31
7866.52
7993.09
7918.53
8098.16
8144.02
8516.02
8738.72
8724.13
8144.16
8039.45
7906.6
7742.53
7197.5
7500.79
7641.77
7677.73
7773.31
7832.22
8035.2
8084.88
8465.77
8059.65
8043.71
7830.35
7877.19
8001.57
8069.81
7927.49
8256.28
7838.22
7670.37
7083.49
6701.36
6015.3
5989.27
6223.37
6526.62
5930.17
5672.7
5799.24
6197.84
6430.58
6407.52
6312.03
6245.18
6470.74
6661.44
6729.53
6814.76
6861.31
7170.7
7106.01
7458.99
7227.45
7245.13
7222.08
7227.96
6872.97
6734.99
6710.4
6335.56
6672.69
6588.28
6061.8
5984.26
6446.31
5783.15
6508.21
5944.87
6206.24
6181.06
6369.28
6529.99
6586.01
6693.83
6627.43
5715.92
6304.53
6398.77
5860.99
6209.71
6623.01
6642.27
6607.13
6554.04
6593.8
7035.76
6721.08
6646.55
5572.09
