1562.65
2086.18
1653.95
1406.59
1425.16
1333.71
1235.3
1363.32
1221.11
1395.79
1396.1
1433.11
1592.74
2092.0
1669.13
1964.31
1941.41
1833.57
1879.87
2135.27
1973.44
1787.25
1435.88
1416.09
1386.25
1321.26
1410.42
1125.06
1080.37
1195.37
1288.11
1125.16
1024.55
1050.04
1169.57
1201.92
1098.29
997.5
1038.07
1008.64
1058.14
1105.06
1115.78
1070.06
1050.98
1321.26
1253.61
1410.33
1386.31
1484.46
1518.55
1529.65
1974.69
1487.34
1809.54
1895.25
2025.58
1967.28
1945.82
1570.2
1564.47
1470.53
1447.05
1688.32
3294.08
2852.93
2189.77
1816.47
1606.04
1593.6
1500.1
1846.9
1865.11
2137.59
2388.33
2969.83
2829.02
3290.68
1992.46
1856.43
1448.49
1439.05
1535.65
2088.95
2141.77
2143.52
2194.84
2305.64
2686.52
2584.21
2310.15
2432.89
2542.69
3315.26
3597.92
3626.88
3593.41
3369.14
3455.24
3426.45
2722.95
2612.89
2329.44
2835.11
3079.99
3547.35
3005.01
2908.24
2825.89
3190.12
2415.25
3097.92
1966.29
2007.12
1982.93
2458.65
2721.78
2976.85
2795.3
3186.77
3229.6
3271.99
3266.62
2883.21
3078.91
3245.26
3617.29
3682.73
3774.81
3784.23
4326.76
4215.21
4341.74
4286.46
4715.64
5110.86
4397.08
4290.59
4129.54
3865.83
4002.88
3830.49
4260.41
4111.99
4366.59
4938.61
5062.44
4550.53
4351.63
5219.08
5228.84
5300.24
5298.72
5308.52
5408.52
5572.09
5984.26
6206.24
6312.03
6197.84
6543.39
6729.53
6964.01
7227.45
7035.76
6593.8
6710.4
6642.27
6814.76
6369.28
6304.53
6508.21
6646.55
6839.59
7041.27
7093.42
6890.94
7268.06
7060.6
7198.85
7213.44
7575.15
7703.1
7927.49
7630.71
7906.6
7532.9
7458.99
7170.7
7312.85
7773.92
7331.73
7816.44
7773.31
7630.26
7736.07
7866.52
8144.02
8069.81
7838.22
7918.53
8059.65
7739.86
7341.65
7573.26
7222.08
7137.03
7227.96
7489.2
7106.01
7245.13
8035.2
7404.61
8465.77
8738.72
8516.02
8724.13
8256.28
8084.88
8039.45
7877.19
7152.88
7742.53
7276.63
7677.73
7830.35
8043.71
8144.16
7670.37
7840.31
7500.79
8001.57
8098.16
7993.09
7832.22
7641.77
7252.4
7136.1
7380.32
7086.86
7083.49
6947.06
6742.89
6209.71
6181.06
6061.8
5799.24
5715.92
5672.7
5457.82
5783.15
5860.99
6015.3
5989.27
5944.87
6223.37
6398.77
6742.97
6923.41
6861.31
7009.56
6785.94
6721.08
6495.15
6514.72
6661.44
6749.28
6919.59
6894.23
6763.38
6607.13
6588.28
6693.83
6318.61
6712.21
6923.6
6872.97
6979.81
6864.87
6833.42
6627.43
6734.99
7046.57
7197.5
6826.61
6586.01
6446.31
6165.35
6529.99
6526.62
6407.52
6430.58
6245.18
6335.56
6470.74
6554.04
6672.69
6701.36
6623.01
5930.17
