1895.25
1966.29
1570.2
1941.41
1529.65
1879.87
2007.12
1606.04
1500.1
1386.25
1125.06
1115.78
1221.11
1395.79
1484.46
1535.65
1410.33
1564.47
1439.05
1447.05
1470.53
1386.31
1333.71
1195.37
1321.26
1448.49
1487.34
1433.11
1125.16
1592.74
1201.92
1406.59
1410.42
1288.11
1363.32
1253.61
1416.09
1435.88
1080.37
1396.1
1169.57
1098.29
1105.06
1070.06
1038.07
997.5
1008.64
1024.55
1050.04
1050.98
1058.14
1235.3
1321.26
1425.16
1518.55
1562.65
1809.54
1669.13
1816.47
1833.57
2137.59
2432.89
2143.52
1964.31
1974.69
1973.44
1945.82
1846.9
1982.93
1967.28
2194.84
2722.95
2976.85
3271.99
2835.11
2686.52
2825.89
3186.77
2969.83
2415.25
2542.69
2025.58
2092.0
2612.89
3229.6
3079.99
2908.24
2883.21
3294.08
2829.02
3369.14
3097.92
3315.26
3617.29
3455.24
2584.21
3266.62
3593.41
3426.45
3190.12
2088.95
2135.27
2388.33
2086.18
1992.46
2329.44
1653.95
1787.25
1688.32
1593.6
1856.43
1865.11
2189.77
2141.77
2310.15
2795.3
2305.64
3245.26
2852.93
2721.78
2458.65
3005.01
3078.91
3290.68
3547.35
3597.92
3626.88
3682.73
3784.23
4129.54
4366.59
4550.53
4215.21
4290.59
4341.74
4351.63
4326.76
4286.46
4002.88
4111.99
3830.49
3774.81
3865.83
4260.41
4397.08
4715.64
4938.61
5062.44
5308.52
5944.87
5672.7
5300.24
5228.84
5110.86
5298.72
5408.52
5715.92
6304.53
6742.89
6814.76
6763.38
6646.55
6554.04
6430.58
6206.24
6446.31
6607.13
6593.8
6701.36
6729.53
6919.59
6734.99
6864.87
7060.6
6923.6
7170.7
7137.03
7093.42
7245.13
7083.49
7046.57
7268.06
7489.2
6979.81
7252.4
6923.41
6947.06
7009.56
7086.86
7213.44
7404.61
7641.77
7703.1
7630.26
7341.65
7152.88
7136.1
7197.5
7739.86
7877.19
7832.22
7276.63
7041.27
6785.94
6749.28
6964.01
7227.45
7227.96
7458.99
7532.9
7573.26
7773.92
7830.35
7866.52
7918.53
7927.49
7906.6
8001.57
7993.09
7670.37
7331.73
7575.15
7035.76
7773.31
7840.31
7500.79
7816.44
8084.88
8035.2
8724.13
8059.65
8144.16
8465.77
8516.02
8069.81
8738.72
8144.02
8256.28
8043.71
8098.16
8039.45
7736.07
7222.08
6627.43
6588.28
6839.59
6894.23
6318.61
6312.03
6710.4
6693.83
6833.42
6197.84
5219.08
5860.99
5930.17
6526.62
6672.69
6742.97
6861.31
7106.01
7380.32
7677.73
7312.85
7630.71
7742.53
7838.22
7198.85
6890.94
6826.61
6407.52
6181.06
6369.28
5799.24
6245.18
6223.37
6529.99
6543.39
6586.01
6642.27
6721.08
6712.21
6514.72
6470.74
6209.71
6061.8
5984.26
5457.82
6015.3
5572.09
6398.77
6335.56
6661.44
6623.01
5783.15
5989.27
6508.21
6495.15
6872.97
6165.35
