2969.83
3078.91
1964.31
2194.84
1945.8200000000002
1321.26
1038.07
1058.14
1288.1100000000001
1439.05
1564.47
1562.65
1518.55
1529.65
1406.59
1416.09
1487.34
1535.65
1688.3200000000002
1856.4299999999998
1500.1
1484.46
1395.79
1221.1100000000001
1169.57
1125.16
1105.06
1115.78
1125.06
1080.37
1098.29
1024.55
1050.04
997.5
1008.64
1070.06
1050.98
1195.37
1235.3
1386.25
1435.88
1410.42
1321.26
1363.32
1333.71
1410.33
1448.49
1593.6
1865.1100000000001
2432.89
2721.7799999999997
1787.25
1809.54
1653.95
1966.29
2141.77
1974.69
1816.47
1592.74
1425.16
1470.53
1447.05
1433.1100000000001
1396.1
1253.6100000000001
1201.92
1386.31
1606.04
2088.95
2086.18
1895.25
1669.13
1833.5700000000002
2388.33
2007.12
1570.2
2305.64
2795.3
2329.44
1941.4099999999999
2310.15
1982.9299999999998
2415.25
2189.77
2135.27
1846.9
2025.58
2825.89
3229.6
3294.08
3369.14
3547.35
3597.92
3426.45
3186.77
3190.12
3315.26
3266.62
3271.99
3079.99
3005.01
2852.93
2722.95
2458.65
2092.0
1879.87
1973.44
2542.69
2584.21
1992.46
2612.89
2143.52
1967.28
2137.59
2686.52
2835.11
2829.02
3455.24
3245.26
2976.85
2908.24
3097.92
2883.21
3290.68
3593.41
3784.23
3774.81
4111.99
4286.46
4326.76
4397.08
4550.53
4351.63
4341.74
4290.59
4260.41
4215.21
3865.83
3626.88
3830.49
4002.88
3617.29
3682.73
4129.54
4366.59
4715.64
4938.61
5062.44
5300.24
5308.52
5228.84
5298.72
5219.08
5110.86
5457.82
5408.52
5715.92
5930.17
6398.77
6470.74
6742.89
6526.62
6554.04
6749.28
6181.06
6407.52
5989.27
6318.61
6015.3
5860.99
6607.13
7198.85
6890.9400000000005
6919.59
8098.16
7083.49
7575.15
6839.59
7532.9
6894.23
7341.65
7197.5
7458.99
7773.3099999999995
7918.53
7906.6
8035.2
8069.81
7993.09
8001.57
7866.52
6864.87
7222.08
6814.76
6979.8099999999995
7276.63
7840.3099999999995
8084.88
8043.71
8516.02
7832.22
7736.07
7331.73
6712.21
6947.0599999999995
6861.3099999999995
7380.32
7404.61
7245.13
7137.03
6964.01
7093.42
7106.01
7500.79
8039.45
8144.16
8738.72
8724.13
8144.02
7927.49
7630.71
7677.73
7742.53
7838.22
7877.1900000000005
7739.86
7086.86
7252.4
7703.1
8256.28
8465.77
8059.65
7816.4400000000005
7830.35
7630.26
7573.26
7268.06
7773.92
7170.7
7213.44
7670.37
7641.77
6923.41
6672.6900000000005
6763.38
6721.08
6586.01
6642.27
6742.97
6623.01
7136.1
7227.45
7227.96
6923.6
6826.61
6734.99
6729.53
6312.03
6701.36
6543.39
6872.97
7046.57
7312.85
6785.9400000000005
6693.83
6495.15
6209.71
5799.24
5672.7
5944.87
5572.09
6165.35
6335.56
5984.26
6646.55
6588.28
6245.18
7035.76
6430.58
6197.84
7060.6
7041.27
7489.2
6710.4
6446.31
6206.24
6223.37
6369.28
6304.53
6061.8
6593.8
7152.88
7009.56
6529.99
6508.21
6661.4400000000005
6833.42
6514.72
6627.43
5783.15
