1288.11
1787.25
1518.55
1333.71
1562.65
1470.53
1966.29
1967.28
1833.57
1592.74
1606.04
1653.95
1846.9
1945.82
1809.54
1669.13
1570.2
1529.65
1564.47
1433.11
1435.88
1425.16
1500.1
1487.34
1484.46
1448.49
1416.09
1386.25
1386.31
1439.05
1406.59
1410.42
1363.32
1321.26
1195.37
1253.61
1235.3
1070.06
1221.11
1098.29
1125.16
1050.04
1201.92
1125.06
1038.07
1024.55
997.5
1008.64
1080.37
1535.65
1982.93
2143.52
1964.31
1058.14
1115.78
1395.79
1396.1
1050.98
1105.06
1169.57
1321.26
1447.05
2305.64
1973.44
1974.69
1992.46
1816.47
1410.33
1593.6
1688.32
2007.12
2135.27
2686.52
2721.78
2969.83
2542.69
2908.24
2852.93
2612.89
2458.65
3078.91
2883.21
2722.95
2835.11
2829.02
2795.3
2976.85
3005.01
3426.45
3626.88
3774.81
3617.29
4215.21
4341.74
4286.46
4129.54
4002.88
3294.08
3186.77
3097.92
2388.33
2584.21
2141.77
2329.44
2137.59
2086.18
1879.87
1865.11
1895.25
1941.41
2189.77
2025.58
2088.95
2415.25
2092.0
2194.84
1856.43
2310.15
2432.89
2825.89
3079.99
3593.41
3271.99
3455.24
3266.62
3369.14
3190.12
3245.26
3229.6
3315.26
3682.73
3865.83
3597.92
3290.68
3547.35
3784.23
3830.49
4111.99
4326.76
4260.41
4550.53
4290.59
4366.59
4351.63
4938.61
4715.64
5219.08
4397.08
5110.86
5062.44
5228.84
5300.24
5308.52
5298.72
5572.09
5944.87
6369.28
6627.43
6742.89
6814.76
7136.1
7312.85
7252.4
7046.57
6785.94
6734.99
6923.41
6763.38
6826.61
6833.42
7093.42
7041.27
6964.01
6890.94
7086.86
6710.4
6872.97
6923.6
7198.85
6749.28
6861.31
7742.53
7641.77
7532.9
7489.2
7137.03
6979.81
7009.56
7035.76
7170.7
7331.73
7500.79
7670.37
7268.06
6919.59
7152.88
7227.96
7736.07
7773.31
7927.49
7993.09
7877.19
7816.44
7380.32
7083.49
7106.01
6894.23
7227.45
7276.63
7245.13
7575.15
7866.52
7840.31
7703.1
7838.22
7213.44
7918.53
8059.65
8098.16
8001.57
7773.92
7573.26
7458.99
7830.35
7739.86
7630.26
7677.73
7832.22
8043.71
8465.77
8144.02
8516.02
8738.72
8724.13
8256.28
8144.16
8084.88
8069.81
8039.45
8035.2
7906.6
7630.71
7222.08
6864.87
6712.21
6543.39
6398.77
6304.53
6223.37
5783.15
6209.71
6318.61
6495.15
6508.21
6642.27
6529.99
6693.83
6729.53
6947.06
7197.5
7404.61
7341.65
7060.6
6839.59
6721.08
6661.44
6470.74
6335.56
6607.13
6623.01
6430.58
6312.03
5984.26
5930.17
6593.8
6742.97
6672.69
6646.55
6197.84
6514.72
6701.36
6586.01
6554.04
6588.28
6245.18
6061.8
6015.3
5457.82
6206.24
5799.24
6446.31
6407.52
6526.62
6165.35
5989.27
5672.7
5715.92
5860.99
6181.06
5408.52
