1410.42
1592.74
1396.1
1448.49
1487.34
1321.26
1500.1
1439.05
1435.88
1484.46
1688.32
1433.11
1973.44
2852.93
2612.89
2135.27
1895.25
2025.58
1941.41
1470.53
1518.55
1321.26
1395.79
1024.55
1008.64
1038.07
1098.29
997.5
1058.14
1125.16
1115.78
1105.06
1169.57
1195.37
1363.32
1529.65
1606.04
1425.16
1386.31
1333.71
1221.11
1070.06
1080.37
1235.3
1050.98
1050.04
1125.06
1201.92
1253.61
1406.59
1447.05
1386.25
1410.33
1288.11
1816.47
2086.18
1992.46
1564.47
1653.95
1974.69
2415.25
2141.77
1967.28
2542.69
1809.54
2305.64
2194.84
2825.89
2584.21
2432.89
2007.12
2088.95
1964.31
2137.59
1535.65
1562.65
1945.82
1982.93
1669.13
1833.57
1416.09
1593.6
1787.25
1879.87
2143.52
2795.3
2189.77
2388.33
2721.78
2835.11
2686.52
3005.01
3294.08
3597.92
3593.41
3617.29
3426.45
3079.99
3245.26
3369.14
3315.26
3190.12
2969.83
2883.21
3078.91
2976.85
2722.95
2329.44
2092.0
1865.11
1570.2
1856.43
1846.9
2310.15
2908.24
3271.99
3266.62
3290.68
3229.6
3186.77
2458.65
1966.29
2829.02
3097.92
3455.24
3547.35
3784.23
3682.73
4290.59
4397.08
4550.53
3830.49
4366.59
3626.88
3774.81
4111.99
4129.54
4326.76
4215.21
4286.46
3865.83
4002.88
4260.41
4351.63
4341.74
4715.64
5219.08
5062.44
5110.86
4938.61
5228.84
5308.52
5298.72
5300.24
5672.7
5984.26
6223.37
6529.99
6742.97
6693.83
6721.08
6890.94
6749.28
6919.59
6495.15
6661.44
6514.72
6627.43
6197.84
6470.74
6712.21
6826.61
6872.97
6964.01
7086.86
7137.03
7046.57
7213.44
7083.49
7222.08
7838.22
7906.6
8059.65
8516.02
8039.45
7840.31
7500.79
7380.32
7198.85
7312.85
7830.35
7677.73
8256.28
8035.2
7573.26
7641.77
7736.07
7877.19
8084.88
8738.72
8144.16
7331.73
7268.06
7041.27
7458.99
7404.61
7630.26
7276.63
7245.13
7093.42
7035.76
7227.45
7197.5
7532.9
8069.81
7630.71
8098.16
8724.13
8144.02
7742.53
7927.49
7773.31
7816.44
8001.57
7832.22
7252.4
7489.2
7773.92
7739.86
7866.52
7918.53
8465.77
7993.09
8043.71
7703.1
7670.37
7575.15
7341.65
7227.96
7152.88
7136.1
6979.81
6245.18
6061.8
5989.27
5799.24
5715.92
5572.09
5408.52
5457.82
5860.99
6165.35
6304.53
6206.24
6430.58
6526.62
6554.04
6586.01
6543.39
6672.69
6710.4
6839.59
6894.23
6923.41
6369.28
6833.42
6646.55
6742.89
6701.36
6623.01
6312.03
6318.61
5944.87
5930.17
6015.3
6335.56
6593.8
7009.56
6861.31
7106.01
7170.7
7060.6
6923.6
6947.06
6864.87
6785.94
6642.27
6763.38
6729.53
6588.28
6734.99
6814.76
6607.13
6407.52
6209.71
6181.06
6398.77
6508.21
6446.31
5783.15
