2092.0
3190.12
2976.85
2795.3
1895.25
1447.05
1592.74
1333.71
1363.32
1386.31
1396.1
1410.33
1484.46
2135.27
1941.41
2088.95
1593.6
1865.11
1425.16
1406.59
1321.26
1321.26
1386.25
1433.11
1395.79
1500.1
1439.05
1253.61
1169.57
1115.78
1050.98
1050.04
1098.29
1008.64
1024.55
1058.14
997.5
1038.07
1070.06
1105.06
1221.11
1125.16
1201.92
1416.09
1195.37
1833.57
1669.13
1809.54
1967.28
2143.52
2310.15
1964.31
1856.43
1992.46
2584.21
2458.65
2388.33
1570.2
1470.53
1879.87
1787.25
1606.04
1518.55
1435.88
1448.49
1529.65
1688.32
2415.25
1982.93
1562.65
1125.06
1080.37
1816.47
1973.44
1487.34
1288.11
1945.82
1653.95
2189.77
1966.29
2141.77
2137.59
2432.89
2722.95
2721.78
2686.52
2852.93
3078.91
3005.01
3315.26
3229.6
3369.14
3186.77
3271.99
3266.62
3294.08
3455.24
3547.35
3626.88
3617.29
3597.92
3426.45
3079.99
2829.02
2542.69
2329.44
2086.18
1974.69
1846.9
1235.3
1410.42
1535.65
2025.58
2194.84
2007.12
2305.64
1564.47
3245.26
2883.21
2969.83
2908.24
2825.89
2612.89
3097.92
2835.11
3290.68
3593.41
3682.73
3774.81
3830.49
3784.23
4215.21
4129.54
4111.99
4341.74
4366.59
4286.46
4326.76
3865.83
4351.63
4260.41
4002.88
4397.08
4290.59
4715.64
5219.08
4938.61
4550.53
5110.86
5062.44
5298.72
5228.84
5308.52
5300.24
5408.52
5715.92
5989.27
6712.21
7252.4
7404.61
7830.35
7840.31
7489.2
7380.32
7227.45
7083.49
6729.53
6430.58
6318.61
6398.77
6734.99
6839.59
6894.23
6923.6
7458.99
6979.81
7227.96
7093.42
7500.79
7641.77
7739.86
7575.15
7630.26
7136.1
7245.13
7312.85
7331.73
7742.53
7197.5
7573.26
7838.22
7773.31
7736.07
7918.53
7276.63
7670.37
7341.65
7677.73
7630.71
7832.22
7268.06
7137.03
6826.61
6627.43
6526.62
6593.8
6470.74
6369.28
6721.08
6814.76
6407.52
6919.59
7213.44
7198.85
7906.6
8256.28
8516.02
8738.72
8724.13
8098.16
7532.9
6672.69
6446.31
6785.94
7106.01
7703.1
8035.2
8144.02
8084.88
8001.57
7927.49
8069.81
7993.09
8059.65
7877.19
8039.45
7816.44
7773.92
8043.71
8465.77
8144.16
7866.52
7152.88
6588.28
6181.06
6015.3
6508.21
6607.13
6890.94
7046.57
7222.08
7086.86
7009.56
6763.38
6864.87
6642.27
7060.6
6693.83
6742.89
6701.36
6861.31
6749.28
6710.4
6529.99
6554.04
7041.27
7035.76
7170.7
6947.06
6964.01
6872.97
6923.41
6833.42
6312.03
6495.15
6661.44
6646.55
6586.01
6335.56
6245.18
6223.37
6543.39
6206.24
6197.84
6304.53
6165.35
5860.99
5799.24
5572.09
5672.7
6514.72
6742.97
6623.01
6061.8
5984.26
5930.17
5944.87
5783.15
6209.71
5457.82
