1653.95
1669.13
1500.1
1410.33
1288.11
1386.25
1833.57
1879.87
2025.58
1973.44
1447.05
1406.59
1363.32
1321.26
1396.1
1195.37
1592.74
1535.65
1484.46
1529.65
1787.25
1606.04
1487.34
1333.71
1201.92
1448.49
1395.79
1593.6
1865.11
1846.9
1856.43
1816.47
1688.32
1518.55
1416.09
1410.42
1235.3
1115.78
1050.98
1024.55
997.5
1008.64
1070.06
1058.14
1080.37
1038.07
1105.06
1050.04
1098.29
1125.16
1321.26
1125.06
1253.61
1169.57
1221.11
1470.53
1570.2
1439.05
1425.16
1433.11
1435.88
1386.31
1564.47
1562.65
1809.54
1945.82
1941.41
1974.69
2092.0
2137.59
1967.28
2194.84
1992.46
2086.18
3097.92
2143.52
2329.44
2135.27
2976.85
2141.77
2189.77
2007.12
2310.15
2432.89
2721.78
3078.91
3190.12
3315.26
3426.45
3455.24
3294.08
2795.3
2835.11
3005.01
2969.83
2908.24
3369.14
3266.62
3626.88
3597.92
3290.68
3186.77
3271.99
2829.02
2825.89
3229.6
2883.21
2852.93
2584.21
2088.95
1964.31
1895.25
1966.29
2305.64
2415.25
2686.52
2722.95
2388.33
2542.69
2458.65
1982.93
2612.89
3079.99
3547.35
3593.41
3245.26
3617.29
3682.73
3774.81
3865.83
4260.41
4351.63
4397.08
4002.88
4326.76
4366.59
4215.21
4341.74
4129.54
4286.46
4111.99
3830.49
3784.23
4290.59
4550.53
4938.61
5308.52
5062.44
5110.86
5219.08
5298.72
4715.64
5300.24
5228.84
5783.15
6197.84
6526.62
6661.44
6607.13
6514.72
6407.52
5860.99
5984.26
6430.58
6712.21
6814.76
6785.94
6335.56
6446.31
6223.37
6543.39
6693.83
6749.28
6742.97
6623.01
6646.55
6864.87
6833.42
6839.59
6710.4
6979.81
6734.99
7060.6
7137.03
7245.13
7276.63
7083.49
7832.22
7106.01
7404.61
7458.99
7573.26
7670.37
7739.86
7838.22
7918.53
8059.65
8069.81
8144.16
7840.31
7742.53
7677.73
7489.2
7222.08
7197.5
7198.85
7268.06
7500.79
7252.4
7736.07
7830.35
8043.71
8144.02
8098.16
8465.77
8724.13
8738.72
8516.02
8084.88
7927.49
7906.6
8001.57
7816.44
7866.52
7380.32
6964.01
6742.89
6872.97
7331.73
7877.19
8035.2
7773.31
7312.85
7532.9
8039.45
8256.28
7993.09
7773.92
7341.65
7086.86
6894.23
6554.04
6627.43
6061.8
5989.27
5799.24
6181.06
5457.82
5715.92
5572.09
6312.03
6593.8
6701.36
6642.27
6721.08
6508.21
6206.24
6304.53
6398.77
6495.15
6890.94
7213.44
7641.77
7630.71
7575.15
7703.1
7630.26
7227.96
7227.45
7041.27
6923.41
6919.59
7046.57
6529.99
7035.76
7136.1
7152.88
7170.7
6923.6
6861.31
6826.61
6729.53
6588.28
6318.61
5930.17
6015.3
5944.87
6470.74
6586.01
6672.69
6763.38
7009.56
6947.06
7093.42
6369.28
6245.18
6209.71
5672.7
6165.35
5408.52
