1570.2
1973.44
1592.74
1809.54
1321.26
1235.3
1787.25
2007.12
1846.9
1945.82
1865.11
1879.87
1669.13
1535.65
1425.16
1169.57
1416.09
1593.6
1435.88
1500.1
1518.55
1470.53
1201.92
1562.65
1386.25
1433.11
1395.79
1125.16
1221.11
1288.11
1195.37
1115.78
1125.06
1070.06
1050.04
1050.98
1080.37
1105.06
1410.42
1529.65
1333.71
1058.14
1024.55
997.5
1008.64
1038.07
1098.29
1410.33
1688.32
1941.41
1964.31
1833.57
1816.47
2143.52
2829.02
3229.6
3097.92
2388.33
1856.43
1606.04
1653.95
1448.49
1447.05
1396.1
1406.59
1321.26
1253.61
1363.32
1386.31
1439.05
1487.34
1484.46
1564.47
1895.25
1974.69
1967.28
2721.78
2976.85
2795.3
2852.93
2883.21
3078.91
2825.89
3186.77
3597.92
3294.08
3682.73
3784.23
3426.45
4111.99
3774.81
3626.88
3547.35
3593.41
3245.26
3290.68
3079.99
2969.83
2835.11
2092.0
2305.64
2432.89
2137.59
3005.01
2686.52
2722.95
2088.95
2584.21
2612.89
2025.58
1992.46
2086.18
1982.93
1966.29
2908.24
2458.65
2189.77
2415.25
2310.15
2542.69
2194.84
2329.44
2141.77
3190.12
2135.27
3271.99
3266.62
3455.24
3315.26
3369.14
3617.29
3830.49
4129.54
3865.83
4286.46
4326.76
4290.59
4715.64
4366.59
4397.08
4341.74
4002.88
4215.21
4260.41
4351.63
4550.53
5219.08
5228.84
5298.72
4938.61
5110.86
5062.44
5300.24
5308.52
5572.09
5783.15
5944.87
6312.03
6470.74
6734.99
6964.01
7136.1
6672.69
6814.76
6872.97
7093.42
7046.57
6729.53
6529.99
6646.55
7083.49
7198.85
7197.5
7137.03
7035.76
7009.56
7152.88
7170.7
7575.15
7458.99
7268.06
7227.45
7532.9
7404.61
7773.31
7838.22
8001.57
7993.09
7227.96
7641.77
7670.37
7630.71
7703.1
7489.2
7380.32
7877.19
7222.08
7736.07
7630.26
7677.73
7245.13
7106.01
6833.42
6627.43
6526.62
6742.89
6839.59
6864.87
6701.36
7252.4
7086.86
7276.63
7830.35
7816.44
8069.81
8039.45
8516.02
8738.72
8724.13
8256.28
8144.16
8084.88
8098.16
8465.77
8059.65
8043.71
7773.92
7840.31
7906.6
7866.52
7742.53
7832.22
7918.53
7927.49
7573.26
7331.73
7312.85
7341.65
7739.86
8144.02
8035.2
7500.79
7213.44
6894.23
6861.31
6923.6
6919.59
6712.21
7041.27
6586.01
6947.06
6923.41
6763.38
6693.83
6785.94
6607.13
6661.44
6514.72
6742.97
6721.08
6979.81
6890.94
7060.6
6710.4
6543.39
6245.18
6749.28
6318.61
6181.06
6508.21
6588.28
6446.31
6554.04
6495.15
6398.77
6623.01
6407.52
6369.28
6209.71
6223.37
6206.24
5860.99
5930.17
6061.8
6015.3
5989.27
5799.24
5715.92
5457.82
5672.7
6165.35
6642.27
6826.61
6593.8
6197.84
5984.26
6430.58
6304.53
6335.56
5408.52
