2137.59
2025.58
1945.82
2086.18
1895.25
1816.47
2007.12
1879.87
1865.11
1535.65
1386.25
1288.11
1564.47
1669.13
1425.16
1518.55
1410.42
1008.64
1410.33
1098.29
1487.34
1115.78
1201.92
1024.55
1038.07
1470.53
1982.93
1964.31
1500.1
1386.31
1439.05
1321.26
1195.37
1070.06
1221.11
1406.59
1395.79
1050.98
1321.26
1058.14
1363.32
997.5
1105.06
1050.04
1080.37
1235.3
1125.06
1125.16
1253.61
1169.57
1396.1
1447.05
1653.95
1435.88
1688.32
1592.74
1593.6
1529.65
1570.2
1606.04
1941.41
1809.54
1846.9
1967.28
1416.09
1433.11
1562.65
1448.49
1333.71
1787.25
1484.46
1833.57
1966.29
2305.64
2143.52
2722.95
2721.78
2883.21
3078.91
3186.77
2969.83
3271.99
3315.26
3190.12
3597.92
3266.62
3245.26
3626.88
4002.88
3593.41
3617.29
3294.08
3097.92
3290.68
3229.6
2976.85
3005.01
2852.93
2829.02
2825.89
2612.89
2415.25
2135.27
2458.65
2542.69
2795.3
2388.33
1973.44
1974.69
1856.43
2141.77
2088.95
2189.77
2432.89
2686.52
2310.15
1992.46
2092.0
2584.21
2835.11
3547.35
2908.24
2194.84
2329.44
3079.99
3426.45
3774.81
3369.14
3455.24
3784.23
3682.73
3830.49
4397.08
3865.83
4111.99
4260.41
4129.54
4215.21
4286.46
4290.59
4351.63
4326.76
4341.74
4366.59
4715.64
5062.44
5110.86
5219.08
4938.61
4550.53
5228.84
5308.52
5300.24
5298.72
5457.82
5799.24
6526.62
6890.94
7222.08
7245.13
7227.45
6979.81
6749.28
6721.08
6508.21
6446.31
6529.99
6304.53
5783.15
5572.09
5930.17
5860.99
6061.8
5984.26
6197.84
6335.56
6646.55
6872.97
7041.27
7198.85
7035.76
7060.6
7152.88
7252.4
7489.2
7312.85
7532.9
7630.71
7268.06
7227.96
7170.7
7136.1
7093.42
7106.01
7213.44
7573.26
7341.65
7918.53
8084.88
8098.16
8144.02
8069.81
8144.16
7866.52
7773.92
7380.32
8039.45
7927.49
7742.53
7197.5
7458.99
7641.77
7404.61
7331.73
7830.35
7816.44
8738.72
8516.02
8724.13
8465.77
8256.28
8059.65
8001.57
7739.86
7773.31
7500.79
7276.63
7703.1
7993.09
8043.71
8035.2
7877.19
7906.6
7840.31
7630.26
7736.07
7832.22
7575.15
7838.22
7677.73
7670.37
6947.06
6627.43
6181.06
5944.87
6318.61
6369.28
5989.27
6495.15
6245.18
6588.28
6623.01
6554.04
6430.58
6593.8
6734.99
6833.42
7083.49
7009.56
6864.87
6894.23
7086.86
6923.6
7046.57
6964.01
7137.03
6923.41
6861.31
6826.61
6839.59
6661.44
6407.52
6672.69
6607.13
6209.71
6642.27
6543.39
6701.36
6586.01
6712.21
6693.83
6742.97
6742.89
6814.76
6710.4
6729.53
6165.35
5715.92
6223.37
5408.52
5672.7
6206.24
6015.3
6398.77
6470.74
6785.94
6919.59
6763.38
6514.72
6312.03
