1974.69
2721.78
2092.0
2025.58
1529.65
1484.46
1562.65
1593.6
1448.49
1606.04
1439.05
1592.74
1964.31
2329.44
1967.28
1787.25
1425.16
1363.32
1201.92
1221.11
1288.11
1386.25
1253.61
1396.1
1406.59
1688.32
1416.09
1535.65
1321.26
1321.26
1070.06
1050.04
1008.64
1024.55
997.5
1195.37
1050.98
1058.14
1038.07
1080.37
1105.06
1098.29
1169.57
1333.71
1125.06
1125.16
1235.3
1115.78
1386.31
1653.95
1816.47
1879.87
1992.46
1809.54
2143.52
2388.33
2305.64
2088.95
1865.11
1487.34
1895.25
1518.55
1669.13
1433.11
1447.05
1564.47
1470.53
1410.33
1395.79
1500.1
1410.42
1435.88
1570.2
1833.57
1973.44
2189.77
2825.89
2908.24
2852.93
2722.95
2086.18
1846.9
1856.43
2458.65
3097.92
3079.99
2829.02
2976.85
3078.91
3005.01
3369.14
3290.68
3294.08
3315.26
3266.62
3190.12
3426.45
2883.21
3229.6
2835.11
2141.77
2415.25
2135.27
2542.69
2686.52
2612.89
2584.21
2432.89
2137.59
1982.93
1941.41
2007.12
1966.29
1945.82
2194.84
2795.3
2310.15
3245.26
3186.77
2969.83
3547.35
3271.99
3455.24
3617.29
3593.41
3830.49
4111.99
4002.88
4129.54
4326.76
4290.59
4397.08
4260.41
3784.23
3682.73
3865.83
3597.92
3626.88
3774.81
4215.21
4286.46
4366.59
4351.63
4550.53
5062.44
5110.86
4341.74
5300.24
5228.84
5308.52
5298.72
4938.61
4715.64
5219.08
5572.09
5715.92
5944.87
6245.18
6470.74
6607.13
6701.36
6693.83
6554.04
6398.77
5989.27
5984.26
6181.06
5457.82
5930.17
6165.35
6593.8
6864.87
7227.45
7331.73
7742.53
7170.7
7532.9
7093.42
7198.85
7152.88
7227.96
7703.1
7677.73
7341.65
7404.61
7046.57
7312.85
7137.03
7245.13
7573.26
7816.44
7773.31
8069.81
8039.45
8144.02
8256.28
8516.02
8465.77
8098.16
8144.16
8059.65
8043.71
7877.19
7630.26
7630.71
7832.22
7222.08
7838.22
7458.99
7009.56
7276.63
7380.32
7500.79
7866.52
7918.53
8035.2
8738.72
8724.13
8084.88
7993.09
7773.92
7641.77
7575.15
7927.49
7830.35
7670.37
7268.06
7213.44
7136.1
7739.86
6894.23
7197.5
6947.06
6919.59
6861.31
7252.4
7489.2
7906.6
8001.57
7840.31
7736.07
6742.97
6304.53
5408.52
6197.84
6646.55
6734.99
6586.01
6642.27
6430.58
6318.61
6712.21
6543.39
6508.21
6526.62
6627.43
6749.28
6890.94
7086.86
7041.27
7060.6
7083.49
6742.89
6446.31
6369.28
6529.99
6407.52
6710.4
6872.97
6839.59
6964.01
7035.76
6814.76
6588.28
6514.72
6623.01
6833.42
6672.69
6785.94
6923.6
6763.38
6661.44
6495.15
6312.03
6209.71
6061.8
5799.24
5783.15
6206.24
5672.7
6015.3
6335.56
6826.61
6223.37
6721.08
6729.53
6923.41
6979.81
7106.01
5860.99
