1653.95
2969.83
2829.02
2795.3
2310.15
1856.43
2542.69
2305.64
1974.69
2415.25
1966.29
1386.25
1865.11
1396.1
1416.09
1425.16
1395.79
1321.26
1201.92
1125.06
1115.78
1050.98
997.5
1169.57
1008.64
1038.07
1050.04
1105.06
1024.55
1221.11
1098.29
1070.06
1058.14
1080.37
1125.16
1195.37
1288.11
1386.31
1363.32
1406.59
1253.61
1235.3
1333.71
1435.88
1448.49
1833.57
2135.27
1487.34
1535.65
1967.28
1992.46
1606.04
1562.65
1945.82
1447.05
1973.44
1484.46
1439.05
1410.33
1433.11
1500.1
1669.13
1570.2
1470.53
1964.31
1982.93
1846.9
2458.65
2025.58
1518.55
1593.6
2189.77
2088.95
2721.78
2612.89
1941.41
2883.21
2722.95
2432.89
1592.74
1787.25
1321.26
1529.65
1809.54
2194.84
2329.44
2092.0
1410.42
1895.25
2908.24
3266.62
3005.01
2976.85
3190.12
3426.45
3271.99
3229.6
3097.92
2852.93
2686.52
2143.52
1879.87
1564.47
2825.89
2137.59
2388.33
2007.12
1816.47
1688.32
2086.18
2141.77
2584.21
2835.11
3078.91
3079.99
3245.26
3186.77
3290.68
3369.14
3547.35
3455.24
3830.49
3617.29
3682.73
3597.92
3294.08
3315.26
3865.83
3593.41
4111.99
4002.88
4129.54
3626.88
3784.23
4215.21
4366.59
4397.08
4326.76
3774.81
4286.46
4290.59
4260.41
4341.74
4550.53
4351.63
4715.64
4938.61
5219.08
5298.72
5672.7
5715.92
5408.52
5228.84
5062.44
5300.24
5799.24
6312.03
6470.74
6785.94
6712.21
6721.08
6627.43
6749.28
6742.89
6607.13
6430.58
6304.53
5860.99
5308.52
5110.86
5572.09
5457.82
5930.17
6407.52
6763.38
7060.6
7532.9
7641.77
7906.6
8144.02
8516.02
8256.28
8738.72
8144.16
7830.35
7927.49
7918.53
8035.2
8043.71
7993.09
8059.65
7832.22
7773.92
7877.19
8039.45
7838.22
8001.57
8084.88
7773.31
7245.13
7152.88
6890.94
6861.31
6864.87
6814.76
6919.59
6947.06
7252.4
7227.45
7736.07
7630.26
7630.71
7866.52
7739.86
7816.44
7840.31
8098.16
8724.13
8465.77
8069.81
7677.73
7670.37
7137.03
7404.61
7458.99
7227.96
7083.49
7276.63
7035.76
7086.86
7197.5
7331.73
7380.32
7341.65
7222.08
7198.85
7170.7
7213.44
7575.15
7742.53
7703.1
7573.26
7106.01
6642.27
6693.83
6742.97
7041.27
6701.36
6833.42
6964.01
6894.23
7136.1
6923.6
7268.06
7489.2
7500.79
7312.85
7093.42
7009.56
6646.55
6923.41
6979.81
6826.61
6588.28
6661.44
6593.8
6181.06
6015.3
6206.24
6223.37
6586.01
6529.99
6710.4
6508.21
6318.61
6495.15
6729.53
6335.56
6554.04
6543.39
6446.31
6197.84
6623.01
6672.69
6245.18
6514.72
6398.77
6734.99
6526.62
6209.71
5984.26
6061.8
5989.27
5944.87
6165.35
6369.28
6872.97
7046.57
6839.59
5783.15
