1973.44
2310.15
1564.47
1406.59
1169.57
1201.92
1470.53
1856.43
2088.95
1982.93
1529.65
1333.71
1321.26
1535.65
1593.6
1945.82
1484.46
1653.95
1833.57
1787.25
1688.32
1500.1
1447.05
1410.33
1386.31
1395.79
1410.42
1386.25
1448.49
1570.2
1606.04
1433.11
1363.32
1288.11
1221.11
1253.61
1562.65
1425.16
1195.37
1058.14
1070.06
1098.29
1235.3
1125.16
1125.06
1105.06
1050.98
1038.07
1008.64
1050.04
997.5
1024.55
1080.37
1115.78
1321.26
1396.1
1435.88
1416.09
1439.05
1487.34
1992.46
1974.69
1967.28
1816.47
1669.13
1592.74
1865.11
1809.54
1966.29
1895.25
2189.77
2795.3
2908.24
3097.92
3079.99
3266.62
3190.12
3078.91
2976.85
2612.89
2329.44
2415.25
2092.0
2458.65
3005.01
2969.83
3290.68
3369.14
3547.35
3593.41
3315.26
3245.26
3229.6
3617.29
3774.81
3682.73
3626.88
3455.24
3597.92
3294.08
3271.99
2852.93
2829.02
2722.95
2194.84
2584.21
2025.58
1846.9
1964.31
1518.55
1879.87
1941.41
2007.12
2305.64
2686.52
2883.21
2141.77
2721.78
2542.69
2143.52
2086.18
2135.27
2137.59
2388.33
2825.89
2432.89
2835.11
3186.77
3426.45
4002.88
4366.59
4397.08
4341.74
4111.99
4260.41
3784.23
3865.83
4215.21
4326.76
4290.59
4129.54
3830.49
4286.46
4351.63
4550.53
4715.64
5062.44
5110.86
5219.08
5228.84
5298.72
5300.24
5308.52
4938.61
6304.53
5715.92
6312.03
6693.83
6729.53
6446.31
6526.62
6335.56
6165.35
5989.27
5860.99
6398.77
6543.39
5944.87
6642.27
6742.89
6872.97
6839.59
6890.94
6701.36
6833.42
6923.6
6763.38
6923.41
7035.76
6947.06
7041.27
7046.57
7152.88
7093.42
7137.03
7136.1
7106.01
7227.96
7489.2
7222.08
7838.22
7630.71
7276.63
7575.15
7268.06
7830.35
7906.6
8098.16
8043.71
8084.88
7532.9
7832.22
7739.86
7773.92
7866.52
7927.49
7641.77
7773.31
7993.09
8724.13
8144.16
8738.72
8516.02
8039.45
8001.57
8059.65
8465.77
8256.28
8035.2
7677.73
7736.07
7630.26
7458.99
7500.79
7816.44
7404.61
7573.26
7840.31
7877.19
8144.02
7918.53
7742.53
7670.37
7341.65
7245.13
7703.1
7380.32
7213.44
7197.5
7227.45
7086.86
6964.01
6894.23
6734.99
6710.4
6721.08
6785.94
6554.04
6470.74
5930.17
6318.61
5783.15
5799.24
5408.52
6742.97
6529.99
6861.31
6623.01
6661.44
6015.3
6979.81
7331.73
8069.81
7252.4
7083.49
7009.56
7312.85
7198.85
7170.7
7060.6
6864.87
6826.61
6646.55
6209.71
6588.28
6627.43
6749.28
6919.59
6508.21
6814.76
6712.21
6586.01
6369.28
6223.37
6430.58
6206.24
5672.7
5984.26
6607.13
5572.09
6593.8
6181.06
6514.72
6245.18
6197.84
6407.52
6495.15
6061.8
6672.69
5457.82
