1535.65
2825.89
1945.82
1973.44
1688.32
1592.74
1966.29
2137.59
1410.42
1433.11
1500.1
1396.1
1448.49
1562.65
1816.47
1606.04
1669.13
1964.31
1564.47
1487.34
1593.6
1406.59
1425.16
1386.31
1321.26
1386.25
1321.26
1195.37
1253.61
1333.71
1221.11
1288.11
1235.3
1125.06
1080.37
1201.92
1169.57
1058.14
1115.78
1038.07
1008.64
997.5
1050.04
1024.55
1098.29
1070.06
1105.06
1050.98
1125.16
1363.32
1435.88
1470.53
1439.05
1395.79
1941.41
1846.9
2088.95
1529.65
1447.05
1416.09
1570.2
1518.55
1856.43
1410.33
1484.46
1653.95
1787.25
1809.54
1833.57
1895.25
1865.11
2194.84
2542.69
3290.68
1982.93
1992.46
2721.78
1879.87
2388.33
2432.89
2686.52
2086.18
2458.65
2908.24
3005.01
2852.93
2969.83
2976.85
3455.24
3626.88
3617.29
3271.99
3079.99
3369.14
3190.12
3245.26
3426.45
2310.15
3097.92
2612.89
2584.21
2835.11
2883.21
3294.08
3597.92
3593.41
3229.6
3078.91
2829.02
2329.44
2141.77
1967.28
2025.58
2007.12
2092.0
2305.64
1974.69
2189.77
2135.27
2143.52
2722.95
2415.25
2795.3
3186.77
3266.62
3315.26
3547.35
3774.81
3784.23
4002.88
4286.46
4129.54
3865.83
3682.73
3830.49
4260.41
5062.44
4715.64
4326.76
4290.59
4351.63
4111.99
4341.74
4215.21
4366.59
4397.08
4550.53
4938.61
5110.86
5219.08
5300.24
5572.09
5715.92
5783.15
6304.53
6369.28
6627.43
6861.31
7009.56
6672.69
6646.55
6588.28
6763.38
6742.97
6607.13
6446.31
6693.83
6586.01
6642.27
6398.77
6593.8
6890.94
6919.59
6923.41
7227.45
7093.42
7083.49
6947.06
7816.44
7041.27
7152.88
7331.73
7198.85
7227.96
7341.65
7739.86
7641.77
7838.22
7703.1
7532.9
7670.37
7573.26
7773.92
7458.99
7222.08
7918.53
7106.01
7380.32
7404.61
7252.4
7136.1
6964.01
6712.21
6470.74
6407.52
6710.4
6839.59
7213.44
7500.79
7840.31
7773.31
7830.35
7742.53
7489.2
7630.26
7630.71
8069.81
8144.16
8516.02
8724.13
8738.72
8465.77
8059.65
8098.16
7993.09
7906.6
7866.52
8039.45
8084.88
8256.28
7877.19
8144.02
8043.71
7736.07
7927.49
8035.2
8001.57
7832.22
7677.73
7276.63
7046.57
6661.44
6734.99
5930.17
6223.37
5860.99
5457.82
5308.52
5298.72
5228.84
5408.52
6015.3
6181.06
6826.61
7086.86
6923.6
7170.7
7035.76
6833.42
6529.99
6701.36
6526.62
6495.15
6554.04
6742.89
7137.03
7575.15
7312.85
7268.06
7245.13
6872.97
7197.5
7060.6
6749.28
6814.76
6721.08
6623.01
6508.21
6335.56
5989.27
5984.26
5799.24
5944.87
6209.71
6197.84
6206.24
6312.03
6543.39
6864.87
6729.53
6979.81
6894.23
6785.94
6514.72
6318.61
6061.8
6165.35
6245.18
6430.58
5672.7
