2141.77
2415.25
1982.93
2194.84
1879.87
1321.26
1235.3
1416.09
1484.46
1406.59
1564.47
1592.74
1396.1
1816.47
1846.9
1967.28
1964.31
2092.0
1895.25
1856.43
1809.54
1669.13
1487.34
1386.31
1195.37
1115.78
1125.06
1098.29
1125.16
1425.16
1529.65
1562.65
1535.65
1447.05
1570.2
1518.55
1470.53
1439.05
1433.11
1395.79
1410.33
1201.92
1321.26
1288.11
1386.25
1253.61
1105.06
1080.37
1050.04
1058.14
1050.98
1008.64
1038.07
1024.55
1169.57
1435.88
1973.44
1787.25
1966.29
1688.32
1500.1
1410.42
1070.06
997.5
1333.71
1448.49
1653.95
1833.57
1606.04
1221.11
1363.32
1593.6
1974.69
2007.12
2310.15
2086.18
1865.11
2305.64
2143.52
1941.41
2458.65
1945.82
2137.59
2388.33
2542.69
2721.78
2835.11
2825.89
3229.6
2908.24
2883.21
3266.62
3079.99
3315.26
3369.14
4111.99
3186.77
2976.85
3245.26
3078.91
2686.52
2852.93
2829.02
2612.89
2795.3
2584.21
2329.44
1992.46
2088.95
2025.58
2135.27
2189.77
2432.89
2722.95
2969.83
3290.68
3097.92
3005.01
3190.12
3455.24
3593.41
3682.73
3784.23
3830.49
3865.83
4002.88
3597.92
3547.35
4129.54
3617.29
4215.21
4341.74
3774.81
3294.08
3271.99
3426.45
4260.41
3626.88
4326.76
4351.63
4290.59
4286.46
4366.59
4397.08
4550.53
4938.61
5783.15
5110.86
5219.08
4715.64
5062.44
5298.72
5715.92
5228.84
5300.24
5672.7
5799.24
5944.87
6181.06
5860.99
6245.18
6061.8
5989.27
6015.3
5308.52
6470.74
6646.55
6623.01
6586.01
6554.04
6712.21
6729.53
6814.76
6749.28
6947.06
6923.41
7170.7
7252.4
7331.73
7312.85
7222.08
7083.49
7677.73
7276.63
7268.06
7137.03
7106.01
7041.27
7152.88
7380.32
7500.79
7458.99
7641.77
7404.61
7213.44
7838.22
7918.53
8256.28
8465.77
8738.72
8724.13
8098.16
8069.81
7993.09
8059.65
7866.52
7927.49
7840.31
7816.44
7736.07
7773.92
7773.31
7630.71
7832.22
7227.96
7198.85
7906.6
8043.71
8516.02
8144.16
8144.02
8084.88
8001.57
8035.2
8039.45
7742.53
7830.35
7739.86
7573.26
7532.9
7136.1
7341.65
7245.13
7703.1
7575.15
7630.26
7227.45
7197.5
7046.57
7060.6
7093.42
6742.97
6543.39
6398.77
6209.71
6206.24
5930.17
5572.09
5457.82
5408.52
5984.26
6369.28
6742.89
6495.15
6839.59
6627.43
6710.4
6701.36
6923.6
6721.08
6785.94
6607.13
6872.97
6894.23
7086.86
7670.37
7877.19
7489.2
6964.01
6642.27
6430.58
6335.56
6197.84
6318.61
6508.21
6529.99
6672.69
6826.61
6693.83
6890.94
7009.56
6979.81
7035.76
6919.59
6833.42
6861.31
6864.87
6734.99
6763.38
6588.28
6661.44
6526.62
6407.52
6312.03
6165.35
6304.53
6446.31
6514.72
6593.8
6223.37
