1809.54
1833.57
1865.11
2908.24
2835.11
2086.18
2092.0
1846.9
1470.53
1448.49
1562.65
1406.59
1669.13
1593.6
1570.2
1439.05
1253.61
1080.37
1008.64
1024.55
1050.98
1169.57
1321.26
1115.78
1098.29
1333.71
1416.09
1235.3
1435.88
1396.1
1221.11
1425.16
1386.25
1386.31
1410.42
1592.74
1529.65
1050.04
1321.26
1038.07
1125.16
1058.14
1070.06
1201.92
1288.11
997.5
1125.06
1105.06
1195.37
1395.79
1500.1
1363.32
1433.11
1447.05
1535.65
1879.87
2135.27
1945.82
1606.04
1564.47
1895.25
1484.46
1856.43
1941.41
1964.31
2141.77
2432.89
2137.59
1967.28
2007.12
2025.58
1688.32
2189.77
2542.69
2721.78
2305.64
2584.21
2722.95
2415.25
2310.15
2088.95
2194.84
2388.33
2852.93
3597.92
3290.68
3097.92
3005.01
3266.62
3617.29
3547.35
3190.12
3186.77
3245.26
3315.26
3271.99
3369.14
3294.08
3079.99
3078.91
2829.02
2795.3
2458.65
2612.89
2329.44
1982.93
1787.25
1487.34
1410.33
1518.55
1816.47
1966.29
1653.95
1974.69
1973.44
1992.46
2143.52
2825.89
2686.52
2883.21
2969.83
2976.85
3229.6
4111.99
3830.49
3784.23
3593.41
3426.45
3682.73
3455.24
4002.88
3865.83
4260.41
3626.88
3774.81
4326.76
4215.21
4286.46
4290.59
4129.54
4351.63
4341.74
4366.59
4397.08
4550.53
4715.64
4938.61
5110.86
5062.44
5219.08
5228.84
5300.24
5715.92
5572.09
6398.77
6495.15
6554.04
6661.44
6826.61
6814.76
7035.76
6833.42
6742.97
6839.59
6526.62
6245.18
6318.61
5783.15
5799.24
5308.52
5672.7
6223.37
6734.99
7041.27
7252.4
7222.08
7198.85
6919.59
6646.55
6729.53
6923.41
7227.45
7677.73
7830.35
7906.6
7832.22
7866.52
7927.49
7838.22
7641.77
7670.37
7773.92
7736.07
7630.71
7575.15
7331.73
7458.99
7703.1
7742.53
7840.31
7312.85
7093.42
7170.7
7106.01
7046.57
7086.86
7341.65
7152.88
7404.61
7268.06
7489.2
7816.44
8039.45
8098.16
8256.28
8516.02
8738.72
8724.13
8465.77
8144.16
8144.02
8035.2
7773.31
7500.79
7245.13
7227.96
7083.49
7137.03
6623.01
7630.26
7213.44
7532.9
7739.86
7877.19
7918.53
8001.57
8043.71
8069.81
8084.88
8059.65
7993.09
7573.26
6979.81
6430.58
6446.31
5860.99
6672.69
6593.8
6721.08
6785.94
7197.5
7380.32
7276.63
7136.1
6947.06
6964.01
7060.6
7009.56
6923.6
6712.21
6872.97
6763.38
6742.89
6890.94
6588.28
6894.23
6861.31
6335.56
6749.28
6529.99
6304.53
6407.52
6586.01
6209.71
6514.72
6607.13
6701.36
6693.83
6543.39
6369.28
6312.03
6508.21
6642.27
6710.4
6864.87
6627.43
6206.24
6181.06
6197.84
5298.72
6015.3
6061.8
5984.26
5930.17
5457.82
6165.35
6470.74
5944.87
5989.27
5408.52
