2835.11
2143.52
1386.25
1410.42
1529.65
1416.09
1435.88
1500.1
1941.41
1562.65
1395.79
1321.26
1201.92
1410.33
1439.05
1653.95
1964.31
1570.2
1433.11
1470.53
1945.82
1535.65
1606.04
1833.57
1688.32
1592.74
2007.12
1895.25
1787.25
1966.29
1447.05
1484.46
1406.59
1363.32
1169.57
1253.61
1221.11
1070.06
1115.78
1098.29
1080.37
1050.04
1024.55
997.5
1008.64
1038.07
1105.06
1288.11
1593.6
1396.1
1125.16
1050.98
1333.71
1235.3
1125.06
1058.14
1321.26
1195.37
1386.31
1425.16
1518.55
1816.47
1879.87
1669.13
1448.49
1487.34
1846.9
2825.89
2137.59
1973.44
1809.54
1982.93
2086.18
2329.44
2795.3
2415.25
2612.89
2883.21
2908.24
2969.83
2721.78
2584.21
2194.84
2310.15
2458.65
2388.33
2686.52
3078.91
3079.99
3369.14
3547.35
3229.6
3774.81
3593.41
3830.49
4111.99
3597.92
3097.92
3271.99
3290.68
2852.93
3005.01
2305.64
2432.89
2542.69
2829.02
2092.0
2025.58
1865.11
1564.47
1856.43
1974.69
1967.28
2088.95
2141.77
2135.27
1992.46
2189.77
2722.95
2976.85
3294.08
3245.26
3455.24
4002.88
4260.41
3682.73
4129.54
3784.23
3626.88
3426.45
3190.12
3266.62
3186.77
3315.26
3617.29
4215.21
3865.83
4286.46
4290.59
4326.76
4397.08
4351.63
4550.53
4341.74
4366.59
5062.44
5219.08
5298.72
5300.24
5228.84
5110.86
4938.61
5308.52
4715.64
5408.52
5457.82
5799.24
6197.84
6627.43
6729.53
6923.41
6894.23
6693.83
6529.99
6223.37
6514.72
6398.77
5989.27
6495.15
6318.61
6642.27
6661.44
6742.89
6872.97
7093.42
6979.81
7083.49
7009.56
7086.86
7198.85
7227.96
7252.4
7106.01
7245.13
7213.44
7331.73
7152.88
7227.45
7137.03
7170.7
7222.08
7312.85
7458.99
7641.77
7573.26
7500.79
7489.2
7532.9
7832.22
8098.16
8144.02
7993.09
7773.92
7575.15
7742.53
8001.57
7918.53
8144.16
8084.88
8256.28
7838.22
8043.71
7906.6
7927.49
8035.2
8059.65
8738.72
8465.77
8516.02
8724.13
8069.81
8039.45
7830.35
7736.07
7739.86
7341.65
7630.71
7677.73
7630.26
7840.31
7816.44
7877.19
7866.52
7773.31
7703.1
7670.37
7404.61
7380.32
7276.63
7268.06
7197.5
7060.6
6712.21
6209.71
5860.99
5783.15
5930.17
5672.7
5715.92
5572.09
5944.87
6446.31
6593.8
6508.21
6430.58
6304.53
6470.74
6646.55
6742.97
6826.61
7035.76
7136.1
6923.6
7041.27
6701.36
6734.99
6833.42
6864.87
6964.01
6919.59
6861.31
6710.4
7046.57
6623.01
6554.04
6947.06
6672.69
6785.94
6749.28
6839.59
6763.38
6721.08
6890.94
6814.76
6245.18
6586.01
6335.56
6407.52
6369.28
6181.06
6607.13
6543.39
6312.03
6526.62
6206.24
6015.3
6061.8
5984.26
6165.35
6588.28
