1846.9
2415.25
1856.43
1809.54
1816.47
1593.6
1688.32
1562.65
1448.49
1435.88
1386.31
1321.26
1395.79
1518.55
1500.1
1484.46
1425.16
1564.47
1386.25
1396.1
1253.61
1235.3
1195.37
1105.06
1080.37
1221.11
1115.78
1058.14
1169.57
1333.71
1201.92
1288.11
1321.26
1125.16
1125.06
1098.29
1024.55
997.5
1038.07
1008.64
1050.98
1050.04
1070.06
1363.32
1439.05
1570.2
1787.25
1653.95
1879.87
2310.15
2092.0
2305.64
2135.27
2007.12
2194.84
2458.65
2432.89
1982.93
1865.11
1967.28
1606.04
1487.34
1433.11
1416.09
1669.13
1895.25
1535.65
1406.59
1447.05
1410.33
1410.42
1470.53
1964.31
2141.77
2584.21
2721.78
3229.6
2969.83
3266.62
3455.24
3097.92
3190.12
3271.99
3617.29
3369.14
3593.41
3597.92
3315.26
3290.68
3426.45
3245.26
3079.99
2825.89
2852.93
2542.69
2908.24
2686.52
2329.44
2137.59
1945.82
1966.29
2088.95
1973.44
2086.18
2025.58
1992.46
1974.69
1833.57
1592.74
1529.65
1941.41
2189.77
2795.3
2829.02
3005.01
3078.91
2835.11
3186.77
2143.52
2388.33
2722.95
2612.89
2883.21
3626.88
2976.85
3547.35
3294.08
3682.73
3774.81
4111.99
4290.59
3865.83
3784.23
3830.49
4260.41
4215.21
4129.54
4286.46
4351.63
4002.88
4341.74
4326.76
4397.08
4366.59
5228.84
5110.86
5219.08
4715.64
4550.53
5062.44
4938.61
5298.72
5300.24
5308.52
6181.06
5984.26
6165.35
6712.21
6785.94
6607.13
6543.39
7136.1
6398.77
6872.97
6814.76
6979.81
6923.41
6245.18
6593.8
6209.71
6446.31
6514.72
6407.52
6554.04
6693.83
6642.27
6923.6
6826.61
6839.59
7009.56
7060.6
7222.08
7380.32
7312.85
7245.13
7268.06
7341.65
7532.9
7458.99
7573.26
7773.31
7830.35
7918.53
8035.2
7838.22
8144.16
8069.81
8144.02
8001.57
7866.52
7641.77
7500.79
7213.44
6894.23
6890.94
7086.86
6861.31
7083.49
7093.42
6947.06
7046.57
7227.96
7404.61
7252.4
7575.15
7816.44
8084.88
8724.13
8738.72
8465.77
8516.02
8098.16
8039.45
8256.28
7993.09
7739.86
7331.73
7736.07
7198.85
7703.1
7152.88
7630.26
7832.22
7840.31
8043.71
7906.6
7670.37
7276.63
7677.73
8059.65
7927.49
7489.2
7197.5
6749.28
6710.4
6623.01
6721.08
6430.58
6627.43
6864.87
7137.03
7630.71
7773.92
7877.19
7742.53
6701.36
6742.89
6529.99
6919.59
6508.21
6470.74
6729.53
6742.97
6586.01
6646.55
7041.27
7227.45
6833.42
6964.01
6763.38
6734.99
6661.44
6312.03
6197.84
6369.28
6526.62
6495.15
6588.28
5799.24
5860.99
5944.87
5989.27
6015.3
5930.17
5783.15
5715.92
5408.52
5572.09
5672.7
5457.82
6206.24
6304.53
6318.61
6335.56
6061.8
6672.69
7035.76
7170.7
7106.01
6223.37
