2092.0
2310.15
1941.41
1593.6
1809.54
1410.42
1433.11
1448.49
1518.55
1425.16
1500.1
1406.59
1416.09
1395.79
1321.26
1333.71
1321.26
1410.33
1396.1
1386.25
1253.61
1125.06
1050.98
1070.06
1038.07
1115.78
1201.92
1058.14
1080.37
1098.29
1024.55
997.5
1008.64
1050.04
1363.32
1235.3
1288.11
1125.16
1105.06
1169.57
1195.37
1221.11
1386.31
1484.46
1787.25
1529.65
1570.2
1439.05
1435.88
1487.34
1470.53
1669.13
1606.04
1447.05
1895.25
2686.52
2908.24
2329.44
2432.89
1945.82
1964.31
1846.9
1865.11
1879.87
1564.47
1833.57
1982.93
1816.47
1592.74
1535.65
1653.95
1688.32
1562.65
1856.43
2143.52
1966.29
2088.95
2194.84
2141.77
2086.18
1974.69
2025.58
2189.77
2458.65
2835.11
3005.01
2976.85
3097.92
3079.99
3266.62
3315.26
3294.08
3547.35
3774.81
3369.14
3229.6
3245.26
3455.24
3597.92
3290.68
3186.77
2969.83
2721.78
2584.21
2542.69
2137.59
1992.46
1967.28
2388.33
2415.25
2722.95
2852.93
2829.02
2883.21
3078.91
3190.12
2305.64
2612.89
1973.44
2135.27
2007.12
2795.3
2825.89
3271.99
3593.41
3617.29
3626.88
3682.73
3426.45
3784.23
3830.49
4290.59
4341.74
4002.88
4286.46
4215.21
4129.54
4111.99
4351.63
3865.83
5062.44
4260.41
4326.76
4550.53
5110.86
5300.24
5228.84
4938.61
5308.52
4715.64
4366.59
5219.08
4397.08
5298.72
5408.52
5457.82
6398.77
6526.62
6607.13
6318.61
6470.74
6223.37
6061.8
5944.87
6197.84
6335.56
6661.44
6734.99
6712.21
5930.17
6446.31
5984.26
6923.41
6586.01
6864.87
6894.23
6872.97
6947.06
7009.56
7046.57
6979.81
7170.7
7573.26
7404.61
7500.79
7276.63
7312.85
7532.9
7222.08
7832.22
7773.31
7677.73
7152.88
7083.49
7035.76
7093.42
7331.73
7840.31
8035.2
8738.72
8724.13
8516.02
7877.19
7086.86
7736.07
7630.26
7866.52
7641.77
7458.99
7198.85
7489.2
8069.81
8144.02
8059.65
8144.16
7906.6
7918.53
7993.09
8465.77
8256.28
8001.57
7816.44
7670.37
8098.16
7252.4
7197.5
7227.96
7575.15
7739.86
8039.45
8043.71
7830.35
7773.92
7838.22
7742.53
7927.49
8084.88
7380.32
7630.71
7060.6
6923.6
6729.53
6763.38
6312.03
6529.99
6642.27
6593.8
6508.21
6369.28
6209.71
6514.72
6742.89
6833.42
6742.97
6919.59
6890.94
6964.01
7136.1
7268.06
7213.44
7703.1
7106.01
7227.45
7137.03
7245.13
7341.65
7041.27
6721.08
6495.15
6245.18
5783.15
5715.92
5672.7
5572.09
5860.99
6304.53
6710.4
6814.76
6826.61
6785.94
6749.28
6861.31
6623.01
6672.69
6554.04
6407.52
5989.27
5799.24
6181.06
6015.3
6206.24
6543.39
6693.83
6646.55
6165.35
6430.58
6627.43
6701.36
6839.59
6588.28
