1941.41
2388.33
1964.31
1945.82
1973.44
1562.65
1570.2
1593.6
1688.32
1535.65
1592.74
1410.42
1425.16
1447.05
1529.65
1879.87
1966.29
2088.95
1484.46
1448.49
1564.47
1333.71
1288.11
1050.04
1125.06
1098.29
1080.37
1008.64
1038.07
1050.98
1253.61
1195.37
1125.16
1024.55
1235.3
1221.11
997.5
1435.88
1105.06
1321.26
1321.26
1115.78
1201.92
1169.57
1410.33
1070.06
1363.32
1058.14
1396.1
1406.59
1487.34
1470.53
1856.43
1386.25
1395.79
1433.11
1669.13
1787.25
1865.11
1895.25
1606.04
1967.28
1846.9
2025.58
1974.69
1816.47
1416.09
1518.55
1500.1
1439.05
1386.31
1809.54
1653.95
2432.89
2686.52
2458.65
2542.69
2795.3
2852.93
2584.21
2189.77
2194.84
2305.64
3078.91
3097.92
3315.26
3229.6
3245.26
3266.62
3455.24
3294.08
3271.99
3186.77
3005.01
3190.12
2908.24
2829.02
2329.44
2722.95
2086.18
2137.59
1992.46
1982.93
2141.77
2143.52
2310.15
2092.0
2135.27
2007.12
1833.57
2612.89
2415.25
2721.78
2825.89
2883.21
2969.83
2976.85
2835.11
3426.45
3593.41
3682.73
3617.29
3774.81
3079.99
3290.68
3369.14
4260.41
4129.54
3784.23
3830.49
4002.88
3865.83
3626.88
3547.35
3597.92
4111.99
4215.21
4286.46
4290.59
4326.76
4341.74
4351.63
4366.59
4397.08
4715.64
4550.53
5110.86
4938.61
5062.44
5219.08
5228.84
5298.72
5300.24
5308.52
5572.09
6061.8
6623.01
7035.76
7170.7
7152.88
7245.13
7093.42
6181.06
6923.41
6312.03
6209.71
6430.58
6223.37
6470.74
6318.61
6826.61
6872.97
6785.94
6833.42
6947.06
6742.97
7060.6
7573.26
7866.52
7838.22
7840.31
8043.71
8098.16
8465.77
8144.16
8144.02
7670.37
7312.85
7213.44
7227.45
7198.85
7041.27
6814.76
6701.36
6729.53
7009.56
7083.49
7380.32
7630.71
7677.73
7906.6
7773.31
7489.2
7046.57
7268.06
7106.01
6923.6
7136.1
7458.99
7197.5
7773.92
7927.49
8035.2
7816.44
8069.81
8059.65
8516.02
8724.13
8738.72
8256.28
8084.88
7703.1
7832.22
7830.35
8039.45
7877.19
8001.57
7918.53
7739.86
7575.15
7532.9
7742.53
7993.09
7500.79
7641.77
7736.07
7341.65
7331.73
7630.26
7404.61
7252.4
6979.81
6919.59
5930.17
5672.7
5860.99
6206.24
5783.15
5989.27
5408.52
5984.26
6446.31
6529.99
6335.56
6245.18
6304.53
6407.52
6890.94
7227.96
7276.63
7137.03
7222.08
7086.86
6721.08
6710.4
6734.99
6661.44
6742.89
6642.27
6543.39
5944.87
6165.35
5799.24
5457.82
6015.3
6197.84
6398.77
6588.28
6495.15
6554.04
6861.31
6508.21
6839.59
6894.23
6526.62
6712.21
6369.28
6514.72
6646.55
6586.01
6749.28
6672.69
6593.8
6627.43
6607.13
6763.38
6964.01
6693.83
6864.87
5715.92
