1941.41
1865.11
2086.18
2829.02
1992.46
1856.43
1809.54
1833.57
1484.46
1433.11
1406.59
1363.32
1386.31
1470.53
1425.16
1653.95
1518.55
1816.47
1535.65
1288.11
1115.78
1080.37
1169.57
1448.49
1333.71
1098.29
1125.06
1221.11
1500.1
1447.05
1592.74
1396.1
1410.33
1321.26
1195.37
1253.61
1235.3
1105.06
1321.26
1201.92
1050.98
1038.07
1024.55
1008.64
1058.14
1416.09
1395.79
1050.04
997.5
1070.06
1410.42
1435.88
1669.13
1487.34
1593.6
1570.2
1529.65
1439.05
1386.25
1125.16
1973.44
1688.32
1879.87
1562.65
1606.04
1787.25
1564.47
1846.9
1982.93
2143.52
1964.31
2908.24
1895.25
2825.89
2135.27
2025.58
2088.95
2194.84
3078.91
2092.0
2852.93
2388.33
2432.89
3079.99
3186.77
3190.12
3315.26
3245.26
3290.68
3774.81
3593.41
3547.35
3229.6
2976.85
2310.15
2415.25
2542.69
2969.83
2835.11
2795.3
1967.28
1945.82
1966.29
1974.69
2007.12
2686.52
2458.65
2141.77
2883.21
2612.89
2329.44
2189.77
2137.59
2721.78
2305.64
2722.95
2584.21
3005.01
3097.92
3597.92
3617.29
3426.45
3294.08
3455.24
3369.14
3271.99
3266.62
3682.73
3626.88
3784.23
3830.49
4351.63
4286.46
3865.83
4290.59
4397.08
4550.53
4215.21
4002.88
4129.54
4260.41
4111.99
4326.76
4341.74
4715.64
4366.59
5062.44
4938.61
5110.86
5219.08
5228.84
5300.24
5298.72
5308.52
5572.09
5860.99
6181.06
6526.62
6734.99
6554.04
6529.99
6470.74
6206.24
6508.21
6495.15
6672.69
7041.27
6861.31
6864.87
6894.23
6826.61
6721.08
6872.97
6701.36
6919.59
7213.44
7009.56
7532.9
7197.5
7136.1
7331.73
6693.83
7458.99
7268.06
7341.65
7573.26
7575.15
7773.92
7252.4
7630.26
7227.96
7227.45
6729.53
6742.97
6947.06
7222.08
7742.53
8039.45
8043.71
8001.57
7736.07
7670.37
7245.13
7060.6
6979.81
7035.76
6964.01
7093.42
7152.88
7312.85
7380.32
7739.86
7840.31
8035.2
8144.16
8084.88
8724.13
8738.72
8516.02
8465.77
8144.02
8098.16
7927.49
7832.22
7918.53
7830.35
7773.31
7906.6
7866.52
8256.28
8059.65
8069.81
7993.09
7877.19
7703.1
7838.22
7816.44
7630.71
7500.79
7641.77
6814.76
6593.8
6398.77
5408.52
5457.82
5783.15
5715.92
5799.24
5930.17
5672.7
5944.87
5989.27
6369.28
6607.13
6710.4
6712.21
6543.39
6833.42
7489.2
6890.94
7276.63
6923.41
7137.03
7046.57
7198.85
7677.73
7404.61
7170.7
6749.28
7086.86
6623.01
7083.49
7106.01
6586.01
6742.89
6763.38
6642.27
6627.43
6197.84
6446.31
6430.58
6318.61
6304.53
6245.18
6209.71
6061.8
5984.26
6165.35
6312.03
6223.37
6335.56
6588.28
6646.55
6785.94
6661.44
6923.6
6839.59
6514.72
6407.52
6015.3
