2088.95
1439.05
1070.06
1195.37
1410.33
1410.42
1363.32
1447.05
1470.53
1433.11
1395.79
1406.59
1201.92
1416.09
1518.55
1562.65
1669.13
1809.54
1500.1
1973.44
1833.57
1386.31
1253.61
1169.57
1098.29
1115.78
1487.34
1787.25
1535.65
1592.74
1435.88
1125.16
1080.37
1105.06
1221.11
1333.71
1058.14
997.5
1050.04
1008.64
1024.55
1038.07
1050.98
1125.06
1321.26
1386.25
1396.1
1288.11
1235.3
1321.26
1484.46
1425.16
1816.47
1570.2
1967.28
1688.32
1865.11
1564.47
1448.49
1529.65
1982.93
2007.12
2329.44
1992.46
1966.29
1945.82
1895.25
1941.41
1846.9
1879.87
1856.43
2092.0
2143.52
2612.89
2686.52
2432.89
2825.89
2969.83
2458.65
2135.27
2025.58
1606.04
1593.6
1653.95
1974.69
2086.18
2189.77
2137.59
2305.64
2852.93
3271.99
3597.92
3245.26
3294.08
3190.12
3097.92
2883.21
2976.85
3078.91
3005.01
2721.78
2795.3
2584.21
2415.25
2722.95
2908.24
2829.02
2835.11
2388.33
2310.15
2194.84
2141.77
1964.31
3186.77
2542.69
3369.14
3315.26
3426.45
3455.24
3290.68
3266.62
3229.6
3079.99
3547.35
3774.81
3593.41
3626.88
3617.29
3682.73
3784.23
3830.49
4260.41
4286.46
4002.88
3865.83
4326.76
4111.99
4129.54
4215.21
4341.74
4938.61
4290.59
5219.08
4351.63
4715.64
4366.59
5062.44
5298.72
4397.08
5110.86
4550.53
5300.24
5308.52
5228.84
5408.52
5457.82
5783.15
6446.31
6734.99
6763.38
6890.94
6607.13
6470.74
6407.52
6061.8
6430.58
6672.69
6623.01
6304.53
5944.87
6245.18
6209.71
6526.62
6495.15
6369.28
6923.6
6814.76
6833.42
7213.44
7276.63
7773.31
7918.53
7866.52
7641.77
7268.06
7252.4
7736.07
7404.61
7489.2
7773.92
7816.44
7703.1
8098.16
7877.19
7840.31
8144.16
8039.45
8516.02
7993.09
8035.2
7458.99
7500.79
7170.7
7060.6
7227.45
7245.13
7630.26
7830.35
8738.72
7742.53
8001.57
8256.28
8144.02
8724.13
8465.77
8069.81
7832.22
7838.22
8084.88
7927.49
7670.37
7227.96
7222.08
7630.71
7152.88
7046.57
6979.81
7041.27
7137.03
7906.6
7198.85
7677.73
7532.9
7575.15
7331.73
7380.32
7312.85
7739.86
8043.71
8059.65
7573.26
7341.65
6864.87
5930.17
5984.26
6398.77
6514.72
5799.24
6015.3
5715.92
5572.09
6223.37
6529.99
6693.83
6646.55
6749.28
6861.31
6826.61
6923.41
6661.44
6919.59
6710.4
6742.89
6721.08
6839.59
7106.01
7083.49
7086.86
6742.97
7035.76
6712.21
6947.06
7136.1
6701.36
6894.23
6964.01
7093.42
7197.5
7009.56
6872.97
6785.94
6508.21
6729.53
6588.28
6586.01
6627.43
6554.04
6335.56
6312.03
6181.06
6206.24
6543.39
6593.8
6642.27
6318.61
6197.84
5860.99
5672.7
5989.27
6165.35
