2194.84
2305.64
1816.47
1593.6
1125.06
1115.78
1787.25
1535.65
1964.31
2137.59
1846.9
1570.2
1518.55
1966.29
1865.11
1879.87
1974.69
1982.93
1973.44
1945.82
1809.54
1484.46
1321.26
1201.92
1253.61
1235.3
1333.71
1433.11
1669.13
1321.26
2092.0
1435.88
1396.1
1363.32
1195.37
1169.57
1105.06
1058.14
1050.04
1008.64
997.5
1024.55
1038.07
1080.37
1070.06
1050.98
1395.79
1098.29
1386.31
1448.49
1529.65
1425.16
1410.33
1125.16
1416.09
1221.11
1410.42
1386.25
1406.59
1288.11
1487.34
1439.05
1564.47
1447.05
1833.57
1992.46
2088.95
2143.52
1941.41
1856.43
1562.65
1895.25
2189.77
2795.3
2883.21
2721.78
2908.24
2852.93
2432.89
2135.27
2310.15
2141.77
2458.65
2976.85
3266.62
3682.73
3774.81
4351.63
4397.08
4341.74
4129.54
3290.68
3186.77
3626.88
4290.59
4002.88
3315.26
3245.26
3097.92
2969.83
2835.11
2686.52
2415.25
2584.21
2722.95
2329.44
1967.28
1688.32
1500.1
1470.53
1606.04
1653.95
2007.12
2086.18
1592.74
3079.99
2025.58
2542.69
3078.91
2825.89
2612.89
2388.33
2829.02
3005.01
3190.12
3229.6
3547.35
3593.41
4215.21
3865.83
4260.41
3830.49
3369.14
3426.45
4286.46
3617.29
3455.24
3271.99
3294.08
3597.92
4111.99
3784.23
4326.76
4366.59
4550.53
4715.64
5062.44
4938.61
5228.84
5219.08
5300.24
5308.52
5783.15
5572.09
6430.58
6526.62
6763.38
7035.76
7083.49
6742.97
6729.53
6672.69
6588.28
6742.89
6661.44
7009.56
6979.81
6826.61
6890.94
7041.27
6923.6
6749.28
6923.41
6894.23
6964.01
7086.86
6839.59
6861.31
7046.57
7136.1
7093.42
7222.08
7575.15
7404.61
7641.77
7573.26
7458.99
7276.63
6947.06
7170.7
7380.32
7630.71
7312.85
7245.13
7252.4
7489.2
7331.73
8043.71
7866.52
7830.35
7341.65
7197.5
7198.85
7268.06
7630.26
7677.73
7227.45
7137.03
7736.07
7918.53
7906.6
8001.57
8098.16
7816.44
7840.31
8059.65
8144.02
8084.88
8144.16
8069.81
8039.45
7877.19
7773.31
7838.22
7832.22
7532.9
7703.1
7500.79
7739.86
7670.37
7742.53
7927.49
7993.09
8465.77
8516.02
8738.72
8724.13
8256.28
8035.2
7773.92
7227.96
7213.44
7152.88
6712.21
6554.04
6529.99
6369.28
5799.24
6586.01
6710.4
6734.99
6814.76
6872.97
6607.13
6646.55
6623.01
6514.72
5672.7
5298.72
5110.86
6181.06
6398.77
6593.8
6627.43
6446.31
6864.87
6785.94
6919.59
7060.6
7106.01
6721.08
6833.42
6642.27
6335.56
6470.74
6508.21
6495.15
6245.18
5860.99
6197.84
5457.82
5408.52
6165.35
6015.3
6304.53
5989.27
5715.92
6209.71
6206.24
6223.37
6693.83
6312.03
6543.39
6407.52
5944.87
5930.17
5984.26
6318.61
6701.36
6061.8
