1564.47
2542.69
1973.44
1669.13
1425.16
1406.59
1447.05
1410.42
1321.26
1470.53
1396.1
1410.33
1562.65
1856.43
1966.29
1945.82
1535.65
1529.65
1570.2
1433.11
1487.34
1435.88
1395.79
1484.46
1439.05
1518.55
1653.95
1593.6
1809.54
2088.95
1846.9
1606.04
1448.49
1169.57
1098.29
1253.61
1125.16
1115.78
1105.06
1070.06
1080.37
1024.55
1050.04
1008.64
997.5
1038.07
1221.11
1058.14
1201.92
1050.98
1386.31
1125.06
1195.37
1235.3
1321.26
1288.11
1333.71
1363.32
1500.1
1865.11
1688.32
1386.25
1416.09
1592.74
1964.31
1879.87
1787.25
1816.47
1941.41
2137.59
2305.64
2829.02
3005.01
3097.92
2969.83
2852.93
3190.12
3271.99
2908.24
2795.3
2835.11
2194.84
2721.78
2415.25
2612.89
2458.65
3078.91
3266.62
3315.26
3617.29
3593.41
3784.23
3597.92
3626.88
3830.49
3455.24
3774.81
3547.35
3426.45
3290.68
3229.6
3186.77
2189.77
2722.95
2686.52
2825.89
2092.0
2141.77
2135.27
2310.15
2388.33
2329.44
1992.46
1967.28
1895.25
2007.12
2086.18
2143.52
2025.58
1833.57
1974.69
1982.93
2584.21
3245.26
2976.85
2432.89
2883.21
3079.99
3294.08
3369.14
3865.83
3682.73
4129.54
4215.21
4290.59
4326.76
4002.88
4260.41
4111.99
4351.63
4286.46
4341.74
4397.08
4366.59
4550.53
5062.44
4715.64
5110.86
5308.52
4938.61
5944.87
5672.7
5715.92
5300.24
6015.3
5860.99
6206.24
6335.56
6398.77
6627.43
6749.28
6742.97
6826.61
6672.69
6495.15
6470.74
6588.28
5989.27
6407.52
6446.31
6526.62
6586.01
6508.21
6554.04
6701.36
6712.21
6861.31
6833.42
6872.97
6923.6
6964.01
7009.56
7152.88
7136.1
7106.01
7245.13
7630.26
7736.07
7268.06
7227.96
7222.08
7312.85
7458.99
7641.77
7213.44
7677.73
7832.22
7830.35
8738.72
7927.49
8059.65
7866.52
7739.86
7331.73
7198.85
7341.65
7137.03
7276.63
7670.37
7840.31
7877.19
8098.16
8144.16
8465.77
8516.02
8069.81
8084.88
8144.02
8043.71
7906.6
7773.92
7380.32
7093.42
7197.5
7252.4
7170.7
7489.2
7773.31
7816.44
7993.09
8001.57
7742.53
8256.28
7918.53
7500.79
7838.22
7575.15
7404.61
8039.45
8724.13
8035.2
7573.26
6785.94
5457.82
5228.84
5219.08
5572.09
5298.72
6312.03
6197.84
6430.58
6369.28
6245.18
6165.35
6514.72
6642.27
6923.41
6979.81
7060.6
7227.45
7630.71
7703.1
7532.9
7086.86
7083.49
7046.57
6947.06
6919.59
7035.76
6710.4
6729.53
6721.08
6763.38
6593.8
6661.44
6734.99
6839.59
6890.94
6864.87
6742.89
6693.83
6646.55
6814.76
7041.27
6894.23
6623.01
5984.26
5799.24
5783.15
5930.17
6061.8
6529.99
6543.39
6304.53
6209.71
6181.06
6223.37
6318.61
6607.13
5408.52
