2088.95
2086.18
1974.69
1879.87
1895.25
1945.82
1973.44
1966.29
1500.1
1470.53
1221.11
1038.07
1235.3
1201.92
1125.16
1439.05
1593.6
1941.41
1787.25
1535.65
1410.33
1321.26
1416.09
1050.98
1386.31
1288.11
1433.11
1410.42
1435.88
1606.04
1395.79
1396.1
1169.57
1406.59
1487.34
1529.65
1425.16
1195.37
1058.14
1070.06
1386.25
1050.04
1008.64
1098.29
1321.26
1564.47
1856.43
1448.49
1967.28
2137.59
1816.47
1865.11
1833.57
1562.65
1592.74
1964.31
1982.93
1688.32
1484.46
997.5
1080.37
1653.95
2141.77
2025.58
1518.55
1333.71
1024.55
1125.06
1115.78
1105.06
1253.61
1363.32
1447.05
1570.2
1669.13
1809.54
1846.9
1992.46
2007.12
2189.77
2092.0
2135.27
2194.84
2143.52
2415.25
2329.44
2458.65
2305.64
2432.89
2612.89
2686.52
2883.21
3290.68
3455.24
3547.35
3593.41
3830.49
4290.59
3865.83
3426.45
2976.85
3079.99
3005.01
3229.6
3271.99
3186.77
3190.12
2835.11
2825.89
2721.78
2388.33
2542.69
2584.21
3097.92
2852.93
3266.62
2829.02
2310.15
2969.83
2908.24
2795.3
2722.95
3078.91
3617.29
3682.73
4129.54
4260.41
4326.76
4286.46
4215.21
4111.99
4002.88
3597.92
3315.26
3245.26
3294.08
3369.14
3626.88
3774.81
3784.23
4351.63
4341.74
4366.59
5062.44
5110.86
5308.52
5298.72
4550.53
5228.84
4397.08
4715.64
4938.61
5219.08
5300.24
5572.09
5860.99
5783.15
6206.24
6318.61
6430.58
6712.21
6245.18
5930.17
5408.52
5672.7
5457.82
5715.92
5984.26
5944.87
6061.8
6223.37
5989.27
6407.52
6543.39
6839.59
6335.56
7213.44
6646.55
6923.41
7060.6
6947.06
7137.03
7380.32
7197.5
7404.61
7227.96
7500.79
7252.4
7575.15
7677.73
7840.31
7906.6
7832.22
8001.57
7993.09
8059.65
8098.16
8724.13
8738.72
8465.77
8516.02
8256.28
8084.88
8144.02
8144.16
8069.81
7866.52
7773.92
7830.35
7736.07
7742.53
7739.86
7816.44
7838.22
7641.77
7927.49
8039.45
8043.71
8035.2
7877.19
7918.53
7773.31
7670.37
7630.71
7573.26
7227.45
7009.56
7268.06
6710.4
7222.08
7046.57
7106.01
6526.62
6979.81
6826.61
7198.85
7276.63
7341.65
7152.88
7093.42
7083.49
6814.76
6763.38
6209.71
6165.35
6446.31
6369.28
6312.03
6470.74
6514.72
6693.83
6894.23
6734.99
6529.99
6861.31
6872.97
7086.86
7170.7
7312.85
7331.73
7489.2
7458.99
7136.1
6919.59
7532.9
7630.26
7703.1
7245.13
7041.27
6742.89
6721.08
6661.44
6890.94
6588.28
6642.27
6701.36
6607.13
6623.01
6508.21
6495.15
6554.04
6586.01
6749.28
6627.43
6398.77
6181.06
6197.84
5799.24
6833.42
6304.53
6593.8
6672.69
6923.6
6864.87
6785.94
6964.01
7035.76
6729.53
6742.97
6015.3
