1606.04
2092.0
1941.41
1688.32
1535.65
1433.11
1484.46
1410.42
1396.1
1288.11
1201.92
1406.59
1425.16
1439.05
1470.53
1448.49
1529.65
1564.47
1487.34
1435.88
1416.09
1386.31
1333.71
1169.57
1125.16
1195.37
1386.25
1235.3
1321.26
1321.26
1125.06
1058.14
1105.06
1050.98
1080.37
1070.06
1024.55
997.5
1098.29
1008.64
1038.07
1050.04
1115.78
1221.11
1395.79
1363.32
1253.61
1410.33
1447.05
2143.52
3078.91
1816.47
1856.43
1562.65
1833.57
1879.87
1865.11
1518.55
1500.1
1592.74
1787.25
1570.2
1992.46
1846.9
1967.28
2141.77
1964.31
1669.13
1653.95
1593.6
1945.82
2388.33
2722.95
2135.27
2795.3
2305.64
2835.11
2883.21
2686.52
2584.21
2612.89
1974.69
1982.93
2432.89
1895.25
2976.85
2969.83
2908.24
3186.77
3271.99
3266.62
3245.26
3097.92
2852.93
2542.69
2458.65
2415.25
3079.99
2194.84
2086.18
1973.44
2007.12
1809.54
1966.29
2088.95
2137.59
2829.02
2825.89
3005.01
2310.15
2329.44
2025.58
2189.77
3190.12
2721.78
3229.6
3294.08
3315.26
3617.29
3547.35
3682.73
3774.81
3593.41
4111.99
3626.88
3369.14
3455.24
3426.45
3784.23
4286.46
5219.08
4550.53
4326.76
3865.83
4351.63
4366.59
4002.88
4260.41
4129.54
3290.68
4290.59
3597.92
4215.21
3830.49
5062.44
4341.74
4397.08
4938.61
4715.64
5110.86
5298.72
5228.84
5300.24
5308.52
5457.82
5572.09
5799.24
6181.06
6588.28
6672.69
6223.37
6495.15
5984.26
6061.8
6318.61
6607.13
6742.89
6693.83
6627.43
6335.56
6245.18
6015.3
6470.74
6508.21
6749.28
7041.27
7213.44
7404.61
7641.77
7222.08
7137.03
7046.57
7227.96
7331.73
7245.13
7906.6
8035.2
8039.45
7877.19
7677.73
7736.07
7832.22
7575.15
7739.86
7993.09
8001.57
7773.31
7927.49
7838.22
7816.44
7773.92
7703.1
7252.4
7197.5
6947.06
7035.76
7060.6
7136.1
7170.7
7152.88
7670.37
7312.85
7500.79
7458.99
7630.71
7630.26
8084.88
7830.35
7866.52
7742.53
7276.63
7227.45
7489.2
7532.9
7198.85
7268.06
7380.32
7918.53
8043.71
8465.77
8098.16
8144.02
8724.13
8256.28
8516.02
8738.72
8144.16
8069.81
8059.65
7840.31
7573.26
7341.65
7009.56
6642.27
6721.08
6554.04
6526.62
6304.53
6197.84
6206.24
6593.8
6701.36
6729.53
6661.44
6407.52
6165.35
6369.28
6646.55
6923.6
6833.42
6446.31
5715.92
5408.52
6209.71
6864.87
7093.42
7106.01
7086.86
7083.49
6964.01
6872.97
6785.94
6814.76
6710.4
6826.61
6861.31
6742.97
6712.21
5930.17
5989.27
5944.87
6430.58
6763.38
6890.94
6839.59
6894.23
6312.03
5860.99
6529.99
5783.15
6543.39
6979.81
6919.59
6923.41
6734.99
6623.01
6514.72
6586.01
6398.77
5672.7
