2135.27
3078.91
1964.31
1816.47
1846.9
2086.18
2025.58
1865.11
1593.6
1653.95
1570.2
1363.32
1410.33
1253.61
1125.16
1105.06
1080.37
1321.26
1235.3
1169.57
1221.11
1435.88
1201.92
1433.11
1447.05
1410.42
1518.55
1856.43
1787.25
1895.25
1592.74
1606.04
1487.34
1448.49
1406.59
1386.25
1425.16
1098.29
1288.11
1195.37
1321.26
997.5
1008.64
1070.06
1038.07
1024.55
1050.04
1058.14
1470.53
1500.1
1484.46
1125.06
1050.98
1115.78
1562.65
1669.13
1333.71
1386.31
1396.1
1395.79
1439.05
1416.09
1535.65
1529.65
1564.47
1833.57
1809.54
1982.93
2141.77
3005.01
2852.93
2969.83
2388.33
2415.25
2458.65
2305.64
2189.77
2194.84
2092.0
2007.12
2088.95
1974.69
1966.29
1973.44
2310.15
2584.21
3190.12
2722.95
3294.08
3271.99
3290.68
3626.88
3426.45
3617.29
3369.14
3593.41
3597.92
3547.35
2883.21
2795.3
2137.59
2329.44
2976.85
3079.99
2542.69
2829.02
2432.89
2686.52
2143.52
1967.28
1945.82
1688.32
1879.87
1941.41
1992.46
2612.89
2721.78
3186.77
3245.26
3229.6
2835.11
2825.89
2908.24
3097.92
3266.62
3315.26
3455.24
3682.73
3784.23
3830.49
4326.76
4129.54
3774.81
4002.88
4111.99
4286.46
4351.63
4397.08
4341.74
4260.41
4215.21
3865.83
4290.59
4550.53
4715.64
5110.86
5298.72
5228.84
5308.52
5457.82
5219.08
5062.44
4938.61
4366.59
5408.52
5860.99
6495.15
6407.52
5944.87
5989.27
6742.97
6864.87
6588.28
6526.62
6623.01
6701.36
6729.53
6693.83
6514.72
6661.44
6814.76
6763.38
6826.61
6919.59
6923.41
7009.56
6964.01
6894.23
6749.28
6890.94
6785.94
7083.49
7312.85
7575.15
7213.44
7152.88
6872.97
6923.6
7060.6
6833.42
7086.86
7170.7
7404.61
7816.44
7840.31
7677.73
7458.99
7832.22
7630.26
7703.1
7739.86
7773.92
7670.37
7500.79
7532.9
7641.77
7830.35
7927.49
8059.65
8039.45
8001.57
7993.09
7906.6
8098.16
8516.02
8724.13
8465.77
8738.72
8256.28
8043.71
7331.73
7736.07
7630.71
7380.32
7866.52
7573.26
7489.2
7838.22
7773.31
8084.88
8144.16
8144.02
8069.81
8035.2
7877.19
7918.53
7742.53
7276.63
7222.08
7106.01
7035.76
6734.99
6607.13
6061.8
5930.17
6304.53
6165.35
5715.92
6398.77
6015.3
6206.24
6586.01
6470.74
6446.31
6318.61
6430.58
6197.84
6181.06
6543.39
6209.71
6646.55
7046.57
7093.42
7252.4
7227.96
7041.27
7137.03
6947.06
6861.31
7268.06
6712.21
6742.89
7197.5
6627.43
7198.85
7227.45
7341.65
7136.1
6710.4
6672.69
6508.21
6369.28
5984.26
5799.24
5672.7
5572.09
5300.24
5783.15
6245.18
6554.04
6839.59
7245.13
6979.81
6642.27
6312.03
6335.56
6529.99
6721.08
6593.8
6223.37
