1856.43
1688.32
2135.27
1535.65
1816.47
1447.05
1653.95
1787.25
1879.87
2088.95
2415.25
2025.58
1833.57
1564.47
1439.05
1386.25
1396.1
1448.49
1593.6
1562.65
1529.65
1484.46
1425.16
1235.3
1395.79
1470.53
1809.54
1592.74
1570.2
1487.34
1321.26
1363.32
1406.59
1221.11
1169.57
1105.06
1125.16
1008.64
1050.04
1115.78
1038.07
1070.06
1098.29
1125.06
1058.14
1050.98
1024.55
997.5
1080.37
1253.61
1410.42
1410.33
1386.31
1321.26
1201.92
1416.09
1433.11
1435.88
1846.9
2305.64
2086.18
1606.04
1333.71
1195.37
1288.11
2092.0
1992.46
1964.31
1967.28
2137.59
2194.84
2141.77
2388.33
2721.78
2908.24
2852.93
3229.6
3290.68
3005.01
2976.85
2825.89
2795.3
2584.21
2969.83
3271.99
3547.35
3369.14
3455.24
3190.12
3830.49
3865.83
3593.41
3426.45
3266.62
2686.52
2883.21
3682.73
3315.26
3078.91
2835.11
2432.89
2722.95
2612.89
2143.52
2007.12
1518.55
1941.41
1669.13
1865.11
1500.1
1966.29
1973.44
1945.82
1895.25
2189.77
2329.44
2542.69
2458.65
2829.02
1974.69
1982.93
2310.15
3097.92
3597.92
4111.99
3245.26
3186.77
3079.99
3294.08
4002.88
4260.41
4326.76
4290.59
4129.54
3784.23
3774.81
3626.88
3617.29
4215.21
4286.46
4351.63
4341.74
4366.59
4397.08
4550.53
4938.61
4715.64
5110.86
5062.44
5219.08
5228.84
5300.24
5298.72
5308.52
5457.82
6529.99
6209.71
6742.89
6712.21
6923.6
6947.06
7060.6
6923.41
7046.57
6861.31
7083.49
7170.7
6964.01
6839.59
6814.76
6894.23
7197.5
7137.03
7152.88
7341.65
7380.32
7213.44
7630.26
7331.73
7500.79
7630.71
7918.53
7927.49
7252.4
7222.08
6890.94
7041.27
7086.86
7227.96
7312.85
7573.26
7276.63
7458.99
7268.06
6864.87
7106.01
7136.1
7703.1
7489.2
7575.15
7035.76
6919.59
6826.61
6734.99
6623.01
6661.44
6729.53
6872.97
7198.85
7227.45
7739.86
7773.92
8043.71
7993.09
8098.16
8069.81
8144.16
8465.77
8738.72
8724.13
8516.02
8256.28
8144.02
8059.65
7877.19
7736.07
7677.73
7840.31
7830.35
8084.88
8035.2
7832.22
8039.45
8001.57
7906.6
7866.52
7816.44
7641.77
7838.22
7773.31
7670.37
7093.42
6763.38
6588.28
6526.62
6369.28
6245.18
5989.27
5715.92
5799.24
6206.24
6693.83
6721.08
6710.4
6785.94
6607.13
6701.36
6749.28
7009.56
6979.81
7532.9
7742.53
7245.13
7404.61
6742.97
6833.42
6672.69
6642.27
6508.21
6543.39
6181.06
6318.61
5944.87
5860.99
6061.8
6646.55
5984.26
6586.01
6398.77
6430.58
6514.72
6312.03
5783.15
6627.43
6165.35
6015.3
5572.09
5408.52
5930.17
5672.7
6197.84
6335.56
6407.52
6304.53
6223.37
6446.31
6495.15
6554.04
6593.8
6470.74
