3078.91
3245.26
2584.21
2612.89
2388.33
1833.5700000000002
1410.42
1470.53
1396.1
1115.78
1288.1100000000001
1395.79
1386.25
1447.05
1564.47
1846.9
1606.04
1425.16
1500.1
1363.32
1439.05
1321.26
1098.29
1050.98
1105.06
1008.64
1169.57
1080.37
1195.37
1125.16
1221.1100000000001
1321.26
1235.3
1058.14
1070.06
1024.55
997.5
1038.07
1050.04
1125.06
1487.34
1653.95
1973.44
1787.25
1435.88
1416.09
1333.71
1518.55
1967.28
1982.9299999999998
2137.59
2088.95
1593.6
1406.59
1201.92
1253.6100000000001
1410.33
1448.49
1809.54
1688.3200000000002
1535.65
1879.87
1941.4099999999999
1966.29
2092.0
2194.84
1816.47
2141.77
1669.13
1529.65
1386.31
1592.74
1945.8200000000002
2007.12
2135.27
2025.58
1865.1100000000001
2458.65
2305.64
2415.25
1992.46
2086.18
1895.25
2542.69
3294.08
4002.88
3830.49
3266.62
3005.01
3315.26
3617.29
3682.73
3455.24
3290.68
3369.14
3271.99
3097.92
2969.83
3547.35
3593.41
3426.45
3190.12
2310.15
2143.52
2432.89
2686.52
1974.69
1433.1100000000001
1484.46
1562.65
1856.4299999999998
1570.2
1964.31
2329.44
2189.77
2722.95
2829.02
2825.89
2976.85
2721.7799999999997
2908.24
2795.3
2883.21
2835.11
2852.93
3079.99
3186.77
3229.6
3597.92
3774.81
4111.99
4290.59
4326.76
3784.23
4129.54
3865.83
3626.88
4215.21
4260.41
4286.46
4351.63
4341.74
5110.86
4550.53
4366.59
4715.64
4397.08
4938.61
5219.08
5228.84
5062.44
5298.72
5572.09
5799.24
5930.17
6209.71
6508.21
6701.36
6890.9400000000005
7060.6
7106.01
6923.6
7009.56
6693.83
6430.58
5984.26
5715.92
5408.52
5308.52
6061.8
6245.18
6554.04
6712.21
6742.89
6729.53
6861.3099999999995
6588.28
6607.13
6586.01
7268.06
7331.73
7773.3099999999995
8059.65
8516.02
7816.4400000000005
7136.1
7677.73
6495.15
7083.49
7312.85
7866.52
7703.1
6864.87
7086.86
6814.76
7573.26
7458.99
7532.9
7489.2
7906.6
7927.49
8001.57
7641.77
7500.79
7918.53
7575.15
7630.26
7213.44
7222.08
7380.32
7742.53
7830.35
8069.81
8144.02
8465.77
8144.16
8724.13
8738.72
8256.28
8098.16
8084.88
7838.22
7736.07
7276.63
7170.7
6872.97
6763.38
7046.57
7137.03
7093.42
7227.45
7404.61
7630.71
7832.22
7840.3099999999995
7877.1900000000005
8043.71
8035.2
8039.45
7993.09
7773.92
7341.65
6593.8
5944.87
5860.99
5989.27
6369.28
6398.77
6642.27
6721.08
6710.4
7670.37
7739.86
7245.13
7152.88
6335.56
6470.74
6661.4400000000005
6894.23
6826.61
7198.85
7197.5
7041.27
6833.42
6529.99
6919.59
6646.55
6923.41
6947.0599999999995
6749.28
6446.31
6407.52
5783.15
6223.37
6181.06
6514.72
6543.39
6672.6900000000005
6742.97
6964.01
7227.96
7252.4
6785.9400000000005
6734.99
6839.59
6526.62
6304.53
6318.61
6206.24
6312.03
6627.43
7035.76
6979.8099999999995
6623.01
6165.35
6197.84
5672.7
5300.24
6015.3
5457.82
