2143.52
2432.89
2612.89
2092.0
2415.25
2458.65
2542.69
2135.27
1856.43
1410.42
1253.61
1221.11
1125.06
1195.37
1169.57
1288.11
1333.71
1535.65
1500.1
1833.57
1816.47
1974.69
1562.65
1592.74
1201.92
1105.06
1024.55
1058.14
1050.04
1008.64
1070.06
1098.29
1321.26
1038.07
1115.78
1125.16
1050.98
997.5
1080.37
1235.3
1487.34
1321.26
1386.31
1386.25
1363.32
1433.11
1787.25
1879.87
1593.6
2305.64
2086.18
2007.12
2088.95
1865.11
2141.77
1846.9
1564.47
1435.88
1484.46
1416.09
1439.05
1406.59
1669.13
1606.04
1973.44
1688.32
1448.49
1410.33
1396.1
1447.05
1395.79
1425.16
1809.54
1982.93
2025.58
1570.2
1966.29
1992.46
1964.31
1895.25
2194.84
2189.77
2329.44
2388.33
2976.85
3078.91
3617.29
3865.83
3271.99
3079.99
3229.6
3266.62
3294.08
3593.41
3190.12
3547.35
4129.54
4002.88
4111.99
3774.81
3315.26
3245.26
2969.83
2852.93
2825.89
2584.21
2137.59
1967.28
1653.95
1518.55
1529.65
1470.53
1945.82
1941.41
2310.15
2722.95
2795.3
2883.21
3186.77
3290.68
3784.23
3682.73
2908.24
3005.01
2686.52
2721.78
2829.02
2835.11
3097.92
3830.49
3597.92
4260.41
3626.88
3455.24
3369.14
3426.45
4215.21
4326.76
4341.74
5298.72
4351.63
4286.46
4290.59
4366.59
5408.52
4397.08
4550.53
4938.61
5228.84
4715.64
5219.08
5062.44
5572.09
5300.24
5783.15
5930.17
6061.8
6223.37
6721.08
6672.69
6923.41
6642.27
6514.72
6369.28
5799.24
6710.4
6734.99
6407.52
6209.71
6430.58
6785.94
6890.94
6826.61
6872.97
6749.28
6814.76
7137.03
6923.6
7404.61
7458.99
7245.13
7197.5
7136.1
7227.45
7341.65
7083.49
7227.96
7170.7
7312.85
7198.85
7816.44
7677.73
7927.49
7736.07
7641.77
7773.92
8035.2
8724.13
8069.81
8516.02
8144.02
8256.28
8144.16
7918.53
7830.35
7742.53
7866.52
8039.45
7877.19
7838.22
7703.1
8001.57
7906.6
7840.31
7993.09
8043.71
8084.88
8465.77
8738.72
8059.65
8098.16
7832.22
7670.37
7575.15
7630.71
7331.73
7213.44
7093.42
7106.01
7500.79
7222.08
7380.32
7252.4
7489.2
7532.9
7773.31
7739.86
7630.26
7573.26
7268.06
7009.56
6586.01
5984.26
5457.82
5110.86
5860.99
5308.52
5672.7
6206.24
5989.27
6763.38
6919.59
7276.63
7046.57
7152.88
7041.27
7086.86
6979.81
7060.6
6894.23
6833.42
6623.01
6526.62
6245.18
6701.36
6839.59
7035.76
6964.01
6947.06
6864.87
6646.55
6312.03
6446.31
5715.92
6015.3
6554.04
6693.83
6742.89
6470.74
6588.28
6543.39
6495.15
6742.97
6861.31
6593.8
6398.77
6318.61
6529.99
6607.13
6304.53
6712.21
6627.43
6335.56
6181.06
5944.87
6197.84
6661.44
6729.53
6508.21
6165.35
