1484.46
1982.93
2007.12
2415.25
2310.15
1606.04
1964.31
1253.61
1386.31
1386.25
1487.34
1435.88
1974.69
1688.32
1879.87
1895.25
1518.55
1396.1
1363.32
1235.3
1562.65
1333.71
1447.05
1439.05
1500.1
1973.44
1787.25
1470.53
1395.79
1321.26
1125.16
1058.14
1050.98
1070.06
1115.78
1321.26
1080.37
1050.04
1105.06
997.5
1098.29
1024.55
1008.64
1038.07
1195.37
1416.09
1221.11
1169.57
1125.06
1406.59
1201.92
1410.33
1433.11
1288.11
1425.16
1564.47
1967.28
1992.46
1593.6
2088.95
1945.82
2086.18
1846.9
1592.74
1410.42
1570.2
1535.65
1941.41
1669.13
1653.95
1448.49
1816.47
2137.59
2686.52
2795.3
2721.78
3078.91
3229.6
3005.01
2852.93
2388.33
2092.0
1865.11
2135.27
2143.52
2432.89
2883.21
2542.69
2825.89
2612.89
3266.62
2829.02
3190.12
3290.68
3315.26
3245.26
3426.45
2722.95
3097.92
2969.83
2835.11
2908.24
2976.85
3186.77
3369.14
3079.99
2458.65
2194.84
1966.29
1529.65
1833.57
1809.54
1856.43
2025.58
2189.77
2329.44
2141.77
2305.64
2584.21
3271.99
3455.24
3294.08
3593.41
3617.29
3784.23
3830.49
4215.21
4129.54
3626.88
3682.73
3597.92
4002.88
3865.83
3547.35
4111.99
4286.46
3774.81
4290.59
4260.41
4326.76
4341.74
4351.63
4366.59
4550.53
4397.08
4715.64
5062.44
5110.86
4938.61
5219.08
5228.84
5298.72
5300.24
5572.09
5783.15
5989.27
6304.53
6919.59
6826.61
7137.03
7170.7
7773.31
7489.2
7380.32
6964.01
7009.56
6430.58
5984.26
5715.92
5457.82
5944.87
6701.36
7276.63
8043.71
8144.16
8039.45
7993.09
7840.31
7245.13
7252.4
6890.94
6947.06
7083.49
7213.44
7227.45
7630.26
7677.73
7152.88
7198.85
7197.5
7136.1
7093.42
7773.92
7060.6
7404.61
7742.53
7573.26
7838.22
7927.49
7630.71
7736.07
7312.85
7046.57
6872.97
7106.01
7035.76
7331.73
7222.08
7086.86
6864.87
6894.23
6979.81
7268.06
7877.19
8059.65
7866.52
8738.72
8465.77
8724.13
8516.02
8256.28
8144.02
8035.2
8098.16
7670.37
7830.35
7458.99
7703.1
7739.86
7906.6
7341.65
8001.57
7816.44
7575.15
7227.96
7500.79
7641.77
7832.22
7918.53
8084.88
8069.81
7532.9
7041.27
6508.21
6015.3
6245.18
6318.61
6197.84
5799.24
5408.52
5860.99
6206.24
6588.28
6672.69
6712.21
6607.13
5672.7
6061.8
6749.28
6814.76
6209.71
6923.6
6470.74
6661.44
6623.01
6742.89
6785.94
6693.83
6223.37
6369.28
6312.03
6495.15
6529.99
6543.39
6627.43
6642.27
6646.55
6593.8
6446.31
6710.4
6398.77
6586.01
6514.72
6335.56
6181.06
6165.35
5930.17
6407.52
6923.41
6861.31
6833.42
6763.38
6742.97
6839.59
6734.99
6721.08
6729.53
6526.62
6554.04
5308.52
