1606.04
1809.54
1593.6
1669.13
1484.46
1447.05
1570.2
1816.47
1787.25
1470.53
1416.09
1386.25
1433.11
1592.74
1487.34
1425.16
1410.42
1406.59
1070.06
1080.37
1125.06
1253.61
1008.64
1195.37
1050.04
1115.78
1050.98
1038.07
1024.55
1235.3
1321.26
1098.29
1105.06
1125.16
1410.33
1518.55
1529.65
1500.1
1564.47
1333.71
1653.95
1435.88
1439.05
1396.1
1321.26
1395.79
1363.32
1169.57
1221.11
1288.11
1386.31
997.5
1058.14
1201.92
1448.49
1562.65
1846.9
1688.32
1941.41
2025.58
2007.12
2305.64
1856.43
1833.57
1865.11
2086.18
1964.31
2388.33
2137.59
2458.65
2584.21
2612.89
2721.78
2310.15
2329.44
2135.27
1967.28
2432.89
2088.95
1879.87
1974.69
2189.77
2143.52
1992.46
1982.93
1973.44
2194.84
2141.77
2686.52
2908.24
3266.62
3294.08
3271.99
3593.41
3315.26
3455.24
3369.14
3426.45
3005.01
3097.92
2722.95
2852.93
2825.89
2969.83
2835.11
2883.21
2092.0
1945.82
1966.29
1535.65
1895.25
2415.25
2542.69
2795.3
2829.02
3229.6
3078.91
2976.85
3186.77
3079.99
3190.12
3245.26
3290.68
3617.29
3865.83
3774.81
4111.99
4129.54
4326.76
3784.23
3830.49
3682.73
3626.88
3547.35
3597.92
4215.21
4002.88
4366.59
4341.74
4351.63
4286.46
4260.41
4397.08
4290.59
4550.53
4715.64
5219.08
5300.24
5408.52
5298.72
5062.44
4938.61
5228.84
5110.86
5308.52
5457.82
5783.15
6015.3
6729.53
6470.74
6710.4
6693.83
6543.39
6446.31
6206.24
6407.52
6607.13
6209.71
6223.37
6919.59
6318.61
7252.4
6814.76
6864.87
6979.81
6923.6
7046.57
7086.86
6923.41
7380.32
7197.5
7276.63
7341.65
7404.61
7035.76
7009.56
6763.38
6872.97
6742.97
6742.89
7136.1
7041.27
7489.2
7630.26
7500.79
7573.26
7739.86
8084.88
8724.13
8738.72
8256.28
8516.02
8465.77
8144.16
7832.22
8069.81
7866.52
7830.35
7736.07
7532.9
7093.42
7152.88
7222.08
7245.13
7575.15
7213.44
7877.19
8144.02
7838.22
7840.31
7742.53
7773.92
7993.09
8098.16
8039.45
7630.71
7918.53
7773.31
8035.2
7906.6
7816.44
7703.1
8001.57
8043.71
7927.49
8059.65
7670.37
7312.85
7641.77
7677.73
7227.96
6833.42
6661.44
6627.43
6586.01
6593.8
6369.28
5572.09
5672.7
6508.21
6495.15
6197.84
5989.27
6398.77
6554.04
6712.21
6721.08
6826.61
6947.06
7198.85
7268.06
7137.03
7170.7
7083.49
7227.45
7060.6
7106.01
6749.28
6785.94
6646.55
6430.58
6514.72
6061.8
6165.35
5984.26
6623.01
6734.99
6894.23
6964.01
7458.99
7331.73
6861.31
6672.69
6642.27
6335.56
5944.87
5930.17
5860.99
5715.92
6312.03
6839.59
6890.94
6588.28
6245.18
6181.06
6526.62
6701.36
6529.99
6304.53
5799.24
