1992.46
2194.84
1592.74
2883.21
2721.78
1982.93
1448.49
1395.79
1169.57
1105.06
1288.11
1406.59
1487.34
1500.1
1529.65
1593.6
1688.32
1410.42
1470.53
1410.33
1433.11
1386.25
1439.05
1115.78
1235.3
1518.55
1447.05
1396.1
1363.32
1195.37
1125.06
1333.71
1080.37
1070.06
1038.07
1058.14
1008.64
1050.98
1050.04
997.5
1024.55
1098.29
1221.11
1201.92
1416.09
1321.26
1386.31
1253.61
1321.26
1564.47
1669.13
1435.88
1833.57
1846.9
1856.43
2143.52
1945.82
1941.41
1425.16
1484.46
1606.04
1535.65
1879.87
1967.28
2086.18
1895.25
1570.2
1966.29
1787.25
2088.95
1974.69
2686.52
2388.33
2829.02
2825.89
2305.64
2141.77
2329.44
2584.21
2310.15
2025.58
2092.0
2137.59
2976.85
3078.91
3186.77
2835.11
2612.89
3005.01
3229.6
3245.26
2722.95
2432.89
2458.65
3097.92
3266.62
3190.12
2007.12
1809.54
1816.47
1964.31
2415.25
2135.27
3079.99
2852.93
2969.83
1865.11
1653.95
1562.65
1125.16
1973.44
2908.24
2542.69
2189.77
2795.3
3271.99
3315.26
3426.45
3597.92
3626.88
3547.35
3593.41
3455.24
3294.08
3290.68
3369.14
4215.21
4290.59
4129.54
3865.83
4002.88
3774.81
3682.73
3617.29
3784.23
4326.76
4351.63
4341.74
4260.41
4111.99
4286.46
3830.49
4397.08
4366.59
4550.53
4715.64
4938.61
5062.44
5110.86
5228.84
5219.08
5300.24
5457.82
5308.52
5672.7
5930.17
6312.03
6529.99
6785.94
6742.89
6593.8
6543.39
6407.52
6826.61
6701.36
6607.13
6495.15
6165.35
6304.53
6554.04
6672.69
6964.01
7136.1
6833.42
7331.73
7227.45
7312.85
8059.65
8144.16
8465.77
8256.28
8144.02
8084.88
8069.81
7703.1
7670.37
7252.4
7222.08
6514.72
6894.23
6923.6
6947.06
7093.42
7489.2
7458.99
7838.22
7773.92
8039.45
7773.31
7906.6
7742.53
7575.15
7532.9
7170.7
7106.01
7197.5
6861.31
6734.99
7046.57
7152.88
7213.44
7380.32
7404.61
7641.77
8043.71
8098.16
8516.02
8738.72
8724.13
8001.57
7830.35
7918.53
7840.31
7866.52
7877.19
7993.09
7816.44
8035.2
7927.49
7832.22
7739.86
7736.07
7677.73
7630.71
7500.79
7573.26
7630.26
7341.65
7268.06
7227.96
7245.13
7198.85
6763.38
6335.56
6642.27
5715.92
6446.31
5799.24
5944.87
5408.52
5783.15
5984.26
6693.83
6470.74
6712.21
6742.97
6864.87
6923.41
6979.81
7035.76
6627.43
6729.53
6890.94
6919.59
6588.28
6721.08
6586.01
6508.21
6430.58
6223.37
6015.3
6209.71
6061.8
5298.72
7041.27
6646.55
5860.99
7137.03
6749.28
7083.49
6872.97
6710.4
6398.77
6526.62
6623.01
7060.6
5989.27
6318.61
6369.28
6197.84
6181.06
6206.24
6245.18
6661.44
6814.76
7086.86
7276.63
7009.56
6839.59
5572.09
