1973.44
2388.33
1982.93
1895.25
1592.74
1406.59
1195.37
1058.14
1115.78
1447.05
1833.57
1865.11
1967.28
1879.87
1856.43
1529.65
1363.32
1425.16
1433.11
1396.1
1221.11
1038.07
1008.64
997.5
1125.16
1169.57
1518.55
1448.49
1439.05
1564.47
1653.95
1321.26
1487.34
1201.92
1321.26
1410.33
1333.71
1070.06
1080.37
1125.06
1386.25
1105.06
1098.29
1395.79
1235.3
1050.04
1288.11
1050.98
1253.61
1435.88
1570.2
1809.54
1606.04
1416.09
1386.31
1484.46
1669.13
1410.42
1024.55
1688.32
1562.65
1787.25
1964.31
1846.9
1500.1
1816.47
1470.53
1535.65
1593.6
1966.29
2086.18
2135.27
2088.95
2007.12
1992.46
1974.69
1945.82
2025.58
2092.0
2189.77
2305.64
2329.44
1941.41
2458.65
2825.89
3079.99
3271.99
3290.68
3245.26
3597.92
3547.35
3626.88
3682.73
4260.41
3784.23
3426.45
3315.26
2908.24
2722.95
2686.52
2310.15
2852.93
2721.78
2835.11
2542.69
2432.89
2194.84
2137.59
2141.77
2143.52
2415.25
2584.21
2612.89
2969.83
2829.02
2795.3
2883.21
3005.01
3186.77
2976.85
3078.91
3190.12
3097.92
3266.62
3229.6
3294.08
3369.14
3455.24
3617.29
3865.83
4215.21
4341.74
4326.76
4002.88
4286.46
4397.08
4111.99
4715.64
4366.59
3774.81
3830.49
3593.41
4129.54
4290.59
4351.63
4550.53
5062.44
4938.61
5110.86
5219.08
5308.52
5300.24
5298.72
5228.84
5408.52
5572.09
5783.15
6318.61
5984.26
6470.74
6495.15
6839.59
6721.08
6398.77
5989.27
6304.53
6206.24
6245.18
6223.37
6209.71
6335.56
6554.04
6710.4
6627.43
6693.83
6593.8
6742.89
6785.94
6923.41
7152.88
7489.2
8035.2
7906.6
8043.71
7458.99
7046.57
7041.27
6947.06
7106.01
7404.61
7773.92
8001.57
8098.16
7830.35
7670.37
7927.49
7739.86
7993.09
8059.65
8084.88
7866.52
7918.53
7840.31
7816.44
7630.71
7736.07
7245.13
7380.32
7532.9
7170.7
7838.22
8144.02
8516.02
8465.77
8144.16
7877.19
7742.53
8039.45
8738.72
8724.13
8256.28
7341.65
7222.08
7773.31
8069.81
7641.77
7331.73
7630.26
7703.1
7832.22
7575.15
7677.73
7573.26
7276.63
7198.85
7213.44
7137.03
7312.85
7060.6
7009.56
6826.61
6430.58
6661.44
6015.3
5930.17
5715.92
5672.7
5457.82
5799.24
5944.87
6446.31
6729.53
6646.55
6588.28
6861.31
6814.76
6894.23
6864.87
7227.45
7136.1
7268.06
7500.79
7197.5
7093.42
6964.01
7035.76
6919.59
6742.97
6833.42
7083.49
6979.81
7252.4
6872.97
6672.69
6543.39
6642.27
6526.62
6763.38
6701.36
6749.28
7086.86
7227.96
6890.94
6923.6
6712.21
6529.99
6165.35
6508.21
6623.01
6312.03
6369.28
5860.99
6061.8
6197.84
6407.52
6607.13
6734.99
6586.01
6514.72
6181.06
