1856.43
2969.83
2305.64
1964.31
1945.82
1606.04
1448.49
1816.47
1564.47
1518.55
1653.95
1535.65
1529.65
1669.13
1470.53
1435.88
1439.05
1288.11
1406.59
1221.11
1235.3
1201.92
1058.14
1050.98
997.5
1008.64
1050.04
1038.07
1024.55
1105.06
1080.37
1125.16
1169.57
1195.37
1395.79
1500.1
1447.05
1396.1
1593.6
1115.78
1410.33
1070.06
1333.71
1098.29
1321.26
1386.31
1125.06
1253.61
1487.34
1941.41
2189.77
2542.69
2883.21
1809.54
1846.9
1592.74
1570.2
1386.25
1321.26
1410.42
1363.32
1425.16
1484.46
1688.32
1833.57
2007.12
1992.46
2141.77
2329.44
2025.58
1966.29
2092.0
2584.21
2721.78
1982.93
1895.25
1879.87
2612.89
2086.18
2722.95
2137.59
2415.25
1865.11
2135.27
2852.93
2143.52
2686.52
2432.89
2795.3
2825.89
2194.84
2388.33
2829.02
1973.44
1974.69
2088.95
2458.65
2908.24
3005.01
3097.92
3078.91
3186.77
2310.15
1967.28
1562.65
1433.11
1416.09
1787.25
2835.11
3190.12
3597.92
3626.88
3266.62
3369.14
3079.99
2976.85
3229.6
3245.26
3290.68
3315.26
3547.35
3294.08
3271.99
3426.45
3455.24
3593.41
3617.29
3784.23
4215.21
4290.59
4351.63
4341.74
4326.76
4002.88
4129.54
4286.46
3865.83
3830.49
3682.73
3774.81
4111.99
4260.41
4366.59
4397.08
4715.64
5062.44
4550.53
4938.61
5228.84
5308.52
5408.52
5298.72
5110.86
5219.08
5300.24
5457.82
5572.09
6318.61
6623.01
6543.39
6742.97
6672.69
6508.21
6749.28
6721.08
6890.94
6919.59
6627.43
6586.01
6470.74
6588.28
6872.97
7009.56
7086.86
7276.63
7213.44
7341.65
7742.53
8035.2
7927.49
7458.99
7677.73
7630.71
7736.07
7227.96
7380.32
7906.6
8039.45
7866.52
7993.09
8043.71
8059.65
7170.7
7222.08
7093.42
7268.06
7489.2
8516.02
8256.28
8465.77
8069.81
7840.31
7136.1
6861.31
6964.01
7060.6
7035.76
7331.73
7227.45
7312.85
7404.61
7816.44
7773.31
7630.26
7703.1
7575.15
8724.13
8098.16
8084.88
8144.16
7918.53
7198.85
7083.49
7532.9
7773.92
7641.77
7670.37
8144.02
7573.26
8738.72
7832.22
7838.22
8001.57
7830.35
7877.19
7739.86
7252.4
6923.6
7197.5
7245.13
7500.79
7137.03
6923.41
6407.52
6304.53
6209.71
5930.17
5715.92
6061.8
5672.7
5984.26
5989.27
6369.28
6245.18
6607.13
6430.58
6514.72
7106.01
6529.99
6839.59
6742.89
6864.87
6785.94
6729.53
6814.76
6712.21
6554.04
6763.38
6826.61
6661.44
6947.06
7041.27
7152.88
6526.62
5860.99
6223.37
6206.24
6642.27
6181.06
5944.87
6312.03
6165.35
5783.15
6197.84
5799.24
6398.77
6593.8
6646.55
6446.31
6335.56
6833.42
7046.57
6979.81
6894.23
6710.4
6701.36
6495.15
6734.99
6693.83
6015.3
