1253.61
1846.9
1535.65
1879.87
1500.1
1447.05
1484.46
1406.59
1448.49
1787.25
2025.58
2388.33
2852.93
2883.21
2835.11
2795.3
2088.95
2829.02
2141.77
1809.54
1669.13
1433.11
1425.16
1410.33
1221.11
1288.11
1321.26
1024.55
1125.06
1115.78
1098.29
997.5
1050.98
1008.64
1038.07
1070.06
1058.14
1105.06
1050.04
1235.3
1333.71
1080.37
1125.16
1169.57
1363.32
1195.37
1410.42
1201.92
1321.26
1386.31
1529.65
1593.6
1966.29
1470.53
1974.69
1833.57
1816.47
1487.34
1416.09
1396.1
1435.88
1592.74
1562.65
1653.95
1570.2
1964.31
1688.32
1895.25
1967.28
1973.44
1606.04
1941.41
1856.43
2310.15
2137.59
2092.0
2721.78
2135.27
2007.12
1982.93
2143.52
2329.44
2194.84
2415.25
3079.99
3294.08
2722.95
3245.26
2976.85
3097.92
3369.14
3315.26
3426.45
3597.92
3593.41
3774.81
3682.73
3266.62
3229.6
2189.77
1992.46
2086.18
2542.69
2908.24
2969.83
2584.21
1564.47
1386.25
1395.79
1439.05
1518.55
1865.11
1945.82
2305.64
2458.65
2686.52
2432.89
2612.89
2825.89
3078.91
3005.01
3455.24
3617.29
3784.23
3626.88
3190.12
3547.35
3271.99
3186.77
3290.68
3830.49
4111.99
4286.46
4341.74
4351.63
4290.59
3865.83
4129.54
4326.76
4215.21
4002.88
4260.41
4366.59
4397.08
4550.53
4715.64
4938.61
5062.44
5408.52
5300.24
6181.06
5984.26
5783.15
5572.09
6209.71
6554.04
6607.13
6543.39
6508.21
6712.21
7035.76
7136.1
6947.06
7060.6
6894.23
7041.27
6890.94
6672.69
6335.56
6223.37
6586.01
6588.28
6826.61
6872.97
7009.56
6964.01
7276.63
7312.85
7641.77
7773.31
7341.65
7630.26
7742.53
7532.9
7630.71
7677.73
6923.6
7106.01
6919.59
7197.5
7252.4
7331.73
7489.2
7670.37
7380.32
7830.35
7866.52
7877.19
7816.44
7906.6
7739.86
7773.92
7404.61
7213.44
7222.08
7170.7
7227.96
7245.13
7137.03
6979.81
6923.41
7093.42
7227.45
7573.26
7838.22
7500.79
7832.22
8001.57
8043.71
7918.53
8069.81
8256.28
8059.65
8738.72
8724.13
8039.45
7993.09
8035.2
8144.16
8516.02
8465.77
8144.02
8098.16
7927.49
7840.31
8084.88
7736.07
7575.15
7703.1
7458.99
7268.06
7198.85
7152.88
6495.15
6304.53
6245.18
5799.24
5228.84
5219.08
5110.86
5308.52
5944.87
6529.99
6197.84
6661.44
6593.8
6312.03
6646.55
6763.38
6642.27
6833.42
6839.59
6721.08
6734.99
6627.43
6785.94
6742.97
6446.31
5930.17
6710.4
6318.61
7083.49
7086.86
6749.28
6861.31
6701.36
6470.74
6061.8
5860.99
5989.27
6514.72
6729.53
6864.87
7046.57
6742.89
6693.83
6526.62
6407.52
6369.28
6430.58
6165.35
6206.24
5672.7
5457.82
5715.92
6015.3
6398.77
6814.76
6623.01
5298.72
