2088.95
3294.08
2883.21
2542.69
1879.87
1856.43
1500.1
1386.31
1396.1
1221.11
1024.55
1125.16
1321.26
1570.2
1964.31
2025.58
2007.12
1846.9
1535.65
1425.16
1395.79
1115.78
1050.98
1058.14
1070.06
1201.92
1125.06
1386.25
1235.3
1435.88
1448.49
1470.53
1410.42
1169.57
1321.26
1333.71
1288.11
1195.37
1253.61
1105.06
1080.37
997.5
1038.07
1008.64
1050.04
1098.29
1406.59
1416.09
1529.65
1833.57
1669.13
1688.32
1653.95
1518.55
1487.34
1447.05
1433.11
1363.32
1484.46
1439.05
1562.65
1564.47
1593.6
1410.33
1592.74
1787.25
1816.47
1809.54
1982.93
1941.41
1606.04
2092.0
2141.77
2143.52
1967.28
1865.11
1974.69
2415.25
2722.95
2686.52
2329.44
1966.29
1992.46
2969.83
3315.26
3229.6
3190.12
3369.14
3426.45
3682.73
3784.23
3830.49
4111.99
4129.54
4002.88
3865.83
3774.81
3547.35
3271.99
3245.26
2795.3
2432.89
2137.59
2305.64
2458.65
2721.78
1973.44
1895.25
1945.82
2086.18
2310.15
2388.33
2189.77
2135.27
2194.84
2584.21
2612.89
2976.85
3078.91
3005.01
3079.99
2825.89
2829.02
2852.93
2908.24
3186.77
2835.11
3097.92
3266.62
3290.68
3455.24
3626.88
3597.92
3593.41
3617.29
4286.46
4351.63
4260.41
4341.74
4215.21
4290.59
4326.76
4366.59
4397.08
4715.64
4550.53
5110.86
5062.44
5308.52
6181.06
5783.15
6206.24
6335.56
6061.8
6526.62
6833.42
6919.59
7041.27
6872.97
6729.53
6701.36
6508.21
6312.03
6543.39
5228.84
5799.24
5457.82
5298.72
5715.92
5860.99
5944.87
5300.24
5219.08
5408.52
5572.09
5984.26
6223.37
6742.89
7035.76
6964.01
7106.01
7380.32
7703.1
7906.6
7677.73
7630.26
7252.4
7489.2
7009.56
7341.65
7227.45
7458.99
7276.63
7312.85
7575.15
7739.86
7993.09
8043.71
8144.02
8738.72
8724.13
8256.28
7918.53
7137.03
6947.06
7170.7
7222.08
7773.31
8035.2
8084.88
8098.16
8039.45
7830.35
7927.49
8059.65
8144.16
8516.02
8465.77
8069.81
8001.57
7877.19
7573.26
7630.71
7866.52
7816.44
7641.77
7742.53
7840.31
7532.9
7500.79
7197.5
7227.96
6890.94
7670.37
7083.49
7736.07
7773.92
7838.22
7832.22
7268.06
7404.61
6785.94
6734.99
5672.7
6209.71
6627.43
6763.38
6742.97
6749.28
6661.44
6814.76
7060.6
7046.57
6979.81
7136.1
6923.6
7093.42
7086.86
7198.85
6894.23
7213.44
7331.73
6826.61
6861.31
6588.28
6607.13
6529.99
6839.59
7245.13
7152.88
6554.04
6710.4
6923.41
6407.52
6864.87
6586.01
6514.72
6398.77
5930.17
6495.15
6197.84
6369.28
6642.27
6646.55
6721.08
6470.74
5989.27
6623.01
6165.35
6015.3
6593.8
6672.69
6693.83
6712.21
6304.53
6430.58
6318.61
6245.18
6446.31
4938.61
