1833.57
1945.82
2305.64
2908.24
2135.27
1433.11
1529.65
1288.11
1050.04
1115.78
1221.11
1386.25
1500.1
1982.93
1895.25
2086.18
1967.28
1964.31
1846.9
1787.25
1564.47
1406.59
1321.26
1125.06
1080.37
1235.3
1050.98
1008.64
1024.55
1125.16
1518.55
1570.2
1395.79
1169.57
1425.16
1447.05
1562.65
1439.05
1470.53
1435.88
1410.42
1195.37
1070.06
1098.29
1105.06
1038.07
1253.61
1333.71
1201.92
1487.34
1448.49
1321.26
1396.1
1593.6
1386.31
1653.95
1688.32
1416.09
1535.65
1606.04
2542.69
2829.02
2092.0
1973.44
2025.58
2310.15
2194.84
1941.41
1865.11
1669.13
1484.46
2088.95
1992.46
2189.77
2388.33
2143.52
2141.77
2686.52
1974.69
1816.47
1879.87
1809.54
1966.29
2458.65
2883.21
2976.85
2835.11
3078.91
3186.77
3271.99
3547.35
3593.41
3266.62
3369.14
3290.68
3315.26
3229.6
2969.83
2721.78
2432.89
2329.44
2415.25
2722.95
2795.3
2584.21
2612.89
1856.43
1410.33
1058.14
997.5
1592.74
1363.32
2007.12
2825.89
2137.59
3079.99
2852.93
3005.01
3190.12
3245.26
3097.92
3294.08
3455.24
3626.88
3597.92
3426.45
3617.29
3682.73
3784.23
3774.81
3830.49
3865.83
4111.99
4002.88
4129.54
4215.21
4260.41
4341.74
4326.76
4286.46
4351.63
4290.59
4366.59
4397.08
4715.64
4550.53
5062.44
4938.61
5110.86
5298.72
5219.08
5228.84
5308.52
5300.24
5408.52
5457.82
5930.17
6209.71
6554.04
6701.36
6890.94
6872.97
7197.5
7575.15
6861.31
7198.85
7213.44
6734.99
6979.81
7093.42
7083.49
7641.77
7245.13
7341.65
7268.06
7380.32
7677.73
7739.86
7830.35
7670.37
7532.9
7331.73
7500.79
7276.63
7170.7
7035.76
6864.87
6947.06
6543.39
6661.44
6785.94
6729.53
6721.08
6826.61
6646.55
6749.28
6672.69
7773.31
7816.44
7838.22
7773.92
7630.71
7489.2
7227.45
7152.88
7630.26
7222.08
7573.26
7458.99
6923.41
6495.15
6335.56
6894.23
7312.85
7404.61
7736.07
7927.49
8084.88
8144.02
8069.81
8039.45
7832.22
7877.19
8098.16
8738.72
8516.02
8256.28
8035.2
8724.13
8465.77
7742.53
8059.65
7918.53
8001.57
8043.71
8144.16
7866.52
7993.09
7906.6
7840.31
7703.1
7106.01
6712.21
6586.01
6446.31
5989.27
6369.28
5715.92
6165.35
6015.3
6642.27
7009.56
6919.59
7060.6
7227.96
6763.38
7252.4
6742.97
7136.1
6964.01
7041.27
7086.86
7137.03
6923.6
6839.59
7046.57
6833.42
6304.53
6318.61
6312.03
5672.7
5984.26
6197.84
6061.8
6206.24
6588.28
6223.37
6514.72
6398.77
6526.62
6529.99
6623.01
6627.43
6814.76
6742.89
6693.83
6508.21
6407.52
6245.18
5860.99
6470.74
5944.87
6181.06
5799.24
5572.09
6710.4
6593.8
6607.13
6430.58
5783.15
