2825.89
2908.24
2458.65
1945.82
1253.61
1395.79
1529.65
1964.31
1856.43
1865.11
1070.06
1050.98
1125.16
1439.05
1593.6
1606.04
1816.47
1973.44
1846.9
1435.88
1487.34
1448.49
1221.11
1058.14
1024.55
997.5
1008.64
1433.11
1982.93
1895.25
1169.57
1038.07
1115.78
1333.71
1098.29
2189.77
1396.1
1484.46
1201.92
1386.31
1386.25
1105.06
1235.3
1080.37
1050.04
1125.06
1195.37
1406.59
1500.1
1669.13
1879.87
2135.27
2088.95
2143.52
2310.15
2795.3
2542.69
2137.59
1809.54
1425.16
1410.33
1562.65
1410.42
1321.26
1363.32
1321.26
1416.09
1470.53
1535.65
1833.57
1974.69
2025.58
2194.84
2305.64
2329.44
2092.0
2007.12
1941.41
1518.55
1564.47
1447.05
1592.74
1688.32
2086.18
2415.25
2883.21
3190.12
2976.85
3682.73
3245.26
3593.41
3426.45
3369.14
3290.68
3315.26
3097.92
3266.62
3186.77
3271.99
3229.6
2835.11
2686.52
2612.89
2829.02
2432.89
2141.77
1966.29
1653.95
1992.46
1967.28
1570.2
1288.11
1787.25
2852.93
3597.92
3617.29
3294.08
3078.91
3005.01
2388.33
2584.21
2721.78
2722.95
3079.99
2969.83
3455.24
3547.35
3784.23
3865.83
4341.74
4397.08
4550.53
4286.46
3830.49
3626.88
4129.54
4351.63
4290.59
4215.21
4326.76
3774.81
4111.99
4002.88
4260.41
4366.59
4715.64
4938.61
5062.44
5110.86
5219.08
5228.84
5298.72
5300.24
5408.52
6369.28
6742.97
6304.53
6710.4
6623.01
6529.99
6627.43
6430.58
6245.18
6526.62
6165.35
6833.42
7083.49
6964.01
6872.97
6839.59
6749.28
6712.21
6814.76
6864.87
6642.27
6508.21
7046.57
6672.69
7106.01
7198.85
7268.06
7630.26
8039.45
8059.65
7927.49
8256.28
7918.53
7739.86
7906.6
7575.15
7458.99
7137.03
7213.44
7276.63
7773.31
7866.52
7993.09
8043.71
7252.4
8001.57
8465.77
7838.22
8144.02
8035.2
7816.44
7773.92
8724.13
8069.81
8516.02
7742.53
7832.22
7840.31
7830.35
7877.19
8084.88
8144.16
8738.72
8098.16
7670.37
7703.1
7641.77
7532.9
7227.45
7404.61
7170.7
6947.06
6923.41
7035.76
6979.81
7736.07
7500.79
7222.08
7086.86
7630.71
7060.6
7677.73
7227.96
7245.13
7312.85
7331.73
7152.88
7093.42
6763.38
6209.71
5672.7
5860.99
5799.24
6206.24
5930.17
6495.15
6734.99
7009.56
6919.59
6586.01
6693.83
6407.52
6446.31
6646.55
6514.72
6061.8
6729.53
7041.27
7136.1
7573.26
7489.2
7380.32
7341.65
7197.5
6923.6
6826.61
6742.89
6588.28
6312.03
5457.82
5944.87
6470.74
6785.94
6701.36
6593.8
6554.04
6607.13
5989.27
6398.77
5715.92
6015.3
6318.61
5308.52
6181.06
6223.37
5984.26
6890.94
6894.23
6721.08
6197.84
6661.44
6335.56
6543.39
5783.15
6861.31
5572.09
