1816.47
1856.43
1966.29
1592.74
1410.42
1386.31
1484.46
1865.11
1982.93
1945.82
1964.31
1593.6
1433.11
1416.09
1439.05
1333.71
1406.59
1321.26
1201.92
1195.37
1169.57
1115.78
1125.06
1008.64
1253.61
1395.79
1833.57
1500.1
1653.95
1787.25
1669.13
1606.04
1570.2
1447.05
1410.33
1425.16
1435.88
1321.26
1396.1
1221.11
1288.11
1386.25
1105.06
1070.06
1058.14
1098.29
1024.55
1038.07
1050.98
997.5
1050.04
1080.37
1125.16
1235.3
1363.32
1562.65
1487.34
1448.49
1529.65
1535.65
1564.47
1518.55
1688.32
1879.87
1846.9
1973.44
1895.25
2007.12
1992.46
2189.77
1941.41
2141.77
2612.89
2976.85
2883.21
3079.99
2829.02
2795.3
2432.89
2388.33
2143.52
2415.25
2722.95
3245.26
3294.08
2310.15
2721.78
2852.93
3271.99
3784.23
3626.88
3315.26
3190.12
3229.6
3426.45
3597.92
3455.24
3290.68
3266.62
2825.89
2458.65
2092.0
2137.59
2329.44
2686.52
2969.83
3078.91
1974.69
1809.54
1470.53
2086.18
2305.64
2025.58
2088.95
2135.27
1967.28
2584.21
2542.69
2194.84
3547.35
3369.14
3097.92
3186.77
2835.11
2908.24
3005.01
3593.41
3617.29
3682.73
3774.81
4002.88
3830.49
4111.99
4215.21
4290.59
4550.53
4366.59
4326.76
4341.74
3865.83
4286.46
4129.54
4260.41
4351.63
4397.08
4715.64
5219.08
5308.52
5228.84
4938.61
5298.72
5110.86
5062.44
5300.24
5408.52
5572.09
5799.24
6646.55
6470.74
6554.04
6529.99
6623.01
6642.27
6833.42
6826.61
6701.36
6514.72
6508.21
6061.8
6586.01
6627.43
6763.38
6872.97
6979.81
6923.6
6785.94
6742.89
6919.59
7136.1
7213.44
7222.08
7137.03
7041.27
7009.56
6734.99
6749.28
6947.06
6894.23
7086.86
7083.49
6923.41
7197.5
7380.32
7630.26
7742.53
8144.16
7877.19
8738.72
8059.65
7993.09
8043.71
7830.35
7739.86
7500.79
7489.2
7458.99
7198.85
7245.13
7677.73
7641.77
8084.88
8465.77
8724.13
8069.81
8256.28
8001.57
8516.02
8144.02
7906.6
7918.53
7840.31
7575.15
7703.1
7268.06
7532.9
7736.07
7773.92
8035.2
8039.45
8098.16
7832.22
7927.49
7816.44
7773.31
7404.61
7838.22
7866.52
7252.4
7630.71
7670.37
7341.65
7060.6
6861.31
6543.39
6407.52
6245.18
6197.84
5783.15
5457.82
5672.7
5860.99
6588.28
6495.15
6369.28
6312.03
5989.27
6318.61
6890.94
7035.76
6672.69
6721.08
6964.01
7227.96
7276.63
7106.01
7331.73
7227.45
7312.85
7152.88
7573.26
7170.7
7093.42
7046.57
6864.87
6593.8
6839.59
6742.97
6814.76
6710.4
6607.13
6223.37
6181.06
5715.92
6335.56
6206.24
6015.3
5984.26
5944.87
6304.53
6209.71
6398.77
6430.58
6526.62
6446.31
6661.44
6712.21
6693.83
6729.53
6165.35
5930.17
