2612.89
2795.3
1535.65
1833.57
1982.93
1669.13
1425.16
1321.26
1050.04
1406.59
1564.47
1967.28
1974.69
1484.46
1688.32
1945.82
1964.31
1787.25
1447.05
1653.95
1592.74
1321.26
1115.78
1070.06
1105.06
1435.88
1593.6
1439.05
1235.3
1038.07
1080.37
1125.16
1201.92
1058.14
1169.57
1195.37
1050.98
997.5
1008.64
1024.55
1253.61
1410.33
1416.09
1098.29
1125.06
1386.31
1856.43
1846.9
1448.49
1470.53
1410.42
1395.79
1386.25
1288.11
1333.71
1433.11
1816.47
1606.04
1895.25
1809.54
1562.65
1500.1
2092.0
1879.87
2141.77
1973.44
1966.29
1529.65
1396.1
1363.32
1221.11
1570.2
2135.27
3078.91
2686.52
3186.77
3245.26
3294.08
3426.45
3005.01
2310.15
2305.64
1992.46
2086.18
2137.59
2835.11
2852.93
3079.99
3190.12
2883.21
2584.21
2829.02
3097.92
2976.85
3315.26
3229.6
3369.14
3271.99
2969.83
2825.89
2329.44
2432.89
2542.69
2722.95
2721.78
2458.65
2415.25
2189.77
2388.33
2143.52
2088.95
2025.58
1518.55
1487.34
1865.11
1941.41
2007.12
2194.84
2908.24
3266.62
3547.35
3597.92
3455.24
3290.68
3593.41
3626.88
3830.49
3682.73
4260.41
5228.84
4215.21
4002.88
5298.72
3617.29
3784.23
3774.81
4111.99
3865.83
4341.74
4129.54
4286.46
4290.59
4550.53
4366.59
5062.44
4351.63
4397.08
4715.64
5110.86
4326.76
4938.61
5300.24
5219.08
5308.52
5572.09
5408.52
5783.15
5715.92
6245.18
6543.39
6839.59
6872.97
7136.1
7198.85
6672.69
6712.21
6833.42
6508.21
6586.01
6430.58
6749.28
6923.41
7083.49
7380.32
7458.99
7832.22
7838.22
7927.49
7677.73
7489.2
6964.01
6763.38
6864.87
6890.94
6646.55
7046.57
6593.8
7213.44
7137.03
7035.76
6861.31
6721.08
6742.97
7152.88
7276.63
7573.26
7739.86
7736.07
8059.65
8098.16
8035.2
7703.1
7312.85
6923.6
7086.86
6979.81
6919.59
7252.4
7404.61
7227.45
7670.37
7630.71
7866.52
8001.57
7840.31
7575.15
7773.31
8144.16
8039.45
8043.71
8516.02
8256.28
7993.09
8465.77
8069.81
7877.19
8738.72
7906.6
7816.44
7500.79
7060.6
6947.06
7268.06
7773.92
8144.02
8724.13
7918.53
7331.73
7532.9
7641.77
8084.88
7630.26
6514.72
5989.27
6335.56
6304.53
5944.87
5672.7
5860.99
6165.35
6369.28
6398.77
6407.52
6661.44
6526.62
6495.15
6623.01
6710.4
7009.56
6814.76
6894.23
6742.89
6785.94
6729.53
7106.01
7222.08
7227.96
7742.53
7830.35
7197.5
7170.7
6826.61
6734.99
6529.99
6607.13
6446.31
6554.04
7041.27
7245.13
7341.65
7093.42
6701.36
6318.61
6197.84
5799.24
6061.8
5930.17
6206.24
6588.28
6312.03
6693.83
6642.27
6627.43
6209.71
6181.06
6470.74
6223.37
6015.3
5984.26
5457.82
