2092.0
2458.65
3079.99
2329.44
1484.46
1425.16
1288.11
1098.29
1253.61
1406.59
1688.32
1500.1
1669.13
1941.41
1447.05
1487.34
1410.42
1435.88
1448.49
1396.1
1470.53
1386.25
1363.32
1333.71
1395.79
1321.26
1221.11
1050.04
1050.98
1169.57
1115.78
1070.06
1125.16
1008.64
1125.06
997.5
1058.14
1024.55
1038.07
1105.06
1195.37
1080.37
1201.92
1321.26
1439.05
1564.47
1518.55
1529.65
1410.33
1535.65
1416.09
1235.3
1386.31
1433.11
1593.6
1787.25
2415.25
1570.2
1879.87
1592.74
1833.57
1895.25
1816.47
1653.95
1562.65
1809.54
1846.9
1865.11
1945.82
2143.52
2007.12
2835.11
2852.93
3097.92
3078.91
3426.45
2829.02
3547.35
2883.21
2825.89
2584.21
2721.78
2194.84
2686.52
2310.15
2388.33
2432.89
2908.24
3186.77
3593.41
3626.88
3245.26
3294.08
3290.68
3229.6
3266.62
3271.99
3005.01
2795.3
2542.69
2141.77
2137.59
1973.44
1982.93
1966.29
2135.27
1967.28
2088.95
1974.69
2086.18
1992.46
1964.31
1606.04
1856.43
2025.58
2189.77
2305.64
2612.89
2722.95
3190.12
2969.83
2976.85
3315.26
3455.24
3597.92
3369.14
3774.81
3617.29
3830.49
3784.23
4111.99
4002.88
3865.83
3682.73
4129.54
4260.41
4215.21
4290.59
4326.76
4286.46
4341.74
4351.63
4366.59
5062.44
4397.08
4550.53
4715.64
5110.86
4938.61
5308.52
5572.09
5219.08
5298.72
5228.84
5672.7
5944.87
6165.35
6335.56
6554.04
6543.39
6642.27
6693.83
6627.43
6593.8
6470.74
6661.44
6710.4
6729.53
6646.55
6839.59
6742.97
6826.61
6742.89
6712.21
6763.38
6923.41
7035.76
7630.26
6979.81
7170.7
7227.96
7489.2
7830.35
7832.22
7331.73
7380.32
7773.92
7773.31
7276.63
7677.73
7227.45
7500.79
7136.1
7093.42
7086.86
7152.88
7532.9
7877.19
7816.44
7630.71
7213.44
7106.01
7041.27
6890.94
6833.42
6785.94
6923.6
7197.5
7404.61
7222.08
7252.4
7641.77
7739.86
7670.37
7918.53
7840.31
8738.72
8516.02
8724.13
8043.71
8039.45
8001.57
8144.02
8256.28
8059.65
7927.49
7198.85
7742.53
8144.16
7993.09
8084.88
7573.26
7703.1
8465.77
8069.81
8098.16
8035.2
7575.15
7736.07
7137.03
7046.57
6814.76
6749.28
6526.62
6430.58
6206.24
6318.61
6446.31
5860.99
6245.18
5930.17
5989.27
6508.21
6514.72
6947.06
7341.65
7906.6
7866.52
7838.22
7268.06
7083.49
7009.56
6864.87
6919.59
6964.01
7312.85
7458.99
7245.13
7060.6
6872.97
6197.84
5457.82
5408.52
6181.06
6734.99
6861.31
6607.13
6369.28
6586.01
6672.69
6701.36
6894.23
6529.99
6495.15
5783.15
5300.24
5799.24
5715.92
6304.53
6407.52
6623.01
6721.08
6588.28
6398.77
6223.37
6015.3
6312.03
6209.71
6061.8
5984.26
