2143.52
2908.24
2415.25
2141.77
1500.1
1484.46
1386.31
1195.37
1435.88
1487.34
1518.55
1447.05
1433.11
1439.05
1448.49
1416.09
1363.32
1396.1
1395.79
1410.33
1321.26
1235.3
1070.06
1008.64
1024.55
1105.06
997.5
1253.61
1221.11
1425.16
1406.59
1333.71
1125.16
1098.29
1050.04
1125.06
1080.37
1050.98
1169.57
1115.78
1386.25
1058.14
1288.11
1038.07
1201.92
1321.26
1410.42
1470.53
1570.2
1945.82
1816.47
1592.74
1982.93
1846.9
2086.18
2305.64
2310.15
1992.46
1856.43
1564.47
1974.69
1593.6
1833.57
2194.84
1879.87
1964.31
1865.11
1787.25
1606.04
1529.65
1535.65
2025.58
1973.44
1562.65
1967.28
2135.27
2722.95
2795.3
2976.85
3190.12
3271.99
2883.21
2686.52
2825.89
3097.92
3266.62
3290.68
3426.45
3617.29
3315.26
3626.88
3547.35
2969.83
3005.01
3186.77
3078.91
2852.93
2137.59
2007.12
1669.13
1653.95
1688.32
1941.41
2189.77
2458.65
2835.11
2612.89
2542.69
2092.0
1809.54
2329.44
2432.89
2721.78
2584.21
2829.02
3229.6
3245.26
3294.08
3597.92
3830.49
3774.81
3079.99
2088.95
1966.29
1895.25
2388.33
3682.73
4111.99
4290.59
4129.54
3865.83
3369.14
3593.41
3455.24
3784.23
4002.88
4215.21
4260.41
4326.76
4351.63
4341.74
4286.46
4397.08
4366.59
4550.53
4715.64
4938.61
5062.44
5110.86
5219.08
5228.84
5300.24
5408.52
5308.52
6318.61
6607.13
6312.03
6964.01
6947.06
6407.52
6785.94
6206.24
6470.74
6588.28
6514.72
6646.55
6642.27
5457.82
5860.99
5930.17
6627.43
6763.38
7083.49
6861.31
6369.28
6015.3
7035.76
7276.63
7222.08
7106.01
7170.7
7227.45
7866.52
7877.19
7573.26
8084.88
7816.44
8059.65
7331.73
7245.13
7630.71
7677.73
7918.53
7993.09
7906.6
8035.2
8039.45
7575.15
7380.32
7532.9
7198.85
7060.6
7009.56
6814.76
6894.23
6839.59
6890.94
6919.59
7152.88
7227.96
7404.61
8043.71
8069.81
8144.16
8256.28
8465.77
8516.02
8738.72
8724.13
8144.02
8098.16
8001.57
7341.65
7927.49
7739.86
7268.06
6979.81
7742.53
7630.26
7830.35
7736.07
7641.77
7500.79
7703.1
7838.22
7832.22
7773.31
7252.4
7670.37
7840.31
7773.92
7458.99
7489.2
7136.1
7197.5
7137.03
7093.42
6872.97
7046.57
6749.28
7041.27
7312.85
7213.44
7086.86
6923.6
6923.41
6742.97
6729.53
6693.83
6165.35
5989.27
6430.58
6672.69
5984.26
6742.89
6710.4
6833.42
6826.61
6712.21
6734.99
6586.01
5715.92
6864.87
5298.72
6181.06
6304.53
6197.84
6529.99
6543.39
6223.37
6593.8
6508.21
5799.24
6061.8
5783.15
5572.09
5944.87
6245.18
6623.01
6554.04
6495.15
6526.62
6335.56
6209.71
6446.31
6398.77
6721.08
6661.44
6701.36
5672.7
