1856.43
3078.91
3079.99
2686.52
1593.6
1570.2
1564.47
1439.05
1410.33
1416.09
1470.53
1592.74
2025.58
2825.89
2432.89
1833.57
1535.65
1333.71
1235.3
1080.37
1098.29
1050.98
1058.14
1125.16
1288.11
1321.26
1562.65
1447.05
1448.49
1487.34
1425.16
1406.59
1396.1
1321.26
1125.06
1115.78
1105.06
1195.37
1038.07
1070.06
1201.92
997.5
1008.64
1024.55
1050.04
1169.57
1253.61
1363.32
1787.25
2305.64
2835.11
2143.52
1895.25
1435.88
1386.25
1386.31
1395.79
1410.42
1879.87
3245.26
3190.12
1992.46
1964.31
2542.69
1967.28
1484.46
1221.11
1433.11
1500.1
1529.65
2088.95
3186.77
2852.93
2829.02
1816.47
1669.13
1809.54
1865.11
2007.12
2137.59
1688.32
1941.41
1518.55
1606.04
2310.15
2969.83
2883.21
3290.68
3266.62
3455.24
3682.73
3597.92
3626.88
3617.29
3547.35
3593.41
3369.14
3271.99
3097.92
2612.89
1974.69
2189.77
2141.77
2976.85
1973.44
3005.01
2329.44
2721.78
2584.21
2388.33
2415.25
2722.95
1945.82
1846.9
1982.93
2135.27
1653.95
2194.84
1966.29
2086.18
2092.0
2795.3
2908.24
2458.65
3294.08
3229.6
3315.26
3426.45
3774.81
3865.83
4260.41
4290.59
4129.54
3830.49
4002.88
4111.99
3784.23
4215.21
4351.63
4286.46
4341.74
4326.76
4397.08
4366.59
4550.53
4715.64
5298.72
4938.61
6335.56
6495.15
6593.8
6923.6
6712.21
6734.99
6693.83
6661.44
6814.76
6979.81
7137.03
7227.96
7227.45
7041.27
6742.97
6554.04
6749.28
6729.53
6721.08
6586.01
6407.52
6197.84
6446.31
6206.24
6318.61
6223.37
6312.03
6839.59
6642.27
6861.31
7170.7
7093.42
7213.44
7670.37
7331.73
7312.85
7245.13
7268.06
7458.99
7866.52
7630.71
7993.09
7927.49
7838.22
7500.79
7222.08
7106.01
7083.49
7198.85
7380.32
7341.65
7918.53
7736.07
7532.9
6894.23
6607.13
6526.62
6646.55
6742.89
7489.2
7742.53
7641.77
7136.1
7773.92
8035.2
6833.42
7252.4
6864.87
7630.26
7877.19
7816.44
7773.31
7575.15
7832.22
7197.5
8256.28
7677.73
7573.26
7830.35
8039.45
8059.65
8043.71
7840.31
8084.88
8001.57
8144.02
8069.81
8465.77
8098.16
8144.16
8724.13
8738.72
8516.02
7703.1
7009.56
6872.97
7060.6
6947.06
7035.76
6543.39
6763.38
5989.27
6470.74
6826.61
6623.01
6529.99
6508.21
6165.35
6369.28
6588.28
6701.36
6964.01
6785.94
6923.41
7046.57
6890.94
7086.86
7739.86
7906.6
7404.61
7276.63
7152.88
6919.59
6627.43
6398.77
5930.17
5300.24
5799.24
5062.44
5110.86
5228.84
5408.52
6015.3
6061.8
6209.71
6245.18
5860.99
5672.7
5457.82
5308.52
5572.09
5783.15
6181.06
6430.58
6304.53
5984.26
5715.92
5944.87
6710.4
6672.69
6514.72
5219.08
