1992.46
2612.89
1500.1
1570.2
1448.49
1221.11
1321.26
1386.31
1518.55
1447.05
1416.09
1253.61
1435.88
1098.29
1125.06
1125.16
1195.37
1410.33
1433.11
1363.32
1406.59
1115.78
1080.37
1169.57
1288.11
1484.46
1973.44
1425.16
1833.57
1653.95
1470.53
1396.1
1688.32
1669.13
1321.26
1592.74
1333.71
1105.06
1070.06
1050.04
1038.07
997.5
1024.55
1008.64
1058.14
1050.98
1201.92
1235.3
1410.42
1439.05
1487.34
1941.41
2135.27
2141.77
2310.15
2189.77
1816.47
1982.93
1529.65
2025.58
1945.82
1966.29
1846.9
1856.43
1562.65
2092.0
1809.54
1606.04
1564.47
1964.31
1787.25
2007.12
1974.69
2137.59
2835.11
2721.78
2976.85
3186.77
2542.69
2432.89
2305.64
2825.89
2415.25
3271.99
3097.92
3078.91
3229.6
3190.12
2829.02
2908.24
2458.65
2388.33
2194.84
3290.68
3547.35
2722.95
3369.14
2086.18
3426.45
2852.93
2795.3
2969.83
3079.99
3294.08
3245.26
3315.26
2883.21
2329.44
2143.52
1535.65
2088.95
1895.25
1865.11
1967.28
3266.62
3005.01
3593.41
3455.24
2584.21
1593.6
1395.79
1386.25
1879.87
2686.52
3597.92
3617.29
3626.88
3682.73
3774.81
3830.49
4111.99
4286.46
4290.59
4341.74
4351.63
4260.41
3865.83
3784.23
4215.21
4366.59
4397.08
4326.76
4002.88
4129.54
4550.53
4715.64
5062.44
4938.61
5228.84
5715.92
5308.52
5799.24
5300.24
5457.82
5408.52
6721.08
6785.94
7227.96
7227.45
7773.31
7573.26
6839.59
6742.89
6826.61
6642.27
6607.13
6495.15
6245.18
6165.35
5989.27
6312.03
6398.77
6623.01
7035.76
7086.86
7060.6
7106.01
7276.63
7213.44
7773.92
7630.26
7877.19
7830.35
7736.07
7832.22
7918.53
7404.61
7489.2
6919.59
6734.99
7009.56
7380.32
7742.53
7532.9
7268.06
7816.44
7670.37
7703.1
7341.65
7222.08
6872.97
6923.41
6890.94
6742.97
6729.53
6947.06
7046.57
7197.5
7245.13
6979.81
7170.7
6923.6
7312.85
7458.99
7906.6
7630.71
7840.31
7575.15
7500.79
7641.77
7739.86
7838.22
7866.52
7927.49
8043.71
8001.57
7993.09
8069.81
8039.45
8256.28
8516.02
8724.13
8738.72
8144.02
8098.16
8144.16
8084.88
8059.65
8465.77
8035.2
7677.73
7152.88
7041.27
6514.72
6061.8
6526.62
6430.58
5944.87
6304.53
6223.37
6627.43
6701.36
6814.76
6833.42
6964.01
7083.49
6318.61
7136.1
6693.83
6586.01
6763.38
6861.31
6710.4
6749.28
6864.87
7252.4
7331.73
7198.85
6712.21
6894.23
6543.39
7093.42
7137.03
6646.55
6508.21
6554.04
6335.56
6593.8
6588.28
6529.99
6407.52
6181.06
5984.26
5930.17
5783.15
5572.09
5110.86
5298.72
5672.7
6015.3
5860.99
6197.84
6206.24
6369.28
6470.74
6661.44
6672.69
6209.71
6446.31
5219.08
