2135.27
2432.89
1833.57
1973.44
1593.6
1410.42
1500.1
1809.54
1816.47
1606.04
1435.88
1363.32
1333.71
1386.25
1425.16
1448.49
1447.05
1470.53
1221.11
1535.65
1115.78
1195.37
1080.37
1253.61
1169.57
1098.29
1321.26
1058.14
1125.06
1416.09
1653.95
1487.34
1235.3
1050.04
1008.64
1024.55
1038.07
997.5
1201.92
1386.31
1288.11
1105.06
1050.98
1070.06
1125.16
1395.79
1396.1
1321.26
1406.59
1410.33
1439.05
1433.11
1484.46
1529.65
1688.32
1964.31
2143.52
1856.43
2086.18
1966.29
2835.11
2686.52
1895.25
1562.65
1518.55
1592.74
1570.2
1941.41
1564.47
1879.87
1846.9
1865.11
1992.46
2007.12
2092.0
2722.95
2415.25
3186.77
2612.89
2025.58
1945.82
1787.25
1669.13
1974.69
1982.93
2137.59
3079.99
2721.78
2976.85
3190.12
3005.01
2825.89
2329.44
2388.33
2310.15
2088.95
2194.84
2542.69
2584.21
2305.64
1967.28
2189.77
2141.77
2458.65
2795.3
2908.24
2883.21
2829.02
3078.91
2852.93
2969.83
3229.6
3097.92
3455.24
3294.08
3271.99
3290.68
3266.62
3245.26
3315.26
3369.14
3426.45
3547.35
3626.88
3774.81
3830.49
4111.99
3865.83
4286.46
3597.92
4366.59
3784.23
4002.88
3593.41
3617.29
4260.41
4326.76
4341.74
4129.54
4215.21
4715.64
4550.53
4938.61
5228.84
5110.86
5062.44
4397.08
4351.63
3682.73
4290.59
5219.08
5298.72
5308.52
5300.24
5408.52
5457.82
5930.17
6318.61
6588.28
6586.01
6607.13
6165.35
6245.18
6206.24
6304.53
6369.28
6710.4
6814.76
6627.43
6335.56
6543.39
6923.6
7093.42
7041.27
7106.01
7060.6
7009.56
7152.88
7137.03
7532.9
7458.99
7380.32
7500.79
8059.65
7046.57
7252.4
7816.44
7573.26
7630.71
8039.45
7906.6
8001.57
7832.22
7677.73
7993.09
7773.92
7575.15
7918.53
7838.22
7703.1
7404.61
7213.44
6947.06
6701.36
6646.55
6839.59
7086.86
7276.63
7641.77
7742.53
8069.81
7630.26
6979.81
7927.49
7083.49
7840.31
8144.16
8516.02
8738.72
8724.13
8465.77
8256.28
8144.02
8098.16
8084.88
8043.71
7736.07
7670.37
7877.19
7830.35
7489.2
7773.31
7866.52
7739.86
8035.2
7198.85
7312.85
7331.73
7222.08
7227.96
6964.01
6661.44
6470.74
5944.87
5715.92
5783.15
5860.99
5799.24
5572.09
5984.26
6181.06
6508.21
6642.27
6623.01
6763.38
6721.08
6742.89
6890.94
7170.7
6729.53
7035.76
7341.65
7227.45
7197.5
7268.06
7136.1
7245.13
6872.97
6833.42
6923.41
6749.28
6712.21
6864.87
6919.59
6861.31
6785.94
6734.99
6672.69
6398.77
6526.62
6514.72
6197.84
6209.71
6015.3
5989.27
6430.58
5672.7
6061.8
6446.31
6312.03
6495.15
6826.61
6894.23
6593.8
6407.52
6529.99
6554.04
6693.83
6742.97
6223.37
