2141.77
2137.59
2458.65
1895.25
1410.42
1435.88
1593.6
1564.47
1395.79
1410.33
1406.59
1363.32
1879.87
1974.69
2092.0
1964.31
1967.28
1484.46
1865.11
1535.65
1518.55
1447.05
1201.92
1125.06
1288.11
1425.16
1592.74
1833.57
1688.32
1500.1
1221.11
1058.14
1070.06
1024.55
1195.37
1386.25
1235.3
1008.64
997.5
1080.37
1253.61
1050.98
1105.06
1115.78
1098.29
1038.07
1433.11
1050.04
1416.09
1439.05
1846.9
1487.34
1809.54
1606.04
1945.82
2086.18
1941.41
1787.25
1570.2
1562.65
1669.13
1470.53
1396.1
1169.57
1386.31
1448.49
1653.95
1529.65
1333.71
1321.26
1321.26
1125.16
1816.47
2007.12
1856.43
1992.46
2310.15
3078.91
3266.62
3315.26
3294.08
3186.77
3190.12
2976.85
3229.6
3079.99
3369.14
3617.29
3784.23
4260.41
3682.73
4129.54
3830.49
3865.83
4341.74
3626.88
3597.92
3271.99
2829.02
2686.52
2194.84
1982.93
1973.44
2143.52
2388.33
2835.11
3005.01
2908.24
2852.93
2612.89
2825.89
2722.95
2432.89
2721.78
2189.77
2135.27
2025.58
1966.29
2329.44
2088.95
2305.64
2542.69
2415.25
2584.21
2969.83
2795.3
3245.26
2883.21
3290.68
3097.92
3455.24
3426.45
3547.35
3593.41
3774.81
4326.76
4111.99
4286.46
4215.21
4290.59
4397.08
4002.88
4366.59
4351.63
4550.53
4938.61
5783.15
5300.24
5110.86
4715.64
5062.44
5219.08
5799.24
5944.87
6312.03
6642.27
6729.53
7083.49
7213.44
6890.94
7086.86
7009.56
6734.99
6864.87
6839.59
6693.83
6701.36
6430.58
5228.84
5715.92
5408.52
5989.27
6623.01
6814.76
7046.57
6833.42
6872.97
6712.21
6710.4
7106.01
7035.76
7245.13
7198.85
7227.96
6742.97
7331.73
7312.85
7703.1
7773.92
7742.53
7773.31
7830.35
7832.22
7993.09
7918.53
7816.44
7877.19
7838.22
7866.52
7677.73
7573.26
7252.4
7227.45
7458.99
7736.07
7840.31
8035.2
8043.71
8465.77
8059.65
8084.88
8001.57
8144.16
8039.45
8144.02
8069.81
8724.13
8516.02
8738.72
8098.16
8256.28
7927.49
7906.6
7575.15
7380.32
7197.5
7276.63
7630.71
7489.2
7222.08
7341.65
7170.7
7268.06
7670.37
7136.1
7532.9
7404.61
7500.79
7630.26
7739.86
7641.77
7137.03
7152.88
6586.01
6861.31
6672.69
6826.61
6335.56
6593.8
6627.43
6529.99
6894.23
6919.59
6923.41
6979.81
7060.6
6646.55
7093.42
6923.6
6947.06
7041.27
6964.01
6785.94
6742.89
6661.44
6526.62
6470.74
6514.72
6588.28
6369.28
6543.39
6721.08
6495.15
6554.04
6245.18
6197.84
6165.35
5298.72
5572.09
5308.52
5457.82
5672.7
5930.17
6061.8
6181.06
6223.37
6015.3
6206.24
6318.61
5984.26
5860.99
6407.52
6304.53
6209.71
6398.77
6508.21
6607.13
6763.38
6749.28
6446.31
