1992.46
3315.26
2143.52
1833.57
1688.32
1433.11
1535.65
1447.05
1435.88
1487.34
1425.16
1395.79
1592.74
1321.26
1564.47
1406.59
1396.1
1253.61
1195.37
1235.3
1221.11
1410.42
1410.33
1363.32
1333.71
1416.09
1529.65
1518.55
1448.49
1321.26
1386.31
1288.11
1105.06
1050.98
997.5
1008.64
1024.55
1038.07
1058.14
1050.04
1070.06
1080.37
1098.29
1125.06
1125.16
1115.78
1201.92
1169.57
1386.25
1470.53
1484.46
1500.1
1570.2
1562.65
1593.6
1895.25
1846.9
1809.54
1856.43
1966.29
2092.0
2135.27
2141.77
2137.59
1941.41
2584.21
1967.28
1973.44
1879.87
2007.12
2025.58
2721.78
2612.89
3369.14
3290.68
2969.83
2908.24
3426.45
3455.24
2976.85
3097.92
3294.08
3079.99
2388.33
3271.99
2686.52
2825.89
2829.02
2795.3
3245.26
3078.91
3190.12
3229.6
3005.01
2194.84
2722.95
2432.89
1974.69
1669.13
1787.25
1945.82
2305.64
2329.44
2835.11
2415.25
2088.95
1964.31
1816.47
1606.04
1439.05
1653.95
1865.11
1982.93
2086.18
2310.15
2189.77
2542.69
2852.93
3593.41
3186.77
2458.65
3617.29
3547.35
3774.81
3626.88
3682.73
3830.49
4002.88
4366.59
4260.41
4397.08
4111.99
3865.83
3597.92
2883.21
3266.62
3784.23
4215.21
4715.64
5110.86
4550.53
4326.76
4341.74
4290.59
4286.46
4129.54
4351.63
5062.44
5228.84
4938.61
5219.08
5298.72
5300.24
5308.52
5457.82
5783.15
5860.99
6430.58
6864.87
7060.6
7170.7
6721.08
7093.42
6894.23
6514.72
6470.74
6495.15
6304.53
6529.99
6763.38
7009.56
7227.45
6919.59
7252.4
7404.61
7489.2
7573.26
7641.77
7832.22
7742.53
7816.44
7773.92
7630.26
7927.49
7840.31
7906.6
7575.15
6923.6
6710.4
7458.99
7670.37
7136.1
6979.81
7198.85
7197.5
7331.73
7222.08
7276.63
7268.06
7677.73
7500.79
7227.96
7035.76
6729.53
6672.69
6627.43
6588.28
6661.44
6785.94
6923.41
7213.44
7703.1
7830.35
7773.31
8043.71
8001.57
8516.02
8738.72
8724.13
8465.77
8256.28
8144.02
8098.16
8069.81
8035.2
7918.53
7993.09
8059.65
8084.88
8144.16
8039.45
7866.52
7877.19
7838.22
7630.71
7312.85
7341.65
7380.32
7739.86
7532.9
7736.07
7245.13
7137.03
6964.01
7152.88
7046.57
7086.86
6318.61
6742.89
6554.04
6526.62
6712.21
6642.27
6693.83
6701.36
6508.21
6335.56
6623.01
6646.55
6826.61
6861.31
6742.97
6734.99
7041.27
6947.06
7106.01
6872.97
6586.01
6749.28
6593.8
6407.52
6814.76
6181.06
5989.27
6833.42
6839.59
6398.77
6543.39
6197.84
6206.24
6245.18
6061.8
5799.24
6165.35
5715.92
5930.17
5408.52
5572.09
5672.7
6209.71
7083.49
6890.94
6312.03
6015.3
5984.26
6369.28
6223.37
6607.13
6446.31
5944.87
