1833.57
1973.44
1809.54
1570.2
1410.42
1669.13
1846.9
1416.09
1115.78
1321.26
1856.43
1606.04
1201.92
1070.06
1098.29
1410.33
1518.55
1564.47
1333.71
1221.11
1386.25
1105.06
1288.11
1169.57
1321.26
1448.49
1500.1
1447.05
1439.05
1653.95
1593.6
1487.34
1592.74
1787.25
1195.37
1235.3
1038.07
997.5
1024.55
1008.64
1080.37
1050.04
1050.98
1058.14
1125.16
1125.06
1386.31
1425.16
1435.88
1529.65
1484.46
1363.32
1395.79
1406.59
1535.65
1688.32
1562.65
1433.11
1396.1
1253.61
1470.53
1816.47
1992.46
1967.28
2088.95
2141.77
2305.64
1895.25
1865.11
2143.52
1879.87
2086.18
2388.33
2584.21
2722.95
2835.11
2825.89
3455.24
2883.21
3097.92
2829.02
1974.69
2025.58
2137.59
2969.83
3005.01
3294.08
3190.12
3229.6
3079.99
2976.85
2852.93
2458.65
2612.89
3245.26
3266.62
3426.45
3186.77
2908.24
3078.91
1966.29
2310.15
2007.12
2189.77
2432.89
2795.3
2329.44
2415.25
2135.27
1964.31
1982.93
1941.41
1945.82
2092.0
2194.84
2686.52
2721.78
3271.99
2542.69
3547.35
3290.68
3369.14
3315.26
3617.29
3593.41
3597.92
3626.88
3682.73
3784.23
3830.49
4111.99
4215.21
4260.41
3774.81
4129.54
4550.53
4326.76
4286.46
3865.83
4351.63
4002.88
4341.74
4290.59
4366.59
4397.08
4715.64
5062.44
4938.61
5110.86
5219.08
5228.84
5300.24
5408.52
5298.72
5457.82
5783.15
6061.8
6407.52
6304.53
6015.3
6318.61
5572.09
5672.7
5715.92
5308.52
5930.17
6165.35
5984.26
5799.24
5860.99
6398.77
6701.36
6814.76
6923.41
6923.6
6833.42
7106.01
7035.76
7227.45
7458.99
7152.88
7670.37
7840.31
7703.1
7677.73
7641.77
7268.06
7276.63
6964.01
7197.5
7489.2
7575.15
7832.22
8069.81
8059.65
8144.02
8043.71
8098.16
8084.88
8039.45
7838.22
7816.44
7532.9
7170.7
7041.27
7222.08
7083.49
7198.85
7136.1
7137.03
7630.26
7830.35
7993.09
8144.16
8465.77
8516.02
8738.72
8724.13
8256.28
8035.2
7866.52
7736.07
6919.59
7245.13
7093.42
7060.6
7404.61
7252.4
7227.96
7630.71
7739.86
7877.19
7927.49
7906.6
7773.92
8001.57
7918.53
7742.53
7773.31
7500.79
7331.73
7009.56
6894.23
6495.15
6197.84
6514.72
6729.53
6627.43
6864.87
6543.39
6642.27
6763.38
6826.61
6734.99
6508.21
6206.24
6470.74
6742.97
7573.26
6839.59
6721.08
6712.21
6861.31
7086.86
7312.85
7213.44
6979.81
7046.57
7380.32
7341.65
6890.94
6872.97
6947.06
6693.83
6672.69
6710.4
6209.71
6369.28
6593.8
6785.94
6742.89
6430.58
6529.99
6554.04
6223.37
6181.06
5989.27
6312.03
6588.28
6607.13
6661.44
6586.01
6646.55
6446.31
6335.56
6623.01
6749.28
6526.62
6245.18
5944.87
