1787.25
1518.55
1564.47
1535.65
1941.41
1529.65
1865.11
1945.82
1448.49
2086.18
1592.74
1500.1
1562.65
1856.43
1484.46
1487.34
1439.05
1363.32
1416.09
1253.61
1080.37
1221.11
1058.14
1050.04
1008.64
1125.06
1070.06
1125.16
1386.31
1321.26
1410.33
1386.25
1105.06
1050.98
1115.78
1038.07
1396.1
1321.26
1333.71
1410.42
1433.11
1098.29
1288.11
1169.57
1201.92
1195.37
1406.59
997.5
1024.55
1235.3
1425.16
1447.05
1435.88
1395.79
1470.53
1846.9
1669.13
1688.32
1570.2
1653.95
1833.57
1964.31
1967.28
1973.44
1982.93
2007.12
1816.47
1593.6
1606.04
1895.25
1992.46
2432.89
3186.77
3290.68
2908.24
2329.44
2542.69
2612.89
2305.64
2088.95
2141.77
2458.65
2388.33
2829.02
3097.92
3190.12
3271.99
3315.26
3369.14
3597.92
3547.35
3455.24
2825.89
2795.3
2584.21
2852.93
2835.11
3245.26
3294.08
3617.29
3593.41
3626.88
3078.91
2686.52
2137.59
1974.69
1809.54
1879.87
1966.29
2025.58
2135.27
2310.15
2189.77
2143.52
2721.78
2194.84
2415.25
2092.0
3426.45
2976.85
3266.62
2883.21
3005.01
3079.99
2722.95
3229.6
2969.83
3774.81
3784.23
4129.54
3865.83
4111.99
3830.49
3682.73
4002.88
4260.41
4215.21
4286.46
4366.59
4351.63
4290.59
4326.76
4341.74
4550.53
4397.08
4938.61
5219.08
4715.64
5110.86
5062.44
5300.24
5228.84
5308.52
5298.72
5408.52
5457.82
5672.7
6209.71
6529.99
6607.13
6470.74
6872.97
5984.26
6693.83
6526.62
7009.56
6923.6
6554.04
6672.69
6588.28
6826.61
7035.76
6919.59
6894.23
6964.01
7060.6
7197.5
7641.77
7773.31
7773.92
7739.86
7575.15
7458.99
7380.32
7222.08
7312.85
7276.63
7227.96
7137.03
7152.88
7213.44
7227.45
7268.06
7170.7
7093.42
7245.13
7341.65
7866.52
8144.16
8465.77
7993.09
7532.9
7086.86
6742.89
6749.28
7136.1
7106.01
7630.71
7489.2
7500.79
7252.4
7630.26
7832.22
8144.02
8256.28
8039.45
8738.72
8724.13
8516.02
8084.88
7736.07
7670.37
7830.35
8001.57
7838.22
7404.61
7331.73
7703.1
7877.19
8069.81
7742.53
8035.2
7816.44
7840.31
7906.6
8098.16
8059.65
7918.53
8043.71
7677.73
7927.49
7573.26
7198.85
7083.49
6923.41
7041.27
6947.06
6734.99
6712.21
6729.53
6701.36
6833.42
6890.94
6642.27
6543.39
6446.31
6407.52
6223.37
6979.81
6763.38
6586.01
6785.94
6742.97
6304.53
6495.15
6721.08
6335.56
5715.92
6165.35
5572.09
5860.99
5799.24
5989.27
6015.3
6312.03
6661.44
6627.43
7046.57
5944.87
6710.4
6245.18
6181.06
6061.8
6508.21
5930.17
6514.72
6398.77
5783.15
6197.84
6206.24
6318.61
6861.31
6864.87
6814.76
6646.55
6623.01
6430.58
6593.8
6839.59
6369.28
