2310.15
3079.99
2135.27
2092.0
1529.65
1433.11
1439.05
1435.88
1333.71
1253.61
1487.34
1288.11
1416.09
2305.64
1809.54
1992.46
1787.25
2137.59
1895.25
2141.77
1982.93
1484.46
1195.37
1105.06
1050.04
1058.14
1024.55
997.5
1098.29
1386.25
1395.79
1169.57
1080.37
1038.07
1008.64
1050.98
1070.06
1115.78
1125.06
1606.04
1125.16
1235.3
1201.92
1363.32
1470.53
1564.47
1846.9
1833.57
1865.11
2189.77
2025.58
1856.43
1879.87
1447.05
1964.31
1500.1
1816.47
1570.2
1653.95
1518.55
1941.41
1592.74
1669.13
1448.49
1410.42
1396.1
1221.11
1410.33
1321.26
1386.31
1406.59
1321.26
1425.16
1593.6
1562.65
1974.69
2908.24
3245.26
2194.84
1535.65
1688.32
2143.52
2883.21
2721.78
2612.89
2835.11
3186.77
3229.6
3547.35
3593.41
3455.24
2852.93
2825.89
3190.12
3266.62
3617.29
3626.88
3271.99
2795.3
2584.21
2458.65
2686.52
2329.44
2722.95
2432.89
2415.25
2007.12
1966.29
1973.44
1945.82
2088.95
2086.18
1967.28
2388.33
2542.69
2976.85
3078.91
3369.14
3290.68
3294.08
2969.83
3005.01
2829.02
3097.92
3426.45
3315.26
3597.92
3682.73
3784.23
4286.46
4215.21
3865.83
3830.49
3774.81
4002.88
4260.41
4129.54
4111.99
4290.59
4326.76
4351.63
4341.74
4366.59
4397.08
4550.53
5228.84
5408.52
5300.24
5799.24
5219.08
5110.86
4715.64
4938.61
5062.44
5298.72
5783.15
6197.84
6526.62
6894.23
6586.01
6446.31
6470.74
6661.44
6721.08
6209.71
6554.04
6181.06
5930.17
6015.3
6245.18
6407.52
6607.13
6964.01
6543.39
7106.01
7227.96
7458.99
7816.44
7575.15
7380.32
7404.61
7630.71
7739.86
7773.31
7742.53
7736.07
7703.1
7573.26
7252.4
7331.73
7276.63
7489.2
7630.26
7641.77
7312.85
7838.22
7773.92
7906.6
8001.57
8084.88
7877.19
8144.02
8098.16
7840.31
7993.09
8043.71
7918.53
7830.35
7866.52
7500.79
7532.9
7677.73
7832.22
8039.45
8256.28
8516.02
8738.72
8724.13
8465.77
7927.49
8069.81
8144.16
8035.2
8059.65
7670.37
7341.65
7086.86
6861.31
7035.76
7136.1
6729.53
6814.76
6890.94
7083.49
6749.28
7093.42
6919.59
7046.57
7222.08
7268.06
7245.13
7213.44
6826.61
6529.99
6693.83
6593.8
6369.28
6318.61
6206.24
6623.01
6742.97
6923.6
7152.88
6872.97
6979.81
6642.27
6785.94
6923.41
6734.99
6646.55
7041.27
6701.36
7009.56
6672.69
6710.4
6588.28
6335.56
6304.53
6430.58
6864.87
5944.87
6742.89
6627.43
5457.82
6223.37
6165.35
6398.77
6763.38
6839.59
6833.42
7197.5
7137.03
7227.45
7060.6
6712.21
6508.21
6514.72
5860.99
6312.03
5308.52
5572.09
5989.27
5672.7
5715.92
5984.26
6495.15
6947.06
7170.7
7198.85
6061.8
