2092.0
2686.52
1879.87
1846.9
1484.46
1363.32
1433.11
1964.31
1941.41
2086.18
1564.47
1425.16
1435.88
1396.1
1288.11
1253.61
1235.3
1321.26
1386.31
1416.09
1487.34
1410.42
1448.49
1439.05
1535.65
1570.2
1992.46
1470.53
1593.6
1447.05
1395.79
1333.71
1221.11
1125.16
1024.55
1038.07
1050.04
997.5
1058.14
1195.37
1105.06
1008.64
1410.33
1050.98
1115.78
1125.06
1201.92
1098.29
1169.57
1386.25
1321.26
1080.37
1809.54
1070.06
1406.59
1500.1
1518.55
1787.25
1982.93
2432.89
3097.92
2795.3
2137.59
1895.25
1669.13
1529.65
2025.58
1856.43
1945.82
1865.11
1562.65
1816.47
1966.29
2305.64
2542.69
2722.95
2908.24
3078.91
2835.11
3294.08
2612.89
2825.89
2088.95
2189.77
2135.27
1967.28
1974.69
2141.77
2388.33
2458.65
3229.6
2852.93
2976.85
2969.83
3079.99
3005.01
3593.41
3266.62
3455.24
3315.26
3186.77
2883.21
2143.52
2415.25
2007.12
1973.44
1606.04
1592.74
1653.95
1688.32
1833.57
2329.44
2194.84
2721.78
2829.02
2310.15
2584.21
3190.12
3617.29
3290.68
3547.35
3271.99
3245.26
3369.14
3426.45
3597.92
3626.88
3682.73
3774.81
3865.83
4129.54
4111.99
4397.08
3830.49
4002.88
4215.21
4290.59
4366.59
4351.63
4326.76
4715.64
3784.23
4286.46
4260.41
4341.74
5062.44
4550.53
4938.61
5219.08
5298.72
5228.84
5300.24
5110.86
5308.52
6407.52
6223.37
6693.83
6721.08
7041.27
7035.76
6923.41
6627.43
6514.72
6318.61
6470.74
6742.97
7060.6
6712.21
6729.53
6593.8
6947.06
7086.86
7227.45
7773.92
7927.49
8001.57
7641.77
7773.31
7677.73
7532.9
6872.97
7046.57
6919.59
6864.87
6894.23
6964.01
7213.44
7170.7
7083.49
6979.81
7222.08
7136.1
7500.79
7670.37
7276.63
7816.44
7830.35
7832.22
7742.53
7703.1
7198.85
7137.03
6890.94
6742.89
6833.42
7197.5
7575.15
7877.19
8059.65
7918.53
8043.71
8069.81
8465.77
8098.16
8144.16
8256.28
8724.13
8738.72
8516.02
8084.88
8144.02
7341.65
7380.32
7736.07
7458.99
7573.26
7840.31
7838.22
7866.52
7993.09
7739.86
7489.2
7404.61
7227.96
7630.26
7252.4
7245.13
6839.59
6861.31
6814.76
6749.28
6661.44
6398.77
5944.87
5984.26
6206.24
5799.24
5457.82
5408.52
5783.15
6446.31
6623.01
6701.36
6495.15
6209.71
5572.09
6197.84
6304.53
6526.62
6543.39
6785.94
6826.61
7009.56
7152.88
7630.71
8039.45
7906.6
8035.2
7331.73
7106.01
7093.42
7312.85
7268.06
6923.6
6763.38
6672.69
6430.58
6165.35
6061.8
6245.18
6335.56
6369.28
6312.03
6529.99
6181.06
5930.17
5860.99
5672.7
5715.92
5989.27
6508.21
6586.01
6710.4
6646.55
6607.13
6554.04
6588.28
6642.27
6734.99
6015.3
