1570.2
1879.87
1535.65
1487.34
1606.04
1669.13
1895.25
1787.25
1653.95
1439.05
1406.59
1288.11
1410.42
1448.49
1816.47
1945.82
2086.18
1992.46
2025.58
2088.95
2135.27
1982.93
1833.57
1809.54
1529.65
1470.53
1425.16
1396.1
1395.79
1410.33
1386.31
1169.57
1080.37
1050.98
1098.29
1115.78
1070.06
1321.26
1221.11
1433.11
1201.92
1125.16
1105.06
1125.06
1050.04
1024.55
1038.07
997.5
1008.64
1058.14
1253.61
1333.71
1321.26
1195.37
1235.3
1447.05
1592.74
1500.1
1386.25
1416.09
1363.32
1484.46
1688.32
1856.43
1593.6
2143.52
1865.11
1966.29
1941.41
1967.28
1974.69
2388.33
2194.84
2721.78
2189.77
2310.15
2612.89
2883.21
2722.95
2686.52
2795.3
2458.65
2432.89
3294.08
3784.23
3626.88
3865.83
3682.73
3593.41
3266.62
3455.24
2584.21
2829.02
2976.85
3078.91
2969.83
3290.68
3245.26
3186.77
3229.6
3005.01
2542.69
2852.93
2825.89
3097.92
2415.25
2137.59
2007.12
1973.44
1518.55
1562.65
1435.88
1564.47
1846.9
1964.31
2092.0
2141.77
2305.64
2908.24
3547.35
3830.49
3315.26
3079.99
2835.11
3369.14
2329.44
3190.12
3271.99
3426.45
3617.29
3597.92
4002.88
3774.81
4111.99
4290.59
4351.63
4366.59
4550.53
4397.08
4326.76
4341.74
4286.46
4129.54
4260.41
4215.21
4715.64
5062.44
5219.08
4938.61
5228.84
5110.86
5298.72
5300.24
5308.52
5408.52
6181.06
6209.71
6369.28
6446.31
6508.21
6623.01
6627.43
6593.8
6661.44
6586.01
6785.94
6826.61
6742.89
6763.38
6721.08
6872.97
7083.49
7060.6
7009.56
6742.97
7245.13
6890.94
7137.03
7252.4
7276.63
7227.96
7170.7
7222.08
7458.99
7268.06
7227.45
7152.88
7086.86
6923.6
6964.01
7197.5
6923.41
7046.57
6701.36
6864.87
6839.59
7093.42
7404.61
7773.92
8059.65
7993.09
8069.81
8001.57
7877.19
7927.49
7832.22
7866.52
7773.31
7838.22
7739.86
7840.31
7906.6
8144.16
8035.2
8084.88
8144.02
8516.02
8724.13
8738.72
8465.77
8256.28
8098.16
8039.45
8043.71
7918.53
7575.15
7630.71
7380.32
7489.2
7331.73
7341.65
7736.07
7742.53
7816.44
7677.73
7830.35
7670.37
7630.26
7312.85
7213.44
7198.85
6919.59
6712.21
5989.27
5783.15
6015.3
6165.35
5860.99
5799.24
5572.09
5930.17
6672.69
6318.61
6710.4
6430.58
6495.15
6529.99
6729.53
6814.76
6749.28
6979.81
7041.27
6947.06
6894.23
7106.01
7573.26
7532.9
7500.79
7641.77
7703.1
7035.76
7136.1
6861.31
6304.53
6407.52
6514.72
6223.37
6642.27
6526.62
6646.55
6734.99
6554.04
6607.13
6693.83
6588.28
6312.03
6206.24
6398.77
6470.74
5672.7
5984.26
6245.18
6197.84
6061.8
5715.92
5457.82
6335.56
6543.39
6833.42
5944.87
