1895.25
2722.95
3078.91
3079.99
2432.89
2141.77
2686.52
2135.27
1967.28
1529.65
1125.16
1038.07
1195.37
1125.06
1288.11
1386.31
1105.06
1098.29
1235.3
1080.37
1115.78
1169.57
1070.06
1050.98
1321.26
1333.71
1570.2
1448.49
1487.34
1593.6
1500.1
1425.16
1406.59
1439.05
1484.46
1653.95
1606.04
1447.05
1688.32
1435.88
1816.47
1396.1
1395.79
1410.33
1058.14
1008.64
997.5
1024.55
1050.04
1386.25
1416.09
1518.55
1535.65
1410.42
1564.47
1592.74
1787.25
1856.43
1945.82
1966.29
2189.77
2137.59
2388.33
2194.84
2415.25
2721.78
1879.87
2092.0
1964.31
1992.46
2086.18
2305.64
2007.12
2143.52
1809.54
1846.9
1941.41
1973.44
1982.93
1974.69
1865.11
2612.89
2025.58
2829.02
3290.68
2825.89
3005.01
2908.24
2976.85
3097.92
3271.99
3266.62
3186.77
3455.24
3626.88
3774.81
4111.99
3865.83
3597.92
3593.41
3426.45
3315.26
3229.6
2795.3
2310.15
1833.57
1433.11
1201.92
1253.61
1321.26
1221.11
1470.53
1363.32
1562.65
1669.13
2088.95
2329.44
2584.21
2852.93
2542.69
2458.65
2835.11
2883.21
3245.26
3190.12
2969.83
3294.08
3369.14
3547.35
3617.29
3784.23
4129.54
4260.41
3830.49
4290.59
4351.63
4002.88
4341.74
4215.21
4286.46
4366.59
3682.73
4326.76
4397.08
4550.53
4715.64
4938.61
5062.44
5228.84
5298.72
5783.15
5572.09
5219.08
5110.86
5300.24
5984.26
6514.72
7137.03
7380.32
7677.73
7268.06
7198.85
6749.28
6430.58
6529.99
6623.01
7035.76
6763.38
6785.94
6814.76
6923.6
6894.23
6919.59
7046.57
7152.88
7252.4
7500.79
7227.45
6721.08
6729.53
6947.06
7276.63
7641.77
7575.15
7093.42
7086.86
6979.81
7213.44
7331.73
7197.5
7703.1
7489.2
7227.96
7341.65
7404.61
7670.37
7742.53
8069.81
7739.86
7918.53
7830.35
7736.07
7532.9
7630.26
7573.26
7630.71
7773.92
7877.19
8035.2
8043.71
8001.57
8059.65
8724.13
8098.16
8738.72
8465.77
8084.88
8039.45
7927.49
7170.7
7222.08
7136.1
6890.94
7083.49
6872.97
6839.59
6833.42
7245.13
7458.99
7840.31
7838.22
7906.6
7993.09
8144.16
8516.02
8144.02
8256.28
7866.52
7832.22
7773.31
7816.44
7312.85
6864.87
6181.06
6061.8
6223.37
6526.62
6209.71
6407.52
6015.3
6470.74
6742.89
6672.69
5989.27
6495.15
6398.77
6588.28
6710.4
6734.99
6627.43
6701.36
7060.6
6861.31
7009.56
6923.41
7106.01
7041.27
6964.01
6826.61
6742.97
6554.04
6607.13
6508.21
6335.56
6206.24
6593.8
6318.61
6446.31
6304.53
6642.27
6543.39
6693.83
6646.55
6661.44
6712.21
6586.01
6165.35
6312.03
6245.18
5944.87
6197.84
6369.28
5672.7
5715.92
5408.52
5457.82
5308.52
5799.24
5860.99
5930.17
