2835.11
2976.85
2135.27
2883.21
2795.3
1966.29
1964.31
1688.32
2086.18
1974.69
1470.53
1487.34
1406.59
1195.37
1235.3
1562.65
1070.06
1435.88
1439.05
1484.46
1395.79
1125.16
1008.64
1115.78
1105.06
1169.57
1410.33
1321.26
1050.98
997.5
1098.29
1253.61
1333.71
1410.42
1321.26
1386.25
1080.37
1125.06
1024.55
1050.04
1058.14
1038.07
1363.32
1221.11
1529.65
1593.6
1653.95
1787.25
1895.25
1982.93
1941.41
1816.47
1535.65
1433.11
1518.55
1606.04
1945.82
1846.9
1856.43
1833.57
1669.13
1564.47
1386.31
1416.09
1396.1
1448.49
1201.92
1288.11
1425.16
1500.1
1809.54
2088.95
2137.59
2025.58
2542.69
1992.46
2189.77
2305.64
2686.52
2584.21
2310.15
2092.0
2415.25
2722.95
3190.12
3271.99
3078.91
2852.93
3369.14
3426.45
3593.41
3290.68
3229.6
3455.24
3626.88
3617.29
3597.92
3315.26
3294.08
3097.92
3186.77
3005.01
3079.99
2908.24
2612.89
2432.89
2388.33
1879.87
1865.11
1447.05
1570.2
1592.74
1967.28
2194.84
2458.65
2829.02
2143.52
2329.44
2007.12
1973.44
2141.77
2721.78
2825.89
2969.83
3245.26
3266.62
3547.35
3774.81
4002.88
4286.46
4215.21
4351.63
4397.08
4290.59
3865.83
4366.59
4129.54
3830.49
3682.73
5110.86
3784.23
4341.74
4260.41
4111.99
4326.76
4550.53
5062.44
5298.72
5408.52
5228.84
5300.24
5219.08
4938.61
4715.64
5308.52
5783.15
6543.39
6923.6
7198.85
7773.31
7630.26
6729.53
6646.55
6470.74
5715.92
6304.53
6312.03
5930.17
5799.24
6369.28
6623.01
6749.28
6890.94
6861.31
6742.89
6693.83
7380.32
7670.37
7927.49
7993.09
7742.53
7086.86
7041.27
7106.01
7035.76
6710.4
6833.42
6872.97
6742.97
6554.04
6661.44
6763.38
7736.07
7227.45
6894.23
6979.81
7816.44
8069.81
8724.13
8144.02
8144.16
8084.88
8516.02
8039.45
7866.52
8465.77
7838.22
7830.35
7532.9
7341.65
7245.13
7489.2
7331.73
7641.77
7252.4
7276.63
7312.85
7575.15
7268.06
7093.42
7170.7
7152.88
7060.6
7630.71
8001.57
7703.1
8035.2
8043.71
7906.6
8738.72
7840.31
7677.73
7739.86
7832.22
7773.92
8059.65
8098.16
8256.28
7877.19
7918.53
7458.99
7137.03
6529.99
6495.15
6165.35
6335.56
6061.8
6197.84
6015.3
5944.87
6181.06
6526.62
6430.58
6407.52
6642.27
7009.56
7500.79
7404.61
7573.26
7197.5
7222.08
7227.96
7213.44
7136.1
7046.57
7083.49
6964.01
6919.59
6923.41
6701.36
6588.28
6839.59
6672.69
6593.8
6826.61
6785.94
6947.06
6864.87
6721.08
6734.99
6814.76
6712.21
6607.13
6586.01
6446.31
6223.37
5672.7
5984.26
5989.27
5572.09
6318.61
6398.77
6514.72
6209.71
5860.99
6245.18
6508.21
6206.24
6627.43
5457.82
