1570.2
1787.25
1562.65
1416.09
1321.26
1253.61
1484.46
1669.13
1518.55
1816.47
1606.04
1653.95
1856.43
1688.32
1487.34
1386.31
1333.71
1425.16
1439.05
1500.1
1433.11
1235.3
1125.06
1070.06
1195.37
1321.26
1406.59
1395.79
1447.05
1470.53
1288.11
1396.1
1386.25
1038.07
1410.33
1098.29
1125.16
997.5
1024.55
1008.64
1050.98
1058.14
1115.78
1221.11
1169.57
1105.06
1080.37
1050.04
1201.92
1363.32
1535.65
1410.42
1435.88
1529.65
1593.6
1809.54
1966.29
1564.47
1592.74
1448.49
1865.11
1967.28
3369.14
2135.27
2092.0
2025.58
2007.12
1973.44
2458.65
2835.11
3005.01
2852.93
3078.91
2722.95
1992.46
2194.84
2829.02
2908.24
1974.69
1833.57
1895.25
2141.77
1941.41
1879.87
1945.82
1846.9
1982.93
2969.83
3294.08
3593.41
3426.45
2305.64
2388.33
3271.99
3455.24
3290.68
3229.6
3190.12
2976.85
2883.21
3079.99
2542.69
2686.52
2584.21
2612.89
2189.77
2795.3
2415.25
2088.95
2329.44
2137.59
2086.18
1964.31
2432.89
2143.52
2721.78
2310.15
2825.89
3097.92
3266.62
3186.77
3245.26
3315.26
3597.92
3547.35
3626.88
3774.81
3682.73
4002.88
4215.21
4290.59
4715.64
4351.63
4129.54
4397.08
3830.49
4341.74
3617.29
3865.83
3784.23
4260.41
4111.99
4286.46
4938.61
4326.76
4550.53
4366.59
5110.86
5062.44
5219.08
5408.52
5300.24
5308.52
5228.84
5298.72
5457.82
5572.09
6304.53
6407.52
6701.36
6894.23
6543.39
6839.59
6646.55
6209.71
6554.04
6672.69
6398.77
6642.27
6712.21
6763.38
6586.01
6814.76
6661.44
7041.27
7197.5
7252.4
7213.44
7245.13
7380.32
7227.45
7630.71
7341.65
7227.96
7137.03
6919.59
7035.76
7060.6
6964.01
7170.7
7268.06
7573.26
7816.44
8039.45
8035.2
7840.31
7877.19
7532.9
7832.22
7670.37
7736.07
7458.99
7152.88
7086.86
6979.81
6923.6
7093.42
7136.1
7331.73
7677.73
7866.52
7906.6
7918.53
8001.57
7742.53
7630.26
7773.92
7993.09
7575.15
7703.1
7641.77
7500.79
7830.35
7773.31
7404.61
7276.63
7489.2
7739.86
8069.81
8465.77
8516.02
8738.72
8724.13
8256.28
8084.88
8144.02
8059.65
8098.16
8043.71
7927.49
8144.16
7838.22
7312.85
6749.28
6514.72
6529.99
5860.99
5989.27
5715.92
5984.26
6245.18
6430.58
6061.8
5930.17
6335.56
5783.15
6710.4
6593.8
6623.01
6607.13
6693.83
6721.08
6742.89
6627.43
6826.61
6861.31
6890.94
7046.57
7222.08
7198.85
7009.56
6923.41
7083.49
6729.53
6947.06
7106.01
6742.97
6526.62
6181.06
6223.37
6197.84
6508.21
6206.24
6369.28
6015.3
5799.24
5944.87
6312.03
6734.99
6446.31
6872.97
6833.42
6785.94
6588.28
6165.35
6470.74
6318.61
6495.15
6864.87
5672.7
