1865.11
2310.15
1833.57
2007.12
1570.2
1425.16
1410.42
1321.26
1201.92
1386.25
1606.04
1941.41
1787.25
1895.25
1653.95
1333.71
1386.31
1363.32
1169.57
1125.06
1288.11
1235.3
1253.61
1115.78
1321.26
1529.65
1435.88
1500.1
1879.87
1406.59
1433.11
1125.16
1050.04
1024.55
997.5
1050.98
1080.37
1008.64
1098.29
1038.07
1058.14
1070.06
1105.06
1396.1
1395.79
1195.37
1447.05
1416.09
1410.33
1688.32
1592.74
1535.65
1816.47
1221.11
1562.65
1484.46
1448.49
1487.34
1564.47
1518.55
1856.43
2135.27
2612.89
2092.0
1992.46
2415.25
1439.05
1669.13
1846.9
2542.69
1809.54
2852.93
2025.58
2584.21
3005.01
2189.77
2194.84
2686.52
2086.18
2722.95
2432.89
2795.3
1982.93
2143.52
2137.59
2305.64
1966.29
2088.95
2721.78
2883.21
3078.91
2835.11
3190.12
3547.35
3315.26
3593.41
3682.73
3369.14
3597.92
3186.77
2329.44
3079.99
2969.83
2976.85
1974.69
1945.82
1973.44
2829.02
3426.45
3266.62
2388.33
1593.6
1964.31
1470.53
1967.28
2141.77
2458.65
2908.24
3245.26
3229.6
2825.89
3097.92
3290.68
3294.08
3271.99
3455.24
3617.29
3626.88
3774.81
3784.23
4002.88
3830.49
3865.83
4111.99
4129.54
4260.41
4215.21
4286.46
4290.59
4351.63
4341.74
4326.76
4366.59
4397.08
4715.64
4938.61
5062.44
4550.53
5110.86
5219.08
5408.52
5783.15
5308.52
5984.26
6335.56
6890.94
6785.94
7046.57
7086.86
7136.1
7245.13
7106.01
6923.41
6661.44
6508.21
7093.42
7500.79
6672.69
6304.53
6646.55
6861.31
6826.61
6923.6
7170.7
7222.08
7630.26
7830.35
7993.09
7866.52
7575.15
7573.26
7213.44
6964.01
7041.27
6833.42
6979.81
7268.06
7840.31
7312.85
7816.44
7742.53
7276.63
7137.03
6919.59
6947.06
7227.96
7152.88
7927.49
7736.07
7773.31
7197.5
7035.76
6712.21
6061.8
6181.06
6529.99
6430.58
6734.99
7009.56
6894.23
7060.6
7198.85
7227.45
7641.77
7877.19
7404.61
8035.2
7773.92
7739.86
7670.37
7331.73
7489.2
7677.73
8039.45
8001.57
7630.71
7458.99
8043.71
8084.88
8465.77
8724.13
8256.28
8738.72
8516.02
8144.16
8144.02
8098.16
8069.81
8059.65
7703.1
7906.6
7380.32
7083.49
6742.97
6701.36
6729.53
6742.89
6554.04
6446.31
6165.35
6197.84
6543.39
6407.52
6470.74
6495.15
6623.01
6693.83
6839.59
6749.28
6369.28
6514.72
6627.43
6642.27
6586.01
6721.08
7341.65
7532.9
7832.22
7918.53
7838.22
6814.76
7252.4
6763.38
6588.28
6526.62
6607.13
6398.77
6206.24
5715.92
5944.87
5572.09
5457.82
5672.7
5799.24
5298.72
5228.84
5300.24
5860.99
5930.17
6015.3
6209.71
5989.27
6245.18
6223.37
6318.61
6593.8
6710.4
6864.87
6872.97
6312.03
