1846.9
1856.43
1439.05
1562.65
1964.31
1425.16
1518.55
1433.11
1386.25
1201.92
1564.47
1966.29
1992.46
2086.18
1982.93
1945.82
1895.25
1865.11
1816.47
1833.57
1653.95
1809.54
1669.13
1570.2
1470.53
1592.74
1535.65
1435.88
1448.49
1484.46
1447.05
1410.42
1288.11
1195.37
1169.57
1125.16
1105.06
1058.14
1070.06
1008.64
1038.07
1050.04
1080.37
1253.61
1115.78
1024.55
997.5
1221.11
1098.29
1487.34
1050.98
1235.3
1125.06
1395.79
1321.26
1410.33
1321.26
1396.1
1363.32
1386.31
1333.71
1406.59
1416.09
1500.1
1529.65
1606.04
1593.6
1688.32
1879.87
2137.59
2092.0
2088.95
2143.52
2829.02
3245.26
3190.12
3079.99
3294.08
2976.85
3229.6
3593.41
3617.29
2542.69
3005.01
2722.95
2458.65
2432.89
2310.15
2329.44
2721.78
3078.91
3315.26
3426.45
2686.52
3597.92
3455.24
3626.88
3271.99
3369.14
2584.21
3186.77
2825.89
3290.68
2908.24
2795.3
2194.84
2305.64
2141.77
2135.27
1787.25
2189.77
2007.12
1941.41
1974.69
1973.44
1967.28
2025.58
2388.33
2612.89
2852.93
2415.25
2835.11
2969.83
3266.62
3097.92
2883.21
3547.35
3774.81
3865.83
3784.23
3682.73
3830.49
4215.21
4002.88
4326.76
4366.59
4397.08
4715.64
4938.61
4341.74
4260.41
4111.99
4129.54
4286.46
4290.59
4351.63
4550.53
5062.44
5110.86
5298.72
5228.84
5408.52
5219.08
5300.24
5308.52
5860.99
5457.82
6061.8
6245.18
6593.8
6785.94
6763.38
6181.06
6701.36
6734.99
6864.87
6721.08
5930.17
5572.09
5715.92
6554.04
6398.77
5984.26
5672.7
6430.58
6742.97
6742.89
6890.94
7106.01
7213.44
7227.45
7227.96
7312.85
7380.32
7245.13
7736.07
7500.79
7489.2
7458.99
7641.77
7703.1
7573.26
7575.15
7677.73
7918.53
8035.2
8084.88
8256.28
8738.72
8465.77
8144.02
8069.81
8001.57
7268.06
7773.92
7816.44
7838.22
7830.35
7742.53
7276.63
7404.61
7670.37
7866.52
7840.31
7906.6
7927.49
8144.16
8724.13
8516.02
8098.16
8059.65
8043.71
7993.09
8039.45
7832.22
7331.73
7252.4
7630.26
7773.31
7877.19
7341.65
7532.9
7739.86
7630.71
7222.08
7197.5
7083.49
6872.97
7170.7
7137.03
7009.56
6923.41
6839.59
6710.4
6304.53
6495.15
6165.35
6197.84
5783.15
5799.24
6015.3
6529.99
6514.72
6642.27
6607.13
6833.42
6814.76
7152.88
7086.86
7060.6
6947.06
6919.59
7035.76
7041.27
6979.81
7136.1
7093.42
7046.57
6964.01
6826.61
6627.43
6588.28
6209.71
5989.27
6623.01
6693.83
6526.62
6672.69
6223.37
6312.03
6470.74
6318.61
6335.56
6712.21
6646.55
6861.31
6729.53
6508.21
6661.44
6369.28
6586.01
6407.52
6446.31
5944.87
6206.24
6749.28
7198.85
6923.6
6894.23
6543.39
