1865.11
1787.25
1406.59
1333.71
1386.25
1809.54
2137.59
1425.16
1125.16
1070.06
1570.2
1846.9
1669.13
1439.05
1470.53
1688.32
1416.09
1592.74
1201.92
1080.37
1321.26
1235.3
1115.78
1098.29
1050.98
1363.32
1448.49
1484.46
1562.65
1833.57
1410.33
1410.42
1395.79
1321.26
1253.61
1288.11
1195.37
1105.06
1125.06
1169.57
1038.07
1024.55
997.5
1008.64
1050.04
1058.14
1221.11
1396.1
1386.31
1433.11
1593.6
1606.04
1535.65
1487.34
1653.95
1447.05
1529.65
1435.88
1518.55
1500.1
1564.47
1895.25
2086.18
2025.58
2088.95
2143.52
2007.12
2141.77
2329.44
2458.65
1982.93
2135.27
2388.33
2310.15
2092.0
1941.41
1964.31
1945.82
1973.44
1967.28
1974.69
1879.87
1856.43
1816.47
1992.46
2415.25
2194.84
1966.29
3271.99
2189.77
2969.83
2835.11
3005.01
2825.89
2883.21
2976.85
3426.45
2721.78
3190.12
2542.69
2305.64
2432.89
2612.89
3229.6
2908.24
3455.24
2584.21
2722.95
2852.93
2686.52
3294.08
3186.77
3315.26
3547.35
3593.41
3369.14
2829.02
3290.68
3266.62
3097.92
3245.26
2795.3
3078.91
3079.99
3597.92
3617.29
3774.81
4002.88
4290.59
4550.53
4341.74
4397.08
4351.63
4326.76
4111.99
4938.61
4129.54
4215.21
3830.49
4260.41
3626.88
3784.23
3682.73
3865.83
4286.46
4366.59
5219.08
5300.24
4715.64
5062.44
5110.86
5228.84
5298.72
5308.52
5408.52
5457.82
5572.09
5799.24
6223.37
5860.99
6554.04
6586.01
6209.71
6470.74
6015.3
6197.84
6710.4
6529.99
6749.28
6864.87
7137.03
7041.27
6833.42
7227.96
6742.89
6623.01
6763.38
6919.59
7086.86
7136.1
7009.56
7035.76
7152.88
7404.61
7739.86
7500.79
7918.53
7742.53
8039.45
7906.6
8144.02
7573.26
7677.73
7312.85
7252.4
7198.85
7222.08
7736.07
8043.71
8516.02
8144.16
7832.22
7458.99
7331.73
7641.77
7927.49
7993.09
8035.2
7877.19
7703.1
7630.26
7830.35
7773.31
7670.37
8098.16
8465.77
8001.57
7866.52
7268.06
7341.65
7532.9
7227.45
6861.31
6826.61
6872.97
6947.06
7093.42
7575.15
7060.6
8084.88
8738.72
8724.13
8256.28
7630.71
7380.32
8069.81
7840.31
7489.2
7170.7
7046.57
6979.81
7106.01
6646.55
6061.8
5672.7
5930.17
6206.24
6245.18
6398.77
6526.62
5944.87
6839.59
6712.21
6701.36
6312.03
5989.27
5984.26
6514.72
6814.76
6742.97
6894.23
6785.94
6923.41
6964.01
7083.49
7245.13
7816.44
7773.92
8059.65
7838.22
7276.63
7213.44
7197.5
6923.6
6890.94
6642.27
6495.15
6593.8
6588.28
6508.21
6430.58
6407.52
6672.69
6729.53
6734.99
6627.43
6318.61
6446.31
6661.44
5783.15
6181.06
6165.35
6304.53
6543.39
6335.56
6369.28
6607.13
6693.83
6721.08
5715.92
