1941.41
2310.15
1606.04
2143.52
1966.29
1653.95
1500.1
1470.53
1487.34
1447.05
1448.49
1865.11
2194.84
2612.89
2825.89
2908.24
2883.21
2722.95
2025.58
1787.25
1435.88
1410.42
1235.3
1169.57
1321.26
1433.11
1416.09
1288.11
1115.78
1080.37
1201.92
1333.71
1395.79
1386.31
1195.37
1406.59
1396.1
1253.61
1125.16
1386.25
1221.11
1024.55
1038.07
997.5
1050.98
1008.64
1098.29
1105.06
1058.14
1070.06
1125.06
1050.04
1363.32
1321.26
1425.16
1593.6
1592.74
1809.54
1518.55
1570.2
2007.12
2415.25
2584.21
1992.46
1945.82
1833.57
1964.31
1879.87
1688.32
1895.25
1564.47
2141.77
2458.65
2432.89
2088.95
1973.44
1974.69
2189.77
2137.59
1856.43
1669.13
1535.65
1484.46
1846.9
1982.93
2092.0
2329.44
2969.83
3078.91
3290.68
3190.12
3315.26
3369.14
3455.24
3547.35
3229.6
3186.77
3294.08
3426.45
3271.99
2829.02
2305.64
2086.18
2795.3
1967.28
2135.27
1529.65
1439.05
1562.65
1410.33
1816.47
2388.33
2721.78
3005.01
2835.11
2976.85
2542.69
2686.52
2852.93
3245.26
3079.99
3266.62
3097.92
3593.41
3617.29
3597.92
3774.81
3784.23
3830.49
3865.83
4286.46
4215.21
4129.54
3626.88
4290.59
4397.08
4326.76
4341.74
4260.41
4111.99
4002.88
3682.73
4351.63
4366.59
4550.53
4715.64
4938.61
5062.44
5308.52
5110.86
5298.72
5228.84
5219.08
5408.52
5930.17
6586.01
6712.21
6947.06
7009.56
6833.42
6839.59
6919.59
6508.21
6826.61
6872.97
6514.72
6923.41
6710.4
6701.36
6729.53
6693.83
6661.44
6742.97
6785.94
6964.01
7170.7
7222.08
7641.77
7877.19
7838.22
7993.09
7866.52
7830.35
7832.22
7703.1
7630.71
7630.26
7573.26
7268.06
7404.61
7136.1
7227.45
6890.94
6742.89
6646.55
6495.15
6470.74
6734.99
6979.81
7670.37
7773.92
7341.65
7083.49
6721.08
6642.27
7252.4
7106.01
7152.88
7198.85
7227.96
7677.73
7906.6
8043.71
8084.88
8724.13
7918.53
8465.77
8516.02
8256.28
8144.16
8098.16
8738.72
8039.45
8069.81
8144.02
8059.65
7816.44
8035.2
7840.31
7773.31
7331.73
7458.99
7736.07
7742.53
7532.9
8001.57
7927.49
7575.15
7380.32
7245.13
6749.28
6304.53
6593.8
5572.09
6061.8
6206.24
6318.61
5799.24
5672.7
5300.24
6197.84
6407.52
6245.18
5783.15
5989.27
6398.77
6529.99
6861.31
7093.42
6864.87
7213.44
7197.5
7060.6
7046.57
7276.63
7489.2
7739.86
7500.79
7312.85
7035.76
6588.28
6543.39
6526.62
6312.03
6554.04
6672.69
6446.31
6627.43
6763.38
7041.27
7137.03
7086.86
6923.6
6607.13
6223.37
5457.82
5715.92
6015.3
6165.35
5944.87
6181.06
6369.28
6209.71
5984.26
5860.99
6335.56
6623.01
6894.23
6814.76
6430.58
