1973.44
2305.64
1992.46
1535.65
1386.31
1396.1
1562.65
1500.1
1484.46
1518.55
1470.53
1395.79
1410.33
1439.05
1253.61
1288.11
1406.59
1606.04
1846.9
1945.82
1809.54
1669.13
1321.26
1333.71
1195.37
1425.16
1321.26
1105.06
1201.92
1169.57
1058.14
1070.06
1024.55
997.5
1038.07
1050.98
1080.37
1235.3
1653.95
1593.6
1856.43
1416.09
1221.11
1125.16
1125.06
1050.04
1115.78
1435.88
1592.74
1966.29
1964.31
1447.05
1564.47
1688.32
1865.11
2135.27
2137.59
1833.57
1529.65
1487.34
1816.47
1433.11
1363.32
1410.42
1570.2
1974.69
1967.28
1386.25
1008.64
1098.29
1448.49
1941.41
1879.87
1787.25
1895.25
2007.12
2795.3
3079.99
2686.52
2458.65
2612.89
2432.89
2189.77
2141.77
2852.93
2835.11
2976.85
3369.14
3097.92
2908.24
3078.91
3593.41
2143.52
3617.29
3455.24
3597.92
3266.62
3774.81
2825.89
2722.95
2310.15
2388.33
1982.93
2329.44
2092.0
2025.58
2086.18
2194.84
3229.6
2542.69
2883.21
3005.01
2721.78
3190.12
3245.26
3186.77
2829.02
3290.68
3426.45
2969.83
2088.95
2415.25
2584.21
3271.99
3315.26
3294.08
3547.35
3626.88
3784.23
3830.49
4129.54
4002.88
4111.99
3682.73
3865.83
4286.46
4215.21
4326.76
4397.08
4260.41
4366.59
4290.59
4341.74
4351.63
4550.53
4938.61
5300.24
5110.86
5219.08
4715.64
5062.44
5298.72
5228.84
5308.52
6304.53
5989.27
6693.83
7083.49
6763.38
6919.59
7041.27
7170.7
7086.86
6947.06
6508.21
6661.44
6514.72
6206.24
5783.15
6245.18
6312.03
6430.58
6446.31
6607.13
6623.01
6721.08
6712.21
6923.41
7136.1
7093.42
7137.03
7227.45
7331.73
7380.32
7739.86
7670.37
7703.1
7993.09
8144.16
7641.77
8098.16
7742.53
7677.73
7532.9
7276.63
7227.96
7245.13
7906.6
7832.22
8256.28
7630.71
8084.88
8035.2
7630.26
7830.35
7736.07
7838.22
7866.52
7816.44
7840.31
7773.31
7927.49
8144.02
8039.45
8043.71
8059.65
8516.02
8738.72
8724.13
8069.81
8465.77
7575.15
7458.99
7918.53
8001.57
7773.92
7877.19
7573.26
7500.79
7268.06
6864.87
7404.61
7489.2
7312.85
7222.08
7152.88
6861.31
6710.4
6894.23
6890.94
6872.97
6785.94
6586.01
6318.61
6369.28
6335.56
6209.71
5930.17
6015.3
6061.8
6642.27
6701.36
6646.55
6742.97
6826.61
6588.28
6814.76
6839.59
7106.01
7198.85
7252.4
7213.44
7341.65
7197.5
7060.6
6964.01
6627.43
6495.15
6526.62
6407.52
6181.06
5715.92
5672.7
5572.09
5408.52
5944.87
5457.82
6223.37
6554.04
6749.28
6672.69
7035.76
6729.53
7046.57
6734.99
6529.99
5799.24
5984.26
6197.84
6593.8
6923.6
6833.42
6470.74
6165.35
6543.39
6398.77
7009.56
6979.81
6742.89
5860.99
