1974.69
1816.47
1500.1
1669.13
1941.41
1363.32
1865.11
1653.95
1856.43
1484.46
1535.65
1470.53
1809.54
1606.04
1833.57
1592.74
1253.61
1425.16
1410.33
1395.79
1396.1
1288.11
1221.11
1169.57
997.5
1201.92
1235.3
1024.55
1125.16
1195.37
1070.06
1080.37
1038.07
1098.29
1050.04
1115.78
1333.71
1321.26
1008.64
1125.06
1058.14
1050.98
1105.06
1406.59
1321.26
1433.11
1410.42
1386.25
1386.31
1439.05
1529.65
1518.55
1564.47
1416.09
1448.49
1487.34
1562.65
1447.05
1435.88
1846.9
1966.29
1967.28
1879.87
1964.31
1992.46
2025.58
1973.44
3186.77
2088.95
2329.44
2092.0
2194.84
2143.52
3229.6
3190.12
2976.85
2584.21
2135.27
3369.14
2007.12
2388.33
2415.25
2612.89
2086.18
3266.62
2883.21
3078.91
2432.89
2835.11
2686.52
2969.83
2189.77
2908.24
3290.68
3271.99
3426.45
3617.29
3547.35
3597.92
3593.41
3294.08
2825.89
2852.93
3005.01
3245.26
2795.3
2310.15
1982.93
1945.82
1570.2
1688.32
1593.6
1895.25
1787.25
2137.59
2141.77
2305.64
2721.78
3079.99
2829.02
2722.95
2542.69
2458.65
3097.92
3315.26
3455.24
3865.83
3830.49
3774.81
3626.88
4002.88
4129.54
3784.23
3682.73
4111.99
4351.63
4341.74
4550.53
4215.21
4397.08
4260.41
4286.46
4290.59
4326.76
4366.59
4715.64
4938.61
5062.44
5110.86
5219.08
5228.84
5308.52
5298.72
5300.24
5408.52
5944.87
6335.56
6814.76
6919.59
7009.56
7041.27
6763.38
6710.4
6742.89
6015.3
6712.21
6672.69
6165.35
5930.17
5783.15
6206.24
6861.31
7136.1
7227.96
7197.5
7083.49
7060.6
7137.03
7213.44
7170.7
7312.85
7489.2
7677.73
7736.07
7703.1
7575.15
7268.06
7573.26
7341.65
7227.45
7840.31
7252.4
7866.52
7276.63
7630.71
7331.73
7773.31
7830.35
7832.22
7742.53
7380.32
7222.08
7245.13
6833.42
7106.01
6947.06
7046.57
6979.81
7198.85
6964.01
7093.42
7404.61
7630.26
7877.19
8069.81
8098.16
8516.02
8738.72
8724.13
8465.77
8144.16
8144.02
7927.49
8035.2
8001.57
7670.37
7773.92
7458.99
7641.77
7906.6
7500.79
7838.22
8059.65
8039.45
8084.88
8043.71
7739.86
7816.44
7918.53
8256.28
7993.09
7532.9
6923.41
6304.53
6197.84
6785.94
6826.61
6864.87
6894.23
6734.99
6839.59
7152.88
7086.86
7035.76
6923.6
6872.97
6721.08
6245.18
6223.37
5715.92
5457.82
5799.24
5860.99
5984.26
5672.7
6312.03
6430.58
6514.72
6588.28
6627.43
6661.44
6543.39
6495.15
5572.09
6209.71
6318.61
6646.55
6623.01
6554.04
6369.28
6526.62
6407.52
6607.13
6701.36
6749.28
6729.53
6693.83
6398.77
6593.8
6586.01
6470.74
6446.31
6529.99
6061.8
5989.27
6181.06
6742.97
6642.27
6890.94
6508.21
