1941.41
2135.27
2086.18
1669.13
1395.79
1592.74
2141.77
2092.0
1974.69
1487.34
1363.32
1115.78
1448.49
1865.11
2088.95
1570.2
1816.47
1593.6
1562.65
1535.65
1787.25
1966.29
1433.11
1253.61
997.5
1024.55
1195.37
1288.11
1221.11
1201.92
1125.06
1058.14
1080.37
1070.06
1050.04
1105.06
1038.07
1008.64
1050.98
1098.29
1235.3
1169.57
1125.16
1321.26
1333.71
1410.42
1518.55
1500.1
1833.57
1992.46
1856.43
1447.05
1425.16
1439.05
1484.46
1967.28
1529.65
1846.9
1406.59
1410.33
1809.54
1606.04
1688.32
1564.47
1386.25
1879.87
1416.09
1435.88
1386.31
1470.53
1321.26
1964.31
1653.95
1982.93
1895.25
1973.44
2007.12
2458.65
2305.64
2432.89
2194.84
2143.52
2329.44
3229.6
3455.24
3290.68
3294.08
3266.62
3245.26
3271.99
3005.01
2969.83
3097.92
3079.99
3369.14
3597.92
4215.21
3830.49
4129.54
3593.41
3190.12
2976.85
2883.21
2852.93
2722.95
2415.25
2388.33
1945.82
2025.58
1396.1
2137.59
2189.77
2310.15
2795.3
2829.02
2542.69
2584.21
2721.78
2835.11
2825.89
2686.52
2612.89
2908.24
3186.77
3078.91
3315.26
3547.35
3426.45
3617.29
3865.83
3774.81
4111.99
4002.88
3682.73
3784.23
4341.74
4286.46
4397.08
4715.64
4550.53
4938.61
4290.59
5062.44
5300.24
5308.52
5219.08
4351.63
5298.72
3626.88
4326.76
4260.41
4366.59
5110.86
5228.84
5408.52
5572.09
6061.8
6526.62
6623.01
6693.83
6508.21
6646.55
6165.35
6742.97
6369.28
6543.39
6430.58
5930.17
5860.99
6529.99
6701.36
6593.8
6446.31
6734.99
7041.27
6923.41
7093.42
7222.08
7086.86
7213.44
7227.45
7489.2
7532.9
7573.26
7276.63
7198.85
7252.4
7170.7
7227.96
7331.73
7341.65
7641.77
7500.79
7630.26
7677.73
7840.31
8059.65
8256.28
8069.81
8035.2
7993.09
8001.57
8098.16
7575.15
7832.22
7380.32
7312.85
7703.1
7927.49
7736.07
8465.77
7906.6
8043.71
8084.88
8724.13
8144.16
8738.72
8516.02
8144.02
8039.45
7918.53
7877.19
7816.44
7773.31
7830.35
7136.1
7152.88
7245.13
7458.99
7866.52
7670.37
7742.53
7773.92
7630.71
7739.86
7838.22
7404.61
7268.06
7137.03
7197.5
7046.57
6470.74
6749.28
5783.15
5672.7
5944.87
5715.92
5457.82
5799.24
5989.27
6015.3
6729.53
6607.13
6588.28
6586.01
6495.15
6197.84
6206.24
6318.61
6672.69
6947.06
7106.01
7009.56
7060.6
6923.6
7083.49
6919.59
6894.23
6864.87
6890.94
6814.76
6763.38
6721.08
6335.56
6514.72
6979.81
7035.76
6964.01
6833.42
6861.31
6839.59
6642.27
6826.61
6627.43
6407.52
6312.03
6209.71
6304.53
6398.77
6181.06
6710.4
6785.94
6872.97
6554.04
6223.37
6245.18
6661.44
6712.21
6742.89
5984.26
