2025.58
1688.32
1448.49
1470.53
1406.59
1235.3
1410.42
1562.65
1535.65
1484.46
1447.05
1221.11
1396.1
1321.26
1416.09
1395.79
1363.32
1333.71
1253.61
1125.16
1169.57
1125.06
1195.37
1386.25
1386.31
1425.16
1593.6
1410.33
1500.1
1518.55
1321.26
1288.11
1105.06
1098.29
1050.04
1008.64
1050.98
997.5
1038.07
1070.06
1080.37
1024.55
1058.14
1115.78
1201.92
1435.88
1487.34
1439.05
1564.47
1856.43
1973.44
2135.27
2086.18
1982.93
1992.46
2721.78
2969.83
2388.33
1967.28
1974.69
2143.52
1879.87
1816.47
1529.65
1433.11
1592.74
1809.54
2189.77
1895.25
1945.82
1964.31
1833.57
1865.11
2829.02
2194.84
2542.69
2141.77
2835.11
2310.15
2432.89
2007.12
3097.92
2305.64
2722.95
3186.77
2092.0
2908.24
2458.65
3079.99
3271.99
3369.14
3190.12
3266.62
3229.6
3426.45
3593.41
3617.29
3290.68
3005.01
2329.44
1606.04
1653.95
1787.25
2795.3
3245.26
3597.92
3315.26
3078.91
2088.95
1846.9
1941.41
2137.59
2584.21
2883.21
3294.08
2612.89
1669.13
1570.2
2415.25
2825.89
2852.93
1966.29
2686.52
2976.85
3455.24
3547.35
3830.49
3682.73
3865.83
4111.99
3784.23
3626.88
4215.21
3774.81
4129.54
4002.88
4286.46
4290.59
4260.41
4326.76
4351.63
4341.74
4366.59
4550.53
4397.08
5219.08
5298.72
5308.52
5300.24
5062.44
4938.61
5110.86
4715.64
5228.84
5408.52
5989.27
6607.13
6923.41
7227.45
7245.13
7137.03
6826.61
6642.27
6526.62
6206.24
6015.3
6197.84
6369.28
5672.7
6304.53
6729.53
6979.81
7093.42
7213.44
7041.27
6964.01
6864.87
7009.56
7035.76
7106.01
6593.8
6919.59
6470.74
6712.21
6785.94
7575.15
7532.9
7152.88
6923.6
7276.63
7830.35
7489.2
8098.16
7993.09
7832.22
7703.1
7739.86
7773.31
7312.85
7198.85
7838.22
7060.6
7252.4
7136.1
7341.65
7380.32
7268.06
7331.73
7222.08
7086.86
7227.96
7573.26
7773.92
7906.6
8256.28
8039.45
8516.02
8738.72
8084.88
8001.57
8043.71
7630.26
7742.53
7927.49
8144.02
7500.79
8035.2
7866.52
7877.19
8724.13
7736.07
7630.71
7641.77
7816.44
7918.53
8069.81
8465.77
8144.16
8059.65
7840.31
7677.73
7670.37
7404.61
7046.57
6833.42
6947.06
6749.28
6742.97
6814.76
6710.4
6861.31
7458.99
7083.49
7170.7
6890.94
6839.59
6672.69
6588.28
6508.21
6407.52
6318.61
6312.03
6398.77
6430.58
6181.06
6627.43
6646.55
6701.36
6543.39
6661.44
6734.99
6742.89
6693.83
6514.72
6223.37
6335.56
6209.71
6061.8
5930.17
5799.24
5715.92
5783.15
5572.09
5860.99
5457.82
5944.87
5984.26
6245.18
6446.31
6623.01
6763.38
6894.23
7197.5
6872.97
6721.08
6529.99
6586.01
6165.35
6554.04
6495.15
