1487.34
1592.74
1529.65
1846.9
1606.04
1879.87
2137.59
2458.65
1865.11
1593.6
1816.47
1833.57
1688.32
1562.65
1945.82
1410.33
1447.05
1448.49
1406.59
1253.61
1125.16
1105.06
1080.37
1070.06
1058.14
1195.37
1321.26
1169.57
1333.71
1386.25
1395.79
1115.78
1363.32
1221.11
1201.92
1038.07
1008.64
997.5
1050.98
1321.26
1439.05
1470.53
1425.16
1416.09
1288.11
1024.55
1098.29
1050.04
1125.06
1235.3
1435.88
1433.11
1396.1
1386.31
1410.42
1535.65
1895.25
1809.54
2007.12
1484.46
1518.55
1982.93
2088.95
1967.28
1787.25
1564.47
1570.2
1669.13
1653.95
1964.31
1500.1
1856.43
2415.25
2141.77
2143.52
1973.44
1966.29
2092.0
1941.41
2025.58
2829.02
1974.69
1992.46
2086.18
2135.27
2329.44
2305.64
2388.33
2432.89
2825.89
2194.84
2584.21
2189.77
2310.15
2795.3
2852.93
3271.99
3229.6
3186.77
3190.12
2612.89
3097.92
3369.14
3455.24
3266.62
2686.52
3079.99
2542.69
2976.85
2908.24
2835.11
2722.95
2721.78
2969.83
2883.21
3005.01
3078.91
3245.26
3294.08
3593.41
3682.73
3290.68
3315.26
3547.35
3426.45
3617.29
3626.88
3597.92
3784.23
4286.46
4938.61
5110.86
5228.84
4715.64
4397.08
4351.63
4366.59
3865.83
4290.59
3830.49
4002.88
3774.81
4111.99
4260.41
4215.21
4129.54
4326.76
4341.74
4550.53
5219.08
5298.72
5062.44
5300.24
5308.52
5783.15
5860.99
5944.87
6407.52
6661.44
6749.28
6734.99
6607.13
6495.15
6543.39
6470.74
6642.27
6710.4
6586.01
6206.24
6693.83
6742.89
6814.76
6861.31
6947.06
7093.42
7086.86
7227.45
7500.79
7832.22
7816.44
7840.31
8043.71
7906.6
7742.53
7227.96
6923.6
7136.1
7009.56
6923.41
7170.7
7035.76
7198.85
7197.5
6979.81
7276.63
7341.65
7670.37
7918.53
7927.49
8144.02
8039.45
8001.57
7575.15
6894.23
6721.08
7137.03
6712.21
6872.97
7630.26
7106.01
8059.65
7641.77
7739.86
7331.73
7532.9
7573.26
7830.35
7838.22
7773.92
7630.71
7380.32
7213.44
7041.27
7222.08
7245.13
7152.88
7404.61
7866.52
8069.81
8098.16
8144.16
8465.77
8738.72
8724.13
8256.28
8516.02
8035.2
7773.31
7677.73
7268.06
6890.94
6701.36
6514.72
5715.92
5799.24
5672.7
5457.82
5408.52
5572.09
5930.17
6165.35
6369.28
6588.28
6304.53
6430.58
6554.04
6742.97
6729.53
7060.6
7083.49
7736.07
7458.99
7046.57
6964.01
7252.4
7877.19
8084.88
7993.09
7703.1
7489.2
6919.59
7312.85
6864.87
6839.59
6785.94
6833.42
6826.61
6763.38
6672.69
6646.55
6623.01
6627.43
6593.8
6508.21
6318.61
6245.18
5989.27
6061.8
6197.84
6209.71
6526.62
6529.99
6446.31
6223.37
5984.26
6181.06
6312.03
6335.56
6398.77
6015.3
