2686.52
2721.78
1879.87
1964.31
1570.2
1125.16
1070.06
1484.46
1669.13
1592.74
1529.65
1688.32
1447.05
1562.65
1333.71
1321.26
1050.04
1058.14
1386.31
1435.88
1470.53
1425.16
1433.11
1396.1
1098.29
1221.11
1386.25
1115.78
1253.61
1410.33
1416.09
1395.79
1105.06
1080.37
1439.05
1448.49
1235.3
1201.92
1288.11
1008.64
1024.55
997.5
1321.26
1195.37
1487.34
1410.42
1406.59
1169.57
1500.1
1809.54
1606.04
1941.41
1895.25
1833.57
1865.11
1653.95
1518.55
1125.06
1038.07
1050.98
1363.32
1535.65
1787.25
1564.47
1974.69
1945.82
1846.9
1967.28
2086.18
1992.46
2143.52
2305.64
2825.89
2795.3
3005.01
3078.91
3186.77
2722.95
2835.11
2969.83
2092.0
2088.95
1966.29
1593.6
1856.43
1816.47
2137.59
2458.65
2584.21
2976.85
2883.21
2852.93
2908.24
3315.26
2829.02
3271.99
3079.99
3426.45
3455.24
3229.6
3266.62
3097.92
2329.44
2432.89
1973.44
2194.84
2388.33
2189.77
2415.25
1982.93
2141.77
2135.27
2007.12
2025.58
2310.15
2542.69
2612.89
3593.41
3369.14
3547.35
3294.08
3245.26
3190.12
3290.68
3597.92
3617.29
3626.88
4129.54
4286.46
4366.59
4351.63
4397.08
4341.74
3865.83
3830.49
3784.23
4002.88
4290.59
4326.76
4215.21
3774.81
3682.73
4111.99
4260.41
4550.53
4938.61
5219.08
4715.64
5110.86
5298.72
5572.09
5457.82
5300.24
5062.44
5228.84
5308.52
5408.52
5799.24
6312.03
7009.56
7197.5
6979.81
6607.13
6398.77
6318.61
6627.43
6919.59
6785.94
6495.15
7268.06
7106.01
7046.57
6710.4
6197.84
6693.83
6964.01
6872.97
7222.08
7035.76
7083.49
7093.42
6861.31
7137.03
7245.13
7641.77
7840.31
7838.22
7918.53
7630.71
7331.73
7489.2
7458.99
7677.73
7832.22
8001.57
8098.16
7877.19
7906.6
7830.35
7739.86
7060.6
7380.32
6839.59
6514.72
6712.21
6947.06
7312.85
7630.26
7404.61
7703.1
7670.37
7575.15
7500.79
7742.53
7773.92
7927.49
8724.13
8738.72
8144.02
7276.63
8039.45
7136.1
8035.2
8256.28
8059.65
7532.9
7227.96
7573.26
8069.81
8516.02
7736.07
8144.16
7773.31
8465.77
7816.44
7993.09
8084.88
8043.71
7866.52
7252.4
6833.42
6526.62
6407.52
6209.71
6223.37
5984.26
5930.17
5860.99
5715.92
5783.15
6015.3
6734.99
6642.27
6206.24
6814.76
6826.61
7170.7
7341.65
6923.41
6742.97
6890.94
6923.6
6864.87
6661.44
6894.23
7198.85
7152.88
7086.86
7041.27
6586.01
6529.99
6304.53
6165.35
6430.58
6721.08
6672.69
6623.01
6729.53
6181.06
6369.28
6245.18
6742.89
6470.74
6588.28
6749.28
6554.04
6543.39
6701.36
6593.8
6646.55
6763.38
7227.45
7213.44
6508.21
5989.27
6446.31
6061.8
5944.87
6335.56
5672.7
