1879.87
2305.64
1865.11
1562.65
1169.57
1201.92
1288.11
1410.33
1816.47
1967.28
1535.65
1416.09
1653.95
2025.58
1809.54
1606.04
1669.13
1833.57
1470.53
1448.49
1396.1
1406.59
1125.06
1321.26
1487.34
1433.11
1518.55
1435.88
1425.16
1529.65
1321.26
1115.78
1024.55
997.5
1008.64
1058.14
1070.06
1098.29
1235.3
1395.79
1484.46
1195.37
1386.25
1221.11
1105.06
1050.98
1038.07
1050.04
1080.37
1125.16
1333.71
1363.32
1253.61
1410.42
1593.6
1787.25
2086.18
2007.12
1966.29
1447.05
1945.82
1500.1
1592.74
1386.31
1439.05
1974.69
1895.25
1973.44
2135.27
1992.46
1964.31
2141.77
2415.25
2143.52
2194.84
2388.33
2137.59
2088.95
2092.0
1941.41
1688.32
1564.47
1570.2
1846.9
1982.93
1856.43
2189.77
2329.44
2721.78
3078.91
2908.24
2976.85
3190.12
3290.68
3315.26
3294.08
3455.24
3229.6
2883.21
2852.93
2310.15
2432.89
2458.65
2686.52
2829.02
2825.89
2542.69
2612.89
2722.95
2584.21
3005.01
2835.11
2795.3
3079.99
3097.92
3245.26
2969.83
3186.77
3369.14
3547.35
4002.88
4286.46
3774.81
5298.72
3617.29
4260.41
4550.53
3865.83
4351.63
5062.44
4290.59
4215.21
3626.88
3271.99
3597.92
3682.73
4111.99
4366.59
3593.41
3266.62
3426.45
4129.54
4938.61
3830.49
3784.23
4326.76
4715.64
4397.08
4341.74
5110.86
5308.52
5228.84
5219.08
5300.24
5408.52
5457.82
6061.8
6304.53
6446.31
6526.62
6593.8
6495.15
6223.37
6197.84
5989.27
6015.3
5984.26
5944.87
5672.7
5715.92
6181.06
6554.04
6710.4
6742.97
6919.59
6646.55
6964.01
7312.85
7630.71
7489.2
7838.22
7630.26
7500.79
7573.26
7222.08
7816.44
7840.31
8069.81
8516.02
8256.28
8084.88
8039.45
7877.19
8001.57
7773.92
7866.52
7245.13
7742.53
8098.16
8144.02
7832.22
8465.77
7906.6
7404.61
7830.35
7641.77
7703.1
7927.49
8059.65
8043.71
7739.86
7773.31
7532.9
7035.76
7213.44
7918.53
8724.13
8738.72
8035.2
8144.16
7993.09
7736.07
7670.37
7106.01
7252.4
7458.99
7137.03
7575.15
7170.7
7677.73
7227.96
7341.65
7227.45
7380.32
7197.5
7331.73
7083.49
7136.1
7276.63
7268.06
7198.85
6947.06
6721.08
6398.77
6335.56
6407.52
6312.03
5572.09
5860.99
5930.17
5799.24
6318.61
6672.69
6209.71
6588.28
6627.43
6861.31
6890.94
7009.56
6923.6
7046.57
7041.27
6923.41
6785.94
6623.01
6763.38
6742.89
6712.21
6749.28
6729.53
6826.61
6872.97
7060.6
7152.88
7093.42
6979.81
6839.59
6693.83
6642.27
6833.42
6661.44
6514.72
6864.87
6814.76
6607.13
6470.74
6245.18
6529.99
6369.28
6430.58
6734.99
6543.39
6508.21
6206.24
6165.35
6586.01
6894.23
7086.86
6701.36
5783.15
