1865.11
2852.93
2025.58
1974.69
1406.59
1386.25
1425.16
1363.32
1333.71
1410.42
1439.05
1529.65
1816.47
1992.46
1964.31
1500.1
1846.9
1856.43
1809.54
1487.34
1395.79
1321.26
1169.57
1125.16
1321.26
1235.3
1221.11
1253.61
1288.11
1195.37
1396.1
1080.37
1058.14
1050.04
1050.98
1070.06
1115.78
1201.92
1386.31
1448.49
1470.53
1125.06
1105.06
1024.55
997.5
1008.64
1038.07
1098.29
1416.09
2194.84
2141.77
1945.82
2086.18
1410.33
1967.28
1562.65
1592.74
1606.04
1593.6
1433.11
1518.55
1570.2
1669.13
1484.46
1447.05
1435.88
1535.65
2310.15
1653.95
1879.87
1895.25
2092.0
2143.52
2722.95
2612.89
2432.89
2415.25
2305.64
1941.41
2007.12
1833.57
1982.93
1973.44
2388.33
2686.52
2795.3
3078.91
3229.6
3426.45
3547.35
3315.26
3266.62
3079.99
3290.68
3369.14
3593.41
3784.23
3455.24
3190.12
2976.85
2829.02
2825.89
2883.21
3186.77
3005.01
2969.83
2721.78
2329.44
2189.77
1966.29
1564.47
1688.32
1787.25
2135.27
2137.59
2584.21
2542.69
2835.11
3097.92
3245.26
3271.99
2908.24
2088.95
2458.65
3617.29
3774.81
3294.08
3597.92
3626.88
3682.73
4351.63
4341.74
4290.59
3830.49
4002.88
4260.41
4286.46
4215.21
3865.83
4111.99
4326.76
4129.54
4397.08
4366.59
4550.53
4715.64
4938.61
5062.44
5219.08
5308.52
5110.86
5300.24
5783.15
5457.82
5930.17
5944.87
5672.7
5989.27
6209.71
5408.52
6015.3
6061.8
5572.09
6181.06
5984.26
6398.77
6586.01
6543.39
6672.69
6712.21
6710.4
6894.23
6919.59
7035.76
7083.49
6964.01
6923.6
6947.06
7198.85
7197.5
6763.38
7341.65
7736.07
7703.1
7404.61
7489.2
7641.77
7742.53
7630.71
7573.26
7670.37
7268.06
7245.13
7222.08
7060.6
6979.81
7046.57
7832.22
7838.22
8738.72
8465.77
7830.35
7575.15
7093.42
7106.01
7630.26
7532.9
7227.96
7136.1
7009.56
7170.7
7252.4
7458.99
7380.32
7773.31
7877.19
7906.6
7927.49
8256.28
8039.45
8043.71
8144.16
8001.57
8059.65
8098.16
7840.31
7816.44
8035.2
7866.52
7918.53
7773.92
8084.88
8069.81
8516.02
8724.13
8144.02
7993.09
7739.86
7677.73
7312.85
7137.03
6864.87
6734.99
6335.56
6369.28
6197.84
5228.84
5298.72
5715.92
6245.18
6642.27
6729.53
6742.97
6526.62
6593.8
6529.99
6514.72
6646.55
6701.36
6318.61
6785.94
6890.94
6826.61
7041.27
7213.44
7331.73
7500.79
7276.63
7227.45
7152.88
6623.01
7086.86
6721.08
6554.04
6304.53
6165.35
6223.37
6430.58
6508.21
6814.76
6833.42
6861.31
6839.59
6693.83
6627.43
6588.28
5860.99
6607.13
6742.89
6661.44
6923.41
6872.97
6749.28
6495.15
6206.24
6446.31
6312.03
6407.52
6470.74
5799.24
