1966.29
2141.77
2086.18
1895.25
1169.57
1115.78
1221.11
1416.09
1593.6
1964.31
1974.69
1562.65
1865.11
1856.43
1945.82
1529.65
1535.65
1439.05
1201.92
1363.32
1386.25
1235.3
1406.59
1410.42
1448.49
1470.53
1433.11
1395.79
1288.11
1447.05
1484.46
1809.54
1435.88
1396.1
1321.26
1195.37
1125.06
1024.55
1080.37
1050.98
1070.06
1008.64
997.5
1050.04
1038.07
1058.14
1105.06
1098.29
1125.16
1386.31
1425.16
1816.47
1688.32
1967.28
1973.44
1570.2
1846.9
1253.61
1321.26
1333.71
1941.41
1606.04
1653.95
1669.13
1564.47
1592.74
1487.34
1787.25
1410.33
1518.55
1500.1
1879.87
2025.58
2135.27
2189.77
2329.44
2721.78
3294.08
3186.77
3426.45
2852.93
3078.91
3290.68
3266.62
3597.92
3547.35
3455.24
3593.41
3774.81
3626.88
3682.73
3097.92
2969.83
3271.99
3229.6
2795.3
3190.12
3245.26
3005.01
3315.26
2976.85
3369.14
2305.64
2542.69
2829.02
2686.52
2835.11
2908.24
2825.89
2883.21
2612.89
2584.21
2432.89
2458.65
2415.25
2388.33
2310.15
2137.59
1992.46
2092.0
1982.93
2088.95
1833.57
2143.52
2007.12
2194.84
2722.95
3079.99
3617.29
3784.23
4111.99
4129.54
3865.83
3830.49
4002.88
4286.46
4341.74
4326.76
4397.08
4366.59
4290.59
4215.21
4260.41
4550.53
5062.44
5228.84
5298.72
5110.86
4715.64
4351.63
4938.61
5219.08
5715.92
5408.52
5930.17
5457.82
6312.03
7213.44
7312.85
7197.5
7677.73
6964.01
7046.57
6839.59
6749.28
6742.97
6712.21
6470.74
5799.24
5572.09
5308.52
5300.24
5672.7
5860.99
5984.26
6446.31
6864.87
6729.53
6979.81
6894.23
6814.76
7060.6
6947.06
7152.88
7222.08
7086.86
7276.63
7575.15
7198.85
7773.31
7670.37
8035.2
7840.31
7927.49
7773.92
8084.88
8069.81
8256.28
8144.16
8059.65
7573.26
7500.79
7227.96
7268.06
7252.4
7331.73
7170.7
7404.61
7380.32
7489.2
7703.1
7838.22
7866.52
8039.45
8043.71
8098.16
8465.77
8738.72
8516.02
7832.22
8724.13
7739.86
7742.53
8144.02
7736.07
7877.19
7906.6
8001.57
7830.35
7641.77
7458.99
7341.65
7532.9
7630.26
7993.09
7918.53
7816.44
7630.71
7245.13
7137.03
7093.42
6785.94
6923.41
6398.77
6593.8
6588.28
6165.35
5989.27
6197.84
6015.3
6763.38
6890.94
6919.59
6923.6
7035.76
6833.42
7083.49
7041.27
6872.97
6693.83
6701.36
6826.61
6586.01
7009.56
7106.01
7227.45
7136.1
6861.31
6646.55
6623.01
6061.8
6721.08
6627.43
6742.89
6710.4
6734.99
6661.44
6514.72
6430.58
6369.28
6304.53
6181.06
6245.18
6607.13
6672.69
6642.27
6209.71
6543.39
6318.61
5944.87
6206.24
6223.37
6554.04
6495.15
6407.52
6529.99
6335.56
6526.62
6508.21
5783.15
