1253.61
1879.87
1973.44
1593.6
1570.2
1410.33
1395.79
1396.1
1321.26
1410.42
1564.47
1487.34
1945.82
1518.55
1425.16
1439.05
1535.65
1669.13
1856.43
1833.57
1653.95
1606.04
1386.25
1333.71
1125.06
1221.11
1169.57
1050.04
1058.14
1050.98
1008.64
1024.55
1195.37
997.5
1115.78
1070.06
1038.07
1125.16
1080.37
1235.3
1288.11
1386.31
1416.09
1435.88
1321.26
1201.92
1098.29
1105.06
1448.49
2141.77
2310.15
1484.46
1562.65
1363.32
1433.11
1500.1
1447.05
1406.59
1529.65
1809.54
2025.58
1967.28
2092.0
1966.29
1982.93
2086.18
1941.41
1688.32
1787.25
1865.11
1592.74
1846.9
1470.53
1992.46
1974.69
2415.25
2825.89
2976.85
2829.02
2584.21
2432.89
2007.12
1895.25
1816.47
2137.59
2194.84
2722.95
2835.11
2852.93
3245.26
2969.83
2721.78
2458.65
2612.89
3078.91
3229.6
3271.99
3097.92
3290.68
2908.24
3005.01
3186.77
3079.99
3266.62
2883.21
2795.3
2329.44
2305.64
2189.77
1964.31
2135.27
2088.95
2143.52
2388.33
2686.52
2542.69
3190.12
3294.08
3426.45
3547.35
3315.26
3369.14
3455.24
3774.81
4002.88
4260.41
4341.74
4290.59
4550.53
4715.64
4111.99
4351.63
5062.44
3593.41
5228.84
5298.72
4397.08
4129.54
3830.49
3865.83
4326.76
3597.92
3617.29
4286.46
3784.23
4938.61
5308.52
3626.88
4215.21
3682.73
4366.59
5110.86
5219.08
5300.24
5408.52
5457.82
5799.24
5672.7
5860.99
5715.92
5930.17
6015.3
6165.35
5984.26
6407.52
6508.21
6763.38
6627.43
6398.77
5783.15
6593.8
6369.28
6661.44
6833.42
6979.81
7152.88
7670.37
7736.07
7742.53
7532.9
7630.71
7197.5
7877.19
7838.22
7276.63
7866.52
7918.53
7906.6
7739.86
7840.31
7458.99
7773.31
7832.22
7927.49
8001.57
8069.81
8084.88
8144.02
8465.77
8724.13
8516.02
8738.72
8256.28
8144.16
8098.16
8059.65
6872.97
7060.6
7009.56
7816.44
7268.06
7093.42
7198.85
7136.1
7575.15
7573.26
8039.45
8043.71
8035.2
7993.09
7830.35
7404.61
7086.86
7489.2
7312.85
7341.65
7227.96
7245.13
7213.44
7222.08
7106.01
7380.32
7500.79
7677.73
7641.77
7703.1
7773.92
7137.03
7046.57
6947.06
6923.6
6864.87
6919.59
6623.01
6554.04
6495.15
6672.69
6181.06
6318.61
6514.72
6710.4
6890.94
7083.49
6839.59
6923.41
6785.94
6729.53
6861.31
7035.76
6814.76
7041.27
7170.7
7630.26
7227.45
7331.73
7252.4
6964.01
6894.23
6712.21
6446.31
6206.24
5944.87
6061.8
6209.71
6335.56
6607.13
6588.28
6586.01
6701.36
6693.83
6742.89
6470.74
6742.97
6721.08
6749.28
6646.55
6312.03
6223.37
6197.84
5989.27
6642.27
6826.61
6734.99
6430.58
6543.39
6529.99
6526.62
6245.18
6304.53
5572.09
