2189.77
1846.9
1321.26
1856.43
2329.44
2007.12
1787.25
1518.55
1535.65
1253.61
1235.3
1195.37
1439.05
1484.46
1470.53
1396.1
1386.31
1433.11
1416.09
1447.05
1500.1
1386.25
1562.65
1592.74
1410.33
1098.29
1321.26
1115.78
1425.16
1435.88
1221.11
1050.98
1050.04
1125.06
1410.42
1406.59
1169.57
1024.55
1038.07
997.5
1008.64
1105.06
1058.14
1070.06
1201.92
1288.11
1487.34
1333.71
1363.32
1448.49
1570.2
1653.95
1816.47
1606.04
1593.6
1809.54
2135.27
1688.32
1973.44
1941.41
2088.95
2584.21
2542.69
2795.3
2415.25
2305.64
1966.29
1945.82
1564.47
1529.65
1080.37
1125.16
1395.79
1669.13
1879.87
2194.84
2388.33
2969.83
3078.91
3271.99
3186.77
2852.93
2908.24
3005.01
3190.12
3266.62
3290.68
2722.95
2835.11
2976.85
3229.6
3593.41
3245.26
3597.92
3547.35
3369.14
3426.45
3315.26
3294.08
3097.92
2825.89
2612.89
2458.65
2143.52
2086.18
2025.58
1865.11
1833.57
1974.69
1895.25
1982.93
1967.28
1992.46
2092.0
2137.59
2432.89
1964.31
2310.15
2141.77
2721.78
2829.02
2686.52
2883.21
3079.99
3455.24
3682.73
3784.23
3626.88
3617.29
3774.81
4290.59
3865.83
4129.54
3830.49
4002.88
4260.41
4111.99
4286.46
4215.21
4341.74
4326.76
4550.53
5062.44
4938.61
5228.84
5219.08
5298.72
5110.86
4397.08
4366.59
4351.63
4715.64
5300.24
5308.52
6015.3
6470.74
6712.21
7035.76
7227.45
6833.42
6923.6
6593.8
6398.77
6508.21
6304.53
6495.15
6623.01
6245.18
5860.99
5984.26
6312.03
6588.28
6586.01
6607.13
6729.53
6861.31
6894.23
6785.94
7136.1
7197.5
7170.7
7227.96
7245.13
7341.65
7137.03
7268.06
7532.9
7575.15
7773.31
8035.2
7927.49
7816.44
7500.79
7703.1
7198.85
7630.71
7641.77
8724.13
8084.88
8144.16
8144.02
7677.73
7380.32
7060.6
7222.08
7670.37
7276.63
7489.2
7840.31
7252.4
7742.53
8039.45
8059.65
8098.16
8256.28
8465.77
8516.02
8738.72
8043.71
7993.09
7832.22
7312.85
7630.26
7213.44
7331.73
6749.28
6947.06
6826.61
6710.4
7736.07
7458.99
7573.26
7838.22
7830.35
7906.6
7866.52
7918.53
8001.57
8069.81
7877.19
7773.92
7739.86
7404.61
6742.89
7046.57
7086.86
7152.88
6763.38
6734.99
6554.04
6543.39
6627.43
6839.59
6919.59
6979.81
6890.94
6923.41
6814.76
6872.97
6661.44
7009.56
7106.01
6864.87
6964.01
6701.36
7093.42
7083.49
7041.27
6742.97
6646.55
6514.72
6672.69
6318.61
5944.87
5672.7
6369.28
6529.99
6642.27
6335.56
5799.24
5408.52
5572.09
6165.35
6197.84
5457.82
6223.37
5783.15
5715.92
6061.8
5930.17
6206.24
6181.06
5989.27
6430.58
6209.71
6721.08
6693.83
6526.62
6407.52
6446.31
