2329.44
3271.99
2086.18
1606.04
1253.61
1333.71
1484.46
1562.65
1416.09
1169.57
1125.06
1195.37
1221.11
2721.78
1447.05
1487.34
1235.3
1448.49
1395.79
1321.26
1439.05
1406.59
1410.42
1363.32
1201.92
1518.55
1653.95
1500.1
1564.47
1425.16
1288.11
1115.78
1008.64
997.5
1024.55
1105.06
1050.04
1038.07
1070.06
1080.37
1050.98
1058.14
1098.29
1125.16
1386.25
1321.26
1435.88
1410.33
1386.31
1529.65
1809.54
1396.1
1593.6
1433.11
1973.44
2025.58
1974.69
1816.47
1992.46
1669.13
1856.43
1967.28
1941.41
1945.82
1787.25
1964.31
1895.25
1592.74
1570.2
1470.53
1535.65
1688.32
1833.57
1966.29
2143.52
2007.12
2612.89
3315.26
3245.26
3097.92
2458.65
2088.95
1982.93
2305.64
3005.01
3186.77
2969.83
2795.3
3079.99
3078.91
2835.11
3266.62
3426.45
3455.24
3229.6
2584.21
2189.77
2388.33
2976.85
2722.95
2883.21
2825.89
2141.77
1879.87
1865.11
2135.27
1846.9
2194.84
2415.25
2686.52
2829.02
2852.93
2310.15
2432.89
2137.59
2542.69
2092.0
2908.24
3190.12
3369.14
3294.08
3290.68
3593.41
3547.35
3597.92
3626.88
3617.29
3784.23
3774.81
4002.88
3682.73
3865.83
4111.99
3830.49
4215.21
4366.59
4129.54
4326.76
4260.41
4290.59
4341.74
4286.46
4351.63
4397.08
4715.64
5062.44
4938.61
4550.53
5219.08
5110.86
5228.84
5298.72
5308.52
5408.52
5715.92
6245.18
6206.24
6554.04
6839.59
6947.06
7093.42
7198.85
7046.57
7086.86
6763.38
6919.59
6742.97
6586.01
6369.28
6529.99
6864.87
6312.03
6979.81
6890.94
6964.01
7152.88
7268.06
7458.99
7641.77
7832.22
7742.53
7252.4
7532.9
7739.86
7213.44
7773.92
8059.65
7773.31
7736.07
7816.44
7312.85
7341.65
7670.37
7877.19
7830.35
7927.49
8001.57
8043.71
8039.45
8084.88
7575.15
7227.45
7041.27
6209.71
6165.35
6710.4
6923.41
7170.7
7197.5
7276.63
7380.32
7866.52
7630.26
8098.16
8144.16
8465.77
8738.72
8724.13
8516.02
8256.28
8144.02
8035.2
7906.6
7838.22
7677.73
7489.2
7703.1
7573.26
7331.73
8069.81
7630.71
7404.61
7245.13
7918.53
7136.1
7222.08
7137.03
7083.49
7227.96
7993.09
7840.31
7500.79
7060.6
6729.53
6223.37
6318.61
6607.13
6543.39
6514.72
6646.55
6826.61
6701.36
6814.76
5984.26
6181.06
5860.99
6015.3
6335.56
6304.53
6526.62
6923.6
6712.21
6430.58
5930.17
5799.24
6398.77
5944.87
6197.84
6446.31
6495.15
6470.74
6407.52
6661.44
6642.27
6672.69
6734.99
6721.08
6833.42
6593.8
6627.43
6742.89
5989.27
5457.82
5783.15
5672.7
6508.21
6894.23
6693.83
6623.01
5300.24
5572.09
6588.28
7009.56
7035.76
6749.28
6785.94
6872.97
6861.31
7106.01
6061.8
