2310.15
2189.77
1967.28
1973.44
1487.34
1484.46
1439.05
1448.49
1564.47
1816.47
1606.04
1856.43
1941.41
1895.25
1518.55
1288.11
1433.11
1386.31
1425.16
1396.1
1410.42
1321.26
1169.57
1221.11
1125.16
1125.06
1201.92
1235.3
1321.26
1593.6
1570.2
1470.53
1333.71
1115.78
1050.04
1105.06
1038.07
1024.55
997.5
1050.98
1098.29
1008.64
1070.06
1058.14
1080.37
1195.37
1395.79
1386.25
1787.25
1253.61
2143.52
1535.65
1447.05
1410.33
1435.88
1833.57
1846.9
1945.82
1653.95
1529.65
1406.59
1363.32
1416.09
1592.74
1669.13
1562.65
1964.31
1688.32
1879.87
1865.11
1809.54
2137.59
2329.44
2686.52
3078.91
2883.21
2432.89
2829.02
2721.78
2795.3
2612.89
2415.25
2458.65
2584.21
2969.83
2976.85
3005.01
3290.68
3271.99
3294.08
3774.81
3597.92
3547.35
3784.23
3593.41
3455.24
3682.73
3315.26
3617.29
3369.14
3097.92
3266.62
2908.24
3190.12
2825.89
2305.64
1500.1
2007.12
1966.29
2086.18
2092.0
2088.95
1974.69
1982.93
2194.84
1992.46
2025.58
2141.77
2388.33
2135.27
2852.93
2542.69
2722.95
3079.99
2835.11
3229.6
3186.77
3245.26
3426.45
3830.49
4111.99
4286.46
4290.59
3626.88
3865.83
4260.41
4341.74
4366.59
5062.44
4129.54
4215.21
4002.88
4326.76
4351.63
4550.53
5298.72
5219.08
4397.08
4715.64
5110.86
4938.61
5228.84
5300.24
5308.52
5457.82
5572.09
5799.24
6514.72
6623.01
6947.06
7268.06
7630.26
7458.99
7060.6
7041.27
7106.01
7035.76
6785.94
6693.83
5989.27
6470.74
6508.21
6588.28
6861.31
6335.56
7227.96
6710.4
6814.76
6979.81
7083.49
7009.56
7093.42
7252.4
7198.85
6833.42
6721.08
6826.61
6749.28
6839.59
7245.13
7197.5
7380.32
7276.63
7152.88
7341.65
7736.07
7489.2
7641.77
7670.37
7840.31
7773.31
7575.15
7213.44
6872.97
6894.23
6864.87
6919.59
7331.73
7573.26
7832.22
8256.28
8724.13
8738.72
8516.02
8144.16
7918.53
7838.22
7830.35
7866.52
8035.2
8059.65
7739.86
7532.9
8465.77
7500.79
7677.73
7630.71
7703.1
8001.57
8144.02
8084.88
8069.81
8039.45
7816.44
8043.71
7993.09
7927.49
7742.53
7906.6
8098.16
7877.19
7773.92
7404.61
6607.13
5860.99
5783.15
5672.7
5408.52
5715.92
6197.84
6712.21
7086.86
7170.7
6890.94
6763.38
6734.99
6923.6
7227.45
7312.85
7136.1
7222.08
7137.03
6923.41
6742.89
6672.69
6964.01
7046.57
6742.97
6627.43
6245.18
6061.8
6206.24
6407.52
6015.3
6165.35
6495.15
6529.99
6446.31
6304.53
6430.58
6318.61
6223.37
6369.28
6312.03
6398.77
6543.39
6181.06
6642.27
6526.62
6646.55
6586.01
6701.36
6661.44
6593.8
6209.71
5930.17
5984.26
6554.04
6729.53
5944.87
