1487.34
1992.46
1386.31
1518.55
1592.74
1448.49
1833.57
1973.44
1500.1
1865.11
1562.65
1201.92
1386.25
1425.16
1433.11
1333.71
1195.37
1363.32
1410.42
1439.05
1416.09
1070.06
1050.04
1221.11
1253.61
1406.59
1470.53
1410.33
1447.05
1321.26
1098.29
1038.07
1008.64
997.5
1050.98
1115.78
1169.57
1125.16
1288.11
1024.55
1058.14
1105.06
1321.26
1435.88
1395.79
1080.37
1125.06
1235.3
1396.1
1593.6
2189.77
2086.18
2088.95
2137.59
2141.77
2025.58
1982.93
1941.41
1846.9
1484.46
1964.31
1529.65
1879.87
1606.04
1564.47
1688.32
1945.82
1966.29
1669.13
1787.25
1535.65
1856.43
1816.47
1895.25
1653.95
1809.54
1974.69
2143.52
2305.64
2432.89
2542.69
2721.78
2584.21
2686.52
2829.02
2092.0
2310.15
2388.33
2612.89
2908.24
3005.01
2415.25
1570.2
1967.28
3315.26
3271.99
3290.68
3229.6
3190.12
3245.26
3097.92
3079.99
2835.11
3078.91
2852.93
2825.89
2722.95
2458.65
2795.3
2329.44
2194.84
2007.12
2135.27
2883.21
2969.83
2976.85
3186.77
3266.62
3294.08
3426.45
3369.14
3597.92
3626.88
3784.23
3774.81
3593.41
3455.24
3547.35
3617.29
3682.73
4111.99
3830.49
4290.59
4002.88
4260.41
4550.53
4366.59
4397.08
4351.63
4286.46
4341.74
3865.83
4129.54
4215.21
4326.76
4715.64
4938.61
5408.52
5062.44
5110.86
5300.24
5219.08
5298.72
5228.84
5572.09
5457.82
5860.99
6245.18
6312.03
6470.74
6979.81
6318.61
6593.8
6734.99
6304.53
6729.53
6712.21
5944.87
5715.92
5783.15
5930.17
6015.3
6209.71
6165.35
6514.72
6508.21
6923.41
7106.01
7213.44
7276.63
7500.79
7742.53
7832.22
7670.37
7773.92
7830.35
7838.22
7866.52
7816.44
7736.07
7993.09
7918.53
7739.86
8001.57
7877.19
8043.71
8069.81
8144.02
8098.16
8059.65
8039.45
8035.2
7906.6
7630.71
7404.61
7093.42
7009.56
7222.08
7198.85
7227.96
7458.99
7331.73
7532.9
7927.49
8084.88
8256.28
8516.02
8738.72
8724.13
8465.77
8144.16
7840.31
7630.26
7773.31
7197.5
6526.62
6495.15
6742.89
7268.06
7677.73
7489.2
7703.1
7641.77
7152.88
7245.13
7341.65
7312.85
7575.15
7573.26
7380.32
7227.45
7083.49
6890.94
6430.58
6785.94
6826.61
7086.86
6839.59
6833.42
6446.31
6814.76
6919.59
6642.27
6554.04
7252.4
6335.56
6947.06
6672.69
6721.08
6742.97
7046.57
7137.03
7136.1
6894.23
6861.31
6923.6
6964.01
6749.28
6693.83
6623.01
6369.28
6181.06
6206.24
5989.27
6223.37
6586.01
6627.43
6864.87
6872.97
6646.55
7035.76
7170.7
7060.6
7041.27
6763.38
6710.4
6398.77
6529.99
6701.36
6407.52
6588.28
6607.13
6661.44
5984.26
5799.24
6061.8
6543.39
6197.84
5672.7
5308.52
