2721.78
2969.83
1688.32
1895.25
3005.01
2829.02
1992.46
1593.6
1570.2
2135.27
1535.65
1321.26
1115.78
1447.05
1500.1
1484.46
1448.49
1395.79
1416.09
1406.59
1363.32
1169.57
1125.06
1080.37
1125.16
1221.11
1098.29
1070.06
1201.92
1386.31
1386.25
1410.42
1235.3
1195.37
1058.14
1050.04
1024.55
1008.64
1038.07
997.5
1050.98
1105.06
1253.61
1333.71
1396.1
1470.53
1433.11
1592.74
1439.05
1816.47
1865.11
2143.52
2686.52
2025.58
2305.64
1973.44
2137.59
1967.28
1809.54
1564.47
1833.57
1856.43
2310.15
1982.93
1653.95
1606.04
1669.13
1435.88
1410.33
1321.26
1288.11
1425.16
1487.34
1562.65
1518.55
1529.65
1846.9
1974.69
2189.77
2458.65
2612.89
2795.3
2432.89
2835.11
3682.73
3455.24
3593.41
3626.88
3597.92
3229.6
3547.35
3079.99
2415.25
2388.33
2976.85
2825.89
2722.95
2329.44
2852.93
2883.21
2542.69
1966.29
1787.25
1879.87
2092.0
2086.18
2194.84
2088.95
1964.31
1945.82
2141.77
2007.12
1941.41
2908.24
2584.21
3271.99
3078.91
3426.45
3369.14
3315.26
3294.08
3617.29
3190.12
3266.62
3097.92
3186.77
3245.26
3290.68
3774.81
4286.46
4397.08
5219.08
5298.72
4550.53
4715.64
4351.63
4215.21
4129.54
4260.41
3830.49
3865.83
4111.99
4002.88
3784.23
4290.59
4326.76
4341.74
4938.61
5062.44
5110.86
4366.59
5300.24
5228.84
5308.52
5860.99
5715.92
6588.28
7137.03
7106.01
6734.99
7739.86
6318.61
6642.27
5984.26
5799.24
5989.27
6335.56
6593.8
6627.43
6470.74
6197.84
6543.39
6526.62
6514.72
6701.36
7046.57
7575.15
7458.99
7736.07
7341.65
7641.77
7816.44
7993.09
7927.49
8039.45
8256.28
7906.6
7877.19
7742.53
7773.31
7830.35
7573.26
7380.32
7276.63
7152.88
7198.85
7060.6
7331.73
7404.61
7227.96
7213.44
7136.1
6814.76
6646.55
6890.94
6742.89
6826.61
6864.87
7083.49
7677.73
7630.71
7918.53
8043.71
8059.65
8144.02
8035.2
8724.13
8738.72
8516.02
8098.16
7773.92
7500.79
7227.45
7245.13
7086.86
6894.23
6763.38
6710.4
6923.41
7197.5
7703.1
7832.22
7866.52
8001.57
8069.81
8465.77
8084.88
7838.22
8144.16
7840.31
7670.37
7009.56
6623.01
6206.24
6586.01
6964.01
7222.08
7489.2
7312.85
6693.83
7093.42
7268.06
7532.9
7630.26
7252.4
6607.13
6672.69
6661.44
6729.53
6430.58
6015.3
5572.09
5783.15
5930.17
6529.99
6749.28
7035.76
7041.27
6947.06
6446.31
5457.82
5672.7
6223.37
6398.77
6923.6
6919.59
6712.21
6979.81
7170.7
6839.59
6742.97
6785.94
6861.31
6721.08
6407.52
6181.06
5944.87
6304.53
6312.03
6165.35
6495.15
6872.97
6833.42
6245.18
6061.8
6209.71
6554.04
6369.28
6508.21
5408.52
