1433.11
1865.11
2025.58
1974.69
1966.29
1941.41
1895.25
1833.57
1535.65
1562.65
1593.6
1809.54
1964.31
2143.52
2721.78
2976.85
2388.33
3097.92
2310.15
2137.59
2092.0
1973.44
1846.9
1653.95
1105.06
1529.65
1070.06
1080.37
1288.11
1410.33
1321.26
1235.3
1363.32
1201.92
1396.1
1439.05
1500.1
1592.74
1487.34
1425.16
1406.59
1058.14
1008.64
1050.04
1024.55
997.5
1125.06
1098.29
1221.11
1448.49
1253.61
1115.78
1050.98
1038.07
1386.25
1570.2
1410.42
1386.31
1333.71
1321.26
1169.57
1484.46
1816.47
1195.37
1125.16
1518.55
1879.87
1787.25
2086.18
2007.12
2189.77
2329.44
2305.64
2795.3
2908.24
1992.46
2825.89
2835.11
2415.25
2542.69
2852.93
2584.21
3079.99
3245.26
3315.26
3593.41
3294.08
3784.23
4111.99
4326.76
4290.59
4260.41
3830.49
4129.54
4286.46
3774.81
3626.88
3290.68
3369.14
3229.6
3186.77
3078.91
3190.12
2969.83
2458.65
2088.95
1669.13
1606.04
1470.53
1395.79
1435.88
1416.09
1447.05
1564.47
1688.32
1856.43
1945.82
1967.28
2135.27
2829.02
1982.93
2432.89
2194.84
2686.52
2141.77
2722.95
2612.89
2883.21
3005.01
3266.62
3271.99
3455.24
3547.35
3865.83
4341.74
4397.08
4366.59
4351.63
4002.88
3617.29
3597.92
3426.45
3682.73
4215.21
4550.53
4715.64
5110.86
4938.61
5298.72
5408.52
5300.24
5308.52
5672.7
5984.26
5930.17
6318.61
6514.72
6593.8
6642.27
6734.99
6919.59
7009.56
6872.97
7227.96
7041.27
7198.85
7086.86
6890.94
6864.87
6749.28
7060.6
6742.97
6814.76
6742.89
6785.94
6627.43
6839.59
7046.57
7489.2
7630.26
8059.65
8465.77
8039.45
7838.22
7404.61
7331.73
7137.03
7170.7
6947.06
6894.23
7136.1
6729.53
7083.49
6861.31
6923.41
7276.63
7106.01
7341.65
7458.99
7832.22
7575.15
7573.26
7312.85
7222.08
7152.88
7213.44
7268.06
7500.79
7703.1
7532.9
7927.49
7816.44
7773.92
7830.35
8256.28
8144.16
8724.13
8738.72
8516.02
7866.52
7677.73
7670.37
7736.07
8144.02
8043.71
7906.6
7773.31
7993.09
7918.53
7877.19
7742.53
8035.2
7630.71
7840.31
7245.13
8069.81
7641.77
7739.86
8001.57
8098.16
8084.88
7380.32
6712.21
6209.71
5989.27
6061.8
6407.52
6245.18
6508.21
6554.04
6623.01
6763.38
6701.36
6833.42
6826.61
7227.45
6923.6
7035.76
7252.4
6964.01
7197.5
7093.42
6979.81
6721.08
6646.55
6693.83
6672.69
6588.28
6661.44
6710.4
6607.13
6526.62
6304.53
5944.87
6181.06
6398.77
6369.28
6529.99
6430.58
6223.37
6543.39
6206.24
6495.15
6470.74
6335.56
6312.03
6015.3
5860.99
5799.24
5457.82
5572.09
5715.92
6165.35
5783.15
5062.44
5228.84
6446.31
6586.01
6197.84
5219.08
