1484.46
1846.9
1395.79
1518.55
1448.49
1439.05
1435.88
1592.74
1535.65
1529.65
1856.43
2086.18
2310.15
2458.65
2329.44
2025.58
1809.54
2092.0
1895.25
1653.95
1562.65
1416.09
1386.31
1669.13
1966.29
2686.52
2612.89
2088.95
1787.25
1500.1
1169.57
1098.29
1008.64
997.5
1050.04
1105.06
1080.37
1050.98
1024.55
1038.07
1070.06
1058.14
1125.16
1406.59
1221.11
1253.61
1288.11
1115.78
1125.06
1363.32
1425.16
1201.92
1487.34
1235.3
1195.37
1321.26
1386.25
1321.26
1593.6
1833.57
1974.69
1982.93
2432.89
1564.47
1945.82
2305.64
1941.41
1964.31
2143.52
2194.84
2007.12
2137.59
1816.47
2135.27
2141.77
2542.69
2722.95
2829.02
2795.3
3186.77
2835.11
3315.26
3593.41
3617.29
3455.24
3271.99
3229.6
3078.91
2852.93
3369.14
3547.35
2908.24
3290.68
3774.81
3865.83
4111.99
4002.88
3784.23
3626.88
3426.45
3266.62
3097.92
3079.99
3005.01
2883.21
2969.83
2388.33
1992.46
1879.87
1865.11
1967.28
1606.04
1688.32
1447.05
1333.71
1433.11
1470.53
1396.1
1410.33
1570.2
1410.42
1973.44
2584.21
2721.78
2415.25
2189.77
2825.89
2976.85
3245.26
3190.12
3294.08
3597.92
3682.73
3830.49
4129.54
4260.41
4215.21
4286.46
4290.59
4341.74
4366.59
4326.76
4351.63
4397.08
4715.64
5219.08
5228.84
4938.61
4550.53
5110.86
5300.24
5308.52
5298.72
5062.44
5408.52
5799.24
6495.15
6833.42
7341.65
7458.99
7532.9
7404.61
7252.4
6872.97
6749.28
6734.99
6588.28
6526.62
6446.31
6304.53
6318.61
6398.77
6701.36
6607.13
6814.76
6894.23
7041.27
7035.76
7213.44
7083.49
7312.85
7245.13
7136.1
7009.56
6861.31
7046.57
7152.88
7197.5
7093.42
7380.32
7703.1
7816.44
7993.09
7832.22
7773.31
8039.45
7641.77
8059.65
7736.07
7838.22
7276.63
7866.52
7739.86
7489.2
7575.15
7331.73
6964.01
7106.01
7227.96
8001.57
7137.03
6923.6
6923.41
7222.08
7877.19
7906.6
8256.28
8724.13
8738.72
8516.02
8465.77
8098.16
7742.53
7840.31
7830.35
7573.26
7918.53
7927.49
8084.88
8144.02
8069.81
8144.16
8035.2
8043.71
7677.73
7670.37
7500.79
7630.26
7773.92
7170.7
7630.71
7198.85
6979.81
6742.97
6712.21
6729.53
6763.38
6514.72
6623.01
6529.99
6693.83
6661.44
6646.55
6627.43
6742.89
6642.27
6672.69
6593.8
6710.4
6721.08
7060.6
7227.45
7086.86
6890.94
6826.61
6864.87
6919.59
7268.06
6947.06
6839.59
6543.39
6785.94
6554.04
6407.52
6369.28
6223.37
5989.27
6312.03
5984.26
5944.87
6061.8
6197.84
5930.17
6586.01
6508.21
6430.58
6206.24
6181.06
6470.74
5715.92
6245.18
6015.3
5672.7
5457.82
5572.09
5783.15
6165.35
6209.71
6335.56
5860.99
