3186.77
3229.6
2137.59
2143.52
1967.28
2007.12
1787.25
1570.2
1105.06
1098.29
1333.71
1386.25
1201.92
1535.65
1386.31
1321.26
1321.26
1593.6
1895.25
1416.09
1470.53
1435.88
1447.05
1564.47
1865.11
1529.65
1406.59
1221.11
1363.32
1288.11
1058.14
1050.04
1038.07
997.5
1024.55
1070.06
1115.78
1008.64
1050.98
1080.37
1125.06
1235.3
1253.61
1195.37
1410.42
1433.11
1816.47
1941.41
1973.44
2189.77
2458.65
2415.25
2135.27
1966.29
1964.31
1846.9
1653.95
1395.79
1856.43
1125.16
1518.55
1410.33
1484.46
1487.34
1562.65
1688.32
1606.04
1448.49
1396.1
1439.05
1169.57
1809.54
1425.16
1500.1
1945.82
1982.93
2584.21
2852.93
2432.89
2542.69
2329.44
2310.15
2721.78
2825.89
2883.21
3593.41
3290.68
3426.45
3078.91
2722.95
3190.12
2795.3
3369.14
3617.29
3547.35
3597.92
3455.24
3245.26
2969.83
2388.33
2092.0
2305.64
2086.18
2194.84
2686.52
2088.95
2141.77
1992.46
2025.58
1879.87
1833.57
1592.74
1669.13
1974.69
2612.89
3266.62
3271.99
3294.08
3079.99
2908.24
3005.01
3097.92
2835.11
2829.02
2976.85
3315.26
3784.23
3830.49
3774.81
3626.88
4111.99
4129.54
4002.88
3682.73
3865.83
4260.41
4286.46
4215.21
4326.76
4290.59
4938.61
4366.59
4715.64
5110.86
4397.08
5298.72
5062.44
4550.53
4341.74
4351.63
5219.08
5228.84
5300.24
5308.52
5944.87
5457.82
6586.01
6701.36
6642.27
6785.94
6826.61
6672.69
6839.59
6742.89
6693.83
6661.44
6588.28
6398.77
5783.15
5715.92
6197.84
6742.97
7268.06
7575.15
7198.85
6712.21
6729.53
7136.1
7773.31
7035.76
6543.39
6529.99
7170.7
7816.44
7739.86
6923.6
7093.42
7532.9
7252.4
7404.61
7276.63
7866.52
7742.53
7927.49
8035.2
8001.57
7830.35
7840.31
7703.1
7838.22
7736.07
7573.26
7245.13
7046.57
6947.06
7083.49
7197.5
7222.08
7380.32
7630.26
7906.6
7677.73
7993.09
8144.16
8059.65
8043.71
8084.88
8465.77
8256.28
7918.53
8724.13
7312.85
7086.86
7331.73
7009.56
6919.59
6833.42
6861.31
6979.81
6964.01
7773.92
7670.37
7832.22
8039.45
8069.81
8516.02
8738.72
8098.16
7877.19
7630.71
7227.45
7060.6
6749.28
6495.15
6554.04
6015.3
6061.8
6526.62
6470.74
6369.28
6763.38
7137.03
7458.99
7152.88
8144.02
6607.13
6710.4
6627.43
6312.03
5930.17
6245.18
6304.53
5989.27
6894.23
6890.94
7213.44
7489.2
7500.79
7641.77
7341.65
6923.41
6872.97
6623.01
6206.24
6593.8
6721.08
7041.27
7227.96
7106.01
6864.87
6407.52
6181.06
5860.99
6335.56
6508.21
6514.72
6446.31
6223.37
6209.71
5984.26
6734.99
6814.76
6646.55
6165.35
5672.7
6318.61
5799.24
5572.09
6430.58
5408.52
