2976.85
3190.12
2086.18
2388.33
2584.21
1570.2
1416.09
1406.59
1865.1100000000001
1982.9299999999998
1816.47
1470.53
1592.74
1435.88
1448.49
1653.95
1846.9
1879.87
1856.4299999999998
1562.65
1433.1100000000001
1395.79
1235.3
1288.1100000000001
1201.92
1098.29
1080.37
1050.04
1058.14
1125.06
1221.1100000000001
997.5
1070.06
1008.64
1024.55
1169.57
1105.06
1195.37
1125.16
1386.25
1439.05
1425.16
1447.05
1363.32
1115.78
1253.6100000000001
1038.07
1050.98
1396.1
1669.13
1606.04
1967.28
1809.54
1386.31
1500.1
1529.65
1964.31
2137.59
1966.29
2722.95
2825.89
2852.93
2143.52
1833.5700000000002
1973.44
1945.8200000000002
1787.25
1518.55
1410.33
1321.26
1333.71
1321.26
1410.42
1487.34
1484.46
1941.4099999999999
1974.69
2135.27
2329.44
2795.3
2835.11
3097.92
2194.84
2189.77
2088.95
2310.15
2829.02
3245.26
3290.68
3315.26
3597.92
3774.81
3455.24
3865.83
3830.49
3682.73
4002.88
3547.35
3617.29
3426.45
3369.14
3266.62
3078.91
2542.69
2092.0
1535.65
2007.12
1564.47
1688.3200000000002
1593.6
1895.25
2025.58
1992.46
2141.77
2305.64
2458.65
2415.25
2908.24
3229.6
2721.7799999999997
3005.01
3079.99
2686.52
2612.89
2883.21
2432.89
2969.83
3186.77
3271.99
3294.08
3593.41
3626.88
4290.59
4286.46
4129.54
3784.23
4111.99
4215.21
4326.76
4715.64
4938.61
4366.59
4341.74
4260.41
4351.63
4397.08
4550.53
5110.86
5783.15
5408.52
5228.84
6593.8
5298.72
6407.52
6588.28
6729.53
6742.97
7093.42
6742.89
6661.4400000000005
6586.01
6304.53
5984.26
6312.03
5944.87
6335.56
6165.35
5672.7
5308.52
5457.82
6529.99
6749.28
6919.59
6710.4
6701.36
6947.0599999999995
7046.57
6964.01
7035.76
6923.6
6861.3099999999995
7137.03
6923.41
7136.1
7198.85
7213.44
7170.7
7341.65
7276.63
7331.73
7245.13
7222.08
7312.85
7060.6
7252.4
7458.99
7773.92
8144.16
8144.02
8039.45
7816.4400000000005
7840.3099999999995
7773.3099999999995
7670.37
7380.32
7489.2
7500.79
7197.5
7838.22
7532.9
8043.71
8059.65
8084.88
7927.49
7641.77
7630.26
8035.2
7993.09
7677.73
7742.53
6979.8099999999995
6890.9400000000005
6872.97
7703.1
8465.77
7877.1900000000005
7268.06
7227.45
7906.6
8738.72
8724.13
8001.57
8256.28
7918.53
8069.81
7866.52
7739.86
7630.71
7736.07
7830.35
7404.61
6833.42
6894.23
6514.72
6223.37
6554.04
6526.62
6623.01
6543.39
6061.8
6430.58
6839.59
6814.76
6826.61
6209.71
5860.99
5219.08
5572.09
5715.92
6470.74
7009.56
7573.26
8516.02
8098.16
7832.22
7575.15
7227.96
7083.49
6693.83
7041.27
6734.99
6785.9400000000005
6672.6900000000005
6607.13
6245.18
6015.3
5989.27
6398.77
6369.28
6721.08
6763.38
7106.01
7152.88
7086.86
6864.87
6646.55
6318.61
6508.21
6495.15
6446.31
6627.43
6712.21
6642.27
6181.06
6197.84
6206.24
5930.17
5300.24
5799.24
5062.44
