1967.28
2584.21
2143.52
2137.59
1895.25
1992.46
2194.84
2329.44
2141.77
1856.43
1363.32
1169.57
1448.49
1593.6
1964.31
1865.11
1982.93
1973.44
2007.12
2088.95
2025.58
1945.82
1846.9
1570.2
1386.31
1115.78
1396.1
1253.61
1669.13
1410.42
1321.26
1221.11
1024.55
1050.04
997.5
1080.37
1050.98
1038.07
1008.64
1098.29
1070.06
1105.06
1447.05
1564.47
1688.32
1416.09
1500.1
1435.88
1406.59
1592.74
1487.34
1484.46
1386.25
1125.06
1321.26
1288.11
1195.37
1125.16
1235.3
1058.14
1535.65
1433.11
1529.65
1425.16
1562.65
1787.25
1518.55
1410.33
1201.92
1439.05
1333.71
1395.79
1470.53
1653.95
1816.47
1809.54
1606.04
1879.87
1833.57
2310.15
2305.64
2432.89
2458.65
2612.89
2835.11
3078.91
2908.24
3597.92
4129.54
3266.62
3079.99
2415.25
2189.77
2829.02
3229.6
3617.29
4002.88
3784.23
3271.99
3186.77
2883.21
2969.83
2825.89
2795.3
2686.52
2542.69
2092.0
1974.69
1966.29
1941.41
2086.18
2135.27
2388.33
2721.78
2722.95
2852.93
2976.85
3190.12
3315.26
3005.01
3290.68
3593.41
3097.92
3774.81
3455.24
3426.45
4111.99
4260.41
4351.63
4341.74
4215.21
3547.35
4366.59
3245.26
3682.73
3865.83
3626.88
3369.14
3294.08
3830.49
4286.46
4326.76
4290.59
4397.08
4550.53
5300.24
5219.08
5308.52
5298.72
5062.44
4715.64
5110.86
4938.61
5228.84
6206.24
6495.15
6526.62
6588.28
6335.56
6508.21
6712.21
6209.71
6430.58
6470.74
6369.28
6312.03
6318.61
6197.84
5408.52
5672.7
5572.09
5783.15
5930.17
6446.31
6721.08
6872.97
7046.57
7276.63
7489.2
7380.32
7630.71
7773.92
7742.53
7458.99
7152.88
7170.7
7106.01
7137.03
6964.01
6947.06
7245.13
7093.42
7573.26
7840.31
7927.49
8144.16
8069.81
8465.77
8039.45
8059.65
7736.07
7773.31
7630.26
7341.65
7227.96
7268.06
7197.5
7739.86
7906.6
7670.37
8098.16
8738.72
8256.28
8516.02
8724.13
8043.71
8035.2
8144.02
7830.35
7918.53
8001.57
7993.09
7838.22
7832.22
7641.77
7252.4
7532.9
7703.1
7866.52
7816.44
7198.85
6923.41
7041.27
7877.19
8084.88
7677.73
7009.56
6919.59
6923.6
6864.87
6839.59
6763.38
6701.36
5989.27
6245.18
5944.87
5860.99
5457.82
6223.37
5715.92
6015.3
6398.77
6627.43
6554.04
6693.83
6729.53
6742.97
6749.28
6814.76
6785.94
6894.23
7083.49
7035.76
7060.6
7227.45
7575.15
7331.73
7500.79
7312.85
7404.61
7213.44
7222.08
7136.1
6979.81
6861.31
7086.86
6833.42
6890.94
6661.44
6742.89
6826.61
6734.99
6642.27
6607.13
6407.52
6646.55
6165.35
6593.8
6514.72
6304.53
6543.39
6672.69
6623.01
6061.8
5984.26
6181.06
6529.99
6586.01
6710.4
5799.24
