2137.59
1967.28
1945.82
1606.04
1201.92
1333.71
1396.1
1593.6
1787.25
1973.44
1669.13
1439.05
1410.33
1653.95
1288.11
1865.11
1564.47
1688.32
1470.53
1321.26
1535.65
1433.11
1448.49
1816.47
1879.87
1895.25
1966.29
1833.57
1592.74
1562.65
1518.55
1435.88
1386.31
1500.1
1395.79
1570.2
1195.37
1080.37
1050.04
997.5
1070.06
1008.64
1038.07
1058.14
1050.98
1024.55
1105.06
1125.06
1098.29
1386.25
1253.61
1221.11
1125.16
1115.78
1235.3
1321.26
1529.65
1410.42
1425.16
1169.57
1406.59
1487.34
1484.46
1416.09
1363.32
1447.05
1809.54
1846.9
2883.21
1992.46
1982.93
2086.18
2143.52
2908.24
3005.01
2721.78
2310.15
2852.93
2584.21
2976.85
2612.89
3078.91
2686.52
2825.89
2969.83
2329.44
2722.95
3186.77
3290.68
3315.26
4111.99
3455.24
3774.81
3626.88
3547.35
3369.14
3294.08
3245.26
3271.99
3190.12
2829.02
3097.92
2141.77
2542.69
2025.58
2305.64
1974.69
1856.43
1941.41
1964.31
2194.84
2189.77
2135.27
2432.89
2835.11
2795.3
2088.95
2007.12
2092.0
2388.33
2458.65
3079.99
2415.25
3229.6
3266.62
3426.45
3593.41
3597.92
3682.73
3784.23
3865.83
4002.88
3830.49
3617.29
4129.54
4215.21
4397.08
4351.63
4366.59
4550.53
4326.76
4286.46
4260.41
4290.59
4341.74
4938.61
5219.08
5457.82
5672.7
5572.09
5300.24
5228.84
4715.64
5062.44
5110.86
5860.99
6529.99
6693.83
6839.59
6593.8
6672.69
6407.52
6181.06
5984.26
5715.92
5799.24
6015.3
5944.87
6061.8
6369.28
6206.24
6223.37
6312.03
6197.84
6245.18
6209.71
6607.13
6749.28
6894.23
7106.01
7268.06
7152.88
7532.9
7630.26
7641.77
7736.07
7670.37
7742.53
7677.73
7739.86
7773.31
7773.92
7840.31
7906.6
8039.45
7918.53
8144.16
8144.02
7993.09
8738.72
8256.28
8724.13
8465.77
7838.22
7832.22
7830.35
7816.44
7877.19
7927.49
8069.81
8098.16
8516.02
8043.71
7866.52
8035.2
8084.88
8001.57
8059.65
7703.1
7575.15
7404.61
6923.41
6861.31
7083.49
7086.86
7198.85
7245.13
7331.73
7458.99
7500.79
7380.32
7276.63
6979.81
7252.4
7222.08
7630.71
7573.26
7489.2
6890.94
6710.4
6642.27
6814.76
6923.6
6763.38
6165.35
6742.97
6646.55
6398.77
6514.72
6304.53
6495.15
6543.39
6785.94
6712.21
7041.27
7009.56
7213.44
7341.65
7197.5
7046.57
7227.96
7060.6
7312.85
6919.59
7035.76
7137.03
7227.45
7093.42
7170.7
7136.1
6864.87
6721.08
6729.53
6554.04
6701.36
6872.97
6826.61
6734.99
6627.43
6508.21
6470.74
6446.31
6318.61
6430.58
5930.17
5298.72
5408.52
5308.52
5783.15
5989.27
6588.28
6742.89
6947.06
6964.01
6833.42
6526.62
6586.01
6335.56
6623.01
6661.44
