2305.64
1653.95
1321.26
1470.53
1669.13
1484.46
1500.1
1439.05
1448.49
1386.25
1433.11
1221.11
1333.71
1363.32
1487.34
1606.04
1688.32
1809.54
1395.79
1288.11
1425.16
1416.09
1195.37
1125.06
1125.16
1253.61
1410.33
1447.05
1592.74
1879.87
2025.58
1856.43
1865.11
1816.47
1386.31
1410.42
1201.92
1115.78
1058.14
1038.07
997.5
1105.06
1024.55
1008.64
1050.04
1050.98
1080.37
1070.06
1098.29
1169.57
1235.3
1321.26
1396.1
1406.59
1435.88
1518.55
1787.25
1562.65
1593.6
1535.65
1945.82
2007.12
2086.18
1992.46
1895.25
1964.31
1570.2
1564.47
1967.28
1966.29
1529.65
2137.59
2135.27
2825.89
3294.08
2835.11
3186.77
2908.24
2829.02
2141.77
2584.21
1833.57
2194.84
2329.44
2795.3
3005.01
3190.12
3271.99
3547.35
3593.41
3774.81
3315.26
3369.14
3097.92
3455.24
4002.88
3617.29
3290.68
3266.62
2976.85
2852.93
2721.78
2883.21
2612.89
2722.95
2686.52
2310.15
2189.77
2092.0
1941.41
1982.93
1973.44
1974.69
1846.9
2088.95
2415.25
2143.52
2458.65
2432.89
3078.91
2388.33
3079.99
2542.69
2969.83
3245.26
3229.6
3426.45
3597.92
3784.23
3865.83
3830.49
4111.99
4129.54
3682.73
3626.88
4550.53
4215.21
4351.63
4326.76
4366.59
4290.59
4260.41
4286.46
4341.74
4397.08
4715.64
5062.44
4938.61
5110.86
5219.08
5228.84
5308.52
5408.52
5989.27
5799.24
5930.17
6554.04
6593.8
6701.36
6430.58
6407.52
6181.06
6245.18
6197.84
6398.77
6979.81
7060.6
6923.41
7083.49
6947.06
6923.6
6749.28
6894.23
6712.21
6543.39
5715.92
5984.26
6015.3
6318.61
6729.53
7222.08
7213.44
7877.19
7739.86
7573.26
7252.4
7152.88
7086.86
7106.01
7276.63
7341.65
7227.45
7575.15
7458.99
7670.37
7816.44
7840.31
8001.57
7993.09
7838.22
7489.2
7268.06
7137.03
7035.76
7198.85
6833.42
7380.32
7245.13
7630.71
8059.65
8043.71
8084.88
8144.02
8465.77
8516.02
8144.16
8738.72
8724.13
8256.28
8069.81
7927.49
7773.31
7630.26
7736.07
7500.79
7641.77
7532.9
7404.61
7312.85
7703.1
7773.92
7677.73
7866.52
8035.2
7830.35
8039.45
8098.16
7918.53
7832.22
7906.6
7742.53
7331.73
7041.27
6526.62
6209.71
6223.37
6369.28
6508.21
6061.8
5300.24
5860.99
6304.53
6588.28
6514.72
6586.01
6470.74
6607.13
6763.38
6872.97
6642.27
6839.59
6742.97
6964.01
7009.56
6919.59
6890.94
7093.42
7170.7
7197.5
7227.96
7136.1
7046.57
6734.99
6627.43
6742.89
6661.44
6814.76
6864.87
6646.55
6529.99
6693.83
6335.56
6710.4
6826.61
6861.31
6495.15
6165.35
5457.82
6721.08
6785.94
6672.69
6446.31
5783.15
5572.09
5672.7
5298.72
5944.87
6312.03
6623.01
6206.24
