1593.6
1653.95
1500.1
1535.65
1410.33
1416.09
1564.47
1487.34
1529.65
1448.49
1518.55
1080.37
1221.11
1253.61
1288.11
1395.79
1592.74
1833.57
1816.47
1606.04
1570.2
1098.29
1201.92
1321.26
1435.88
1484.46
1363.32
1125.06
1396.1
1425.16
1439.05
1406.59
1433.11
1235.3
1105.06
1321.26
997.5
1050.98
1050.04
1070.06
1038.07
1024.55
1008.64
1115.78
1125.16
1195.37
1386.25
1169.57
1058.14
1410.42
1386.31
1447.05
1333.71
1470.53
1562.65
1846.9
1966.29
1941.41
1787.25
1967.28
1879.87
2137.59
2458.65
2189.77
2092.0
1973.44
1974.69
1982.93
1992.46
2305.64
2086.18
2584.21
2310.15
3229.6
2141.77
2721.78
2612.89
2007.12
1895.25
1964.31
1856.43
1688.32
1669.13
1809.54
1865.11
1945.82
2025.58
2388.33
3271.99
2088.95
3079.99
2795.3
2686.52
2542.69
2194.84
2415.25
3005.01
3294.08
3455.24
3426.45
2976.85
2825.89
2143.52
2135.27
2852.93
2329.44
2908.24
2835.11
2969.83
2722.95
3097.92
2432.89
3190.12
2883.21
3369.14
3245.26
3290.68
3266.62
2829.02
3078.91
3186.77
3315.26
3547.35
3593.41
3597.92
3830.49
4215.21
3626.88
4129.54
4286.46
4550.53
5062.44
4715.64
4341.74
4326.76
4397.08
4290.59
4111.99
4260.41
3784.23
3682.73
3774.81
3865.83
4366.59
4938.61
5219.08
4351.63
4002.88
3617.29
5110.86
5298.72
5228.84
5300.24
5308.52
5408.52
5457.82
5715.92
6586.01
6470.74
6543.39
6642.27
6593.8
6526.62
6710.4
6430.58
6785.94
6742.89
6763.38
6646.55
6672.69
6554.04
6514.72
6529.99
6627.43
6661.44
6749.28
7093.42
7198.85
7739.86
7832.22
7575.15
7641.77
7677.73
7532.9
7268.06
7227.96
7458.99
7252.4
7060.6
7086.86
7152.88
7197.5
7404.61
7489.2
7816.44
7630.71
7312.85
7670.37
7331.73
7838.22
8039.45
7927.49
7380.32
6814.76
6919.59
6826.61
7170.7
7341.65
8001.57
7866.52
8084.88
8516.02
8465.77
8098.16
7918.53
7830.35
8043.71
8035.2
7993.09
7703.1
7877.19
7213.44
7245.13
8256.28
7773.31
7276.63
7573.26
7222.08
7736.07
8069.81
8059.65
8738.72
8724.13
8144.02
7906.6
8144.16
7630.26
7840.31
7773.92
7742.53
7500.79
7106.01
6861.31
6495.15
6398.77
6407.52
6197.84
5944.87
5783.15
5799.24
5989.27
6015.3
6223.37
6181.06
5984.26
6209.71
6446.31
6721.08
6864.87
6923.6
7035.76
7083.49
6894.23
6964.01
6890.94
7041.27
7136.1
6979.81
6833.42
6923.41
6312.03
6947.06
6701.36
6729.53
7009.56
7137.03
7227.45
7046.57
6839.59
6872.97
6712.21
6693.83
6588.28
6508.21
6061.8
6245.18
6165.35
5930.17
6318.61
6304.53
6623.01
6734.99
6742.97
6607.13
6335.56
5860.99
6206.24
5672.7
6369.28
5572.09
