2088.95
2310.15
1879.87
1688.32
1846.9
1593.6
1865.11
1484.46
1363.32
1105.06
1221.11
1410.42
1529.65
1787.25
2189.77
2141.77
1992.46
2086.18
1856.43
1500.1
1439.05
1410.33
1235.3
1080.37
1050.98
1024.55
1058.14
1038.07
1321.26
1425.16
1386.25
1201.92
1386.31
1321.26
1253.61
1125.06
1288.11
1115.78
1125.16
1098.29
1333.71
1050.04
1070.06
1195.37
1169.57
1406.59
1606.04
1966.29
1435.88
1008.64
997.5
1833.57
1564.47
1396.1
1395.79
1570.2
1592.74
1470.53
1518.55
1535.65
1816.47
1973.44
2143.52
1967.28
1809.54
1974.69
1447.05
1964.31
1562.65
1945.82
1487.34
2007.12
1895.25
2305.64
2432.89
2584.21
2194.84
2458.65
2612.89
2721.78
2415.25
2722.95
2542.69
2686.52
3005.01
2976.85
3266.62
3369.14
3294.08
4366.59
3682.73
3455.24
4215.21
3774.81
3426.45
3593.41
3597.92
3190.12
3245.26
3271.99
2908.24
2795.3
2829.02
2883.21
2825.89
2329.44
2137.59
1416.09
1982.93
1433.11
1669.13
1448.49
1653.95
1941.41
2092.0
2025.58
2135.27
2388.33
2852.93
3097.92
3229.6
3617.29
3186.77
3078.91
2835.11
2969.83
3547.35
3079.99
3290.68
3315.26
3784.23
4129.54
4260.41
4111.99
4002.88
3865.83
3830.49
4326.76
3626.88
4290.59
4341.74
4286.46
4351.63
4397.08
4550.53
4715.64
5110.86
4938.61
5062.44
5219.08
5308.52
5300.24
5228.84
5408.52
5457.82
5572.09
5783.15
5799.24
5984.26
6446.31
5930.17
6015.3
5860.99
6430.58
6588.28
6814.76
6923.6
6890.94
6526.62
6586.01
6209.71
6206.24
6181.06
6398.77
6335.56
6554.04
6861.31
7276.63
7866.52
7840.31
7773.92
7312.85
7227.96
7227.45
7086.86
7009.56
7060.6
7222.08
7137.03
7041.27
7170.7
7106.01
6979.81
7341.65
7532.9
7906.6
8039.45
8465.77
8724.13
8738.72
8516.02
8256.28
8035.2
7773.31
7677.73
7641.77
7742.53
7832.22
7703.1
7670.37
7838.22
7736.07
7927.49
7630.71
8069.81
8059.65
8084.88
8144.02
8144.16
8043.71
8098.16
7830.35
7877.19
7993.09
8001.57
7918.53
7816.44
7404.61
7575.15
7573.26
7739.86
7380.32
7630.26
7489.2
7458.99
7500.79
7331.73
7252.4
7198.85
7245.13
7093.42
6894.23
6672.69
6223.37
6369.28
6749.28
6607.13
5989.27
6197.84
5298.72
5672.7
6495.15
6642.27
6734.99
6839.59
6864.87
6919.59
6964.01
7136.1
7035.76
6947.06
7197.5
7152.88
7046.57
6923.41
7268.06
7213.44
7083.49
6833.42
6872.97
6701.36
6742.89
6593.8
6508.21
5944.87
6693.83
6712.21
6826.61
6742.97
6646.55
6721.08
6729.53
6763.38
6785.94
6710.4
6623.01
6245.18
6407.52
6304.53
6312.03
6661.44
6470.74
6627.43
6318.61
6061.8
6165.35
6543.39
6514.72
6529.99
5715.92
