1787.25
2025.58
2092.0
1974.69
1416.09
1253.61
1386.25
1406.59
1433.11
1562.65
1809.54
1653.95
1816.47
1484.46
1448.49
1386.31
1535.65
1688.32
1593.6
1564.47
1518.55
1288.11
1945.82
1395.79
1410.42
1606.04
1592.74
1410.33
1435.88
1363.32
1221.11
1235.3
1125.16
1195.37
1050.98
1024.55
1008.64
997.5
1050.04
1038.07
1098.29
1070.06
1080.37
1125.06
1115.78
1058.14
1105.06
1169.57
1201.92
1439.05
1487.34
1846.9
1941.41
1973.44
1964.31
1967.28
1529.65
1500.1
1447.05
1669.13
1470.53
1396.1
1333.71
1321.26
1321.26
1425.16
1833.57
1895.25
1982.93
1992.46
1856.43
1865.11
1879.87
2415.25
3190.12
3593.41
2795.3
2135.27
2143.52
3315.26
3784.23
3626.88
3455.24
3774.81
3830.49
3865.83
3617.29
3290.68
3266.62
2305.64
2883.21
2542.69
2686.52
2388.33
2612.89
2829.02
3078.91
2969.83
2852.93
3186.77
3097.92
3369.14
3271.99
3005.01
3245.26
2722.95
2329.44
2310.15
2007.12
1570.2
2458.65
1966.29
2141.77
2189.77
2432.89
2584.21
2721.78
2976.85
3294.08
3426.45
3079.99
2835.11
2194.84
2137.59
2086.18
2088.95
2825.89
2908.24
3229.6
3547.35
3597.92
3682.73
4129.54
4002.88
4111.99
4260.41
4215.21
4351.63
4397.08
4290.59
4341.74
4286.46
4326.76
4366.59
4715.64
4550.53
5110.86
5219.08
5228.84
5298.72
5062.44
5408.52
4938.61
5308.52
5799.24
6304.53
6197.84
6693.83
7083.49
6890.94
7086.86
6947.06
6209.71
6245.18
5672.7
6894.23
6923.6
6335.56
5457.82
5984.26
6206.24
6763.38
6593.8
6814.76
6712.21
6864.87
6839.59
7046.57
7170.7
7227.45
7331.73
7312.85
7458.99
7252.4
7227.96
7404.61
7575.15
7641.77
7532.9
7742.53
7677.73
7773.31
7773.92
7739.86
7830.35
7927.49
7832.22
8059.65
8001.57
8035.2
7816.44
7736.07
7489.2
7060.6
7136.1
6861.31
6826.61
6721.08
7093.42
6919.59
7198.85
7268.06
7703.1
7838.22
8069.81
8144.02
8465.77
8724.13
8738.72
8516.02
8256.28
7993.09
7630.71
7500.79
7630.26
7573.26
7906.6
8084.88
8098.16
8144.16
7866.52
7918.53
8043.71
8039.45
7877.19
7840.31
7670.37
7245.13
7222.08
7380.32
7041.27
7137.03
6742.97
6623.01
6529.99
6701.36
6734.99
6398.77
6223.37
5783.15
6470.74
6495.15
6514.72
6729.53
6661.44
6627.43
6588.28
6543.39
6446.31
6165.35
6407.52
6742.89
6430.58
6923.41
7035.76
7341.65
7276.63
7213.44
7152.88
7197.5
6785.94
6979.81
7009.56
6710.4
6872.97
7106.01
6833.42
6964.01
6369.28
6554.04
6508.21
6061.8
5989.27
6607.13
6642.27
6526.62
6646.55
6318.61
6312.03
5715.92
5572.09
5944.87
5860.99
6181.06
6586.01
6749.28
6672.69
6015.3
5930.17
5300.24
