1941.41
2141.77
1865.11
1967.28
1564.47
1592.74
1484.46
1487.34
1447.05
1433.11
1846.9
1809.54
1973.44
2086.18
1964.31
1945.82
1669.13
1653.95
1518.55
1125.06
1221.11
1105.06
1396.1
1435.88
1098.29
1321.26
1386.31
1288.11
1406.59
1416.09
1050.98
1008.64
1195.37
1080.37
1333.71
1395.79
1235.3
1253.61
1410.33
997.5
1050.04
1024.55
1201.92
1115.78
1169.57
1038.07
1070.06
1058.14
1386.25
1410.42
1425.16
1125.16
1321.26
1363.32
1439.05
1535.65
1982.93
1833.57
1470.53
1500.1
1529.65
1593.6
1688.32
1606.04
1448.49
1562.65
1570.2
1816.47
1856.43
1879.87
1895.25
1992.46
2088.95
2388.33
2310.15
2329.44
2415.25
2686.52
2143.52
3079.99
2542.69
2908.24
2835.11
2969.83
2976.85
2722.95
2795.3
2829.02
2852.93
3190.12
3266.62
3294.08
3290.68
3455.24
3784.23
3865.83
3774.81
3682.73
3369.14
3229.6
3186.77
3097.92
2883.21
3078.91
2721.78
2432.89
2007.12
2092.0
2135.27
1787.25
2025.58
1966.29
1974.69
2305.64
2137.59
2189.77
2194.84
2458.65
2584.21
2612.89
2825.89
3005.01
3245.26
3626.88
3593.41
3315.26
3617.29
4111.99
4129.54
4002.88
3547.35
3426.45
3830.49
3271.99
3597.92
4215.21
4260.41
4286.46
4290.59
4326.76
4341.74
4351.63
4366.59
4397.08
5062.44
4550.53
5110.86
5219.08
5930.17
5860.99
5298.72
5228.84
4938.61
4715.64
5783.15
6181.06
6407.52
6646.55
6785.94
6763.38
6721.08
6710.4
6209.71
5984.26
5408.52
5672.7
6015.3
6318.61
6588.28
6749.28
6861.31
6543.39
6607.13
6627.43
6814.76
6894.23
6979.81
7152.88
7198.85
7380.32
7630.26
7670.37
7630.71
7404.61
7106.01
7086.86
6919.59
6964.01
7035.76
7197.5
7341.65
7458.99
7252.4
7060.6
7041.27
7641.77
7489.2
7736.07
7703.1
8001.57
7773.92
7906.6
7877.19
7222.08
7227.96
7312.85
7245.13
7093.42
7083.49
6947.06
6923.41
7170.7
7532.9
7816.44
8256.28
8465.77
8724.13
8738.72
8516.02
8039.45
8059.65
7838.22
8069.81
8144.02
7918.53
7832.22
7830.35
7866.52
8043.71
8144.16
7993.09
8098.16
8035.2
8084.88
7742.53
7927.49
7840.31
7213.44
7500.79
7227.45
7268.06
6826.61
6693.83
6197.84
5989.27
6206.24
6398.77
5944.87
6165.35
5457.82
5300.24
5572.09
5308.52
5715.92
6508.21
6661.44
6839.59
6864.87
7136.1
7739.86
7677.73
7773.31
7573.26
7137.03
7009.56
7331.73
7575.15
7276.63
6923.6
7046.57
6742.97
6672.69
6304.53
5799.24
6623.01
6890.94
6872.97
6701.36
6245.18
6470.74
6642.27
6729.53
6586.01
6446.31
6335.56
6312.03
6061.8
6369.28
6495.15
6223.37
6526.62
6734.99
6593.8
6529.99
6430.58
6554.04
6833.42
6742.89
6712.21
6514.72
