1974.69
2612.89
2088.95
1945.82
1653.95
1406.59
1856.43
1809.54
1410.33
1395.79
1201.92
1070.06
1425.16
1487.34
1592.74
1535.65
1593.6
1570.2
1439.05
1333.71
1235.3
1105.06
1169.57
1484.46
1435.88
1879.87
1941.41
1895.25
1846.9
1564.47
1386.31
1529.65
1787.25
1080.37
1433.11
1410.42
1396.1
1416.09
1447.05
1321.26
1221.11
1050.04
1195.37
1098.29
1024.55
997.5
1058.14
1008.64
1038.07
1125.16
1288.11
1115.78
1125.06
1050.98
1321.26
1500.1
1253.61
1363.32
1865.11
1816.47
1967.28
1982.93
1966.29
1669.13
1833.57
2007.12
2025.58
2086.18
1992.46
2092.0
2137.59
2458.65
2969.83
3271.99
3229.6
2835.11
2908.24
3190.12
3005.01
2721.78
2432.89
2329.44
2194.84
2415.25
2686.52
2852.93
2976.85
2722.95
3266.62
3426.45
3784.23
4215.21
4129.54
4286.46
3830.49
4002.88
3455.24
3294.08
3290.68
3186.77
2829.02
3078.91
2584.21
2825.89
2795.3
2542.69
2141.77
1964.31
1606.04
1386.25
1448.49
1688.32
1973.44
2310.15
1562.65
1470.53
1518.55
2135.27
2388.33
2189.77
2143.52
2305.64
3097.92
3079.99
3245.26
3315.26
2883.21
3369.14
3626.88
4341.74
4351.63
4366.59
4397.08
4290.59
4111.99
3593.41
3597.92
3547.35
3617.29
3865.83
3774.81
3682.73
4260.41
4326.76
4550.53
4715.64
4938.61
5062.44
5228.84
5457.82
5672.7
5572.09
5715.92
5298.72
5783.15
6223.37
6529.99
6964.01
7060.6
6979.81
6864.87
6646.55
6623.01
6814.76
6607.13
6543.39
6734.99
5984.26
6672.69
6742.97
7170.7
7222.08
7046.57
7197.5
7312.85
7404.61
8059.65
7918.53
7532.9
8043.71
7458.99
7341.65
7245.13
7136.1
7041.27
7083.49
7086.86
7009.56
6749.28
6923.41
7106.01
7152.88
6890.94
6833.42
6693.83
7093.42
7137.03
7500.79
7641.77
7575.15
7489.2
7331.73
7573.26
7830.35
7736.07
7742.53
7252.4
7677.73
7630.26
7213.44
7630.71
7227.96
7227.45
7380.32
7670.37
8001.57
8516.02
8724.13
8144.02
8144.16
7993.09
7877.19
7832.22
7703.1
7866.52
7838.22
8035.2
8069.81
7927.49
8738.72
8098.16
8256.28
8039.45
7906.6
8084.88
7773.92
7840.31
7816.44
7739.86
7268.06
7198.85
6894.23
6826.61
6304.53
6495.15
6470.74
6318.61
5989.27
6245.18
6209.71
6398.77
6588.28
6593.8
6710.4
6923.6
6861.31
6947.06
6763.38
6872.97
7035.76
7773.31
8465.77
7276.63
6785.94
6526.62
6839.59
6729.53
6642.27
6701.36
6712.21
6508.21
6514.72
6430.58
6181.06
6586.01
6554.04
6661.44
6627.43
6165.35
6369.28
6197.84
6335.56
6312.03
6407.52
6015.3
5799.24
5308.52
5110.86
5300.24
5219.08
5408.52
5944.87
6061.8
6206.24
5860.99
6919.59
6446.31
6742.89
6721.08
5930.17
