1833.57
2305.64
1570.2
1895.25
1235.3
1439.05
1787.25
1606.04
1447.05
1433.11
1487.34
1435.88
1500.1
1535.65
1470.53
1484.46
1518.55
1406.59
1321.26
1425.16
1098.29
1416.09
1653.95
1879.87
1816.47
1529.65
1564.47
1669.13
1592.74
1809.54
1562.65
1448.49
1333.71
1288.11
1115.78
1221.11
1169.57
1058.14
1321.26
1386.25
1410.33
1253.61
1386.31
1125.16
1070.06
1050.04
1024.55
997.5
1008.64
1050.98
1195.37
1038.07
1105.06
1080.37
1201.92
1363.32
1410.42
1395.79
1125.06
1396.1
1593.6
1688.32
1967.28
1982.93
1941.41
1846.9
1856.43
1945.82
1966.29
2310.15
2388.33
2686.52
3005.01
3079.99
2976.85
2825.89
2584.21
3078.91
2458.65
2829.02
2883.21
2721.78
2835.11
2795.3
2908.24
3186.77
3266.62
3315.26
3290.68
3626.88
3547.35
3294.08
3426.45
3682.73
3455.24
3617.29
3774.81
3593.41
3369.14
3229.6
3097.92
3245.26
2852.93
3190.12
2612.89
2415.25
2088.95
1964.31
2189.77
2007.12
2194.84
2135.27
1974.69
2086.18
2092.0
1992.46
1865.11
2141.77
1973.44
2025.58
2143.52
2329.44
2137.59
2542.69
2432.89
2722.95
2969.83
3271.99
3597.92
3784.23
4326.76
3865.83
4260.41
4002.88
3830.49
4215.21
4111.99
4286.46
4550.53
4366.59
4397.08
4129.54
4290.59
4341.74
4351.63
4715.64
4938.61
5062.44
5219.08
5300.24
5457.82
5308.52
5228.84
5110.86
5799.24
6015.3
6430.58
6693.83
6701.36
7009.56
7035.76
6923.41
6785.94
6554.04
6369.28
6318.61
6165.35
5572.09
5984.26
5944.87
6304.53
6495.15
6446.31
6206.24
6526.62
6398.77
6543.39
6721.08
6872.97
6890.94
7060.6
7106.01
7170.7
7773.31
7227.96
7137.03
7677.73
7252.4
7152.88
7630.71
7703.1
7739.86
7489.2
7573.26
7404.61
7532.9
7736.07
7773.92
8043.71
8724.13
8069.81
8516.02
8465.77
7838.22
7816.44
7840.31
7877.19
7993.09
8001.57
7918.53
8256.28
8098.16
8084.88
8035.2
7832.22
7866.52
8144.02
8738.72
8144.16
7670.37
7380.32
7245.13
7086.86
7093.42
7198.85
7276.63
7083.49
7268.06
7575.15
7906.6
7742.53
8059.65
7927.49
8039.45
7830.35
7630.26
7641.77
7458.99
7213.44
7331.73
7227.45
6964.01
6749.28
6245.18
6627.43
5672.7
6514.72
6407.52
5408.52
6508.21
6223.37
6197.84
6607.13
6529.99
6646.55
6742.89
6919.59
7041.27
7197.5
7222.08
7500.79
7341.65
7312.85
7136.1
6979.81
7046.57
6894.23
6623.01
6861.31
6734.99
6710.4
6712.21
6335.56
6312.03
6642.27
6672.69
6742.97
6763.38
6729.53
6833.42
6923.6
6839.59
6864.87
6814.76
6661.44
6593.8
5930.17
5989.27
5860.99
5715.92
6209.71
6470.74
6586.01
6181.06
5298.72
5783.15
6588.28
6947.06
6826.61
6061.8
