2969.83
2310.15
1982.93
2542.69
2137.59
1535.65
1321.26
1363.32
1856.43
1787.25
1562.65
1410.33
1386.31
1425.16
1518.55
1448.49
1592.74
1974.69
2141.77
1973.44
1688.32
1333.71
1288.11
1201.92
1195.37
1125.06
1098.29
1080.37
1050.98
1050.04
1008.64
997.5
1024.55
1070.06
1058.14
1105.06
1125.16
1038.07
1115.78
1410.42
1865.11
1570.2
1221.11
1169.57
1386.25
1416.09
1396.1
1235.3
1406.59
1529.65
1395.79
1321.26
1833.57
1593.6
2458.65
2415.25
2852.93
2795.3
2388.33
1895.25
2092.0
1816.47
1992.46
1669.13
1433.11
1439.05
1447.05
1470.53
1253.61
1484.46
1435.88
1564.47
1846.9
1879.87
1487.34
1941.41
2432.89
2135.27
2686.52
2329.44
2088.95
1945.82
1500.1
1653.95
1966.29
2007.12
3078.91
3186.77
2976.85
3266.62
3229.6
3455.24
4111.99
4215.21
3547.35
3315.26
4129.54
4002.88
3271.99
2908.24
2835.11
2721.78
2086.18
2584.21
2025.58
2143.52
1606.04
1809.54
1964.31
1967.28
2194.84
2305.64
2189.77
2612.89
2825.89
3097.92
3190.12
2722.95
2829.02
3290.68
3005.01
3079.99
2883.21
3245.26
3774.81
3294.08
4366.59
4326.76
4341.74
4260.41
4290.59
3597.92
4286.46
3369.14
3426.45
3617.29
3593.41
3682.73
3830.49
3784.23
3626.88
3865.83
4351.63
4550.53
5219.08
5298.72
5308.52
5300.24
5110.86
4715.64
4397.08
4938.61
5062.44
5228.84
5799.24
6304.53
6543.39
6470.74
6430.58
5672.7
5572.09
5457.82
5408.52
5860.99
5783.15
5984.26
6554.04
6446.31
6223.37
6335.56
6607.13
6919.59
7906.6
8084.88
7312.85
7816.44
7927.49
8144.16
8035.2
7838.22
7245.13
7152.88
7532.9
7703.1
7630.26
7840.31
7670.37
7877.19
7575.15
7630.71
7380.32
7252.4
7086.86
6872.97
7137.03
7060.6
7083.49
7331.73
7458.99
7739.86
7918.53
7993.09
7773.92
7830.35
7573.26
7677.73
7222.08
6923.6
6742.97
6785.94
6964.01
7035.76
6979.81
7227.96
7041.27
6833.42
7641.77
8039.45
7866.52
8069.81
7832.22
7773.31
7500.79
7742.53
8098.16
8256.28
8144.02
8738.72
8516.02
8724.13
8465.77
8059.65
8001.57
8043.71
7736.07
7404.61
7489.2
7009.56
7198.85
7227.45
7341.65
7170.7
7106.01
6890.94
6701.36
6586.01
6398.77
6015.3
6061.8
6245.18
6593.8
6729.53
6742.89
6763.38
7136.1
6646.55
6526.62
6861.31
7093.42
6206.24
7197.5
6712.21
6814.76
7268.06
7276.63
7213.44
6721.08
6672.69
6529.99
6209.71
6197.84
6165.35
6318.61
5930.17
6312.03
6623.01
6923.41
6826.61
6894.23
6947.06
7046.57
6749.28
6839.59
6661.44
6627.43
6495.15
6369.28
6508.21
6642.27
6588.28
6710.4
6734.99
6514.72
5944.87
6181.06
6407.52
6864.87
6693.83
5989.27
5715.92
