1879.87
1816.47
1606.04
1895.25
1974.69
1669.13
1967.28
2086.18
1945.82
1846.9
1941.41
1570.2
1856.43
1688.32
1992.46
1973.44
1966.29
1593.6
1447.05
1448.49
1288.11
1253.61
1410.33
1470.53
1050.98
1518.55
1435.88
1098.29
1080.37
1433.11
1363.32
1425.16
1395.79
1484.46
1487.34
1500.1
1439.05
1406.59
1386.25
1201.92
1195.37
1115.78
1008.64
1058.14
1050.04
1038.07
997.5
1024.55
1070.06
1125.16
1321.26
1221.11
1235.3
1105.06
1169.57
1386.31
1529.65
1416.09
1333.71
1562.65
1809.54
1410.42
1535.65
2310.15
1787.25
2025.58
1982.93
2135.27
2007.12
1964.31
2092.0
2141.77
2189.77
2542.69
2388.33
2088.95
2137.59
2415.25
2305.64
2432.89
2143.52
2458.65
2795.3
2721.78
3229.6
2976.85
3097.92
2969.83
2908.24
3315.26
3190.12
2612.89
3426.45
3078.91
3369.14
3593.41
3617.29
3597.92
3626.88
3266.62
3455.24
3290.68
2835.11
3186.77
2852.93
2194.84
1833.57
1396.1
1321.26
1125.06
1564.47
1653.95
1592.74
1865.11
2686.52
3005.01
3079.99
2883.21
2722.95
2584.21
2825.89
2329.44
2829.02
3245.26
3271.99
3547.35
4215.21
3294.08
3682.73
3865.83
4341.74
4351.63
4002.88
4129.54
3830.49
4326.76
4286.46
4290.59
3774.81
3784.23
4111.99
4260.41
4366.59
4397.08
4550.53
4938.61
5062.44
5298.72
5219.08
5300.24
5228.84
5783.15
5308.52
5715.92
5799.24
6206.24
6446.31
6627.43
6839.59
6734.99
6623.01
6514.72
6312.03
6165.35
5944.87
5672.7
5572.09
5408.52
4715.64
5110.86
5457.82
5860.99
6015.3
6588.28
6693.83
6642.27
6721.08
6826.61
6890.94
7086.86
7276.63
7458.99
7575.15
7742.53
7630.71
7573.26
7736.07
7670.37
7703.1
7739.86
7832.22
7677.73
7927.49
7906.6
8035.2
7993.09
8144.16
8084.88
8144.02
8098.16
8069.81
8039.45
7918.53
7773.31
7773.92
7630.26
7641.77
7816.44
7866.52
7840.31
8001.57
7838.22
8465.77
7877.19
8256.28
8059.65
8516.02
8738.72
8724.13
8043.71
7830.35
7532.9
7489.2
7500.79
7341.65
7252.4
7083.49
7137.03
7170.7
7245.13
7093.42
7213.44
7268.06
7331.73
7312.85
7227.96
7106.01
6894.23
6814.76
7198.85
7404.61
7380.32
6833.42
6197.84
6335.56
6508.21
6607.13
6586.01
6701.36
6661.44
6763.38
7222.08
6923.41
7046.57
6964.01
7152.88
7227.45
7060.6
7009.56
7136.1
6872.97
6947.06
7197.5
6979.81
7041.27
7035.76
6923.6
6919.59
6864.87
6861.31
6749.28
6785.94
6742.89
6593.8
6526.62
6672.69
6529.99
6495.15
6712.21
5989.27
6181.06
5930.17
6369.28
6430.58
6729.53
6554.04
6223.37
6209.71
6304.53
6061.8
6245.18
6318.61
6710.4
6398.77
6470.74
6407.52
6543.39
6646.55
6742.97
5984.26
