2584.21
2825.89
2135.27
2086.18
1606.04
1125.16
2088.95
1964.31
1973.44
1570.2
1425.16
1201.92
1386.31
1439.05
1653.95
1865.11
1448.49
1562.65
1879.87
1592.74
1816.47
1982.93
1688.32
1564.47
1809.54
1435.88
1410.33
1235.3
1321.26
1038.07
1050.98
997.5
1008.64
1024.55
1070.06
1105.06
1050.04
1058.14
1098.29
1080.37
1195.37
1125.06
1288.11
1410.42
1945.82
1895.25
1669.13
1966.29
1593.6
1333.71
1169.57
1221.11
1321.26
1115.78
1363.32
1406.59
1396.1
1433.11
1529.65
1447.05
1500.1
1484.46
1416.09
1253.61
1395.79
1856.43
1974.69
1833.57
1846.9
1518.55
1386.25
1941.41
1787.25
2007.12
2092.0
2143.52
2137.59
2329.44
2415.25
2722.95
2721.78
2388.33
2310.15
2432.89
2883.21
3294.08
3617.29
3097.92
3229.6
3426.45
2458.65
3245.26
2969.83
3078.91
3271.99
3315.26
3626.88
3597.92
3369.14
3290.68
3190.12
3079.99
2976.85
2829.02
2189.77
2141.77
1992.46
1487.34
1535.65
1470.53
1967.28
2025.58
2194.84
2908.24
2852.93
3005.01
2795.3
2305.64
2612.89
2686.52
2542.69
2835.11
3186.77
3266.62
3593.41
3547.35
3455.24
3682.73
3784.23
3774.81
3830.49
4002.88
4260.41
4215.21
4129.54
4111.99
4326.76
4290.59
4286.46
4341.74
4351.63
3865.83
5110.86
5062.44
5298.72
5228.84
5300.24
4938.61
4366.59
4715.64
4397.08
4550.53
5219.08
5308.52
6206.24
6729.53
6554.04
6223.37
6607.13
7198.85
7341.65
6864.87
6061.8
5672.7
5799.24
6181.06
6398.77
6526.62
6335.56
6209.71
6165.35
6197.84
5989.27
6430.58
6861.31
6919.59
6964.01
7152.88
7197.5
7489.2
7227.45
7268.06
7245.13
7331.73
7083.49
7136.1
7137.03
7093.42
7213.44
7222.08
7458.99
7573.26
7703.1
7670.37
7532.9
7575.15
7630.26
7838.22
7773.31
7866.52
7816.44
7404.61
7252.4
6894.23
6826.61
6890.94
7677.73
7739.86
7641.77
7106.01
7742.53
7736.07
8738.72
8069.81
7830.35
8043.71
8516.02
8059.65
8724.13
8256.28
7927.49
7993.09
8144.02
7630.71
8144.16
8001.57
7877.19
8098.16
8039.45
7906.6
8035.2
7832.22
7918.53
8465.77
8084.88
7840.31
7773.92
7276.63
7086.86
7009.56
6979.81
6672.69
6623.01
6015.3
5860.99
5930.17
5984.26
5457.82
5408.52
5715.92
5783.15
5944.87
6318.61
6588.28
6712.21
6734.99
6833.42
6872.97
6923.6
6947.06
7046.57
7035.76
7041.27
7312.85
7170.7
7380.32
7500.79
7227.96
6923.41
7060.6
6763.38
6785.94
6693.83
6495.15
6407.52
6661.44
6742.97
6839.59
6742.89
6627.43
6814.76
6304.53
6470.74
6543.39
6642.27
6646.55
6312.03
6508.21
6514.72
5572.09
6529.99
6749.28
6586.01
6710.4
6446.31
6369.28
6593.8
6701.36
6721.08
6245.18
