1974.69
2310.15
1967.28
2908.24
2137.59
1809.54
1669.13
1895.25
1945.82
2189.77
2007.12
2143.52
1879.87
1688.32
1833.57
1865.11
1816.47
2092.0
1529.65
1518.55
1386.25
1235.3
1195.37
1115.78
1125.06
1333.71
1321.26
1288.11
1201.92
1253.61
1470.53
1386.31
1395.79
1410.33
1321.26
1221.11
1098.29
997.5
1038.07
1008.64
1024.55
1050.04
1050.98
1058.14
1070.06
1080.37
1105.06
1125.16
1169.57
1425.16
1433.11
1410.42
1487.34
1396.1
1435.88
1500.1
1570.2
1606.04
1964.31
1564.47
2329.44
1966.29
1846.9
1406.59
1363.32
1447.05
1562.65
1439.05
1448.49
1416.09
1484.46
1535.65
1593.6
1653.95
1787.25
1592.74
1992.46
2584.21
2829.02
2025.58
2135.27
2388.33
2088.95
1973.44
2542.69
2686.52
3097.92
3290.68
3315.26
3547.35
3266.62
3294.08
3593.41
3369.14
3190.12
2969.83
3186.77
3245.26
3005.01
2612.89
2141.77
2852.93
3271.99
3455.24
3229.6
2976.85
2795.3
1856.43
2722.95
2086.18
2432.89
2825.89
2835.11
2721.78
2305.64
1982.93
1941.41
2194.84
2415.25
2883.21
2458.65
3078.91
3079.99
3426.45
3597.92
3617.29
3626.88
3784.23
4002.88
4290.59
4397.08
5110.86
4715.64
4326.76
4129.54
4286.46
4366.59
3830.49
3682.73
4351.63
3774.81
4111.99
4215.21
3865.83
4260.41
4341.74
4550.53
4938.61
5062.44
5219.08
5408.52
5457.82
5715.92
5860.99
6181.06
6209.71
6398.77
6586.01
6785.94
6508.21
6947.06
6710.4
6588.28
6861.31
6627.43
6661.44
6894.23
6814.76
6923.41
6833.42
6839.59
7035.76
7331.73
7197.5
7252.4
7083.49
7046.57
7227.96
7773.92
7060.6
7500.79
7170.7
7630.71
7816.44
7677.73
7380.32
7573.26
7009.56
7458.99
6729.53
6964.01
6763.38
6872.97
7227.45
7866.52
7532.9
6734.99
6826.61
7404.61
7877.19
7575.15
7276.63
7312.85
6919.59
7136.1
7489.2
7268.06
7630.26
7830.35
7918.53
8001.57
7927.49
7838.22
7840.31
7906.6
7773.31
7993.09
8084.88
8738.72
8098.16
8144.02
8043.71
7742.53
7245.13
7086.86
6749.28
7152.88
7736.07
8039.45
8465.77
8256.28
8516.02
8144.16
8724.13
8059.65
8069.81
8035.2
7832.22
7703.1
7670.37
7041.27
6721.08
6514.72
5989.27
5572.09
5672.7
5298.72
5228.84
5308.52
5300.24
5984.26
6554.04
6446.31
5944.87
5799.24
5783.15
6015.3
6430.58
6923.6
6646.55
7213.44
7106.01
7093.42
6890.94
7222.08
7641.77
7739.86
7137.03
7198.85
7341.65
6979.81
6693.83
6864.87
6672.69
6712.21
6742.89
6623.01
6607.13
6529.99
6543.39
6701.36
6526.62
6318.61
6223.37
6335.56
6495.15
6245.18
6165.35
6312.03
6369.28
6593.8
6304.53
6742.97
6206.24
6470.74
6407.52
6642.27
6197.84
6061.8
5930.17
