2305.64
2852.93
1941.41
1865.11
1447.05
1321.26
1435.88
1535.65
1564.47
1606.04
1570.2
1592.74
1809.54
1653.95
1448.49
1410.42
1221.11
1363.32
1195.37
1321.26
1396.1
1253.61
1125.16
1235.3
1080.37
1395.79
1416.09
1386.25
1439.05
1386.31
1333.71
1425.16
1288.11
1201.92
1125.06
1070.06
1058.14
1050.98
1115.78
1105.06
1098.29
997.5
1024.55
1008.64
1038.07
1050.04
1169.57
1406.59
1470.53
1787.25
1816.47
1484.46
1433.11
1410.33
1500.1
1688.32
1974.69
1487.34
1846.9
1518.55
1529.65
1562.65
1856.43
1833.57
2092.0
2088.95
1964.31
1879.87
1992.46
2025.58
3186.77
3078.91
3079.99
3245.26
2835.11
3266.62
2141.77
2458.65
2686.52
2432.89
2194.84
2722.95
2329.44
2415.25
2829.02
2189.77
3547.35
2388.33
2976.85
3271.99
2908.24
2310.15
2086.18
1982.93
2007.12
2883.21
3229.6
2584.21
1973.44
1593.6
1669.13
1966.29
1895.25
1967.28
1945.82
2135.27
2137.59
2143.52
2612.89
2795.3
2825.89
2721.78
2542.69
3190.12
3294.08
3369.14
3455.24
3626.88
3593.41
3426.45
3315.26
2969.83
3097.92
3005.01
3290.68
3597.92
3865.83
4326.76
4938.61
5062.44
4366.59
4351.63
4341.74
4129.54
4002.88
3682.73
3784.23
4290.59
4286.46
4215.21
3830.49
3617.29
3774.81
4111.99
4260.41
4397.08
4550.53
4715.64
5219.08
5110.86
5298.72
5228.84
5300.24
5308.52
5457.82
5672.7
6197.84
6206.24
6526.62
6693.83
7252.4
7268.06
6749.28
7086.86
7106.01
7312.85
6923.6
6729.53
6369.28
6061.8
6646.55
6627.43
6763.38
6661.44
6947.06
6964.01
7041.27
6864.87
7035.76
6814.76
6919.59
7197.5
7222.08
7630.71
7489.2
7227.45
7532.9
7575.15
7276.63
7630.26
7736.07
7641.77
7832.22
7245.13
7773.92
7877.19
7573.26
7840.31
7198.85
7093.42
7060.6
7083.49
6721.08
6607.13
6543.39
6593.8
6710.4
7137.03
7703.1
6890.94
7170.7
7500.79
7739.86
7773.31
7816.44
7742.53
8039.45
8084.88
8059.65
7927.49
7866.52
7906.6
8035.2
8144.02
8069.81
7830.35
7838.22
7993.09
8098.16
8465.77
8043.71
8724.13
8256.28
8738.72
8516.02
8144.16
8001.57
7677.73
7918.53
7670.37
7380.32
6894.23
7046.57
6318.61
6335.56
6623.01
6470.74
5944.87
6165.35
5984.26
6223.37
6304.53
6430.58
6586.01
6529.99
6407.52
6588.28
6642.27
6839.59
6742.89
6872.97
7009.56
7136.1
6785.94
7152.88
7458.99
7404.61
7227.96
7341.65
7331.73
7213.44
6979.81
6923.41
6742.97
6826.61
6861.31
6833.42
6701.36
6495.15
6181.06
6245.18
6015.3
5860.99
5783.15
5799.24
5408.52
5572.09
5715.92
5930.17
6312.03
6514.72
6672.69
6712.21
6446.31
5989.27
6209.71
6398.77
6554.04
6734.99
6508.21
