2135.27
2141.77
1967.28
1992.46
1964.31
1879.87
1562.65
1448.49
1593.6
1447.05
1606.04
1669.13
1865.11
1895.25
1570.2
1529.65
1425.16
1410.33
1235.3
1098.29
1050.04
1038.07
1008.64
997.5
1024.55
1070.06
1433.11
1386.25
1396.1
1395.79
1363.32
1321.26
1410.42
1221.11
1321.26
1333.71
1288.11
1050.98
1169.57
1105.06
1386.31
1195.37
1592.74
1435.88
1484.46
1201.92
1080.37
1115.78
1125.16
1406.59
1535.65
1058.14
1125.06
1439.05
1846.9
1809.54
1833.57
1416.09
1487.34
1253.61
1500.1
1470.53
1518.55
1564.47
1653.95
1856.43
1787.25
1688.32
1945.82
2007.12
1966.29
2092.0
2310.15
2825.89
3078.91
3245.26
3186.77
2976.85
2686.52
2329.44
2542.69
2305.64
1974.69
3079.99
2795.3
3097.92
3005.01
2721.78
2835.11
3266.62
2969.83
3547.35
3369.14
3315.26
3597.92
3426.45
3294.08
2908.24
2584.21
2829.02
2415.25
2612.89
2458.65
2432.89
2143.52
2189.77
2088.95
1973.44
1941.41
1816.47
1982.93
2025.58
2388.33
2722.95
2137.59
2086.18
2194.84
2852.93
3190.12
3229.6
2883.21
3271.99
3290.68
3593.41
3617.29
3455.24
3682.73
3626.88
3830.49
3865.83
4215.21
4286.46
4351.63
4341.74
4290.59
4326.76
4260.41
3774.81
4129.54
4002.88
3784.23
4111.99
4366.59
4397.08
5219.08
5062.44
5110.86
4715.64
4550.53
4938.61
5228.84
5298.72
5308.52
5300.24
5860.99
6061.8
5944.87
5984.26
6304.53
5799.24
6543.39
6181.06
6197.84
6526.62
6015.3
6701.36
6729.53
6245.18
6206.24
6223.37
6495.15
6369.28
6470.74
6588.28
6814.76
6890.94
7083.49
7136.1
7093.42
7152.88
7575.15
7252.4
7458.99
7341.65
7227.45
7245.13
7086.86
6979.81
6749.28
6763.38
7106.01
7312.85
7838.22
7630.71
7816.44
7877.19
8035.2
8144.16
8465.77
8738.72
8516.02
8724.13
8098.16
7832.22
7773.31
7677.73
7573.26
7489.2
7380.32
7331.73
7500.79
7630.26
7641.77
7404.61
7742.53
7276.63
8069.81
8039.45
8256.28
7866.52
7918.53
7840.31
7993.09
8059.65
8084.88
7906.6
7670.37
7703.1
7736.07
7927.49
8001.57
7830.35
8043.71
8144.02
7739.86
7773.92
7532.9
7222.08
7198.85
6923.41
7046.57
7137.03
6839.59
6712.21
6672.69
6586.01
6165.35
5457.82
6209.71
5783.15
6446.31
7197.5
6894.23
6710.4
6826.61
6627.43
6593.8
6646.55
6861.31
7035.76
7009.56
7170.7
7227.96
6947.06
6964.01
6872.97
6923.6
6919.59
6864.87
6833.42
6721.08
6785.94
6742.97
6661.44
6742.89
7060.6
6529.99
6734.99
6430.58
6508.21
6623.01
6642.27
6693.83
6607.13
6335.56
5930.17
5715.92
5408.52
5672.7
5572.09
5989.27
6312.03
6398.77
6318.61
6407.52
6554.04
7041.27
7213.44
7268.06
6514.72
