1529.65
1846.9
1787.25
1865.11
1439.05
1470.53
1945.82
1967.28
2007.12
1982.93
1688.32
1500.1
1535.65
1433.11
1570.2
1964.31
1856.43
1447.05
1070.06
1050.04
1058.14
1396.1
1564.47
1833.57
1487.34
1406.59
1395.79
1410.33
1386.31
1416.09
1425.16
1235.3
1195.37
1125.06
1105.06
1115.78
1253.61
1386.25
1410.42
1288.11
1201.92
1098.29
1363.32
1125.16
1321.26
1169.57
1038.07
1008.64
997.5
1024.55
1050.98
1080.37
1221.11
1321.26
1333.71
1484.46
1448.49
1435.88
1518.55
1592.74
1941.41
1606.04
1653.95
1593.6
1669.13
1966.29
2086.18
2092.0
2189.77
2141.77
1973.44
2135.27
2137.59
2686.52
2829.02
2415.25
2329.44
2305.64
2388.33
2721.78
2612.89
3266.62
2969.83
3005.01
3190.12
3186.77
3245.26
3229.6
3294.08
3774.81
3617.29
3597.92
3426.45
3290.68
3369.14
3682.73
3784.23
3626.88
3271.99
2908.24
2883.21
2852.93
2825.89
3079.99
2584.21
2310.15
1974.69
1895.25
1809.54
1562.65
1816.47
1879.87
1992.46
2025.58
2088.95
2194.84
2143.52
2458.65
2835.11
3078.91
2542.69
2722.95
2432.89
2976.85
2795.3
3097.92
3315.26
3593.41
3830.49
3547.35
4290.59
3455.24
3865.83
4002.88
4260.41
4286.46
4397.08
4129.54
4341.74
4366.59
4326.76
4111.99
4215.21
4351.63
4550.53
4715.64
5110.86
4938.61
5219.08
5300.24
5062.44
5308.52
5228.84
5298.72
5408.52
5860.99
6061.8
6554.04
6712.21
6734.99
7137.03
6721.08
6749.28
6701.36
6470.74
6495.15
6627.43
6181.06
5799.24
6015.3
6446.31
6814.76
6742.89
7009.56
7222.08
7276.63
7489.2
7670.37
7630.71
7630.26
7312.85
7575.15
7703.1
7331.73
6894.23
7152.88
6864.87
6923.41
6729.53
7083.49
7086.86
7106.01
7060.6
7197.5
6964.01
7227.45
7341.65
8035.2
7918.53
7877.19
7773.92
7500.79
7245.13
7198.85
7404.61
7252.4
7773.31
7840.31
8001.57
8098.16
7641.77
7993.09
7906.6
7832.22
8059.65
8144.16
8465.77
8724.13
8516.02
8069.81
7573.26
7838.22
7213.44
7677.73
7742.53
7739.86
7736.07
8039.45
7927.49
8256.28
8738.72
8043.71
8144.02
8084.88
7830.35
7866.52
7816.44
7458.99
7532.9
7268.06
7380.32
7227.96
6923.6
6588.28
6312.03
6407.52
6245.18
5457.82
5783.15
5572.09
5672.7
6223.37
6206.24
6304.53
6710.4
6839.59
6947.06
7170.7
7041.27
6861.31
6890.94
6872.97
7093.42
7046.57
6979.81
7136.1
7035.76
6742.97
6785.94
6623.01
6607.13
6693.83
6672.69
5930.17
6593.8
6529.99
6586.01
6642.27
6335.56
6369.28
6165.35
5944.87
5984.26
6209.71
6197.84
6430.58
5989.27
6661.44
6514.72
6398.77
6318.61
6543.39
6646.55
6826.61
6763.38
6833.42
6919.59
6508.21
6526.62
5715.92
