2542.69
2795.3
2025.58
1982.93
1570.2
1606.04
1973.44
1945.82
1593.6
1592.74
1518.55
1564.47
1416.09
1433.11
1410.33
1410.42
1386.25
1500.1
1395.79
1321.26
1288.11
1321.26
1201.92
1425.16
1125.16
1386.31
1333.71
1080.37
1253.61
1396.1
1169.57
1105.06
1050.98
1058.14
1038.07
1008.64
997.5
1070.06
1024.55
1125.06
1098.29
1195.37
1050.04
1235.3
1363.32
1406.59
1115.78
1221.11
1439.05
1967.28
2415.25
2305.64
2310.15
1865.11
1846.9
2329.44
2189.77
1941.41
1669.13
1816.47
1653.95
1470.53
1787.25
1448.49
1487.34
1562.65
1535.65
1529.65
1447.05
1435.88
1484.46
1879.87
2007.12
2584.21
2194.84
1856.43
1688.32
1833.57
1992.46
2092.0
2432.89
2721.78
2143.52
2458.65
2976.85
3005.01
3186.77
3078.91
2969.83
3271.99
3455.24
3294.08
3597.92
3369.14
3315.26
3290.68
3266.62
2908.24
2686.52
1964.31
2086.18
2137.59
2088.95
2141.77
1809.54
1966.29
1895.25
1974.69
2612.89
2135.27
2388.33
2829.02
2722.95
2883.21
2825.89
2835.11
2852.93
3079.99
3097.92
3245.26
3190.12
3229.6
3426.45
3682.73
3593.41
3784.23
3626.88
3547.35
3617.29
3865.83
4260.41
4326.76
4286.46
4111.99
4129.54
4215.21
3774.81
4002.88
3830.49
4290.59
4351.63
4341.74
4366.59
4397.08
4550.53
4938.61
4715.64
5219.08
5300.24
5228.84
5298.72
5110.86
5062.44
5457.82
5799.24
6181.06
6209.71
6446.31
6872.97
7035.76
6734.99
6947.06
6693.83
6554.04
6430.58
6165.35
6015.3
5308.52
5572.09
6245.18
6646.55
6785.94
7170.7
7312.85
7500.79
7670.37
7840.31
7877.19
7866.52
7993.09
8035.2
8039.45
7918.53
7641.77
7575.15
7532.9
7773.92
7742.53
7573.26
7458.99
7838.22
7773.31
8059.65
7489.2
7245.13
7197.5
6890.94
7083.49
6923.41
7106.01
7137.03
7213.44
6923.6
6864.87
6729.53
6839.59
7041.27
7252.4
7630.26
7630.71
8001.57
8256.28
8516.02
8069.81
8465.77
7906.6
8144.16
8738.72
8724.13
8144.02
7927.49
8084.88
7816.44
8043.71
7736.07
7739.86
7276.63
7341.65
7268.06
7093.42
6826.61
7404.61
7677.73
7830.35
7227.96
6814.76
6919.59
7198.85
7152.88
8098.16
7832.22
7703.1
7222.08
6607.13
6529.99
6514.72
5408.52
6312.03
6398.77
6543.39
6964.01
7331.73
7086.86
7060.6
7227.45
6861.31
6335.56
5715.92
7136.1
6526.62
6710.4
6661.44
6586.01
5984.26
5989.27
6223.37
6206.24
6508.21
6197.84
6721.08
6701.36
6763.38
6833.42
6623.01
6749.28
6742.97
6672.69
6627.43
7009.56
6369.28
6593.8
6470.74
6304.53
6061.8
6495.15
5930.17
5860.99
5672.7
5783.15
5944.87
6407.52
6742.89
7380.32
6894.23
7046.57
6642.27
6712.21
6588.28
6979.81
6318.61
