1425.16
2092.0
1669.13
1653.95
1593.6
1570.2
1846.9
1945.82
1535.65
1606.04
1500.1
1484.46
1487.34
1564.47
1435.88
1386.25
1406.59
1439.05
1416.09
1410.42
1410.33
1363.32
1050.04
1070.06
1080.37
1221.11
1253.61
1098.29
1125.16
1125.06
1169.57
1288.11
1195.37
1115.78
1201.92
1470.53
1518.55
1562.65
1529.65
1386.31
1433.11
1396.1
1105.06
1050.98
1038.07
997.5
1008.64
1024.55
1321.26
1592.74
1447.05
1688.32
1448.49
1058.14
1321.26
1235.3
1333.71
1395.79
1865.11
1856.43
2025.58
1833.57
2458.65
2141.77
2305.64
3079.99
2721.78
3005.01
2852.93
2310.15
1816.47
1879.87
1992.46
2415.25
2542.69
2137.59
2143.52
2722.95
2194.84
1974.69
1966.29
1964.31
1895.25
1982.93
2584.21
2612.89
2969.83
2795.3
3186.77
3369.14
2388.33
2883.21
2908.24
2976.85
2825.89
3266.62
3290.68
3097.92
3190.12
3229.6
2432.89
2088.95
2007.12
2086.18
2686.52
2829.02
1941.41
1973.44
1809.54
1787.25
1967.28
2135.27
2189.77
2835.11
2329.44
3078.91
3271.99
3245.26
3426.45
3294.08
3455.24
3547.35
3626.88
3774.81
3593.41
3682.73
3597.92
3315.26
3617.29
3784.23
3830.49
4002.88
4215.21
3865.83
4260.41
4286.46
4290.59
4341.74
4326.76
4111.99
4366.59
4129.54
4351.63
4397.08
4550.53
4715.64
5110.86
5062.44
5219.08
5672.7
5308.52
5228.84
4938.61
5298.72
5300.24
5860.99
6061.8
6245.18
6693.83
6721.08
6763.38
6785.94
6646.55
6749.28
6872.97
7060.6
7035.76
6742.97
6586.01
6446.31
6701.36
6964.01
7041.27
7197.5
7106.01
7083.49
7630.71
7500.79
7532.9
8001.57
8516.02
8738.72
8724.13
8043.71
7137.03
7093.42
7341.65
7458.99
6890.94
6335.56
6623.01
6710.4
6672.69
6627.43
6864.87
7170.7
7198.85
7927.49
8039.45
8059.65
8069.81
8098.16
7830.35
7312.85
7773.92
7630.26
7331.73
7739.86
7252.4
7276.63
7641.77
7736.07
7838.22
7993.09
7866.52
7832.22
8144.16
8144.02
8465.77
8035.2
7877.19
7677.73
7573.26
7670.37
7404.61
7222.08
7136.1
7773.31
7918.53
8256.28
7906.6
8084.88
7840.31
7816.44
7268.06
7227.96
7380.32
7575.15
7703.1
7742.53
7489.2
6919.59
6742.89
5799.24
6206.24
6508.21
6197.84
5715.92
5572.09
5408.52
5783.15
5930.17
5989.27
5944.87
6015.3
6223.37
6407.52
6554.04
7086.86
6923.41
7227.45
7245.13
7213.44
7152.88
7046.57
7009.56
6814.76
6979.81
6861.31
6839.59
6526.62
6430.58
6369.28
6318.61
6398.77
6514.72
6607.13
6712.21
6826.61
6947.06
6923.6
6642.27
6734.99
6833.42
6729.53
6894.23
6588.28
6593.8
6304.53
6312.03
6529.99
6661.44
6495.15
6209.71
5984.26
6165.35
6470.74
6543.39
6181.06
5457.82
