1816.47
1945.82
1809.54
1484.46
1395.79
1410.42
1653.95
1487.34
1879.87
1973.44
1846.9
1833.57
1518.55
1433.11
1406.59
1396.1
1288.11
1416.09
1386.25
1115.78
1098.29
1080.37
1050.04
1070.06
1125.06
1169.57
1333.71
1201.92
1195.37
1425.16
1386.31
1058.14
1606.04
1125.16
1253.61
1321.26
1221.11
1050.98
1038.07
1008.64
997.5
1024.55
1105.06
1439.05
1235.3
1321.26
1363.32
1447.05
1448.49
1593.6
1535.65
1470.53
1570.2
1500.1
1529.65
1435.88
1592.74
1410.33
1562.65
1669.13
1688.32
1865.11
1982.93
1856.43
1974.69
1964.31
2025.58
1992.46
2086.18
2137.59
2143.52
2329.44
2458.65
3005.01
3097.92
2722.95
2092.0
3190.12
2007.12
1967.28
1895.25
1941.41
1564.47
1787.25
1966.29
2088.95
2883.21
3266.62
3617.29
3830.49
3865.83
3597.92
3315.26
3290.68
3229.6
3245.26
3294.08
2388.33
2584.21
2141.77
2194.84
2135.27
2976.85
2829.02
2825.89
2310.15
2415.25
2305.64
2721.78
2908.24
2612.89
3186.77
2686.52
2969.83
3078.91
2852.93
2189.77
2795.3
2432.89
2542.69
2835.11
3079.99
3271.99
3369.14
3682.73
3455.24
3593.41
3547.35
4002.88
4326.76
4351.63
4341.74
4366.59
4290.59
4129.54
3774.81
3626.88
3426.45
4286.46
3784.23
4215.21
4111.99
4260.41
4397.08
4550.53
4715.64
5062.44
5110.86
4938.61
5300.24
5298.72
5228.84
5219.08
5308.52
5572.09
5408.52
5799.24
5672.7
5989.27
6181.06
6495.15
6165.35
5783.15
5457.82
6206.24
6964.01
6839.59
6642.27
6947.06
6710.4
7060.6
6749.28
6646.55
6508.21
6335.56
6701.36
7035.76
7136.1
7152.88
7227.96
7213.44
7245.13
7222.08
7830.35
7198.85
7840.31
7838.22
7677.73
7703.1
7532.9
7670.37
7736.07
7312.85
7227.45
7341.65
7268.06
7630.26
8001.57
7137.03
7866.52
7630.71
7489.2
7380.32
7083.49
7086.86
7106.01
7252.4
7575.15
7816.44
7832.22
8043.71
8144.02
8144.16
8039.45
7500.79
7404.61
7573.26
7993.09
8069.81
7641.77
7906.6
8084.88
8035.2
8724.13
8256.28
7276.63
7458.99
7918.53
8738.72
8516.02
8465.77
8098.16
7927.49
7739.86
7773.31
7742.53
8059.65
7773.92
7877.19
7331.73
7170.7
7046.57
7197.5
6894.23
6979.81
7093.42
7041.27
6864.87
6826.61
6712.21
6923.6
6872.97
6734.99
6430.58
6223.37
6015.3
5944.87
5930.17
5984.26
5715.92
6407.52
6209.71
6245.18
6312.03
6543.39
6814.76
6833.42
6742.89
6861.31
6593.8
6304.53
6529.99
6318.61
6061.8
6586.01
6742.97
6919.59
6923.41
6693.83
6785.94
6623.01
6398.77
6446.31
6369.28
6514.72
6763.38
6554.04
6627.43
6672.69
6721.08
7009.56
6890.94
6729.53
6588.28
6526.62
6607.13
6661.44
6470.74
6197.84
5860.99
