2086.18
2722.95
2388.33
2194.84
1967.28
1879.87
1321.26
1593.6
1235.3
1410.42
1435.88
1606.04
1964.31
1816.47
1669.13
1416.09
1080.37
1050.04
1195.37
1038.07
1253.61
1125.06
1024.55
1058.14
1221.11
1425.16
1570.2
1592.74
1562.65
1966.29
1688.32
1846.9
1484.46
1410.33
1321.26
1447.05
1386.25
1050.98
1386.31
1169.57
1333.71
1105.06
1396.1
1115.78
1070.06
1098.29
1008.64
997.5
1125.16
1395.79
1535.65
1288.11
1363.32
1201.92
1433.11
1406.59
1470.53
1448.49
1500.1
1529.65
1787.25
1945.82
1865.11
1564.47
1439.05
1518.55
1809.54
1895.25
2141.77
2542.69
2721.78
3005.01
2686.52
2137.59
1941.41
1487.34
1653.95
2143.52
2976.85
3369.14
2852.93
3271.99
3190.12
3229.6
2969.83
3078.91
3294.08
2883.21
3315.26
3774.81
3865.83
3455.24
3682.73
3617.29
3547.35
3830.49
3626.88
3593.41
3097.92
2835.11
2189.77
2092.0
1974.69
2310.15
3079.99
3245.26
2415.25
1833.57
1856.43
2025.58
2135.27
1992.46
1973.44
2007.12
1982.93
2088.95
2305.64
2458.65
2612.89
2829.02
2584.21
2432.89
2329.44
2795.3
2825.89
2908.24
3186.77
3290.68
3266.62
3426.45
3597.92
3784.23
4002.88
4111.99
4129.54
4341.74
4550.53
4938.61
4351.63
4366.59
4397.08
4260.41
4290.59
4215.21
4286.46
4326.76
4715.64
5062.44
5219.08
5298.72
5300.24
5457.82
5110.86
5228.84
5783.15
5572.09
6407.52
6734.99
7106.01
6710.4
7404.61
6814.76
6646.55
6661.44
6245.18
6543.39
6209.71
6206.24
6165.35
5930.17
6061.8
6181.06
6304.53
5944.87
6015.3
6446.31
6586.01
6642.27
6833.42
6872.97
6964.01
7060.6
7245.13
7170.7
7136.1
7252.4
7197.5
7641.77
7331.73
7222.08
7276.63
7573.26
7677.73
7816.44
7927.49
7993.09
7838.22
7918.53
8035.2
8098.16
7773.31
8069.81
7866.52
7739.86
7532.9
7489.2
7380.32
7227.96
7670.37
7575.15
7830.35
7773.92
7877.19
8059.65
8256.28
8465.77
8724.13
8738.72
8043.71
7906.6
7736.07
7703.1
7268.06
7227.45
7312.85
7198.85
7341.65
7630.26
7832.22
8516.02
8084.88
8144.16
8144.02
8039.45
7840.31
8001.57
7742.53
7458.99
7630.71
7500.79
6947.06
6894.23
6593.8
5408.52
5984.26
6721.08
6923.6
5308.52
6430.58
6223.37
6672.69
6742.89
6839.59
6890.94
6919.59
6742.97
6861.31
7213.44
6979.81
6864.87
7035.76
6785.94
7009.56
7046.57
7083.49
7137.03
7086.86
7093.42
6923.41
7041.27
6763.38
6749.28
7152.88
6826.61
6712.21
6701.36
6526.62
6335.56
6197.84
6554.04
6529.99
6495.15
6318.61
6312.03
5860.99
5672.7
5715.92
6369.28
6470.74
6398.77
6588.28
6729.53
6627.43
6607.13
6508.21
5989.27
6693.83
6623.01
6514.72
5799.24
