1386.25
2086.18
1669.13
1435.88
1447.05
1416.09
1688.32
1816.47
1653.95
1500.1
1439.05
1395.79
1974.69
1593.6
2305.64
2025.58
1865.11
1966.29
1592.74
1529.65
1396.1
1321.26
1321.26
1333.71
1484.46
1410.42
1964.31
1535.65
1787.25
1982.93
1518.55
1448.49
1386.31
1201.92
1195.37
1169.57
1125.16
1098.29
1115.78
1080.37
1050.98
1038.07
1024.55
997.5
1008.64
1050.04
1070.06
1058.14
1105.06
1125.06
1253.61
1406.59
1833.57
1973.44
2141.77
2612.89
2143.52
1564.47
1470.53
1288.11
1570.2
1433.11
1410.33
1606.04
1221.11
1425.16
1235.3
1363.32
1487.34
1967.28
1562.65
2686.52
2415.25
2310.15
2458.65
2908.24
3079.99
2976.85
2721.78
2969.83
2852.93
2722.95
3190.12
3271.99
3597.92
3593.41
3774.81
3784.23
3617.29
3865.83
3682.73
3455.24
3426.45
3186.77
3245.26
3290.68
3266.62
3315.26
3294.08
3229.6
2194.84
2883.21
2795.3
3078.91
3005.01
3097.92
2829.02
2542.69
2584.21
1945.82
2007.12
1846.9
1809.54
1992.46
2135.27
1879.87
2189.77
1856.43
2137.59
2088.95
1895.25
1941.41
2092.0
2329.44
2388.33
2432.89
2825.89
2835.11
3369.14
3547.35
4002.88
4215.21
4290.59
4129.54
4351.63
4366.59
4341.74
4326.76
4286.46
4111.99
3830.49
3626.88
4260.41
4550.53
4397.08
4715.64
4938.61
5062.44
5110.86
5219.08
5300.24
5298.72
5308.52
5930.17
6593.8
6495.15
6304.53
6607.13
6627.43
6588.28
6672.69
6712.21
6861.31
6864.87
6661.44
7136.1
6785.94
6833.42
6398.77
6947.06
6814.76
6721.08
6642.27
6554.04
6470.74
6734.99
7152.88
7245.13
6923.41
7093.42
7213.44
7312.85
7380.32
7773.92
7670.37
7736.07
7773.31
7703.1
7641.77
7630.26
7573.26
7877.19
7276.63
7742.53
7404.61
7830.35
7838.22
7739.86
7630.71
7532.9
7458.99
7227.45
7009.56
6890.94
6839.59
6763.38
6919.59
7137.03
7489.2
7816.44
8035.2
8084.88
8069.81
8144.02
8098.16
8465.77
8724.13
8738.72
8144.16
7927.49
7840.31
7866.52
8256.28
8516.02
7906.6
7227.96
7575.15
8059.65
8043.71
8039.45
8001.57
7832.22
7993.09
7918.53
7500.79
7341.65
7677.73
7198.85
7331.73
7268.06
7197.5
6964.01
6710.4
6446.31
6543.39
6514.72
6508.21
6335.56
6369.28
6206.24
6245.18
6526.62
6181.06
6407.52
6729.53
6693.83
6701.36
6742.89
6749.28
6872.97
7035.76
7060.6
7041.27
7046.57
6923.6
6979.81
7106.01
7086.86
7222.08
7252.4
7170.7
7083.49
6894.23
6742.97
6826.61
6646.55
6586.01
6312.03
6209.71
5984.26
6015.3
5989.27
5572.09
6318.61
6165.35
6623.01
5860.99
6223.37
5944.87
5457.82
5783.15
5799.24
5715.92
5672.7
5408.52
6061.8
6430.58
6197.84
6529.99
5228.84
