2088.95
3097.92
2189.77
2305.64
1895.25
1592.74
1570.2
1606.04
1484.46
1518.55
1447.05
1433.11
1416.09
1410.42
1410.33
1396.1
1487.34
1439.05
1115.78
1201.92
1235.3
1105.06
1098.29
997.5
1008.64
1050.98
1253.61
1321.26
1470.53
1564.47
1333.71
1125.16
1070.06
1195.37
1435.88
1529.65
1321.26
1080.37
1425.16
1406.59
1395.79
1386.25
1386.31
1169.57
1125.06
1038.07
1050.04
1058.14
1024.55
1221.11
1363.32
1288.11
1448.49
1562.65
1833.57
1879.87
1974.69
2137.59
2007.12
1500.1
1787.25
1669.13
1973.44
1816.47
1593.6
1653.95
1966.29
1846.9
1856.43
1982.93
1535.65
1688.32
2388.33
2721.78
2194.84
2686.52
2835.11
3079.99
2329.44
2795.3
2310.15
2143.52
2141.77
2432.89
2458.65
2025.58
2969.83
2722.95
2829.02
2908.24
3005.01
3290.68
3245.26
3426.45
3315.26
3294.08
3266.62
3229.6
2825.89
2415.25
2086.18
2092.0
1992.46
1945.82
1941.41
1964.31
1865.11
1967.28
2542.69
3078.91
2135.27
2852.93
1809.54
2612.89
2584.21
2883.21
3186.77
2976.85
3190.12
3271.99
3369.14
3455.24
3593.41
3597.92
3547.35
3626.88
3617.29
3682.73
3774.81
4111.99
4286.46
4341.74
4326.76
4002.88
4260.41
4290.59
3865.83
3784.23
3830.49
4215.21
4351.63
4129.54
4366.59
4397.08
4550.53
4715.64
4938.61
5062.44
5110.86
5300.24
5457.82
5298.72
5228.84
5219.08
5308.52
5408.52
5799.24
6015.3
6245.18
6588.28
6701.36
6627.43
6543.39
6646.55
6495.15
6529.99
6864.87
6672.69
6742.89
6785.94
6734.99
6661.44
6749.28
6923.41
7083.49
7404.61
7736.07
7773.92
8043.71
7641.77
7245.13
7060.6
7136.1
6964.01
6894.23
6919.59
7035.76
7380.32
7927.49
8069.81
8256.28
8144.02
8035.2
7532.9
7137.03
7106.01
7170.7
7866.52
7677.73
8059.65
7993.09
7742.53
7630.71
7268.06
7197.5
7458.99
7816.44
7840.31
7773.31
7046.57
6861.31
6872.97
6833.42
7341.65
7227.96
7832.22
8465.77
8724.13
8738.72
8516.02
8144.16
7906.6
7877.19
7489.2
7331.73
7252.4
7152.88
7276.63
7009.56
7739.86
7573.26
8001.57
7670.37
8098.16
7918.53
8084.88
7838.22
7312.85
7630.26
6947.06
7093.42
7198.85
6710.4
6061.8
6197.84
5930.17
5783.15
5672.7
5715.92
5572.09
5984.26
6304.53
6526.62
6514.72
6729.53
6839.59
7086.86
7227.45
7830.35
7703.1
8039.45
7500.79
7222.08
7575.15
7041.27
6979.81
6923.6
6693.83
6623.01
6593.8
6446.31
6398.77
6312.03
5860.99
5989.27
6890.94
6470.74
6742.97
6407.52
5944.87
6165.35
6712.21
7213.44
6814.76
6642.27
6586.01
6223.37
6318.61
6607.13
6369.28
6508.21
6554.04
6335.56
6206.24
6181.06
6430.58
6721.08
6826.61
6763.38
6209.71
