1606.04
1967.28
1856.43
2686.52
2852.93
1964.31
2305.64
2584.21
2795.3
1966.29
1992.46
2137.59
2194.84
2329.44
2088.95
1592.74
1593.6
2007.12
1941.41
1816.47
1570.2
1447.05
1562.65
1435.88
1433.11
1169.57
1470.53
1386.25
1288.11
1253.61
1235.3
1201.92
1386.31
1321.26
1080.37
1653.95
1105.06
1333.71
1125.06
1058.14
1098.29
1038.07
1024.55
1050.04
1115.78
997.5
1050.98
1008.64
1070.06
1221.11
1487.34
1669.13
1833.57
1688.32
2092.0
1982.93
1865.11
1439.05
1321.26
1363.32
1125.16
1564.47
1484.46
1410.42
1406.59
1518.55
1195.37
1529.65
1425.16
1395.79
1535.65
1846.9
1895.25
2458.65
2542.69
2722.95
2612.89
2969.83
3097.92
2908.24
2415.25
2025.58
1879.87
2086.18
2310.15
3186.77
3245.26
3229.6
3271.99
3426.45
3369.14
3455.24
3617.29
4111.99
4260.41
4002.88
3784.23
3547.35
3290.68
3190.12
2976.85
2721.78
2432.89
2388.33
2189.77
2143.52
1396.1
1416.09
1448.49
1410.33
1500.1
1787.25
1809.54
1974.69
1973.44
2135.27
2141.77
1945.82
2835.11
2825.89
2883.21
2829.02
3005.01
3078.91
3266.62
3079.99
3315.26
3294.08
3593.41
3774.81
4326.76
4341.74
4366.59
3682.73
3830.49
4290.59
4215.21
4351.63
4286.46
3865.83
3626.88
3597.92
4129.54
4397.08
4550.53
4715.64
5062.44
4938.61
5219.08
5298.72
5572.09
5408.52
5457.82
6369.28
5715.92
6470.74
6526.62
6554.04
6529.99
6693.83
6861.31
6923.41
6661.44
6749.28
6642.27
6826.61
6923.6
6964.01
6785.94
6712.21
6763.38
6814.76
6833.42
6890.94
7093.42
7227.96
7106.01
7458.99
7198.85
7170.7
7035.76
6947.06
7009.56
7404.61
7136.1
7575.15
7703.1
7906.6
7630.26
7742.53
7840.31
7736.07
7252.4
6979.81
7083.49
6864.87
6872.97
7041.27
7086.86
7670.37
7830.35
7630.71
7489.2
7137.03
7532.9
7773.31
7641.77
7268.06
7227.45
7060.6
7312.85
8084.88
8144.16
8724.13
8516.02
8043.71
8098.16
8256.28
8738.72
8465.77
7918.53
7276.63
7152.88
7245.13
7331.73
7197.5
7677.73
7838.22
8001.57
8144.02
8035.2
8059.65
7927.49
7832.22
7739.86
7773.92
7500.79
7380.32
7866.52
7046.57
7213.44
6919.59
6729.53
6407.52
6623.01
6514.72
6430.58
5930.17
6061.8
5799.24
6165.35
6206.24
6508.21
6304.53
6312.03
6495.15
6588.28
6742.89
6734.99
6839.59
7222.08
7573.26
7816.44
7993.09
8039.45
8069.81
7877.19
7341.65
6894.23
6701.36
6181.06
6197.84
5300.24
5110.86
5783.15
6398.77
6627.43
6721.08
6646.55
6742.97
6710.4
6672.69
6586.01
6318.61
6223.37
6607.13
6245.18
6446.31
6015.3
5944.87
5984.26
6209.71
5860.99
5308.52
5228.84
5989.27
6593.8
6543.39
6335.56
5672.7
