3097.92
1606.04
1098.29
1470.53
1570.2
1221.11
1070.06
1386.31
1333.71
1535.65
1529.65
1816.47
1593.6
1846.9
1982.93
2135.27
1879.87
1809.54
1484.46
1416.09
1410.42
1435.88
1425.16
1439.05
1125.06
1518.55
997.5
1058.14
1169.57
1410.33
1253.61
1406.59
1024.55
1050.04
1038.07
1195.37
1363.32
1395.79
1321.26
1386.25
1125.16
1050.98
1080.37
1008.64
1115.78
1105.06
1235.3
1201.92
1396.1
1448.49
1833.57
1562.65
2329.44
2092.0
2141.77
2883.21
2686.52
2143.52
2189.77
1865.11
1964.31
1669.13
1487.34
1321.26
1288.11
1433.11
1856.43
1447.05
1787.25
1592.74
1564.47
1653.95
1967.28
1966.29
2007.12
1895.25
1945.82
2086.18
1500.1
1941.41
1688.32
1974.69
2310.15
2795.3
3369.14
3455.24
3426.45
3078.91
2976.85
2542.69
3079.99
3190.12
3315.26
3774.81
3593.41
3617.29
3626.88
3547.35
3271.99
3229.6
2194.84
2415.25
2025.58
2612.89
2432.89
2852.93
2969.83
3005.01
2835.11
1992.46
2137.59
2088.95
2305.64
2584.21
2825.89
3294.08
3245.26
3266.62
3186.77
2908.24
2722.95
2458.65
1973.44
2388.33
2721.78
2829.02
3290.68
3682.73
3597.92
3784.23
4002.88
3830.49
4215.21
3865.83
4111.99
4366.59
4290.59
4351.63
4286.46
4260.41
4341.74
4129.54
4326.76
4397.08
4550.53
4715.64
4938.61
5110.86
5298.72
6223.37
6304.53
6785.94
5715.92
5457.82
5944.87
5930.17
6407.52
6623.01
6721.08
6526.62
6872.97
6318.61
6734.99
6890.94
6710.4
6661.44
6369.28
5408.52
5219.08
5062.44
5228.84
5989.27
6554.04
5984.26
6839.59
6672.69
6964.01
7106.01
7222.08
7245.13
7252.4
7312.85
7630.71
8084.88
8001.57
8098.16
8043.71
8059.65
7877.19
7773.31
7830.35
7500.79
7670.37
7575.15
7170.7
7458.99
7331.73
7773.92
7906.6
8724.13
8069.81
8465.77
8035.2
7573.26
7703.1
7641.77
7838.22
7816.44
7866.52
7489.2
7404.61
7380.32
7736.07
7927.49
8039.45
8144.02
8516.02
8738.72
8256.28
8144.16
7739.86
7341.65
7268.06
7993.09
7840.31
7227.96
6543.39
6508.21
7227.45
7630.26
7677.73
7832.22
7742.53
7918.53
7532.9
7276.63
7152.88
7197.5
7137.03
7198.85
7213.44
7086.86
6947.06
6586.01
6588.28
6446.31
6919.59
6197.84
5783.15
5300.24
5799.24
6742.97
6979.81
6607.13
6209.71
6398.77
6712.21
7035.76
7046.57
7093.42
7041.27
7136.1
7009.56
6729.53
6701.36
7083.49
6742.89
7060.6
6833.42
6335.56
6165.35
5860.99
5572.09
5308.52
6181.06
6061.8
6593.8
6693.83
6826.61
6642.27
6923.41
6861.31
6763.38
6864.87
6894.23
6430.58
6514.72
6627.43
6749.28
6923.6
6646.55
6470.74
6495.15
5672.7
6015.3
6529.99
6814.76
6312.03
6206.24
6245.18
