1945.82
2092.0
1833.57
1974.69
1500.1
2305.64
1570.2
1593.6
1470.53
1535.65
1592.74
1484.46
1606.04
1653.95
1518.55
1425.16
1410.42
1386.31
1321.26
1201.92
1333.71
1433.11
1363.32
1448.49
1439.05
1396.1
1562.65
1564.47
1846.9
1973.44
1816.47
1809.54
1787.25
1435.88
1416.09
1386.25
1288.11
1169.57
1050.98
1024.55
1125.06
1058.14
1105.06
1098.29
1221.11
1115.78
1395.79
1038.07
1125.16
1235.3
1410.33
1195.37
1070.06
997.5
1008.64
1253.61
1321.26
1080.37
1406.59
1050.04
1447.05
1487.34
1967.28
1865.11
2135.27
2141.77
2137.59
2143.52
2584.21
3229.6
2415.25
3005.01
2908.24
2852.93
3271.99
2721.78
2432.89
2969.83
2088.95
2025.58
1964.31
1688.32
1856.43
1992.46
2458.65
2612.89
2825.89
3190.12
3426.45
3597.92
3626.88
3369.14
3617.29
3455.24
3186.77
3245.26
3315.26
3097.92
3294.08
3079.99
2329.44
2976.85
2835.11
3547.35
3266.62
2829.02
2388.33
1529.65
1895.25
1669.13
1941.41
2189.77
1982.93
2194.84
2086.18
2007.12
1879.87
1966.29
2310.15
2795.3
2722.95
2542.69
2686.52
2883.21
3078.91
3290.68
3593.41
3682.73
3774.81
3784.23
4111.99
3865.83
4215.21
3830.49
4002.88
4129.54
4260.41
4290.59
4326.76
4341.74
4366.59
4286.46
4351.63
4397.08
4550.53
4715.64
5062.44
5308.52
5219.08
5110.86
5228.84
5300.24
5408.52
4938.61
5672.7
5457.82
5799.24
6304.53
6206.24
6586.01
6785.94
6712.21
6734.99
6623.01
6693.83
6749.28
7093.42
6923.6
6947.06
7041.27
7137.03
7086.86
7227.96
7227.45
7312.85
7198.85
7222.08
7331.73
7380.32
7060.6
7152.88
6979.81
6839.59
6826.61
6763.38
6710.4
6672.69
6721.08
6742.89
6861.31
7083.49
7046.57
6964.01
7458.99
7573.26
7866.52
8084.88
8144.16
8465.77
8516.02
8039.45
8043.71
7838.22
7739.86
7670.37
7832.22
7816.44
7927.49
8069.81
8001.57
8144.02
7993.09
7918.53
7641.77
7736.07
7489.2
7575.15
7906.6
7830.35
7677.73
7268.06
7009.56
7245.13
7703.1
7742.53
7276.63
7213.44
7404.61
7840.31
8098.16
8738.72
8724.13
8256.28
8059.65
7877.19
8035.2
7773.92
7500.79
7532.9
7197.5
6872.97
6588.28
6369.28
5298.72
5715.92
5572.09
6061.8
5783.15
5989.27
6446.31
6470.74
6923.41
7035.76
6646.55
6642.27
6181.06
6430.58
6015.3
6554.04
6398.77
6607.13
6526.62
6543.39
6701.36
6814.76
7136.1
7630.71
7773.31
7630.26
6919.59
6894.23
7252.4
7341.65
6833.42
6742.97
7170.7
7106.01
6864.87
6627.43
6514.72
6407.52
6318.61
6245.18
6335.56
6209.71
6312.03
6508.21
6495.15
6661.44
6197.84
6223.37
6165.35
5984.26
5944.87
5860.99
5930.17
6729.53
6593.8
6890.94
6529.99
