3186.77
3005.01
2143.52
1669.13
1253.61
1050.04
1080.37
1070.06
2194.84
1564.47
1562.65
1235.3
1098.29
1333.71
1447.05
1410.33
1787.25
1535.65
1592.74
1653.95
2088.95
1945.82
1816.47
1518.55
1484.46
1425.16
1410.42
1115.78
1221.11
1395.79
1321.26
1416.09
1363.32
1201.92
1125.06
1058.14
1386.31
1125.16
1406.59
1448.49
1439.05
1195.37
1169.57
1288.11
1396.1
1433.11
1386.25
1321.26
1038.07
1008.64
1024.55
997.5
1050.98
1105.06
1435.88
1879.87
1992.46
1895.25
2007.12
1967.28
2329.44
2305.64
2025.58
1865.11
1487.34
1833.57
1470.53
1856.43
1570.2
1966.29
1964.31
2141.77
2835.11
2825.89
2969.83
3078.91
2852.93
3190.12
2721.78
2189.77
2092.0
1846.9
1500.1
2137.59
2135.27
1606.04
3271.99
2415.25
3097.92
3455.24
3369.14
3229.6
2908.24
3266.62
3547.35
3597.92
3426.45
3617.29
3290.68
3626.88
3315.26
2883.21
2388.33
2310.15
1974.69
2086.18
1688.32
1593.6
1809.54
1529.65
1982.93
1973.44
1941.41
2542.69
2795.3
3079.99
2976.85
2829.02
2612.89
2686.52
2584.21
2432.89
2458.65
2722.95
3245.26
3294.08
3593.41
3682.73
3774.81
3784.23
4290.59
4326.76
4260.41
3830.49
3865.83
4002.88
4215.21
4129.54
4341.74
4111.99
4351.63
4286.46
4366.59
4397.08
4550.53
4938.61
5298.72
5110.86
4715.64
5062.44
5300.24
5408.52
5984.26
5457.82
5219.08
5228.84
6223.37
7083.49
7197.5
6814.76
6710.4
6508.21
6398.77
6181.06
6206.24
6470.74
6693.83
6588.28
6543.39
6742.89
6833.42
6872.97
7060.6
7213.44
7093.42
7041.27
7106.01
7276.63
6919.59
7046.57
7086.86
7136.1
6947.06
7227.45
6923.6
6890.94
6894.23
7222.08
7458.99
7832.22
7918.53
7670.37
7404.61
7245.13
7252.4
8465.77
8738.72
8144.02
8001.57
8144.16
8724.13
7993.09
8084.88
8059.65
8043.71
7877.19
7641.77
7739.86
7906.6
8035.2
8256.28
8098.16
7816.44
7927.49
7830.35
7312.85
8516.02
7703.1
7736.07
7532.9
7677.73
7630.71
7773.92
7630.26
7840.31
7331.73
7500.79
7742.53
7575.15
8069.81
7866.52
7573.26
8039.45
7773.31
7838.22
7137.03
7380.32
7035.76
7009.56
6923.41
7198.85
6864.87
6839.59
6593.8
6209.71
6165.35
6015.3
5715.92
6407.52
5308.52
6061.8
5860.99
5799.24
5672.7
5989.27
6430.58
6734.99
6861.31
6979.81
6763.38
6826.61
7170.7
7268.06
7489.2
7341.65
7152.88
7227.96
6964.01
6785.94
6712.21
6646.55
6514.72
6304.53
5944.87
6369.28
6526.62
6318.61
6742.97
6627.43
6701.36
6661.44
6529.99
6245.18
5930.17
5783.15
5572.09
6197.84
6312.03
6623.01
6672.69
6729.53
6721.08
6335.56
6586.01
6446.31
6642.27
6554.04
6607.13
6749.28
6495.15
