1992.46
2329.44
2189.77
1865.11
2025.58
1439.05
2088.95
2007.12
2141.77
1967.28
1653.95
1105.06
1386.31
1406.59
1410.33
1288.11
1529.65
1592.74
1562.65
1470.53
1809.54
1425.16
1500.1
1484.46
1433.11
1416.09
1787.25
1321.26
1535.65
1669.13
1606.04
1435.88
1396.1
1321.26
1221.11
1333.71
1125.06
1070.06
1201.92
1363.32
1253.61
1080.37
1058.14
1115.78
997.5
1050.04
1038.07
1024.55
1008.64
1235.3
1195.37
1169.57
1098.29
1050.98
1125.16
1410.42
1564.47
1856.43
1974.69
1846.9
1386.25
1395.79
1570.2
1816.47
1518.55
1945.82
1966.29
2092.0
2086.18
2415.25
2835.11
3097.92
3229.6
3294.08
2976.85
2542.69
2194.84
2135.27
1964.31
1833.57
1688.32
1448.49
1447.05
1593.6
1973.44
1879.87
2388.33
2584.21
3079.99
3547.35
3682.73
3784.23
3617.29
3369.14
3455.24
3593.41
3426.45
3190.12
3078.91
2722.95
2686.52
2458.65
2825.89
2908.24
2883.21
2310.15
2137.59
1895.25
1982.93
1487.34
1941.41
2143.52
2829.02
3245.26
3290.68
3266.62
2795.3
2305.64
2432.89
2612.89
2969.83
3005.01
2721.78
2852.93
3186.77
3315.26
3597.92
4002.88
4260.41
4351.63
4366.59
4326.76
4129.54
3271.99
3774.81
3830.49
3626.88
3865.83
4111.99
4286.46
4215.21
4290.59
4550.53
4341.74
4397.08
4715.64
4938.61
5062.44
5110.86
5219.08
5228.84
5298.72
5300.24
5308.52
5989.27
6369.28
6312.03
6742.89
6646.55
6701.36
6729.53
6543.39
6335.56
6430.58
5572.09
6407.52
6015.3
5860.99
6181.06
6508.21
6721.08
6734.99
6607.13
6495.15
6672.69
6861.31
6979.81
7083.49
7227.96
7197.5
7227.45
7703.1
8084.88
8035.2
7838.22
7630.26
7641.77
7830.35
7742.53
7489.2
7866.52
7773.92
7877.19
7993.09
7677.73
7573.26
7500.79
7927.49
7906.6
7739.86
7331.73
7268.06
7276.63
7041.27
7736.07
7222.08
7312.85
7458.99
8001.57
7670.37
8069.81
8059.65
8144.02
8039.45
8144.16
8098.16
8724.13
8516.02
8738.72
8256.28
8465.77
8043.71
7918.53
7840.31
7380.32
7137.03
7404.61
7532.9
7630.71
7816.44
7152.88
7252.4
7575.15
7832.22
7773.31
7198.85
7106.01
7136.1
7245.13
7213.44
7341.65
7170.7
6964.01
6514.72
6470.74
6529.99
6165.35
5408.52
5799.24
5783.15
6398.77
6446.31
6061.8
5984.26
5944.87
5715.92
6206.24
6197.84
6318.61
6526.62
6661.44
6864.87
6785.94
6839.59
6742.97
6923.41
6826.61
6890.94
6710.4
6763.38
6642.27
6947.06
6919.59
6894.23
6814.76
7009.56
7035.76
7086.86
7046.57
7093.42
7060.6
6923.6
6693.83
6586.01
6223.37
5930.17
5457.82
5672.7
6304.53
6245.18
6749.28
6833.42
6872.97
6623.01
6554.04
6627.43
6712.21
6588.28
6593.8
6209.71
