1865.11
2135.27
2092.0
1982.93
1809.54
1470.53
1562.65
1500.1
1484.46
1425.16
1564.47
1448.49
1895.25
2305.64
2141.77
1966.29
1967.28
1529.65
1396.1
1221.11
1321.26
1253.61
1406.59
1288.11
1593.6
1433.11
1535.65
1435.88
1333.71
1235.3
1058.14
1098.29
1024.55
997.5
1050.04
1038.07
1008.64
1050.98
1195.37
1201.92
1321.26
1125.06
1125.16
1070.06
1169.57
1105.06
1363.32
1080.37
1115.78
1945.82
1439.05
1787.25
1879.87
1570.2
1592.74
1941.41
1606.04
1518.55
1816.47
1386.31
1688.32
1846.9
1669.13
1653.95
1487.34
1447.05
1386.25
1395.79
1410.42
1410.33
1416.09
1856.43
1833.57
2388.33
2189.77
2194.84
2432.89
2612.89
2542.69
2584.21
2835.11
2825.89
2908.24
3078.91
3315.26
3229.6
3186.77
3005.01
3097.92
3455.24
3290.68
3369.14
3190.12
3245.26
4260.41
3784.23
4341.74
4290.59
3266.62
3079.99
2883.21
2829.02
2795.3
2686.52
2722.95
2415.25
2329.44
2025.58
1973.44
1964.31
2088.95
2086.18
1974.69
1992.46
2007.12
2137.59
2143.52
2310.15
2458.65
2721.78
2852.93
2969.83
2976.85
3271.99
3426.45
3294.08
3593.41
3617.29
4002.88
4111.99
4215.21
3865.83
3547.35
3682.73
3626.88
3830.49
4286.46
4129.54
4326.76
3597.92
4351.63
3774.81
4366.59
4397.08
5110.86
5062.44
5219.08
4550.53
4715.64
4938.61
5228.84
5298.72
5300.24
5308.52
5457.82
5715.92
5860.99
6223.37
6318.61
6627.43
6839.59
6872.97
7009.56
6919.59
6814.76
6826.61
6742.97
6514.72
5989.27
6209.71
6543.39
6529.99
6701.36
6785.94
7252.4
7227.96
7532.9
7630.71
7152.88
7086.86
7060.6
7046.57
7136.1
7222.08
7198.85
7170.7
7458.99
7677.73
7641.77
7877.19
7404.61
7245.13
6864.87
7093.42
6861.31
7197.5
7773.92
8039.45
8035.2
8059.65
7918.53
7906.6
7840.31
7630.26
7276.63
6672.69
6586.01
6923.41
7227.45
7106.01
7736.07
7866.52
7927.49
8043.71
7993.09
8069.81
8724.13
8738.72
8465.77
8256.28
8516.02
7830.35
7838.22
7742.53
7341.65
7489.2
7268.06
7703.1
7575.15
7573.26
7670.37
7380.32
7832.22
8084.88
8144.02
8144.16
8001.57
7816.44
7312.85
7041.27
8098.16
7739.86
7331.73
6593.8
6693.83
6407.52
6446.31
6015.3
5930.17
5799.24
6245.18
6165.35
6430.58
6470.74
6588.28
6710.4
6890.94
6964.01
7083.49
6923.6
7035.76
7500.79
6947.06
6894.23
7773.31
6979.81
7213.44
7137.03
6833.42
6721.08
6398.77
6526.62
6181.06
5944.87
6304.53
6369.28
6508.21
6763.38
6607.13
6734.99
6749.28
6623.01
6495.15
6661.44
5984.26
6312.03
6061.8
5672.7
6197.84
5408.52
5783.15
6206.24
6335.56
6554.04
6646.55
6712.21
6642.27
6729.53
6742.89
5572.09
