2432.89
2612.89
1593.6
1653.95
1447.05
1425.16
1363.32
1518.55
1416.09
1435.88
1433.11
1406.59
1688.32
1865.11
1967.28
2143.52
1606.04
1964.31
1484.46
1966.29
1470.53
1386.25
1125.06
1221.11
1024.55
1038.07
1080.37
1050.04
1105.06
1235.3
1115.78
1169.57
1070.06
1058.14
1195.37
1321.26
1564.47
1288.11
1253.61
1050.98
1125.16
1396.1
1439.05
1098.29
997.5
1008.64
1201.92
1333.71
1410.33
1487.34
1846.9
1787.25
1856.43
1833.57
1669.13
2086.18
1974.69
1973.44
2141.77
2025.58
2721.78
2908.24
2852.93
2584.21
2194.84
1895.25
1816.47
1562.65
1500.1
1535.65
1448.49
1410.42
1321.26
1386.31
1570.2
1395.79
1809.54
2088.95
2092.0
2135.27
1529.65
1592.74
1941.41
1945.82
1879.87
1992.46
1982.93
3097.92
3229.6
3593.41
3266.62
3369.14
3597.92
3774.81
3626.88
3617.29
3455.24
3315.26
3294.08
3290.68
3190.12
3078.91
2976.85
2829.02
3005.01
2883.21
2329.44
2007.12
2388.33
2458.65
2686.52
2969.83
2415.25
2189.77
2305.64
2825.89
2835.11
2795.3
2542.69
2310.15
2722.95
3079.99
2137.59
3426.45
3186.77
3245.26
3271.99
3547.35
3682.73
3865.83
4111.99
3830.49
4215.21
4286.46
4129.54
4290.59
3784.23
4002.88
4260.41
4341.74
4397.08
4326.76
4351.63
4366.59
4550.53
4715.64
4938.61
5062.44
5219.08
5308.52
5228.84
5300.24
5298.72
5110.86
5672.7
5930.17
6446.31
6642.27
6646.55
6672.69
6514.72
6734.99
6763.38
6588.28
6586.01
6495.15
6712.21
6593.8
6430.58
6607.13
6710.4
6627.43
6749.28
6826.61
7198.85
6979.81
7046.57
6964.01
7093.42
7136.1
7641.77
7773.31
7816.44
7736.07
7532.9
7137.03
7197.5
7252.4
7083.49
7222.08
7573.26
7170.7
7380.32
7575.15
7331.73
7703.1
8035.2
8516.02
8043.71
8738.72
8256.28
8069.81
8098.16
7918.53
7630.26
7830.35
7268.06
7866.52
8059.65
7906.6
8001.57
7877.19
7227.45
7106.01
7677.73
7832.22
7739.86
7773.92
7670.37
7060.6
7489.2
7500.79
7312.85
7404.61
7458.99
7840.31
7152.88
7927.49
7630.71
8144.16
8144.02
8084.88
8465.77
8039.45
7742.53
7838.22
7276.63
7341.65
7227.96
7086.86
7213.44
7009.56
6833.42
6181.06
6165.35
5457.82
5572.09
5408.52
5715.92
5860.99
5799.24
6526.62
6335.56
6015.3
6304.53
6407.52
6721.08
6623.01
6785.94
6872.97
7035.76
7245.13
8724.13
7993.09
7041.27
6923.6
6661.44
6245.18
5944.87
6061.8
6398.77
6693.83
6742.89
6508.21
6318.61
6206.24
6209.71
6529.99
6701.36
6742.97
6839.59
6894.23
6919.59
6890.94
6864.87
6947.06
6470.74
6554.04
6861.31
6814.76
6923.41
6729.53
6543.39
6312.03
5989.27
6197.84
6369.28
5783.15
6223.37
5984.26
