2969.83
1974.69
1396.1
1787.25
1653.95
1562.65
1425.16
1941.41
1470.53
1395.79
1386.31
1288.11
1448.49
1439.05
1564.47
1592.74
1535.65
1816.47
1964.31
1833.57
1606.04
1487.34
1363.32
1570.2
1070.06
1125.06
1386.25
1115.78
1125.16
1098.29
1518.55
1050.98
1235.3
1416.09
1433.11
1410.33
1406.59
1447.05
1195.37
1058.14
1050.04
1008.64
997.5
1024.55
1105.06
1321.26
1221.11
1500.1
1669.13
1809.54
1593.6
1484.46
1410.42
1038.07
1201.92
1253.61
1333.71
1169.57
1080.37
1321.26
1435.88
1529.65
1846.9
1688.32
1865.11
1945.82
2025.58
2137.59
2088.95
2092.0
2305.64
2310.15
1966.29
2415.25
2141.77
2825.89
2135.27
3315.26
3290.68
3079.99
2542.69
2143.52
2007.12
1856.43
2458.65
2194.84
2329.44
2612.89
2686.52
3294.08
3229.6
3271.99
3245.26
3190.12
2829.02
2852.93
3097.92
3005.01
2883.21
2976.85
3078.91
2722.95
2189.77
2835.11
2584.21
2388.33
1982.93
1973.44
1967.28
1895.25
1879.87
2086.18
1992.46
2432.89
2721.78
2908.24
2795.3
3186.77
3369.14
3426.45
3266.62
3455.24
3547.35
3617.29
3774.81
3784.23
3626.88
4286.46
4111.99
4715.64
4550.53
4326.76
4397.08
3593.41
3682.73
3597.92
3830.49
4290.59
4260.41
4351.63
4366.59
4129.54
3865.83
4938.61
4002.88
4341.74
5062.44
4215.21
5219.08
5110.86
5228.84
5300.24
5308.52
5672.7
6015.3
6197.84
6312.03
6335.56
6526.62
6554.04
6607.13
6623.01
6627.43
6742.97
6721.08
6814.76
6872.97
6785.94
6642.27
6593.8
6729.53
6763.38
6861.31
7046.57
7136.1
7458.99
7500.79
7331.73
7532.9
7252.4
7093.42
7227.96
7222.08
7268.06
7380.32
7630.26
7736.07
7670.37
7276.63
7198.85
7312.85
7630.71
7573.26
7404.61
7489.2
7703.1
7773.31
8001.57
7877.19
8098.16
8256.28
8144.02
7739.86
7060.6
6979.81
7152.88
7137.03
7227.45
7641.77
7838.22
7830.35
8035.2
7866.52
8039.45
8144.16
8059.65
8465.77
8516.02
8738.72
8724.13
8084.88
8069.81
7927.49
8043.71
7918.53
7677.73
7575.15
7742.53
7832.22
7906.6
7840.31
7773.92
7993.09
7816.44
7341.65
7170.7
7035.76
6919.59
7009.56
6864.87
6734.99
6646.55
6223.37
5860.99
5408.52
5783.15
5799.24
5298.72
6061.8
5457.82
6181.06
6369.28
6661.44
6543.39
6710.4
6586.01
6470.74
6398.77
6508.21
6495.15
6833.42
6701.36
6947.06
6890.94
6923.6
7106.01
7197.5
7083.49
7041.27
7086.86
6894.23
6964.01
6712.21
6749.28
6446.31
6923.41
6839.59
6742.89
6672.69
6514.72
6407.52
6304.53
6206.24
5984.26
5930.17
5989.27
5944.87
6165.35
6318.61
6588.28
6826.61
7245.13
7213.44
6693.83
5715.92
5572.09
6209.71
6245.18
6430.58
6529.99
