1416.09
1879.87
1809.54
1964.31
1653.95
1396.1
1562.65
1518.55
1688.32
1410.33
1105.06
1125.06
1080.37
1447.05
1484.46
1448.49
1435.88
1395.79
1386.31
1253.61
1386.25
1425.16
1439.05
1500.1
1787.25
1856.43
1833.57
1606.04
1529.65
1410.42
1288.11
1098.29
1221.11
1008.64
1050.98
1406.59
1115.78
997.5
1058.14
1038.07
1024.55
1070.06
1201.92
1195.37
1333.71
1050.04
1169.57
1125.16
1321.26
1592.74
1570.2
1816.47
1363.32
1321.26
1433.11
1535.65
1982.93
1945.82
1564.47
1470.53
1846.9
1669.13
2088.95
1992.46
2310.15
3078.91
2458.65
2908.24
2194.84
3617.29
2612.89
3190.12
3290.68
3245.26
2305.64
2722.95
2835.11
2829.02
2825.89
2143.52
2025.58
2092.0
1967.28
2415.25
2584.21
2135.27
2686.52
2329.44
2721.78
2883.21
2432.89
2189.77
2388.33
2969.83
3294.08
3597.92
3774.81
3784.23
3455.24
3626.88
3315.26
3426.45
3369.14
3271.99
3266.62
2542.69
1973.44
1966.29
1941.41
1593.6
1865.11
1487.34
1235.3
2137.59
1895.25
2007.12
1974.69
2086.18
2795.3
3682.73
3593.41
3229.6
3005.01
2852.93
3097.92
2141.77
3079.99
2976.85
3186.77
3547.35
3830.49
4002.88
4341.74
4351.63
5110.86
5219.08
4366.59
4290.59
4260.41
4129.54
3865.83
4215.21
4111.99
4286.46
4326.76
4397.08
4550.53
4938.61
5062.44
4715.64
5298.72
5228.84
5300.24
5408.52
5799.24
6061.8
6335.56
6554.04
6646.55
6642.27
6839.59
6864.87
6890.94
6872.97
6763.38
6721.08
6742.97
6586.01
6446.31
6209.71
6165.35
6312.03
6529.99
6729.53
6734.99
7170.7
7060.6
7252.4
6947.06
6964.01
7009.56
6923.41
7489.2
7500.79
7276.63
7380.32
7137.03
7227.45
7575.15
7677.73
7739.86
7670.37
7197.5
7245.13
7830.35
8098.16
7906.6
8084.88
8039.45
7993.09
7838.22
7832.22
7630.26
7268.06
7222.08
7213.44
6979.81
7106.01
7341.65
7458.99
7641.77
7703.1
7742.53
7840.31
7877.19
8043.71
8516.02
8738.72
8724.13
8144.02
7773.31
7404.61
7046.57
7136.1
7331.73
7573.26
7736.07
7816.44
7927.49
8059.65
7918.53
8001.57
8144.16
8465.77
8069.81
8256.28
8035.2
7773.92
7866.52
7630.71
7532.9
7086.86
6894.23
6318.61
6245.18
6514.72
6623.01
6470.74
6693.83
6712.21
6861.31
7312.85
7227.96
6593.8
6742.89
6430.58
6607.13
6710.4
6661.44
6588.28
6833.42
6304.53
6627.43
6785.94
6672.69
7093.42
7152.88
7198.85
7083.49
7041.27
6919.59
7035.76
6923.6
6826.61
6749.28
6814.76
6543.39
6495.15
5930.17
5989.27
5984.26
6181.06
6223.37
6206.24
6015.3
5715.92
5572.09
5672.7
5783.15
5457.82
5860.99
6369.28
5944.87
6398.77
6407.52
6701.36
6508.21
6526.62
6197.84
5308.52
