1688.32
2194.84
1816.47
1447.05
1201.92
1080.37
1562.65
1425.16
1564.47
1410.33
1518.55
1363.32
1500.1
1856.43
1982.93
2141.77
2329.44
2189.77
1973.44
1570.2
1386.31
1169.57
1321.26
1125.16
1416.09
1470.53
1321.26
1846.9
1592.74
2025.58
1992.46
1865.11
1484.46
1448.49
1395.79
1410.42
1333.71
1435.88
1406.59
1253.61
1433.11
1115.78
1070.06
1235.3
1050.98
1008.64
1050.04
1038.07
1024.55
1386.25
997.5
1098.29
1125.06
1058.14
1105.06
1288.11
1195.37
1221.11
1396.1
1487.34
1606.04
1974.69
1593.6
1833.57
1669.13
1787.25
1529.65
1895.25
1809.54
2086.18
2310.15
2584.21
2852.93
2969.83
2883.21
2976.85
3271.99
3229.6
3097.92
2795.3
2432.89
2388.33
2721.78
2722.95
2829.02
2825.89
3245.26
3005.01
4111.99
3682.73
4002.88
3597.92
3426.45
3593.41
4290.59
3865.83
4286.46
3784.23
3455.24
3266.62
2612.89
1439.05
1535.65
2137.59
2542.69
2458.65
2135.27
1966.29
1941.41
1653.95
2007.12
2088.95
2143.52
2092.0
1945.82
1964.31
1879.87
1967.28
2305.64
2686.52
2415.25
2835.11
2908.24
3186.77
3079.99
3078.91
3190.12
3290.68
3294.08
3830.49
3617.29
3774.81
3369.14
3547.35
3626.88
4129.54
3315.26
4215.21
4260.41
4366.59
4351.63
4341.74
4326.76
4550.53
4397.08
4715.64
5672.7
5298.72
4938.61
5062.44
5228.84
5944.87
5930.17
6015.3
6206.24
6588.28
6742.89
6919.59
6864.87
6646.55
6839.59
6861.31
6833.42
6710.4
6446.31
6312.03
6335.56
6369.28
6407.52
6398.77
6554.04
6318.61
6586.01
6826.61
7009.56
7060.6
7276.63
7312.85
7641.77
7773.92
7840.31
7703.1
7573.26
7489.2
7500.79
7816.44
7877.19
7630.26
7197.5
7106.01
7083.49
7093.42
7198.85
6872.97
7136.1
7041.27
7086.86
7227.96
7404.61
7832.22
7630.71
7380.32
7677.73
7252.4
7458.99
7152.88
7170.7
7341.65
8001.57
7906.6
8465.77
8738.72
8516.02
8724.13
8256.28
8039.45
8144.02
8043.71
8069.81
8035.2
8098.16
7993.09
7739.86
7838.22
7742.53
7773.31
7532.9
7830.35
7670.37
7575.15
7213.44
7736.07
7331.73
7222.08
7227.45
7866.52
7918.53
8084.88
8144.16
8059.65
7927.49
7245.13
7035.76
6814.76
6734.99
6742.97
6430.58
6209.71
6061.8
6495.15
6672.69
6894.23
6923.6
6721.08
6623.01
6749.28
6223.37
6627.43
6923.41
6979.81
6701.36
7268.06
6763.38
6543.39
6729.53
7046.57
7137.03
6964.01
6661.44
6693.83
6785.94
6947.06
6890.94
6514.72
6607.13
6508.21
6526.62
6642.27
6470.74
6712.21
6529.99
6165.35
6197.84
6181.06
5984.26
5572.09
5308.52
5110.86
5715.92
5219.08
5300.24
5799.24
5860.99
5457.82
5783.15
5989.27
6304.53
6245.18
6593.8
5408.52
