1967.28
2722.95
1653.95
1562.65
1433.11
1416.09
1592.74
1529.65
1500.1
1484.46
1235.3
1386.31
1435.88
1564.47
1487.34
1396.1
1386.25
1406.59
1253.61
1221.11
1195.37
1024.55
1125.06
1410.33
1363.32
1470.53
1321.26
1201.92
1395.79
1333.71
1425.16
1288.11
1125.16
1115.78
1080.37
1050.98
1008.64
997.5
1050.04
1058.14
1070.06
1038.07
1098.29
1105.06
1169.57
1410.42
1606.04
1447.05
1809.54
1865.11
2007.12
1833.57
2189.77
2092.0
2388.33
2329.44
2305.64
2025.58
1879.87
1816.47
1688.32
1535.65
1439.05
1321.26
1448.49
1518.55
1570.2
1593.6
1669.13
1846.9
1895.25
1973.44
1974.69
1966.29
2086.18
1945.82
2141.77
2137.59
2458.65
2432.89
2542.69
2310.15
2612.89
3266.62
3229.6
3597.92
3626.88
3547.35
3290.68
3315.26
3455.24
3005.01
3190.12
3186.77
2908.24
2883.21
3294.08
2825.89
2969.83
2415.25
2135.27
2721.78
1856.43
2143.52
2584.21
2194.84
1982.93
1941.41
1787.25
1992.46
1964.31
2088.95
2976.85
2852.93
3271.99
3245.26
3078.91
3079.99
2835.11
2795.3
2829.02
2686.52
3097.92
3426.45
3369.14
3593.41
3682.73
3617.29
3865.83
4111.99
4215.21
4397.08
4366.59
4260.41
4341.74
4326.76
4290.59
4286.46
3830.49
3774.81
4129.54
3784.23
4351.63
4002.88
4550.53
4715.64
5298.72
5228.84
5300.24
5219.08
5110.86
4938.61
5062.44
5308.52
5408.52
5457.82
5672.7
6015.3
5930.17
6245.18
6209.71
6312.03
6543.39
6514.72
6623.01
6407.52
6526.62
6181.06
5783.15
5572.09
6398.77
6206.24
6508.21
6710.4
6826.61
7152.88
7137.03
6890.94
6964.01
6861.31
7093.42
7136.1
7227.96
7670.37
7832.22
8084.88
8465.77
8035.2
6923.41
7170.7
7227.45
7458.99
7906.6
8144.16
8069.81
7773.92
7489.2
7742.53
7866.52
8059.65
7877.19
7630.71
7245.13
7198.85
7213.44
7532.9
7380.32
7641.77
7575.15
7630.26
7736.07
7838.22
8001.57
8039.45
8516.02
7927.49
8738.72
8724.13
8144.02
8043.71
7840.31
7830.35
7222.08
7993.09
7573.26
7252.4
7312.85
7331.73
7341.65
7703.1
7773.31
7918.53
8256.28
8098.16
7739.86
6607.13
6529.99
7404.61
7816.44
7677.73
7500.79
7268.06
7276.63
6979.81
7083.49
7086.86
6923.6
6554.04
6864.87
6470.74
7060.6
6872.97
6742.97
6947.06
6839.59
6586.01
6646.55
6495.15
5944.87
5799.24
6627.43
7106.01
7197.5
6642.27
6693.83
6814.76
6894.23
6742.89
7009.56
6721.08
6729.53
7046.57
6763.38
6661.44
6712.21
6593.8
6588.28
6446.31
6197.84
6223.37
6318.61
6165.35
6335.56
6369.28
6304.53
6061.8
5989.27
5860.99
5984.26
6430.58
6701.36
7035.76
7041.27
6833.42
6672.69
6919.59
6734.99
6749.28
6785.94
5715.92
