2458.65
3005.01
2189.77
1974.69
1964.31
1433.11
1879.87
1593.6
1395.79
1386.25
1410.33
1447.05
1529.65
1982.93
1945.82
1448.49
1396.1
1410.42
1321.26
1288.11
1235.3
1333.71
1221.11
1125.16
1115.78
1201.92
1105.06
1169.57
1195.37
1080.37
1098.29
997.5
1038.07
1050.04
1008.64
1058.14
1024.55
1125.06
1321.26
1406.59
1439.05
1500.1
1518.55
1535.65
1865.11
1564.47
1363.32
1050.98
1070.06
1253.61
1425.16
1688.32
1973.44
1606.04
2141.77
2194.84
2143.52
1967.28
1941.41
1386.31
2025.58
1653.95
1816.47
1487.34
1856.43
1470.53
1484.46
1570.2
1562.65
1592.74
1846.9
2007.12
2088.95
2086.18
1833.57
1416.09
1435.88
1669.13
1966.29
1809.54
1787.25
1992.46
1895.25
2686.52
2612.89
2825.89
2329.44
2542.69
2388.33
2835.11
2852.93
2908.24
3078.91
3079.99
3229.6
3245.26
3190.12
3097.92
2721.78
2415.25
2135.27
2137.59
2305.64
2584.21
2310.15
2976.85
2092.0
2432.89
2969.83
2795.3
2883.21
3290.68
3266.62
3547.35
3784.23
3294.08
2722.95
2829.02
3186.77
3271.99
3315.26
3593.41
3865.83
4111.99
4129.54
3369.14
3617.29
3426.45
3455.24
3597.92
3774.81
4002.88
3682.73
3626.88
3830.49
4260.41
4290.59
4215.21
4286.46
4326.76
4341.74
4351.63
4715.64
4397.08
4366.59
4938.61
5219.08
5062.44
4550.53
5228.84
5298.72
5110.86
5308.52
5457.82
5860.99
5799.24
5715.92
6061.8
6245.18
6407.52
6721.08
6470.74
6165.35
6495.15
6206.24
6223.37
6181.06
5300.24
5672.7
5783.15
6197.84
6514.72
6701.36
6814.76
6919.59
7009.56
6923.41
7736.07
7575.15
7500.79
7906.6
7532.9
7213.44
7380.32
7816.44
8144.02
8738.72
8465.77
7677.73
7198.85
7739.86
8069.81
8724.13
8144.16
7773.92
7458.99
7630.26
7742.53
7170.7
8516.02
7773.31
8043.71
8035.2
7993.09
8001.57
7927.49
7840.31
7703.1
7489.2
7222.08
7227.45
7245.13
7227.96
7341.65
7630.71
7268.06
7918.53
8256.28
8098.16
8084.88
8059.65
8039.45
7641.77
7830.35
7106.01
6646.55
6526.62
6742.89
6979.81
7060.6
7331.73
7838.22
7877.19
7866.52
7404.61
7312.85
7197.5
7093.42
7046.57
7035.76
7041.27
6947.06
6839.59
6586.01
6749.28
6543.39
6398.77
6335.56
5930.17
5989.27
6710.4
6864.87
6861.31
6923.6
7137.03
7086.86
7136.1
7152.88
7573.26
7252.4
7670.37
7832.22
7276.63
6964.01
6693.83
6661.44
5984.26
5944.87
5408.52
6015.3
5572.09
6209.71
6312.03
6430.58
6729.53
6734.99
6508.21
6872.97
6318.61
6369.28
6446.31
6593.8
6742.97
6890.94
6894.23
6785.94
6763.38
6607.13
6833.42
6304.53
6627.43
6712.21
6672.69
6642.27
6588.28
6554.04
6623.01
6826.61
7083.49
6529.99
