1856.43
1966.29
1945.82
1941.41
1606.04
1470.53
1439.05
1535.65
1653.95
1809.54
1964.31
1688.32
1410.42
1846.9
1363.32
1410.33
1564.47
1435.88
1447.05
1321.26
1386.25
1125.06
1235.3
1221.11
1396.1
1487.34
1592.74
1484.46
1425.16
1416.09
1395.79
1253.61
1125.16
1201.92
1098.29
1321.26
1115.78
1195.37
1070.06
1169.57
1050.98
997.5
1105.06
1058.14
1008.64
1024.55
1080.37
1038.07
1050.04
1333.71
1448.49
1865.11
2088.95
1974.69
1833.57
1879.87
1992.46
1967.28
1529.65
1787.25
1669.13
1816.47
1518.55
1500.1
1406.59
1288.11
1386.31
1570.2
1593.6
1433.11
1562.65
1973.44
1895.25
2092.0
2137.59
2135.27
2310.15
2835.11
2584.21
2969.83
2883.21
3266.62
3005.01
3294.08
3186.77
2329.44
2722.95
2721.78
3369.14
3597.92
3547.35
2189.77
3617.29
2025.58
2825.89
2612.89
3097.92
2829.02
3078.91
2141.77
2007.12
1982.93
2086.18
2388.33
2852.93
3426.45
2976.85
3229.6
3593.41
3271.99
3290.68
2432.89
2458.65
2305.64
2415.25
2194.84
2542.69
2143.52
2795.3
3245.26
3079.99
2686.52
2908.24
3190.12
3315.26
3455.24
3626.88
3784.23
3682.73
3774.81
3830.49
4326.76
4366.59
4351.63
4715.64
4397.08
4215.21
4286.46
3865.83
4002.88
4129.54
4111.99
4260.41
4341.74
4290.59
4550.53
4938.61
5110.86
5062.44
5300.24
5219.08
5298.72
5228.84
5308.52
5408.52
6165.35
6318.61
6712.21
6693.83
6526.62
6554.04
6543.39
6369.28
6407.52
6181.06
6209.71
5930.17
5672.7
5457.82
5715.92
5783.15
5944.87
5989.27
5984.26
6197.84
6623.01
7041.27
7331.73
7773.92
7742.53
7268.06
7046.57
7086.86
7641.77
8039.45
8035.2
8144.02
8069.81
8084.88
8059.65
8001.57
7830.35
7380.32
7227.96
7832.22
7312.85
7404.61
7500.79
7630.71
7739.86
7630.26
7276.63
7489.2
7093.42
7736.07
7458.99
7575.15
7341.65
7252.4
7137.03
7532.9
7677.73
7840.31
7918.53
8098.16
8043.71
8724.13
8465.77
8738.72
8516.02
8256.28
8144.16
7866.52
7993.09
7703.1
7213.44
7222.08
7670.37
7816.44
7838.22
7906.6
7877.19
7773.31
7573.26
7227.45
7927.49
7245.13
7152.88
7198.85
7170.7
7136.1
7106.01
6919.59
6627.43
6495.15
6763.38
6742.89
6839.59
6514.72
6430.58
6593.8
7035.76
6894.23
6672.69
6721.08
6749.28
6890.94
6923.41
6742.97
6785.94
6588.28
6529.99
6398.77
6223.37
6245.18
6586.01
6335.56
6312.03
6304.53
6508.21
6015.3
6607.13
6710.4
6470.74
6646.55
6923.6
7060.6
6864.87
6861.31
6872.97
6964.01
6701.36
6661.44
7197.5
6642.27
6814.76
6833.42
5799.24
6206.24
5860.99
6061.8
6446.31
6734.99
6826.61
7009.56
6729.53
7083.49
6947.06
6979.81
5572.09
