1973.44
2007.12
1865.11
1974.69
1966.29
1653.95
1487.34
1435.88
1333.71
1484.46
1570.2
1410.33
1535.65
1833.57
1500.1
1363.32
1125.06
1080.37
1105.06
1235.3
1406.59
1593.6
1669.13
1816.47
1846.9
1688.32
1941.41
1895.25
1879.87
1945.82
1964.31
1606.04
1439.05
1321.26
1288.11
1125.16
1115.78
1050.98
1024.55
1008.64
1038.07
997.5
1050.04
1070.06
1221.11
1098.29
1386.31
1201.92
1058.14
1169.57
1562.65
1395.79
1518.55
1787.25
1856.43
2088.95
1992.46
1592.74
1433.11
1195.37
1416.09
1470.53
1529.65
1425.16
1410.42
1447.05
1448.49
1253.61
1396.1
1386.25
1321.26
1564.47
1809.54
1967.28
2194.84
2310.15
2829.02
3426.45
3097.92
2686.52
2825.89
2612.89
2415.25
3229.6
3290.68
3626.88
3005.01
2722.95
2969.83
3271.99
3617.29
3597.92
3682.73
3547.35
3079.99
3245.26
3593.41
3455.24
2852.93
2908.24
3078.91
2976.85
3190.12
3315.26
3294.08
3266.62
2721.78
2584.21
2141.77
2135.27
2137.59
1982.93
2092.0
2086.18
2025.58
2143.52
2189.77
2458.65
2388.33
2329.44
2305.64
2432.89
2542.69
2883.21
2795.3
2835.11
3186.77
3369.14
3774.81
4002.88
4215.21
4290.59
4260.41
4326.76
4351.63
4397.08
4366.59
4286.46
4111.99
3830.49
3865.83
3784.23
4129.54
4341.74
5110.86
5062.44
5298.72
4938.61
4550.53
4715.64
5219.08
5228.84
5300.24
5457.82
5984.26
6304.53
6526.62
6646.55
6593.8
6514.72
6642.27
6693.83
5930.17
6398.77
5672.7
5799.24
5715.92
5308.52
5408.52
5572.09
5989.27
6318.61
6245.18
6369.28
6729.53
6607.13
6833.42
7106.01
7170.7
7198.85
7227.45
7312.85
7331.73
7404.61
7086.86
7136.1
7197.5
7245.13
7137.03
7276.63
7575.15
7573.26
7840.31
7906.6
7838.22
8069.81
8039.45
8724.13
7927.49
8256.28
8098.16
8084.88
7877.19
7816.44
7830.35
7677.73
7866.52
8516.02
7918.53
7993.09
7773.92
8059.65
8001.57
8144.16
8738.72
8035.2
8465.77
8144.02
8043.71
7773.31
7670.37
7736.07
7739.86
7742.53
7703.1
7500.79
7222.08
7489.2
7380.32
7630.71
7532.9
7641.77
7630.26
7832.22
7341.65
7458.99
7252.4
6785.94
6861.31
6627.43
6712.21
6586.01
6312.03
6181.06
6223.37
6061.8
6495.15
6197.84
6508.21
6554.04
6734.99
7083.49
7152.88
6979.81
7035.76
6864.87
6947.06
6826.61
6749.28
6710.4
6872.97
6742.89
6923.41
6890.94
7046.57
7268.06
7213.44
7093.42
7060.6
6964.01
6529.99
6742.97
6470.74
5944.87
6430.58
6919.59
7041.27
7227.96
7009.56
6814.76
6672.69
6165.35
5783.15
6335.56
5860.99
6015.3
6206.24
6209.71
6407.52
6446.31
6623.01
6543.39
6701.36
6763.38
6661.44
6721.08
6839.59
6894.23
6923.6
6588.28
