2612.89
3290.68
2829.02
2969.83
2542.69
1570.2
1518.55
1564.47
1406.59
1433.1100000000001
1865.1100000000001
1593.6
1416.09
1221.1100000000001
1058.14
1363.32
1470.53
1447.05
1386.25
1410.33
1439.05
1487.34
1448.49
1386.31
1098.29
1253.6100000000001
1125.16
1024.55
1050.98
1038.07
997.5
1008.64
1050.04
1195.37
1235.3
1484.46
1425.16
1592.74
1500.1
1435.88
1395.79
1169.57
1070.06
1080.37
1105.06
1125.06
1288.1100000000001
1321.26
1396.1
1333.71
1201.92
1115.78
1321.26
1410.42
1809.54
1945.8200000000002
2088.95
1964.31
1669.13
1562.65
1816.47
1833.5700000000002
1966.29
2007.12
1967.28
1982.9299999999998
1973.44
2135.27
2189.77
2883.21
2722.95
2852.93
2721.7799999999997
2458.65
2329.44
1941.4099999999999
1856.4299999999998
2388.33
1895.25
2415.25
2143.52
1974.69
2025.58
1992.46
2137.59
2194.84
2432.89
2305.64
2686.52
2835.11
2908.24
3097.92
3005.01
3078.91
3369.14
3271.99
3315.26
2976.85
2825.89
2310.15
1787.25
2086.18
1688.3200000000002
1653.95
1535.65
1606.04
1529.65
1846.9
1879.87
2092.0
2141.77
2584.21
2795.3
3190.12
3079.99
3593.41
3774.81
4002.88
4111.99
3617.29
3294.08
3186.77
3426.45
3830.49
3547.35
3266.62
3455.24
3784.23
4290.59
4215.21
4129.54
4938.61
4366.59
4550.53
4397.08
5062.44
4326.76
4260.41
3626.88
3597.92
3229.6
3245.26
3865.83
3682.73
4286.46
4341.74
4351.63
4715.64
5110.86
5228.84
5408.52
5298.72
5308.52
5715.92
6197.84
6165.35
6209.71
6318.61
6508.21
6646.55
6642.27
6446.31
5984.26
5930.17
5944.87
5989.27
6245.18
6181.06
6623.01
6710.4
6923.6
6785.9400000000005
6721.08
6833.42
7312.85
7380.32
7458.99
7331.73
7641.77
7773.92
7773.3099999999995
8039.45
7404.61
7830.35
7832.22
8256.28
8098.16
8059.65
8001.57
7877.1900000000005
7739.86
7500.79
6979.8099999999995
6919.59
6749.28
6872.97
6627.43
7170.7
6742.97
7086.86
6964.01
7227.96
7009.56
6864.87
6861.3099999999995
7060.6
7227.45
7489.2
7137.03
7041.27
7703.1
7840.3099999999995
7742.53
8043.71
7575.15
7573.26
7736.07
8035.2
8069.81
7532.9
7816.4400000000005
8084.88
8144.02
7838.22
8738.72
7866.52
7268.06
7670.37
7677.73
7906.6
7918.53
8516.02
8724.13
7927.49
7993.09
8465.77
7630.26
7252.4
8144.16
7035.76
7630.71
7093.42
6742.89
6554.04
6526.62
6312.03
6206.24
6061.8
6304.53
5799.24
6398.77
6586.01
6529.99
6701.36
7046.57
6923.41
7213.44
7222.08
7276.63
7106.01
6826.61
6588.28
6514.72
6593.8
6672.6900000000005
7197.5
7341.65
6947.0599999999995
7136.1
6729.53
6369.28
5860.99
5300.24
5219.08
5457.82
6335.56
6495.15
6763.38
6734.99
6712.21
7198.85
6890.9400000000005
7245.13
7152.88
6661.4400000000005
6430.58
6543.39
6814.76
7083.49
6693.83
6839.59
6894.23
6607.13
5783.15
5672.7
6015.3
6223.37
6470.74
6407.52
5572.09
