2612.89
2194.84
1570.2
1964.31
1966.29
1592.74
1518.55
1386.25
1201.92
1115.78
1321.26
1235.3
1833.57
1879.87
1865.11
1809.54
1500.1
1416.09
1396.1
1448.49
1433.11
1425.16
1410.33
1363.32
1221.11
1487.34
1562.65
1593.6
1846.9
1982.93
1688.32
1606.04
1435.88
1410.42
1386.31
1253.61
1105.06
1050.04
1058.14
1080.37
1288.11
1195.37
1333.71
1125.16
1070.06
1050.98
1024.55
997.5
1008.64
1038.07
1098.29
1169.57
1321.26
1125.06
1395.79
1447.05
1484.46
1470.53
1406.59
1439.05
1816.47
1529.65
1945.82
1856.43
1669.13
1787.25
2088.95
1941.41
2143.52
2721.78
2722.95
2825.89
2883.21
3186.77
3190.12
2835.11
3079.99
2829.02
2795.3
2141.77
2305.64
2310.15
2415.25
2432.89
2976.85
3271.99
3229.6
3266.62
4129.54
3547.35
4290.59
4326.76
4351.63
4215.21
3626.88
3455.24
3369.14
3245.26
2852.93
2584.21
2092.0
1974.69
1992.46
2025.58
2189.77
2458.65
2135.27
2137.59
2086.18
1895.25
1967.28
1564.47
1535.65
1653.95
1973.44
2007.12
2329.44
2388.33
2542.69
3005.01
2686.52
3097.92
2908.24
2969.83
3078.91
3290.68
3294.08
3315.26
3426.45
3593.41
3597.92
3682.73
4341.74
4397.08
4260.41
3830.49
3617.29
3774.81
4366.59
4286.46
3865.83
3784.23
4111.99
4002.88
4550.53
4938.61
4715.64
5308.52
5300.24
5110.86
5219.08
5298.72
5062.44
5228.84
5457.82
5860.99
6015.3
6623.01
6607.13
6529.99
6701.36
6543.39
6206.24
5930.17
5799.24
6398.77
6734.99
6526.62
6335.56
6369.28
6646.55
6742.89
7222.08
7197.5
7268.06
7252.4
7198.85
7060.6
7331.73
7152.88
6785.94
6712.21
7009.56
7106.01
7083.49
7136.1
6964.01
7046.57
6872.97
7035.76
7341.65
7213.44
7458.99
7276.63
7227.96
7532.9
7630.71
7832.22
7866.52
7830.35
7742.53
7773.92
7838.22
7703.1
7993.09
7906.6
8069.81
8098.16
8059.65
7918.53
7773.31
8039.45
8043.71
8465.77
8738.72
8256.28
8724.13
8516.02
8144.16
7927.49
7739.86
8035.2
7736.07
8144.02
8084.88
8001.57
7677.73
7575.15
7573.26
7840.31
7489.2
7641.77
7630.26
7877.19
7312.85
7816.44
7670.37
7404.61
7380.32
7245.13
7227.45
6979.81
6672.69
6304.53
6514.72
6312.03
6430.58
5989.27
5984.26
5408.52
5715.92
6495.15
6627.43
6710.4
6864.87
6890.94
6814.76
6923.6
6749.28
6742.97
7041.27
7093.42
7137.03
6894.23
6919.59
6923.41
6947.06
6729.53
6721.08
7086.86
6861.31
6826.61
7500.79
6661.44
7170.7
6839.59
6833.42
6693.83
6593.8
6209.71
6470.74
6318.61
6446.31
6642.27
6554.04
6508.21
6181.06
5672.7
6223.37
5572.09
5783.15
6197.84
6061.8
6165.35
6245.18
5944.87
6407.52
6586.01
6763.38
6588.28
