1973.44
1974.69
1396.1
1816.47
1833.57
1562.65
1518.55
1809.54
2007.12
1967.28
1879.87
1688.32
1669.13
1945.82
1653.95
1470.53
1447.05
1125.16
1080.37
1105.06
1406.59
1125.06
1333.71
1115.78
1235.3
1425.16
1856.43
1435.88
1606.04
1535.65
1448.49
1487.34
1500.1
1433.11
1439.05
1570.2
1410.42
1395.79
1363.32
1386.25
1321.26
1201.92
1221.11
997.5
1253.61
1050.98
1050.04
1038.07
1008.64
1024.55
1058.14
1070.06
1195.37
1098.29
1169.57
1386.31
1321.26
1288.11
1416.09
1410.33
1593.6
1787.25
1592.74
1484.46
1529.65
1564.47
1895.25
1846.9
1964.31
2086.18
2135.27
2542.69
2388.33
2722.95
2721.78
2432.89
2584.21
3079.99
3294.08
3315.26
3190.12
2835.11
2305.64
2976.85
2795.3
3186.77
3078.91
2458.65
2969.83
3266.62
3369.14
3426.45
4260.41
3597.92
3830.49
3593.41
3547.35
3245.26
3005.01
2829.02
2686.52
2883.21
2415.25
2310.15
2825.89
3271.99
2194.84
2852.93
2908.24
2092.0
2143.52
2025.58
2137.59
2088.95
1982.93
1992.46
1966.29
1941.41
1865.11
2141.77
2189.77
2329.44
2612.89
3097.92
3290.68
3229.6
3455.24
3617.29
4129.54
3784.23
4215.21
4286.46
4290.59
3626.88
3682.73
4111.99
4366.59
4326.76
4397.08
4550.53
4341.74
4002.88
3865.83
3774.81
4351.63
4715.64
4938.61
5062.44
5219.08
5308.52
5300.24
5298.72
5672.7
5110.86
5228.84
5408.52
5783.15
6729.53
7046.57
7152.88
7630.71
7060.6
6749.28
6588.28
5944.87
6209.71
6430.58
6369.28
6335.56
5799.24
6446.31
6554.04
6710.4
6701.36
6839.59
6763.38
6864.87
7009.56
6964.01
6894.23
7041.27
6890.94
7137.03
7227.45
7136.1
7197.5
7227.96
7641.77
7213.44
7993.09
7670.37
7742.53
7840.31
7832.22
7830.35
7222.08
7341.65
7630.26
7458.99
7927.49
7489.2
7573.26
7312.85
7198.85
7252.4
7380.32
7773.31
8043.71
8039.45
7866.52
7404.61
8059.65
8069.81
8144.02
8144.16
8098.16
8516.02
8465.77
8738.72
8724.13
8256.28
8084.88
7276.63
7245.13
8035.2
7532.9
7575.15
7877.19
8001.57
7739.86
7773.92
7816.44
7677.73
7838.22
7331.73
7906.6
7268.06
7500.79
7703.1
7736.07
7918.53
7170.7
6785.94
6165.35
6061.8
6312.03
6661.44
6206.24
6318.61
5572.09
6181.06
6398.77
6627.43
6514.72
6642.27
6543.39
6734.99
6872.97
6923.41
6979.81
6919.59
6923.6
6826.61
6833.42
6947.06
7106.01
7083.49
7093.42
7086.86
7035.76
6693.83
6814.76
6861.31
6586.01
6721.08
6742.97
6742.89
6672.69
6526.62
6646.55
6407.52
6304.53
5860.99
6495.15
6223.37
5930.17
5457.82
5715.92
5984.26
5989.27
6245.18
6508.21
6593.8
6623.01
6607.13
6529.99
6470.74
6197.84
6712.21
6015.3
