2025.58
2686.52
1941.41
1967.28
1425.16
1593.6
1564.47
1410.33
1386.25
1125.16
1406.59
1484.46
1945.82
1974.69
1846.9
1529.65
1235.3
1321.26
1321.26
1253.61
1386.31
1221.11
1098.29
1105.06
1410.42
1333.71
1288.11
1115.78
1125.06
1395.79
1447.05
1470.53
1518.55
1169.57
1070.06
1050.98
1038.07
1008.64
997.5
1024.55
1050.04
1058.14
1080.37
1195.37
1433.11
1201.92
1535.65
1363.32
1448.49
1688.32
1856.43
2137.59
2388.33
1992.46
2135.27
2088.95
2310.15
1966.29
1809.54
1500.1
1562.65
1487.34
1606.04
1570.2
1435.88
1669.13
1416.09
1396.1
1439.05
1592.74
1653.95
2189.77
2722.95
2835.11
1982.93
3079.99
2305.64
2852.93
2825.89
2612.89
2542.69
2007.12
2086.18
2721.78
2829.02
3005.01
3266.62
3294.08
3290.68
3597.92
3547.35
3315.26
3617.29
3682.73
3593.41
3369.14
3455.24
3097.92
2969.83
2976.85
2143.52
2141.77
2194.84
2584.21
2432.89
2092.0
1816.47
1964.31
1787.25
1895.25
1865.11
1833.57
1879.87
1973.44
2415.25
2458.65
2329.44
2795.3
2908.24
3229.6
3245.26
3078.91
2883.21
3271.99
3186.77
3190.12
3626.88
3426.45
4002.88
4286.46
4290.59
4129.54
3865.83
3774.81
3830.49
4215.21
3784.23
4326.76
4260.41
4111.99
4341.74
4366.59
4351.63
4397.08
4550.53
4715.64
5300.24
5572.09
5672.7
5298.72
5308.52
5219.08
4938.61
5062.44
5110.86
5228.84
5457.82
5860.99
6209.71
6223.37
6586.01
6245.18
6890.94
5944.87
6623.01
6661.44
6529.99
6398.77
5989.27
6015.3
6721.08
6872.97
6919.59
7009.56
7035.76
6947.06
6742.89
7060.6
7170.7
7227.96
7341.65
7458.99
7677.73
7736.07
7927.49
8059.65
8069.81
8043.71
7670.37
7380.32
7227.45
7575.15
7630.71
7312.85
7268.06
7137.03
7041.27
7086.86
7573.26
7877.19
7222.08
7213.44
6526.62
6554.04
7500.79
8039.45
7245.13
7093.42
7630.26
7830.35
8001.57
8098.16
8144.02
8144.16
8256.28
8724.13
8738.72
8516.02
8465.77
8084.88
7838.22
7331.73
7083.49
7489.2
7739.86
7252.4
7276.63
7404.61
7832.22
7840.31
7641.77
7906.6
8035.2
7993.09
7866.52
7773.92
7816.44
7918.53
7742.53
7773.31
7532.9
6964.01
7136.1
6814.76
6923.41
7106.01
6923.6
6607.13
6206.24
6335.56
6508.21
6446.31
6729.53
6763.38
6749.28
7197.5
7152.88
6979.81
6701.36
6593.8
6894.23
7703.1
7198.85
6839.59
6742.97
6861.31
7046.57
6826.61
6785.94
6864.87
6495.15
6734.99
6543.39
6627.43
6672.69
6642.27
6710.4
6693.83
6181.06
6646.55
6514.72
6312.03
6304.53
6470.74
6318.61
6197.84
5930.17
6165.35
5783.15
5408.52
5799.24
5984.26
6061.8
6407.52
6369.28
6588.28
6833.42
6712.21
6430.58
5715.92
