2189.77
2137.59
1879.87
1966.29
1125.16
1221.11
1941.41
2795.3
2415.25
1529.65
1787.25
1967.28
2141.77
2542.69
2310.15
1865.11
1592.74
1470.53
1593.6
1433.11
1435.88
1562.65
1363.32
1518.55
1416.09
1410.33
1396.1
1253.61
1125.06
1386.25
1050.04
1058.14
1038.07
1008.64
1050.98
1070.06
1098.29
1195.37
1406.59
1169.57
1809.54
1321.26
1500.1
1564.47
1484.46
1386.31
1201.92
1115.78
1105.06
1321.26
1333.71
1425.16
1447.05
1688.32
1856.43
1945.82
1846.9
1669.13
1606.04
1653.95
1487.34
1235.3
1080.37
997.5
1288.11
1448.49
1535.65
1410.42
1395.79
1439.05
1024.55
1816.47
1570.2
1964.31
1992.46
1973.44
2025.58
1974.69
1895.25
1833.57
1982.93
2388.33
2329.44
2829.02
2721.78
2835.11
3005.01
3190.12
3245.26
3294.08
3290.68
3266.62
3369.14
3617.29
3865.83
4397.08
4002.88
3426.45
3271.99
3229.6
2852.93
2908.24
2969.83
3097.92
3078.91
3186.77
2976.85
2825.89
2584.21
2458.65
2007.12
2088.95
2086.18
2143.52
2194.84
2092.0
2135.27
2305.64
2432.89
2686.52
2612.89
2722.95
2883.21
3079.99
3315.26
3455.24
3626.88
4550.53
4286.46
3774.81
3547.35
3597.92
4215.21
3784.23
4260.41
4341.74
3682.73
4111.99
5062.44
5110.86
5300.24
4129.54
3593.41
4326.76
4366.59
4715.64
5228.84
5219.08
3830.49
4290.59
4351.63
4938.61
5298.72
5308.52
5572.09
5715.92
5984.26
6588.28
6742.89
6919.59
7222.08
6833.42
6701.36
6593.8
6245.18
6223.37
6015.3
5799.24
5672.7
5408.52
5783.15
6165.35
6446.31
6607.13
6742.97
7086.86
6712.21
6710.4
6749.28
6586.01
6729.53
6734.99
6864.87
7380.32
7341.65
7641.77
7630.26
7703.1
7489.2
7739.86
7832.22
8724.13
8069.81
8256.28
8059.65
7840.31
7877.19
8144.16
8098.16
8465.77
8001.57
8043.71
7927.49
7630.71
7918.53
8035.2
7816.44
7906.6
7830.35
7677.73
7575.15
7736.07
7773.31
7773.92
7838.22
8084.88
8738.72
8144.02
8516.02
7993.09
8039.45
7866.52
7500.79
7670.37
7331.73
7268.06
7227.45
7106.01
7312.85
7198.85
6826.61
7458.99
7532.9
7742.53
7573.26
7276.63
6872.97
6646.55
6839.59
7152.88
6923.6
6721.08
7227.96
6407.52
6554.04
6369.28
6312.03
5860.99
5930.17
6181.06
6304.53
6398.77
6693.83
6672.69
6814.76
7060.6
7046.57
7170.7
7213.44
7093.42
7404.61
6947.06
6923.41
6785.94
6642.27
7009.56
7136.1
7137.03
7035.76
6979.81
6890.94
7083.49
7197.5
6763.38
7252.4
7041.27
7245.13
6964.01
6894.23
6861.31
6627.43
6529.99
6335.56
6470.74
6526.62
6514.72
6430.58
6209.71
5944.87
6197.84
6495.15
6508.21
6318.61
5989.27
5457.82
6061.8
6661.44
6623.01
6543.39
6206.24
