1395.79
1669.13
1484.46
1846.9
1941.41
2086.18
1606.04
1433.11
1447.05
1439.05
1593.6
1787.25
1966.29
1982.93
2141.77
1945.82
1809.54
2088.95
1535.65
1410.42
1406.59
1386.25
1201.92
1221.11
1410.33
1518.55
1500.1
1487.34
1529.65
1562.65
1288.11
1321.26
1195.37
1115.78
1070.06
1098.29
1169.57
997.5
1058.14
1050.04
1038.07
1050.98
1080.37
1008.64
1024.55
1105.06
1125.16
1125.06
1235.3
1363.32
1386.31
1321.26
1448.49
1253.61
1396.1
1653.95
1974.69
1688.32
1865.11
1564.47
1895.25
1816.47
1973.44
1967.28
1435.88
2007.12
1470.53
1592.74
1425.16
1416.09
1333.71
1570.2
1856.43
1879.87
2329.44
1992.46
2092.0
2135.27
2194.84
2976.85
2686.52
2883.21
3186.77
3271.99
3617.29
3547.35
3290.68
3245.26
3266.62
3455.24
3315.26
3190.12
3229.6
3369.14
3426.45
3294.08
3626.88
3097.92
2908.24
3597.92
2458.65
2835.11
2432.89
2852.93
2721.78
2829.02
2388.33
2310.15
2137.59
1964.31
2025.58
2189.77
1833.57
2143.52
2305.64
2415.25
2542.69
2612.89
2795.3
3078.91
2969.83
3079.99
2722.95
2584.21
2825.89
3005.01
3682.73
4002.88
3774.81
3593.41
3865.83
4286.46
4290.59
3830.49
3784.23
4129.54
4341.74
5219.08
4260.41
4111.99
4215.21
4326.76
4397.08
4351.63
4715.64
4366.59
5062.44
5110.86
4550.53
4938.61
5228.84
5298.72
5300.24
5308.52
5715.92
5984.26
5799.24
6430.58
6642.27
6181.06
6672.69
6554.04
6734.99
6712.21
6742.97
6721.08
6646.55
6586.01
6588.28
6398.77
6661.44
6839.59
6947.06
7035.76
6923.41
7041.27
7152.88
7213.44
7630.71
7573.26
7136.1
7086.86
7060.6
7198.85
7245.13
7268.06
7252.4
7736.07
7641.77
7227.96
7677.73
7222.08
7227.45
7170.7
7106.01
7575.15
7532.9
7773.31
8001.57
7927.49
7866.52
7630.26
7093.42
6979.81
6923.6
7137.03
7312.85
7341.65
7670.37
7838.22
7906.6
8059.65
8098.16
8084.88
8144.02
8256.28
8516.02
8738.72
8724.13
8465.77
8144.16
8069.81
7840.31
7877.19
7703.1
7489.2
7197.5
7458.99
7331.73
7816.44
7742.53
7993.09
8043.71
8039.45
8035.2
7918.53
7830.35
7276.63
7500.79
7380.32
7046.57
6919.59
6890.94
6529.99
6197.84
5944.87
6206.24
5457.82
5408.52
5572.09
5783.15
6508.21
6627.43
6514.72
6701.36
5989.27
6015.3
6623.01
6729.53
6165.35
6593.8
6407.52
6607.13
6763.38
6814.76
6894.23
7404.61
7832.22
7773.92
7739.86
7083.49
6872.97
6861.31
6543.39
6749.28
6964.01
6785.94
7009.56
6864.87
6826.61
6833.42
6470.74
6335.56
6446.31
6369.28
6304.53
5860.99
5930.17
6223.37
6209.71
6495.15
6742.89
6312.03
6245.18
6318.61
6693.83
6710.4
6526.62
6061.8
5672.7
