1941.41
2612.89
2825.89
2852.93
2194.84
1992.46
1945.82
1966.29
1606.04
1535.65
1425.16
1386.25
1410.42
1416.09
1410.33
1169.57
1050.04
1321.26
1333.71
1038.07
1653.95
1386.31
1448.49
1406.59
1288.11
1235.3
1253.61
1125.06
1221.11
1363.32
1024.55
1470.53
1195.37
1321.26
1439.05
1435.88
1395.79
1125.16
1115.78
1050.98
1058.14
1008.64
1105.06
997.5
1098.29
1070.06
1080.37
1201.92
1396.1
1592.74
1484.46
1447.05
1433.11
1529.65
1967.28
2432.89
2415.25
2137.59
1688.32
1564.47
1487.34
1982.93
2025.58
1895.25
2007.12
2189.77
1500.1
1856.43
1865.11
2143.52
2310.15
2969.83
2795.3
2835.11
1787.25
2686.52
1809.54
2092.0
2088.95
1974.69
1973.44
1846.9
1879.87
2305.64
2908.24
2829.02
2458.65
2542.69
3078.91
3097.92
3271.99
3315.26
3455.24
3369.14
3245.26
3266.62
3190.12
3005.01
3079.99
2722.95
2721.78
2388.33
2329.44
2141.77
2086.18
2135.27
1816.47
1669.13
1518.55
1562.65
1570.2
1593.6
1964.31
1833.57
2584.21
2883.21
3229.6
3294.08
3290.68
2976.85
3426.45
3186.77
3547.35
3593.41
3597.92
3617.29
3682.73
3626.88
3784.23
4351.63
4002.88
4341.74
4111.99
3774.81
4215.21
3830.49
4550.53
4129.54
4326.76
4286.46
4260.41
3865.83
4290.59
4366.59
4397.08
4715.64
4938.61
5062.44
5110.86
5219.08
5228.84
5308.52
5572.09
5984.26
6165.35
6206.24
6209.71
6446.31
6763.38
6833.42
7046.57
6712.21
6693.83
6646.55
6407.52
6586.01
6710.4
6947.06
6729.53
6919.59
7093.42
6872.97
7152.88
7312.85
7532.9
7840.31
7252.4
7670.37
7136.1
7170.7
7245.13
7816.44
8001.57
7993.09
7222.08
7213.44
7573.26
7906.6
7137.03
7227.96
7331.73
6890.94
6514.72
6607.13
6749.28
7197.5
7041.27
7918.53
7736.07
7703.1
7677.73
7630.71
7500.79
7268.06
7641.77
7575.15
7739.86
7838.22
8043.71
7341.65
7276.63
8144.02
7404.61
7773.92
7832.22
7830.35
8039.45
8069.81
8035.2
7742.53
7877.19
7773.31
7630.26
7489.2
7227.45
6861.31
6979.81
7060.6
7458.99
7927.49
8084.88
8144.16
8256.28
8516.02
8724.13
8738.72
8465.77
8098.16
8059.65
7866.52
7198.85
6627.43
6369.28
5860.99
5799.24
5783.15
5300.24
5298.72
5672.7
5408.52
6015.3
6508.21
6661.44
6701.36
6742.97
6864.87
7035.76
7083.49
7009.56
6923.6
6672.69
6642.27
6495.15
6543.39
6964.01
7380.32
7086.86
7106.01
6470.74
6061.8
5930.17
5457.82
5944.87
5989.27
6398.77
6814.76
6721.08
6742.89
6623.01
6785.94
6734.99
6894.23
6839.59
6923.41
6826.61
6593.8
6529.99
6588.28
6181.06
6197.84
6223.37
6312.03
6526.62
6554.04
6335.56
6245.18
6430.58
6318.61
6304.53
5715.92
