1982.93
1992.46
1974.69
1816.47
1487.34
1484.46
1879.87
1606.04
1435.88
1395.79
1386.25
1386.31
1592.74
1856.43
1895.25
1570.2
1470.53
1833.57
1688.32
1787.25
1529.65
1564.47
1396.1
1447.05
1439.05
1809.54
1865.11
1945.82
2007.12
2086.18
1846.9
1425.16
1115.78
1050.04
997.5
1169.57
1125.06
1038.07
1070.06
1008.64
1125.16
1080.37
1024.55
1195.37
1050.98
1105.06
1221.11
1321.26
1201.92
1535.65
1518.55
1653.95
1593.6
1941.41
1966.29
1973.44
1964.31
1448.49
1433.11
1410.42
1416.09
1500.1
1562.65
1406.59
1410.33
1333.71
1321.26
1235.3
1363.32
1253.61
1098.29
1058.14
1288.11
1669.13
1967.28
2025.58
2092.0
2135.27
2088.95
2686.52
2825.89
2795.3
2883.21
2969.83
3266.62
3079.99
3190.12
3078.91
3186.77
3005.01
3315.26
2852.93
3245.26
3271.99
3426.45
3617.29
3593.41
3290.68
2976.85
2829.02
2721.78
2329.44
2584.21
2432.89
2143.52
2141.77
2310.15
2189.77
2415.25
2305.64
2542.69
2612.89
2458.65
2137.59
2194.84
2388.33
2722.95
2835.11
2908.24
3097.92
3229.6
3294.08
3455.24
4002.88
3369.14
3865.83
3784.23
3626.88
3774.81
4111.99
4215.21
3597.92
3830.49
3547.35
3682.73
4326.76
4366.59
4341.74
4290.59
4286.46
4129.54
4260.41
4351.63
4397.08
4715.64
4550.53
5062.44
5110.86
4938.61
5219.08
5228.84
5298.72
5300.24
5308.52
5408.52
5572.09
5860.99
5715.92
6446.31
6245.18
6588.28
6430.58
6369.28
6712.21
5799.24
6661.44
6529.99
5457.82
5989.27
5783.15
6206.24
6061.8
6304.53
6729.53
6833.42
6514.72
7136.1
6646.55
6749.28
6861.31
7198.85
7341.65
7703.1
6964.01
6526.62
6642.27
7245.13
7838.22
7816.44
7832.22
7739.86
7736.07
7906.6
7918.53
8001.57
7993.09
8039.45
8098.16
8084.88
8738.72
8465.77
8069.81
8043.71
7830.35
7773.92
7641.77
7630.26
7573.26
7773.31
7630.71
7677.73
7877.19
7840.31
7927.49
8144.02
8256.28
8516.02
8724.13
8144.16
8059.65
8035.2
7866.52
7575.15
7276.63
7041.27
6742.89
6839.59
7106.01
6785.94
7742.53
7227.96
7489.2
7500.79
7532.9
7380.32
7252.4
7213.44
7083.49
7152.88
7227.45
7093.42
7035.76
6710.4
6627.43
6826.61
6763.38
6672.69
6554.04
6335.56
5930.17
6312.03
6318.61
6223.37
6209.71
6407.52
6721.08
6742.97
6734.99
6923.6
6623.01
7137.03
7458.99
7404.61
6894.23
6607.13
6814.76
7009.56
7222.08
7331.73
7197.5
7170.7
7268.06
7312.85
6890.94
7670.37
7046.57
7086.86
7060.6
6979.81
6919.59
6923.41
6470.74
6693.83
6586.01
6543.39
6181.06
5984.26
6165.35
6508.21
6015.3
6495.15
5944.87
6398.77
6197.84
6593.8
6701.36
6864.87
6872.97
6947.06
5672.7
