2007.12
2088.95
1879.87
1964.31
1895.25
1406.59
1593.6
1470.53
1425.16
1396.1
1395.79
1288.11
1363.32
1435.88
1487.34
1439.05
1416.09
1433.11
1386.25
1201.92
1125.06
1253.61
1195.37
1105.06
1050.04
1115.78
1098.29
997.5
1038.07
1008.64
1070.06
1125.16
1333.71
1321.26
1386.31
1221.11
1169.57
1058.14
1050.98
1024.55
1235.3
1080.37
1321.26
1410.33
1410.42
1500.1
1606.04
1653.95
1570.2
1945.82
2135.27
1982.93
2086.18
1974.69
2189.77
2143.52
2025.58
1787.25
1688.32
1562.65
1518.55
1816.47
1535.65
1484.46
1564.47
1856.43
1448.49
1833.57
1529.65
1447.05
1592.74
1865.11
2305.64
2458.65
2612.89
2092.0
1973.44
2415.25
2329.44
2825.89
2141.77
2137.59
1966.29
2310.15
2432.89
2852.93
3005.01
2969.83
3245.26
3369.14
3190.12
3186.77
3097.92
3229.6
3078.91
2835.11
2388.33
1992.46
1846.9
1669.13
1809.54
1941.41
1967.28
2194.84
2795.3
2542.69
2686.52
2584.21
2722.95
2721.78
2829.02
2976.85
3079.99
2908.24
2883.21
3271.99
3266.62
3315.26
3617.29
3626.88
3547.35
3597.92
3682.73
4351.63
4366.59
4550.53
4215.21
4111.99
3865.83
3774.81
4260.41
4341.74
4286.46
3290.68
3593.41
3294.08
3455.24
3426.45
3784.23
4326.76
4290.59
3830.49
4129.54
4002.88
4397.08
4715.64
5110.86
5228.84
4938.61
5298.72
5219.08
5062.44
5300.24
5308.52
5672.7
6165.35
5457.82
6661.44
6206.24
5989.27
6223.37
6209.71
5783.15
5715.92
5572.09
5799.24
5984.26
6015.3
6304.53
6369.28
6623.01
6729.53
6710.4
6861.31
6964.01
7083.49
7106.01
7222.08
7137.03
7227.96
7213.44
7380.32
7677.73
8059.65
8039.45
8144.16
7773.92
8516.02
7773.31
7927.49
8035.2
8069.81
8001.57
7742.53
7252.4
7312.85
7227.45
8043.71
8098.16
7832.22
7245.13
7197.5
7046.57
6763.38
7093.42
7573.26
7840.31
7641.77
7276.63
7136.1
7331.73
7500.79
7575.15
7816.44
7838.22
7736.07
7670.37
7906.6
8724.13
8738.72
8256.28
8144.02
7877.19
7866.52
7739.86
7532.9
7268.06
7458.99
7404.61
7703.1
7152.88
7489.2
7830.35
7918.53
8465.77
7993.09
8084.88
7341.65
7630.71
7170.7
7630.26
7086.86
6923.41
6646.55
6470.74
6446.31
6335.56
6245.18
6407.52
6312.03
6529.99
6979.81
7041.27
6543.39
7009.56
6923.6
6919.59
6785.94
6814.76
6554.04
6318.61
6607.13
6672.69
6712.21
7035.76
7198.85
7060.6
6826.61
6872.97
6627.43
6839.59
6894.23
6947.06
6742.97
6701.36
6890.94
6749.28
6693.83
6197.84
6430.58
6181.06
5408.52
5860.99
5930.17
6061.8
6514.72
6586.01
6721.08
6734.99
6508.21
6495.15
6588.28
6593.8
6642.27
5944.87
6526.62
6742.89
6864.87
6833.42
6398.77
