2135.27
2305.64
2137.59
2458.65
2007.12
1846.9
1966.29
1592.74
1500.1
1416.09
1484.46
1433.11
1396.1
1448.49
1386.31
1439.05
1321.26
1363.32
1288.11
1253.61
1125.16
1406.59
1201.92
1235.3
1115.78
1386.25
1447.05
1410.33
1008.64
1410.42
1098.29
1080.37
1105.06
1070.06
997.5
1050.04
1058.14
1195.37
1125.06
1435.88
1487.34
1564.47
1865.11
1787.25
1425.16
1221.11
1321.26
1562.65
2612.89
2143.52
1688.32
1518.55
1653.95
1593.6
1669.13
1570.2
2388.33
1606.04
2189.77
1992.46
1945.82
1974.69
2092.0
1535.65
1470.53
1169.57
1024.55
1038.07
1050.98
1333.71
1395.79
1529.65
1879.87
1856.43
1973.44
1895.25
1967.28
2310.15
2795.3
2415.25
3455.24
1964.31
2542.69
2976.85
3005.01
3097.92
3593.41
3078.91
3597.92
3547.35
3190.12
2835.11
1816.47
2329.44
2686.52
3369.14
3266.62
2584.21
2432.89
2883.21
2969.83
3315.26
2852.93
2908.24
2825.89
2722.95
1982.93
1809.54
1833.57
2088.95
2194.84
2086.18
2141.77
1941.41
2025.58
2829.02
2721.78
3290.68
3426.45
3617.29
3294.08
3229.6
3079.99
3271.99
3245.26
3186.77
3626.88
3774.81
3784.23
3682.73
4002.88
4129.54
4215.21
4111.99
3830.49
3865.83
4260.41
4286.46
4326.76
4366.59
4290.59
4550.53
4397.08
5110.86
4341.74
4351.63
4938.61
5298.72
5219.08
5062.44
4715.64
5228.84
5300.24
5308.52
5408.52
5984.26
6729.53
7222.08
7736.07
7106.01
7198.85
6814.76
6710.4
6872.97
6593.8
7060.6
7046.57
6588.28
6181.06
6061.8
6693.83
6839.59
6642.27
6623.01
6646.55
6607.13
6734.99
6964.01
7213.44
7035.76
7312.85
7041.27
7137.03
7532.9
7252.4
7500.79
7268.06
7670.37
7840.31
7918.53
8059.65
7927.49
8035.2
7816.44
8043.71
8084.88
8098.16
8465.77
8144.02
8738.72
8256.28
7993.09
7773.92
7136.1
6923.6
6923.41
6947.06
6979.81
7152.88
7245.13
7404.61
7677.73
7341.65
7703.1
7866.52
8039.45
8144.16
8724.13
8516.02
8069.81
7877.19
8001.57
7197.5
7906.6
7832.22
7742.53
7630.71
7830.35
7575.15
7838.22
7227.45
7573.26
7331.73
7630.26
7083.49
7276.63
7739.86
7380.32
7641.77
7773.31
7458.99
7170.7
6721.08
6197.84
5783.15
5715.92
5799.24
5989.27
6015.3
5572.09
5930.17
6165.35
6245.18
5944.87
6312.03
6407.52
6554.04
6712.21
6742.89
6586.01
6833.42
6749.28
7093.42
7489.2
6785.94
7086.86
6919.59
6864.87
6894.23
6890.94
6826.61
6742.97
6701.36
6543.39
6763.38
6398.77
6526.62
6430.58
6529.99
6470.74
6495.15
6223.37
6318.61
6369.28
6335.56
6209.71
5672.7
5457.82
5860.99
6304.53
6514.72
6446.31
6627.43
6508.21
6672.69
7009.56
7227.96
6861.31
6661.44
6206.24
