1982.93
2584.21
2388.33
1964.31
1535.65
1406.59
1865.11
2025.58
2141.77
2092.0
1879.87
1787.25
1484.46
1833.57
1435.88
1439.05
1235.3
1321.26
1288.11
1105.06
1333.71
1058.14
1098.29
1070.06
1125.16
1195.37
1470.53
1201.92
1410.42
1562.65
1448.49
1570.2
1416.09
1433.11
1425.16
1564.47
1487.34
1396.1
1386.31
1395.79
1115.78
1125.06
1410.33
1529.65
1518.55
1169.57
1386.25
1050.04
1024.55
997.5
1321.26
1038.07
1080.37
1008.64
1050.98
1253.61
1221.11
1363.32
1688.32
1447.05
1992.46
1974.69
1816.47
1966.29
1945.82
2432.89
2137.59
2329.44
2194.84
2686.52
2189.77
2852.93
3079.99
3271.99
3229.6
2795.3
2825.89
2721.78
2415.25
2086.18
1856.43
1500.1
1606.04
1593.6
1809.54
1846.9
2007.12
2612.89
2969.83
3315.26
3190.12
3186.77
3245.26
3455.24
3369.14
3617.29
3593.41
3290.68
3266.62
2542.69
2458.65
2135.27
2143.52
2835.11
3005.01
2883.21
2310.15
2088.95
1973.44
1895.25
1669.13
1967.28
1592.74
1653.95
1941.41
2305.64
2722.95
3097.92
3078.91
2976.85
2908.24
2829.02
3426.45
3294.08
3597.92
3547.35
3626.88
3784.23
3830.49
4129.54
4397.08
4111.99
3682.73
3774.81
4215.21
4550.53
4290.59
4341.74
4326.76
4002.88
4260.41
3865.83
4286.46
4351.63
4366.59
4938.61
5062.44
4715.64
5298.72
5110.86
5228.84
5300.24
5219.08
5308.52
5672.7
5984.26
6470.74
6894.23
7137.03
7197.5
7268.06
7152.88
7009.56
7227.96
6508.21
6398.77
6312.03
6181.06
6209.71
6197.84
6206.24
6514.72
6890.94
7060.6
7575.15
7830.35
7840.31
7832.22
7312.85
7041.27
6979.81
7106.01
7213.44
7630.71
7222.08
7341.65
7198.85
7245.13
6947.06
7136.1
7276.63
7773.92
7532.9
7993.09
7773.31
7906.6
7739.86
7927.49
8059.65
8084.88
8035.2
7877.19
8069.81
7046.57
7742.53
7641.77
7170.7
7489.2
7458.99
7703.1
7404.61
7380.32
7331.73
7816.44
8001.57
8144.02
8724.13
8738.72
8516.02
8256.28
8465.77
8144.16
8098.16
8043.71
8039.45
7670.37
7573.26
7500.79
7677.73
7866.52
7630.26
7918.53
7736.07
7838.22
7093.42
7252.4
7227.45
6721.08
7086.86
7035.76
6826.61
6919.59
6543.39
5930.17
6495.15
6223.37
6318.61
5457.82
5408.52
5572.09
5860.99
6586.01
6701.36
6593.8
6588.28
6646.55
6526.62
6554.04
6861.31
6369.28
6734.99
6607.13
6642.27
6814.76
6623.01
7083.49
6964.01
6872.97
6729.53
6672.69
6430.58
6710.4
6712.21
6661.44
6864.87
6923.6
6839.59
6749.28
6742.89
6763.38
6833.42
6785.94
6693.83
6627.43
6015.3
5944.87
5799.24
6165.35
6245.18
6407.52
6304.53
6446.31
5989.27
6061.8
5715.92
6335.56
6742.97
6923.41
6529.99
5783.15
