2722.95
3774.81
2189.77
2086.18
2092.0
1974.69
2194.84
1856.43
1288.11
1070.06
1235.3
1333.71
1416.09
1080.37
1253.61
1816.47
2143.52
1967.28
1593.6
2088.95
1895.25
1982.93
1518.55
1846.9
1787.25
1410.33
1321.26
1105.06
1058.14
1050.04
1008.64
1024.55
997.5
1038.07
1050.98
1098.29
1125.16
1386.31
1406.59
1363.32
1195.37
1125.06
1169.57
1386.25
1470.53
1570.2
1606.04
1321.26
1221.11
1115.78
1201.92
1395.79
1439.05
1425.16
1562.65
1500.1
1564.47
1865.11
1973.44
1945.82
2025.58
1966.29
1964.31
1992.46
1941.41
1592.74
1529.65
1879.87
1535.65
1688.32
1487.34
1484.46
1653.95
1447.05
1669.13
1809.54
2007.12
2141.77
2432.89
2458.65
2542.69
2612.89
3593.41
2388.33
3266.62
2825.89
3271.99
3229.6
3369.14
2852.93
3245.26
3315.26
3290.68
3294.08
3682.73
2883.21
3626.88
3617.29
3830.49
3547.35
3079.99
3190.12
3005.01
2976.85
2329.44
2135.27
1833.57
1410.42
1396.1
1448.49
1433.11
1435.88
2137.59
2795.3
3078.91
3865.83
3597.92
3455.24
2908.24
2584.21
2415.25
2310.15
2305.64
2835.11
2686.52
3097.92
3186.77
2969.83
2721.78
2829.02
3426.45
3784.23
4215.21
4290.59
4366.59
4550.53
4341.74
4397.08
4260.41
4326.76
4111.99
4129.54
4002.88
4286.46
4351.63
4715.64
4938.61
5062.44
5300.24
5572.09
5783.15
5408.52
5298.72
5308.52
5799.24
5860.99
6446.31
7106.01
6661.44
6693.83
7703.1
6495.15
6529.99
6623.01
6729.53
6430.58
6734.99
6861.31
6206.24
6197.84
6470.74
6335.56
6607.13
6181.06
6223.37
6586.01
7046.57
7035.76
7573.26
7170.7
7009.56
7222.08
7380.32
7877.19
7630.71
7083.49
7136.1
7198.85
7500.79
7227.45
7312.85
7276.63
7331.73
7670.37
7838.22
7252.4
7341.65
7773.31
7832.22
8039.45
8069.81
7993.09
7630.26
7489.2
7739.86
7532.9
7268.06
7458.99
7840.31
7742.53
8059.65
8043.71
8084.88
8144.16
8465.77
8001.57
7677.73
7227.96
6979.81
7060.6
6947.06
6919.59
6923.6
7245.13
7906.6
7866.52
7918.53
8035.2
7736.07
8256.28
8144.02
8098.16
7927.49
7641.77
7816.44
7575.15
7404.61
7830.35
8516.02
8738.72
8724.13
7773.92
6923.41
6165.35
6407.52
7041.27
7152.88
6749.28
6398.77
6015.3
6245.18
6833.42
6642.27
6593.8
6588.28
6543.39
6627.43
6864.87
6890.94
6742.89
6721.08
6672.69
6826.61
7093.42
6872.97
6964.01
7086.86
6785.94
6701.36
6554.04
6061.8
5715.92
5457.82
5219.08
5672.7
5930.17
6318.61
6526.62
6514.72
6710.4
6814.76
6646.55
7197.5
7213.44
7137.03
6742.97
6508.21
6763.38
6839.59
6369.28
6894.23
6712.21
6209.71
5944.87
5228.84
5984.26
6304.53
6312.03
5989.27
5110.86
