1433.11
1593.6
1688.32
1816.47
1535.65
1564.47
1787.25
1529.65
1448.49
1410.33
1669.13
1484.46
1945.82
1941.41
2025.58
1974.69
1833.57
1570.2
1562.65
1333.71
1386.31
1363.32
1195.37
1253.61
1221.11
1201.92
1395.79
1105.06
1386.25
1500.1
1856.43
1518.55
1846.9
1321.26
1169.57
1058.14
1125.16
1050.04
1235.3
1050.98
1008.64
997.5
1080.37
1115.78
1098.29
1038.07
1024.55
1070.06
1125.06
1288.11
1406.59
1410.42
1321.26
1396.1
1416.09
1435.88
1425.16
1653.95
1879.87
2007.12
2722.95
2388.33
2305.64
2088.95
1895.25
1967.28
1865.11
1470.53
1447.05
1809.54
1592.74
1966.29
2189.77
2432.89
2829.02
2721.78
2458.65
2835.11
2310.15
2194.84
2086.18
2141.77
1964.31
1487.34
2795.3
2542.69
2852.93
3005.01
3079.99
3315.26
3369.14
3294.08
3186.77
3426.45
3597.92
3774.81
4002.88
3190.12
3078.91
2969.83
2908.24
2883.21
2825.89
2612.89
2415.25
2329.44
2137.59
1992.46
2135.27
1439.05
2584.21
1606.04
1973.44
1982.93
2092.0
2143.52
2686.52
2976.85
3271.99
3097.92
3290.68
3245.26
3229.6
3830.49
3682.73
4111.99
4286.46
4290.59
4366.59
4397.08
4351.63
4326.76
4341.74
3547.35
3593.41
4260.41
3617.29
3626.88
3865.83
3455.24
3784.23
3266.62
4129.54
4215.21
4550.53
4715.64
4938.61
5110.86
5300.24
5219.08
5228.84
5062.44
5298.72
5308.52
5715.92
5984.26
6197.84
6693.83
6245.18
6593.8
6430.58
6335.56
6181.06
6398.77
6209.71
6508.21
6514.72
6312.03
5989.27
6369.28
6470.74
6588.28
6529.99
6701.36
7046.57
7060.6
7136.1
7213.44
7227.45
7106.01
7086.86
7093.42
7170.7
7198.85
7252.4
7331.73
7641.77
7245.13
7152.88
7404.61
7341.65
7816.44
7832.22
7630.71
7380.32
7677.73
7773.31
8144.02
8256.28
8098.16
8001.57
7838.22
7573.26
7276.63
7736.07
7830.35
7906.6
8035.2
7918.53
7268.06
7739.86
7840.31
8144.16
8724.13
8738.72
8069.81
8465.77
8516.02
8059.65
7877.19
7993.09
7500.79
7773.92
7532.9
7489.2
7197.5
7222.08
7312.85
7703.1
7670.37
7630.26
7575.15
7742.53
7927.49
8043.71
8084.88
8039.45
7866.52
7458.99
7227.96
7137.03
7083.49
7041.27
6646.55
6742.89
6623.01
6318.61
5457.82
5783.15
5572.09
5408.52
6015.3
5799.24
5672.7
5944.87
5930.17
6206.24
6223.37
6407.52
6165.35
6661.44
6872.97
6721.08
6814.76
6964.01
7009.56
7035.76
6947.06
6710.4
6864.87
6543.39
6749.28
6979.81
6923.6
6833.42
6890.94
6526.62
6642.27
6763.38
6894.23
6734.99
6839.59
6586.01
6785.94
6627.43
6923.41
6304.53
6495.15
6554.04
6061.8
6446.31
6672.69
6742.97
6607.13
6861.31
6729.53
6919.59
6826.61
6712.21
5860.99
