2584.21
2542.69
2141.77
2137.59
1856.43
1564.47
1833.57
2329.44
2795.3
1964.31
2969.83
1992.46
1974.69
2088.95
1967.28
1895.25
1941.41
1982.93
2025.58
1966.29
1787.25
1448.49
1321.26
1169.57
1105.06
1125.06
1386.25
1410.42
1592.74
1606.04
1669.13
1195.37
1386.31
1288.11
1518.55
1570.2
1447.05
1435.88
1221.11
1050.04
1050.98
997.5
1058.14
1098.29
1008.64
1038.07
1080.37
1024.55
1070.06
1201.92
1688.32
1321.26
1439.05
1396.1
1487.34
1529.65
1425.16
1333.71
1115.78
1125.16
1470.53
1535.65
1484.46
1433.11
1593.6
1846.9
1809.54
1879.87
1865.11
2086.18
2007.12
1945.82
2135.27
2458.65
2835.11
2852.93
3005.01
2908.24
2686.52
2310.15
2415.25
2194.84
2432.89
2825.89
3097.92
3190.12
3547.35
3774.81
3784.23
3865.83
4002.88
4215.21
4111.99
4326.76
4341.74
4290.59
4351.63
3626.88
3593.41
3271.99
2976.85
3186.77
2883.21
2829.02
2143.52
1973.44
1653.95
1562.65
1235.3
1253.61
1416.09
1406.59
1410.33
1363.32
1395.79
1500.1
1816.47
2092.0
2388.33
2305.64
2612.89
2189.77
2721.78
2722.95
3079.99
3078.91
3266.62
3229.6
3245.26
3455.24
3617.29
4260.41
4397.08
4129.54
4286.46
3682.73
3290.68
3294.08
3315.26
3369.14
3597.92
3426.45
3830.49
4366.59
4550.53
4715.64
5062.44
4938.61
5672.7
5457.82
5572.09
5799.24
5984.26
6165.35
6407.52
6245.18
6588.28
6554.04
6763.38
6693.83
6710.4
6642.27
6526.62
6529.99
6661.44
6839.59
7213.44
7035.76
6742.97
6785.94
6712.21
6749.28
6646.55
6623.01
6923.6
7093.42
7170.7
7245.13
7331.73
7641.77
7630.26
7575.15
7489.2
7222.08
6979.81
6864.87
7086.86
6923.41
7009.56
6742.89
7252.4
7197.5
7106.01
7312.85
7573.26
7840.31
7918.53
8084.88
8724.13
8144.16
8001.57
8465.77
7736.07
7268.06
7276.63
7137.03
7227.45
7341.65
7866.52
8043.71
8144.02
8516.02
8256.28
7773.92
7677.73
7380.32
7993.09
8738.72
8059.65
7500.79
7404.61
7739.86
7703.1
8069.81
7906.6
7832.22
7742.53
7830.35
8098.16
8035.2
7816.44
8039.45
7927.49
7773.31
7630.71
7670.37
7877.19
7532.9
7838.22
7458.99
7227.96
7060.6
6701.36
6543.39
7083.49
6833.42
6814.76
6508.21
6335.56
6015.3
6206.24
6495.15
6586.01
6627.43
6890.94
6826.61
6593.8
6721.08
7136.1
6672.69
7046.57
6729.53
6947.06
6919.59
6894.23
7198.85
6734.99
6964.01
7152.88
7041.27
6872.97
6861.31
6430.58
6470.74
6607.13
6514.72
6318.61
6369.28
6398.77
5989.27
6061.8
5783.15
5408.52
5298.72
5308.52
5715.92
5300.24
5228.84
5110.86
5860.99
5219.08
6209.71
6223.37
5930.17
5944.87
6197.84
6304.53
6446.31
6312.03
6181.06
