1895.25
2007.12
1865.11
1669.13
1500.1
1235.3
1487.34
1484.46
1570.2
1386.31
1080.37
1125.06
1410.42
1809.54
1518.55
1425.16
1363.32
1439.05
1169.57
1321.26
1333.71
1321.26
1058.14
1653.95
1201.92
1386.25
1433.11
1448.49
1410.33
1416.09
1562.65
1288.11
1435.88
1395.79
1406.59
1396.1
1221.11
1050.04
1125.16
1115.78
997.5
1038.07
1050.98
1008.64
1070.06
1024.55
1105.06
1195.37
1098.29
1470.53
1447.05
1535.65
1564.47
1529.65
1787.25
1816.47
1846.9
1833.57
1593.6
1592.74
1967.28
1856.43
2310.15
2883.21
3455.24
3290.68
3294.08
1992.46
1606.04
1253.61
1688.32
1964.31
3229.6
3426.45
3830.49
3626.88
3774.81
3597.92
3266.62
2415.25
2137.59
1974.69
1982.93
2194.84
2141.77
2092.0
2135.27
2686.52
2825.89
3245.26
2969.83
3078.91
3005.01
3271.99
3097.92
3186.77
2908.24
2584.21
2329.44
2025.58
1941.41
1879.87
1973.44
2305.64
2612.89
2829.02
2143.52
1945.82
2976.85
1966.29
2542.69
2722.95
2086.18
2189.77
2088.95
2388.33
2432.89
2835.11
2458.65
2721.78
2795.3
2852.93
3079.99
3547.35
3593.41
3315.26
3190.12
3369.14
3682.73
3865.83
4002.88
4286.46
3784.23
3617.29
4111.99
4366.59
4550.53
4215.21
4351.63
4129.54
4326.76
4260.41
4290.59
4341.74
4397.08
4715.64
5062.44
4938.61
5110.86
5219.08
5228.84
5298.72
5300.24
5308.52
5408.52
5989.27
5984.26
6312.03
6508.21
6446.31
6526.62
6693.83
6646.55
6826.61
6701.36
6749.28
6742.97
6586.01
6729.53
6529.99
6839.59
6964.01
7404.61
7532.9
7677.73
7227.96
7213.44
7041.27
7137.03
7106.01
7331.73
7380.32
7670.37
7341.65
7222.08
6979.81
7009.56
6872.97
6919.59
6833.42
7197.5
7198.85
7227.45
7152.88
7500.79
7136.1
7093.42
7252.4
7276.63
7630.26
7573.26
7489.2
7245.13
6947.06
7170.7
7458.99
7268.06
7575.15
7736.07
7641.77
7630.71
8084.88
7840.31
8098.16
8465.77
8724.13
8738.72
8516.02
8035.2
7918.53
7742.53
7927.49
7877.19
8039.45
8144.02
7838.22
7830.35
7993.09
8059.65
7832.22
7739.86
7773.92
7866.52
8043.71
8144.16
8256.28
8069.81
7906.6
8001.57
7816.44
7773.31
7703.1
7312.85
6785.94
6894.23
6763.38
6623.01
6398.77
6165.35
5930.17
6304.53
6712.21
6734.99
6470.74
6407.52
6209.71
6245.18
6554.04
6593.8
6206.24
6890.94
6607.13
6721.08
6710.4
7046.57
6923.6
7083.49
7086.86
7060.6
7035.76
6861.31
6864.87
6923.41
6495.15
6627.43
6814.76
6742.89
6588.28
6369.28
6318.61
5944.87
6015.3
5860.99
6181.06
6061.8
6197.84
5457.82
5672.7
5799.24
5715.92
6661.44
6672.69
6642.27
6514.72
6430.58
5783.15
6223.37
6335.56
6543.39
5572.09
