2025.58
2310.15
1518.55
1410.33
1169.57
1125.06
1406.59
1435.88
1333.71
1386.25
1395.79
1221.11
1288.11
1321.26
1363.32
1425.16
1484.46
1974.69
1787.25
1606.04
1535.65
1470.53
1235.3
1386.31
1050.98
1125.16
1098.29
1115.78
1070.06
1105.06
1050.04
997.5
1008.64
1024.55
1038.07
1058.14
1080.37
1201.92
1410.42
1396.1
1321.26
1195.37
1253.61
1416.09
1529.65
1439.05
1500.1
1433.11
1448.49
1447.05
1895.25
1966.29
1879.87
1865.11
1945.82
2088.95
1856.43
2007.12
1833.57
1941.41
2458.65
2189.77
2135.27
1809.54
1669.13
1593.6
1592.74
1653.95
1570.2
1816.47
1564.47
2086.18
2143.52
2852.93
2908.24
2137.59
2835.11
2388.33
2432.89
2329.44
1992.46
1487.34
1846.9
2092.0
3097.92
3290.68
3369.14
3593.41
3597.92
3455.24
3271.99
3005.01
2612.89
2825.89
2305.64
2686.52
2976.85
3186.77
3229.6
3079.99
2969.83
3245.26
2795.3
2722.95
2415.25
2194.84
1982.93
1973.44
1688.32
1562.65
1964.31
1967.28
2141.77
2584.21
2883.21
2829.02
2542.69
3078.91
3190.12
3294.08
3617.29
3547.35
2721.78
3774.81
3315.26
3266.62
3426.45
3626.88
3682.73
3784.23
4286.46
4290.59
4326.76
4260.41
4129.54
4111.99
3865.83
4002.88
3830.49
4215.21
4341.74
4351.63
4366.59
4550.53
4397.08
4715.64
5110.86
4938.61
5228.84
5408.52
5457.82
5799.24
5308.52
5298.72
5715.92
5300.24
5783.15
6209.71
6661.44
6623.01
6919.59
6763.38
6543.39
6721.08
6729.53
6839.59
6923.41
6642.27
6607.13
6335.56
6407.52
6223.37
5944.87
6318.61
6514.72
6712.21
7009.56
7245.13
7703.1
7906.6
7918.53
7677.73
7380.32
7331.73
7341.65
7198.85
7227.45
7252.4
6833.42
7137.03
7268.06
7093.42
7170.7
7106.01
7197.5
7222.08
7404.61
7877.19
8069.81
8724.13
8144.16
8035.2
7312.85
7041.27
6894.23
6872.97
7060.6
7213.44
7276.63
7532.9
7489.2
8084.88
8043.71
7736.07
7993.09
7575.15
7573.26
8256.28
7739.86
8144.02
8098.16
8465.77
8039.45
8738.72
8516.02
8001.57
7641.77
8059.65
7830.35
7670.37
7630.26
7773.31
7773.92
7832.22
7866.52
7742.53
7838.22
7927.49
7630.71
7816.44
7840.31
7458.99
7227.96
6826.61
6979.81
7046.57
7136.1
6864.87
6742.89
6588.28
6627.43
6890.94
6710.4
6947.06
6964.01
7083.49
6861.31
6672.69
6814.76
7152.88
7500.79
7086.86
6923.6
6593.8
6734.99
6749.28
6526.62
6304.53
6061.8
5984.26
5672.7
5219.08
5860.99
5062.44
5572.09
5930.17
6181.06
6398.77
6495.15
6508.21
6586.01
6742.97
6554.04
6529.99
6369.28
6206.24
6015.3
6470.74
6245.18
6197.84
6693.83
7035.76
6785.94
6701.36
6312.03
5989.27
6165.35
6430.58
6646.55
6446.31
