2458.65
2612.89
2189.77
2852.93
1982.93
1535.65
1396.1
1386.25
1195.37
1221.11
1321.26
1395.79
1435.88
1606.04
1787.25
1570.2
1425.16
1433.11
1410.42
1169.57
1125.06
1050.04
1253.61
1098.29
1333.71
1529.65
1564.47
1410.33
1416.09
1363.32
1386.31
1321.26
1201.92
1235.3
1105.06
1125.16
1080.37
1050.98
1008.64
997.5
1038.07
1024.55
1058.14
1070.06
1288.11
1115.78
1406.59
1439.05
1447.05
1470.53
2092.0
1653.95
1964.31
1833.57
1945.82
2194.84
1974.69
1941.41
1688.32
1669.13
1562.65
1809.54
1967.28
1448.49
1593.6
1816.47
1518.55
1500.1
1484.46
1592.74
1487.34
1879.87
1973.44
2305.64
2143.52
2007.12
1895.25
2086.18
2025.58
1966.29
1865.11
1846.9
1856.43
1992.46
2686.52
2088.95
2137.59
2135.27
2310.15
2829.02
2795.3
2908.24
3229.6
3190.12
3245.26
3079.99
3097.92
2825.89
2722.95
2141.77
2329.44
2584.21
2542.69
3290.68
3005.01
3426.45
2883.21
2976.85
2835.11
2432.89
2721.78
2415.25
2388.33
2969.83
3266.62
3369.14
3271.99
3078.91
3186.77
3315.26
3294.08
3455.24
3547.35
3593.41
3626.88
4002.88
3784.23
4129.54
3774.81
4260.41
4351.63
4938.61
4550.53
4215.21
3865.83
4326.76
4290.59
4341.74
3682.73
3830.49
3617.29
3597.92
4111.99
4286.46
4366.59
4397.08
5228.84
5062.44
4715.64
5219.08
5110.86
5298.72
5300.24
5308.52
5408.52
5572.09
5457.82
5799.24
6209.71
6304.53
6495.15
6446.31
6514.72
6508.21
6430.58
6223.37
6627.43
6165.35
6245.18
6398.77
6015.3
6729.53
6894.23
7341.65
7677.73
7736.07
7630.26
7742.53
7458.99
7630.71
7641.77
7906.6
8098.16
8738.72
8144.16
7993.09
7866.52
7380.32
7198.85
7227.96
7532.9
7276.63
7035.76
7404.61
7213.44
7573.26
7773.31
7830.35
7840.31
8035.2
7222.08
7227.45
6839.59
6742.97
7041.27
7170.7
7197.5
7500.79
7268.06
7086.86
7245.13
7838.22
7816.44
7252.4
7312.85
7703.1
7918.53
8043.71
8069.81
8144.02
8001.57
8059.65
7739.86
7832.22
7489.2
7575.15
7670.37
7773.92
7927.49
8039.45
8516.02
8256.28
8724.13
8465.77
8084.88
7877.19
7331.73
7093.42
6785.94
6710.4
6623.01
6593.8
6407.52
5984.26
5944.87
5715.92
6181.06
5672.7
5930.17
5783.15
6470.74
6693.83
6964.01
6861.31
6923.41
6979.81
7009.56
6872.97
6923.6
6672.69
6701.36
6763.38
6734.99
6826.61
6749.28
7136.1
7152.88
6864.87
7137.03
6890.94
6721.08
7046.57
7106.01
6947.06
7060.6
6919.59
6712.21
6742.89
6661.44
6586.01
6646.55
6588.28
6526.62
6607.13
6543.39
6529.99
6061.8
6206.24
6318.61
6335.56
6312.03
6369.28
5989.27
5860.99
6197.84
6554.04
6833.42
6814.76
7083.49
6642.27
