1973.44
2025.58
2189.77
1895.25
1484.46
1195.37
1395.79
1406.59
1448.49
1500.1
1653.95
1593.6
1856.43
1966.29
1535.65
1570.2
1433.11
1363.32
1416.09
1235.3
1410.42
1435.88
1333.71
1105.06
1201.92
1410.33
1447.05
1386.25
1321.26
1221.11
1058.14
1288.11
1070.06
1050.98
1038.07
1080.37
1050.04
1425.16
1125.16
1125.06
1008.64
1024.55
997.5
1115.78
1321.26
1386.31
1098.29
1253.61
1169.57
1396.1
1439.05
1470.53
1809.54
1846.9
1787.25
1833.57
1964.31
1688.32
1518.55
1879.87
1564.47
1592.74
1865.11
1816.47
1487.34
1945.82
1606.04
1562.65
1669.13
2092.0
1529.65
1982.93
1974.69
1967.28
1992.46
2007.12
2086.18
2194.84
2584.21
2458.65
2721.78
2722.95
2432.89
2612.89
2829.02
2388.33
2795.3
2825.89
3078.91
3455.24
3774.81
3271.99
3593.41
3369.14
3005.01
3245.26
3547.35
3315.26
3830.49
3626.88
3682.73
3229.6
3079.99
2852.93
2310.15
2141.77
2835.11
2415.25
2686.52
2135.27
2542.69
2305.64
1941.41
2143.52
2088.95
2137.59
2329.44
2908.24
3186.77
3617.29
3294.08
2969.83
3426.45
2976.85
3097.92
2883.21
3290.68
3190.12
3266.62
3597.92
4215.21
3865.83
4129.54
4002.88
3784.23
4286.46
4111.99
4290.59
4260.41
4341.74
4351.63
4366.59
4326.76
4550.53
4397.08
4715.64
4938.61
5110.86
5062.44
5298.72
5930.17
6181.06
5989.27
5672.7
6197.84
6446.31
6529.99
6661.44
6710.4
6785.94
6734.99
6742.97
6335.56
6586.01
5715.92
6369.28
6015.3
5408.52
5228.84
5219.08
5308.52
5572.09
5860.99
5799.24
6430.58
6554.04
6627.43
6979.81
6833.42
6721.08
6839.59
6894.23
7009.56
7252.4
7227.45
7532.9
7739.86
7641.77
7830.35
7742.53
7703.1
7575.15
7630.71
7736.07
7773.31
7866.52
8084.88
8098.16
8144.02
8069.81
8043.71
7840.31
7918.53
7106.01
7927.49
7816.44
8001.57
8035.2
7993.09
7877.19
7670.37
7773.92
7906.6
8039.45
8144.16
8465.77
8724.13
8516.02
8738.72
8256.28
8059.65
7838.22
7677.73
7213.44
7035.76
6826.61
6712.21
6729.53
6947.06
7083.49
7136.1
7380.32
7458.99
7500.79
6919.59
7152.88
7093.42
7276.63
7268.06
7832.22
7630.26
7060.6
6588.28
5944.87
5300.24
6701.36
7227.96
6861.31
6470.74
6623.01
6923.6
7341.65
7137.03
6872.97
7041.27
7198.85
7245.13
7331.73
7312.85
7222.08
7086.86
7170.7
7404.61
7489.2
6923.41
7573.26
7197.5
7046.57
6964.01
6864.87
6763.38
6693.83
6749.28
6526.62
6607.13
6543.39
6398.77
6318.61
5984.26
5457.82
6165.35
6312.03
6495.15
6646.55
6814.76
6209.71
6304.53
6508.21
6593.8
5783.15
6223.37
6206.24
6245.18
6514.72
6742.89
6642.27
6890.94
6672.69
6407.52
6061.8
