2329.44
2584.21
2194.84
2388.33
1941.41
1809.54
1964.31
1945.82
1564.47
1787.25
1562.65
1669.13
1606.04
1816.47
1865.11
2086.18
1856.43
2135.27
2007.12
1973.44
2025.58
2092.0
1895.25
1592.74
1500.1
1448.49
1396.1
1169.57
1070.06
1435.88
1535.65
1050.04
997.5
1038.07
1125.16
1447.05
1395.79
1410.33
1425.16
1125.06
1484.46
1201.92
1321.26
1363.32
1406.59
1288.11
1058.14
1008.64
1024.55
1050.98
1080.37
1115.78
1105.06
1098.29
1518.55
1195.37
1487.34
1253.61
1221.11
1235.3
1433.11
1386.31
2141.77
1688.32
2088.95
1966.29
1439.05
1386.25
1333.71
1321.26
1410.42
1593.6
1974.69
2143.52
2415.25
2310.15
2432.89
2795.3
2852.93
2722.95
3005.01
2976.85
2458.65
3079.99
2883.21
2835.11
3190.12
3245.26
3266.62
3426.45
3682.73
4002.88
4286.46
4326.76
4397.08
4351.63
4715.64
4341.74
3830.49
3271.99
3078.91
2542.69
1967.28
1982.93
1653.95
1529.65
1416.09
1470.53
1570.2
1879.87
1846.9
1833.57
2137.59
1992.46
2189.77
2825.89
2305.64
2612.89
2721.78
2686.52
2908.24
2969.83
2829.02
3186.77
3097.92
3229.6
3294.08
3290.68
3593.41
3597.92
3865.83
4111.99
4129.54
3774.81
4260.41
3617.29
3784.23
3455.24
3315.26
3369.14
3547.35
3626.88
4215.21
4290.59
4366.59
4938.61
4550.53
5062.44
5219.08
5110.86
5300.24
5228.84
5457.82
5672.7
5930.17
6369.28
6742.97
6245.18
6588.28
6430.58
6304.53
6165.35
5783.15
5715.92
5408.52
6206.24
6623.01
6446.31
6627.43
6763.38
6890.94
6964.01
7041.27
6923.6
7093.42
7035.76
7106.01
7245.13
7197.5
7083.49
6919.59
6947.06
7137.03
7170.7
7086.86
7227.45
7198.85
7222.08
7404.61
7742.53
7838.22
7489.2
7341.65
7276.63
7268.06
7575.15
7703.1
7918.53
7993.09
8098.16
8035.2
8256.28
8144.16
8084.88
8465.77
8724.13
8738.72
8069.81
8001.57
8144.02
7840.31
8043.71
8516.02
7877.19
7773.31
7736.07
7816.44
7866.52
8039.45
7458.99
7573.26
7500.79
7331.73
7630.26
7739.86
7532.9
7670.37
7677.73
7773.92
8059.65
7832.22
7830.35
7906.6
7927.49
7641.77
7630.71
7252.4
7046.57
7009.56
7136.1
6923.41
6712.21
6646.55
5984.26
6223.37
6693.83
6554.04
6526.62
6508.21
5944.87
6335.56
6318.61
6181.06
6209.71
6312.03
6407.52
6661.44
6734.99
6839.59
6861.31
6864.87
6872.97
7227.96
7152.88
7312.85
7380.32
7213.44
7060.6
6979.81
6826.61
6529.99
6543.39
6495.15
6470.74
6593.8
6749.28
6785.94
6814.76
6642.27
6514.72
6607.13
6721.08
6701.36
6710.4
6742.89
6398.77
6197.84
6061.8
5989.27
5860.99
5799.24
5308.52
6586.01
5298.72
5572.09
6015.3
6672.69
6833.42
6894.23
6729.53
