1816.47
1809.54
1833.57
2092.0
2135.27
1787.25
1535.65
1448.49
1080.37
1253.61
1201.92
1386.31
1518.55
1564.47
1669.13
1570.2
1447.05
1592.74
1562.65
1484.46
1410.33
1321.26
1105.06
1125.06
1125.16
1363.32
1439.05
1406.59
1386.25
1895.25
1470.53
1653.95
1593.6
1606.04
1529.65
1487.34
1396.1
1221.11
1115.78
1098.29
1050.98
1050.04
997.5
1070.06
1058.14
1038.07
1008.64
1024.55
1195.37
1321.26
1416.09
1410.42
1433.11
1395.79
1435.88
1425.16
1333.71
1235.3
1169.57
1288.11
1500.1
1688.32
1865.11
1879.87
1945.82
1973.44
1856.43
1846.9
1974.69
2007.12
2189.77
2432.89
2584.21
2143.52
2137.59
2388.33
3229.6
3290.68
2612.89
2305.64
2908.24
2835.11
3186.77
3005.01
3617.29
3597.92
3593.41
3271.99
3245.26
3369.14
3774.81
3784.23
3547.35
3426.45
3626.88
3682.73
3455.24
2825.89
2141.77
1967.28
1966.29
2086.18
2329.44
2686.52
2883.21
2969.83
2194.84
1982.93
1941.41
1992.46
1964.31
2310.15
2025.58
2088.95
2415.25
2458.65
2852.93
3078.91
2976.85
2722.95
2542.69
2795.3
2721.78
3190.12
3097.92
3079.99
2829.02
3266.62
3294.08
3315.26
3830.49
3865.83
4111.99
4129.54
4286.46
4290.59
4341.74
4351.63
4215.21
4326.76
4260.41
4002.88
4366.59
4397.08
4550.53
4715.64
4938.61
5062.44
5110.86
5219.08
5228.84
5298.72
5408.52
5457.82
5984.26
6223.37
6206.24
6554.04
6526.62
6543.39
6446.31
6672.69
6588.28
6742.97
6661.44
6607.13
6861.31
6430.58
6749.28
6318.61
6627.43
6721.08
6642.27
6693.83
6872.97
6890.94
6763.38
7046.57
7060.6
7312.85
7573.26
7877.19
8035.2
7840.31
7773.92
7268.06
7086.86
7093.42
6833.42
6712.21
7575.15
7227.45
7245.13
7252.4
6923.41
7198.85
7227.96
7341.65
7380.32
7532.9
7677.73
7703.1
7816.44
7630.71
7489.2
7830.35
7630.26
7500.79
7641.77
7739.86
7742.53
8039.45
8724.13
8516.02
8738.72
8144.16
8465.77
8256.28
8084.88
7866.52
7773.31
8001.57
7670.37
7832.22
7404.61
7276.63
6729.53
7993.09
7906.6
8144.02
7838.22
7927.49
8069.81
8043.71
8098.16
8059.65
7918.53
7736.07
7458.99
7331.73
7197.5
6964.01
6514.72
6304.53
6181.06
5672.7
5944.87
5308.52
5989.27
6015.3
6312.03
6586.01
6701.36
6623.01
6919.59
6742.89
6826.61
6814.76
7106.01
7152.88
7136.1
7137.03
7041.27
7083.49
6785.94
7035.76
7213.44
6646.55
7009.56
6947.06
7170.7
6979.81
7222.08
6864.87
6593.8
6839.59
6407.52
6398.77
6508.21
6335.56
6923.6
6894.23
6734.99
6209.71
6470.74
6369.28
6061.8
6165.35
5799.24
5300.24
5930.17
6197.84
5572.09
5783.15
5860.99
6529.99
6710.4
6495.15
6245.18
5715.92
