1982.93
2542.69
1846.9
1787.25
1395.79
1321.26
1688.32
1669.13
1606.04
1410.33
1235.3
1221.11
1592.74
1593.6
1448.49
1433.11
1410.42
1562.65
1500.1
1487.34
1406.59
1386.31
1169.57
1435.88
1470.53
1570.2
1425.16
1439.05
1535.65
1529.65
1416.09
1363.32
1321.26
1195.37
1105.06
1080.37
1070.06
1058.14
1008.64
1038.07
1050.98
997.5
1024.55
1050.04
1098.29
1201.92
1288.11
1125.16
1253.61
1396.1
1518.55
1564.47
1653.95
1809.54
2092.0
2189.77
2305.64
1964.31
2141.77
2721.78
2686.52
2135.27
1945.82
1484.46
1333.71
1386.25
1115.78
1125.06
1447.05
1865.11
2415.25
3078.91
2825.89
2329.44
1966.29
1816.47
1833.57
1856.43
2088.95
2388.33
2025.58
1974.69
2086.18
1941.41
3079.99
2584.21
3593.41
3186.77
3005.01
3097.92
3271.99
2969.83
2795.3
2143.52
2137.59
2310.15
1967.28
2007.12
2458.65
2194.84
2432.89
2883.21
2852.93
2976.85
2722.95
2829.02
2835.11
1973.44
2612.89
1879.87
1895.25
1992.46
3426.45
2908.24
3294.08
3682.73
3315.26
3266.62
3597.92
3290.68
3547.35
3245.26
3369.14
3455.24
3190.12
3229.6
3617.29
3626.88
3774.81
3784.23
3830.49
4129.54
4002.88
3865.83
4111.99
4215.21
4260.41
4397.08
4366.59
4550.53
4286.46
4326.76
4290.59
4341.74
4351.63
4715.64
4938.61
5062.44
5110.86
5219.08
5298.72
5300.24
5408.52
5308.52
5457.82
5228.84
5672.7
6015.3
6734.99
6661.44
6964.01
6554.04
6627.43
6304.53
6245.18
6607.13
6446.31
5989.27
6209.71
6514.72
6742.97
6646.55
6318.61
5984.26
6312.03
6721.08
6923.41
7041.27
7093.42
7136.1
7630.71
7742.53
7736.07
7838.22
8001.57
7489.2
7830.35
7677.73
7773.31
7458.99
7927.49
7816.44
8059.65
8035.2
8144.02
8465.77
8144.16
8516.02
8724.13
8084.88
7840.31
7500.79
7046.57
6749.28
6529.99
6470.74
6826.61
6919.59
6947.06
7312.85
7404.61
7906.6
7832.22
7703.1
7739.86
7918.53
7877.19
8738.72
8039.45
8043.71
8098.16
7993.09
7573.26
7380.32
7276.63
7222.08
7341.65
7773.92
7866.52
7532.9
7268.06
7331.73
7630.26
7670.37
7086.86
6729.53
6693.83
7575.15
8069.81
8256.28
7641.77
7170.7
6763.38
6398.77
6369.28
7083.49
6586.01
6526.62
6407.52
6206.24
6710.4
7060.6
6712.21
6894.23
6861.31
6742.89
6785.94
6495.15
6508.21
6430.58
6701.36
6839.59
7009.56
6593.8
7035.76
7152.88
7245.13
7106.01
7213.44
7197.5
7198.85
7227.45
7227.96
6814.76
7137.03
6979.81
6890.94
6872.97
6864.87
6543.39
6588.28
5930.17
5944.87
6061.8
5860.99
5799.24
5783.15
5715.92
6181.06
6197.84
6642.27
6623.01
6923.6
6223.37
6672.69
6165.35
7252.4
6335.56
6833.42
5572.09
