1865.11
2542.69
2007.12
2137.59
1529.65
1487.34
1564.47
2305.64
2189.77
2141.77
1653.95
1470.53
1425.16
1435.88
1396.1
1410.33
1321.26
1395.79
1433.11
1416.09
1406.59
1410.42
1288.11
1195.37
1125.06
1105.06
1125.16
1201.92
1221.11
1363.32
1080.37
1058.14
1098.29
1008.64
1070.06
1050.04
997.5
1038.07
1024.55
1050.98
1235.3
1115.78
1253.61
1386.25
1169.57
1321.26
1333.71
1386.31
1439.05
1447.05
2086.18
1974.69
1945.82
1787.25
1846.9
2088.95
2432.89
1856.43
2388.33
2795.3
2835.11
2612.89
2969.83
1966.29
2415.25
1941.41
1833.57
1816.47
1570.2
1606.04
1500.1
1562.65
1535.65
1669.13
1992.46
1973.44
2092.0
2908.24
2458.65
2584.21
2686.52
2722.95
2883.21
3079.99
3186.77
3097.92
3005.01
2825.89
3078.91
3229.6
3290.68
3245.26
3271.99
3315.26
3266.62
2976.85
3190.12
2721.78
2829.02
2135.27
1879.87
2310.15
1448.49
1982.93
1964.31
1967.28
1518.55
1688.32
2025.58
2143.52
1895.25
1592.74
1484.46
1809.54
1593.6
2329.44
2194.84
2852.93
3294.08
3369.14
3426.45
3617.29
3784.23
4129.54
4260.41
3830.49
3774.81
3626.88
3682.73
3547.35
4215.21
4286.46
4326.76
3865.83
3455.24
3593.41
3597.92
4111.99
4341.74
4397.08
4351.63
4002.88
4290.59
4366.59
4550.53
5110.86
5300.24
5298.72
5219.08
4938.61
4715.64
5308.52
5228.84
5062.44
5457.82
5408.52
5672.7
5989.27
6335.56
6693.83
6919.59
6872.97
6839.59
6646.55
6627.43
6729.53
6642.27
6304.53
6508.21
6245.18
6721.08
6864.87
6947.06
7086.86
7197.5
7500.79
7736.07
7739.86
7866.52
7927.49
7993.09
8098.16
7630.71
8724.13
7703.1
7198.85
7213.44
7035.76
7106.01
7773.31
7840.31
7742.53
7677.73
7312.85
7245.13
7083.49
7009.56
7046.57
7170.7
7252.4
7268.06
7222.08
7137.03
6861.31
6742.89
6826.61
6734.99
6923.6
7093.42
7136.1
7341.65
7575.15
7532.9
7830.35
7404.61
7630.26
7773.92
8256.28
8059.65
7877.19
8001.57
8035.2
7573.26
7489.2
7227.96
7152.88
7276.63
7641.77
7906.6
8465.77
8084.88
8043.71
7832.22
7816.44
7838.22
8039.45
8069.81
8144.02
8144.16
8516.02
8738.72
7918.53
7458.99
6964.01
6923.41
6833.42
6312.03
5783.15
5572.09
5930.17
6197.84
6785.94
6749.28
6763.38
6890.94
6894.23
6979.81
7227.45
7670.37
7380.32
7331.73
7060.6
7041.27
6742.97
6710.4
6814.76
6554.04
6318.61
6588.28
5944.87
6209.71
6446.31
6398.77
5799.24
6015.3
6181.06
6514.72
6593.8
6206.24
6430.58
6369.28
6712.21
6407.52
6661.44
6672.69
6623.01
6529.99
6607.13
6586.01
6470.74
6495.15
6543.39
6701.36
5984.26
5715.92
5860.99
6165.35
6223.37
6526.62
6061.8
