2092.0
2542.69
1992.46
2189.77
1974.69
1435.88
1570.2
1879.87
1856.43
1562.65
1833.57
1235.3
1050.98
1098.29
1115.78
1169.57
1386.25
1846.9
1895.25
1484.46
1448.49
1253.61
1080.37
1669.13
1966.29
2007.12
1967.28
1653.95
1787.25
1564.47
1439.05
1386.31
1333.71
1221.11
997.5
1070.06
1008.64
1024.55
1038.07
1050.04
1125.06
1288.11
1321.26
1363.32
1433.11
1410.42
1406.59
1395.79
1410.33
1688.32
1606.04
1518.55
1470.53
1105.06
1425.16
1535.65
1809.54
1593.6
1529.65
1447.05
1592.74
1487.34
1500.1
1321.26
1125.16
1058.14
1195.37
1201.92
1396.1
1416.09
1816.47
1865.11
1941.41
2310.15
2329.44
1982.93
2088.95
2415.25
2584.21
2458.65
2722.95
2835.11
2825.89
2829.02
3005.01
2883.21
3190.12
3078.91
3294.08
3617.29
3597.92
3290.68
3369.14
3547.35
3593.41
3682.73
3830.49
3426.45
3626.88
3315.26
3186.77
2976.85
2908.24
3079.99
2852.93
2795.3
2432.89
2137.59
2143.52
1964.31
1973.44
2086.18
1945.82
2025.58
2194.84
2388.33
2141.77
2135.27
2305.64
2612.89
2686.52
2721.78
2969.83
3245.26
3097.92
3229.6
3266.62
3455.24
3271.99
3784.23
4260.41
4290.59
4286.46
3865.83
4215.21
4341.74
4366.59
5219.08
4938.61
4550.53
4129.54
3774.81
4111.99
4397.08
4326.76
4002.88
4351.63
4715.64
5062.44
5110.86
5228.84
5300.24
5298.72
5308.52
5408.52
5944.87
6312.03
6526.62
6514.72
6508.21
6693.83
6529.99
6181.06
5930.17
5715.92
6015.3
6430.58
6245.18
6209.71
6335.56
6763.38
6712.21
6872.97
6814.76
7136.1
6701.36
7086.86
7035.76
7009.56
6923.41
7227.45
6890.94
7041.27
7245.13
7222.08
7198.85
7227.96
7630.71
7670.37
7312.85
7838.22
7677.73
7830.35
7918.53
8465.77
8039.45
8144.16
8516.02
8098.16
8069.81
8035.2
8043.71
7993.09
7832.22
7739.86
7736.07
7773.92
7840.31
8001.57
7866.52
8084.88
8738.72
8724.13
8059.65
7877.19
7773.31
7927.49
8256.28
8144.02
7906.6
7816.44
7703.1
7489.2
7380.32
7404.61
7268.06
7252.4
7341.65
7500.79
7742.53
7573.26
7641.77
7331.73
7532.9
6947.06
7575.15
7630.26
7458.99
7137.03
7106.01
7197.5
6864.87
6588.28
5984.26
5457.82
5672.7
5783.15
6304.53
6607.13
6749.28
7170.7
7213.44
6979.81
6642.27
6593.8
6318.61
6369.28
6398.77
6470.74
6407.52
6661.44
6646.55
6742.89
6919.59
6894.23
6964.01
7276.63
7152.88
7060.6
7093.42
6923.6
7046.57
7083.49
6785.94
6839.59
6833.42
6826.61
6742.97
6627.43
6543.39
6672.69
6223.37
6206.24
6165.35
6061.8
5572.09
5989.27
5860.99
6197.84
5799.24
6495.15
6586.01
6734.99
6721.08
6729.53
6554.04
6861.31
6623.01
6710.4
6446.31
