1570.2
1941.41
1470.53
1833.57
1500.1
1416.09
1447.05
1562.65
1809.54
1487.34
1484.46
1410.42
1535.65
1653.95
1518.55
1425.16
1439.05
1410.33
1386.25
1288.11
1195.37
1105.06
1098.29
1221.11
1125.16
1396.1
1395.79
1386.31
1363.32
1235.3
1201.92
1050.04
1070.06
997.5
1058.14
1080.37
1024.55
1038.07
1115.78
1050.98
1125.06
1008.64
1169.57
1253.61
1321.26
1333.71
1816.47
1321.26
1433.11
1593.6
1787.25
1688.32
1982.93
1992.46
2189.77
2305.64
2135.27
2007.12
1606.04
1529.65
1856.43
1669.13
1974.69
1592.74
1865.11
1945.82
1846.9
1448.49
1564.47
1435.88
1406.59
1879.87
1966.29
2137.59
1895.25
1967.28
2025.58
2143.52
2141.77
2612.89
2194.84
2088.95
2310.15
2415.25
3005.01
2722.95
3190.12
2388.33
2584.21
2829.02
2825.89
2432.89
2092.0
3079.99
2969.83
2835.11
3186.77
2721.78
2908.24
3097.92
3078.91
2976.85
2542.69
2883.21
2852.93
3229.6
2686.52
2795.3
2458.65
1973.44
2086.18
1964.31
2329.44
3245.26
3369.14
3266.62
3294.08
3315.26
3547.35
3597.92
3617.29
4111.99
3426.45
3784.23
3865.83
3682.73
3626.88
4215.21
4260.41
4286.46
4341.74
3774.81
4550.53
4129.54
4351.63
4290.59
4002.88
3593.41
3290.68
3271.99
3455.24
3830.49
4366.59
4938.61
5110.86
5228.84
5062.44
4715.64
4397.08
4326.76
5219.08
5298.72
5300.24
5308.52
5457.82
5408.52
5672.7
5799.24
6197.84
5944.87
5984.26
5860.99
5783.15
5572.09
5715.92
5930.17
6181.06
5989.27
6165.35
6209.71
6586.01
6588.28
6785.94
6923.6
7137.03
7227.45
7312.85
7404.61
7573.26
7341.65
7630.26
7703.1
7739.86
7773.31
7866.52
8001.57
8043.71
8059.65
7830.35
7877.19
7840.31
7906.6
8098.16
8144.16
8039.45
8738.72
8256.28
8084.88
8069.81
7993.09
7832.22
7773.92
7677.73
7086.86
7331.73
7152.88
6979.81
7009.56
7041.27
7035.76
7197.5
7489.2
7816.44
7927.49
8144.02
7918.53
8724.13
8516.02
8465.77
8035.2
7838.22
7736.07
7106.01
7198.85
6872.97
6839.59
6964.01
7046.57
7222.08
7252.4
7060.6
7093.42
7670.37
7641.77
7532.9
7458.99
7227.96
7083.49
7136.1
7170.7
7380.32
7213.44
6947.06
6554.04
6661.44
6890.94
7268.06
6894.23
7245.13
7276.63
7742.53
7500.79
7630.71
7575.15
6919.59
6861.31
6742.89
6693.83
6712.21
6742.97
6814.76
6721.08
6470.74
6223.37
6430.58
6543.39
6864.87
6833.42
6763.38
6529.99
6398.77
6627.43
6623.01
6335.56
6710.4
6701.36
6508.21
6446.31
6206.24
6061.8
6646.55
6593.8
6826.61
6923.41
6749.28
6734.99
6729.53
6407.52
6312.03
6318.61
6015.3
6672.69
6607.13
6526.62
6369.28
6245.18
6495.15
6514.72
6642.27
6304.53
