2432.89
2835.11
2137.59
2795.3
1973.44
1606.04
1447.05
1945.82
2025.58
1982.93
2086.18
1879.87
1787.25
1669.13
1564.47
1448.49
1386.31
1535.65
1593.6
1406.59
1435.88
1253.61
1115.78
1201.92
1288.11
1321.26
1410.42
1221.11
1195.37
1098.29
1058.14
1050.04
1080.37
1050.98
1024.55
1070.06
1008.64
997.5
1038.07
1105.06
1125.06
1169.57
1433.11
1363.32
1470.53
1500.1
1592.74
1518.55
2088.95
2305.64
2310.15
2141.77
1809.54
1396.1
1439.05
1484.46
1570.2
1487.34
1653.95
1416.09
1562.65
1410.33
1395.79
1235.3
1125.16
1321.26
1333.71
1386.25
1425.16
1967.28
1529.65
1974.69
1895.25
1966.29
1833.57
1688.32
1992.46
2415.25
2976.85
3245.26
3190.12
3266.62
3186.77
2908.24
2883.21
3005.01
3593.41
3682.73
3617.29
3865.83
3547.35
2542.69
2686.52
3315.26
3097.92
3597.92
3426.45
2721.78
2612.89
3229.6
3369.14
2852.93
2143.52
1865.11
1941.41
2194.84
2189.77
2092.0
2135.27
1856.43
1964.31
1846.9
1816.47
2007.12
2329.44
2584.21
2722.95
3271.99
3079.99
3290.68
3078.91
2388.33
2458.65
2825.89
2969.83
2829.02
3294.08
3455.24
3626.88
3774.81
4215.21
3830.49
4938.61
4111.99
4397.08
5062.44
4550.53
5219.08
4366.59
4290.59
4351.63
4286.46
3784.23
4260.41
4002.88
4129.54
4326.76
4341.74
4715.64
5110.86
5228.84
5298.72
5408.52
5300.24
5457.82
5783.15
6593.8
6923.41
7489.2
6964.01
6923.6
6890.94
7137.03
7227.96
7222.08
7197.5
6763.38
6312.03
5672.7
5715.92
6165.35
6554.04
6543.39
6335.56
6721.08
6814.76
7198.85
7086.86
7106.01
7035.76
7227.45
7093.42
7136.1
7404.61
7736.07
8098.16
8144.02
8465.77
7830.35
7276.63
6839.59
6947.06
7312.85
7641.77
7877.19
7816.44
7703.1
7773.31
8001.57
8069.81
7630.71
7341.65
7083.49
6701.36
6607.13
6407.52
6693.83
6919.59
7252.4
7573.26
7630.26
7670.37
7677.73
7832.22
7840.31
7866.52
8256.28
8724.13
8738.72
8516.02
8043.71
7739.86
7575.15
7245.13
7268.06
7380.32
7500.79
7532.9
7742.53
7773.92
7927.49
7918.53
8084.88
8035.2
7993.09
8059.65
8144.16
7838.22
8039.45
7906.6
7458.99
6872.97
6749.28
6470.74
6398.77
6588.28
6508.21
5799.24
6015.3
6197.84
6672.69
6734.99
7331.73
6894.23
7213.44
6979.81
7060.6
7041.27
6729.53
6586.01
6646.55
6623.01
6710.4
6861.31
6785.94
7009.56
6833.42
6712.21
6529.99
6495.15
6245.18
6304.53
6209.71
5984.26
5989.27
6206.24
6430.58
6318.61
6526.62
6627.43
6742.97
6864.87
7170.7
7152.88
7046.57
6742.89
6514.72
6446.31
6223.37
5944.87
6181.06
6826.61
6642.27
6661.44
6369.28
5572.09
6061.8
5308.52
5930.17
5860.99
