1865.11
1895.25
1833.57
1669.13
1562.65
1321.26
1235.3
1518.55
1416.09
1529.65
1363.32
1406.59
1425.16
1500.1
1564.47
1535.65
1333.71
1125.16
1195.37
1038.07
1050.98
1024.55
1080.37
1058.14
1221.11
1570.2
1688.32
1606.04
1396.1
1439.05
1070.06
1105.06
997.5
1050.04
1008.64
1169.57
1098.29
1201.92
1410.42
1321.26
1395.79
1386.25
1115.78
1253.61
1487.34
1470.53
1433.11
1448.49
1386.31
1288.11
1125.06
1410.33
1447.05
1435.88
1484.46
1592.74
1653.95
1593.6
1787.25
1973.44
2086.18
1846.9
2088.95
1974.69
1809.54
2135.27
1992.46
1879.87
1982.93
1967.28
2025.58
2310.15
2829.02
2722.95
2835.11
2825.89
2432.89
2976.85
3245.26
2721.78
2329.44
3271.99
2305.64
2686.52
3005.01
2612.89
2189.77
2141.77
2969.83
2415.25
2852.93
2194.84
2908.24
3079.99
3426.45
3294.08
3290.68
2584.21
2137.59
1964.31
1816.47
2007.12
2388.33
3078.91
3266.62
3597.92
3186.77
2458.65
2092.0
1856.43
1945.82
1941.41
1966.29
2143.52
2542.69
2883.21
2795.3
3097.92
3229.6
3315.26
3190.12
3369.14
3455.24
3593.41
3547.35
3617.29
3626.88
3682.73
3830.49
4260.41
3774.81
4215.21
4111.99
3784.23
3865.83
5062.44
4002.88
4938.61
5219.08
5110.86
4351.63
4326.76
4286.46
4550.53
4366.59
4341.74
4290.59
4397.08
4129.54
4715.64
5228.84
5298.72
5300.24
5308.52
5457.82
5860.99
6304.53
6661.44
7152.88
7341.65
7276.63
7060.6
6785.94
6593.8
6181.06
6526.62
6430.58
5672.7
5783.15
5799.24
6061.8
6398.77
6721.08
6742.89
6872.97
6839.59
6964.01
6710.4
7009.56
6814.76
6979.81
6864.87
7106.01
7086.86
7083.49
7245.13
7500.79
7773.92
7832.22
7630.26
7736.07
7670.37
8069.81
8465.77
8098.16
8144.16
8256.28
8724.13
7993.09
7830.35
7677.73
7136.1
7227.45
6833.42
6826.61
6701.36
6923.41
7197.5
7198.85
7489.2
7575.15
7380.32
7312.85
7573.26
7532.9
7458.99
8084.88
8144.02
8738.72
8516.02
8043.71
7906.6
7816.44
7838.22
7840.31
7739.86
7641.77
7703.1
7742.53
7927.49
7630.71
7918.53
7877.19
8059.65
8035.2
8039.45
7866.52
8001.57
7404.61
7773.31
7331.73
7227.96
6742.97
6586.01
6369.28
6514.72
6894.23
6206.24
5572.09
5408.52
6529.99
7041.27
7035.76
6646.55
6712.21
6749.28
6919.59
7093.42
6861.31
6588.28
6470.74
6672.69
6245.18
6763.38
6729.53
7170.7
7268.06
7222.08
7213.44
7137.03
7046.57
6947.06
7252.4
6890.94
6923.6
6734.99
6627.43
6543.39
6508.21
6312.03
6554.04
6335.56
6446.31
6407.52
6318.61
6209.71
5930.17
6197.84
6607.13
6015.3
6693.83
6495.15
5989.27
5715.92
6165.35
5944.87
6642.27
6623.01
6223.37
5984.26
