1941.41
2189.77
1973.44
1396.1
1448.49
1470.53
1447.05
1386.25
1235.3
1253.61
1386.31
1653.95
1865.11
1593.6
1570.2
1433.11
1535.65
1484.46
1562.65
1564.47
1809.54
1425.16
1195.37
1333.71
1406.59
1856.43
1992.46
1879.87
1982.93
1592.74
1416.09
1410.42
1410.33
1363.32
1050.04
1038.07
1008.64
997.5
1080.37
1098.29
1321.26
1125.16
1125.06
1115.78
1058.14
1024.55
1105.06
1050.98
1070.06
1288.11
1201.92
1169.57
1606.04
1221.11
1688.32
1787.25
1846.9
1518.55
1529.65
1395.79
1321.26
1439.05
1964.31
1500.1
1816.47
1669.13
1435.88
1487.34
1833.57
1967.28
1895.25
1945.82
1966.29
2007.12
2088.95
2137.59
2092.0
2305.64
2194.84
2143.52
2135.27
2025.58
1974.69
2086.18
2141.77
2310.15
3617.29
2686.52
2458.65
2721.78
2829.02
3079.99
3097.92
3315.26
3369.14
3294.08
3245.26
3455.24
2908.24
2883.21
2415.25
2329.44
2388.33
2432.89
2722.95
3190.12
2835.11
3186.77
2976.85
2612.89
2542.69
2969.83
3005.01
3229.6
2825.89
2584.21
2795.3
2852.93
3290.68
3266.62
3078.91
3271.99
3426.45
3626.88
3593.41
3830.49
3784.23
4129.54
3682.73
4002.88
5219.08
5228.84
5300.24
4550.53
4715.64
4286.46
4351.63
4397.08
5062.44
4938.61
4326.76
3547.35
3597.92
5110.86
5408.52
5298.72
3865.83
3774.81
4260.41
4215.21
4341.74
4111.99
4290.59
4366.59
5308.52
5457.82
5783.15
6015.3
6701.36
6742.97
6894.23
6721.08
6495.15
6588.28
6470.74
6407.52
6543.39
6181.06
6061.8
6304.53
6446.31
6593.8
6979.81
6672.69
7137.03
6923.41
7222.08
7227.96
7046.57
6864.87
7152.88
6919.59
7041.27
7093.42
6833.42
6861.31
6890.94
7380.32
7773.92
7742.53
8039.45
7816.44
7736.07
7312.85
7252.4
7832.22
7918.53
8144.16
8098.16
8724.13
8001.57
7927.49
8035.2
7198.85
7630.71
7703.1
7866.52
8043.71
8144.02
8084.88
8256.28
8738.72
8516.02
8465.77
8059.65
7906.6
7993.09
8069.81
7838.22
7840.31
7641.77
7106.01
7086.86
7268.06
7489.2
7458.99
7573.26
7575.15
7500.79
7739.86
7532.9
7677.73
7227.45
7404.61
7630.26
7877.19
7830.35
7670.37
7773.31
7136.1
6964.01
6661.44
6508.21
5989.27
5944.87
5860.99
5799.24
5715.92
5672.7
5572.09
6165.35
5984.26
6398.77
6206.24
6627.43
6734.99
6763.38
6826.61
6814.76
6554.04
6693.83
6749.28
6742.89
7009.56
7245.13
7276.63
7331.73
6947.06
7197.5
7035.76
6923.6
7170.7
7083.49
7060.6
7341.65
7213.44
6872.97
6729.53
6526.62
6529.99
6586.01
6607.13
6642.27
6514.72
6209.71
6197.84
6318.61
6646.55
6839.59
6623.01
6430.58
6369.28
6245.18
6223.37
6335.56
6712.21
6785.94
6710.4
6312.03
5930.17
