1787.25
2137.59
2135.27
2088.95
1967.28
2143.52
2721.78
2194.84
1964.31
1564.47
1669.13
1653.95
1974.69
2686.52
2795.3
2584.21
1992.46
2092.0
1125.16
1321.26
1500.1
1484.46
1386.31
1070.06
997.5
1038.07
1125.06
1470.53
1221.11
1235.3
1321.26
1410.33
1518.55
1447.05
1435.88
1416.09
1406.59
1115.78
1080.37
1050.04
1008.64
1024.55
1058.14
1050.98
1105.06
1288.11
1201.92
1535.65
1439.05
1809.54
1253.61
1425.16
1433.11
1333.71
1593.6
1570.2
1846.9
1562.65
1529.65
1396.1
1363.32
1386.25
1448.49
1395.79
1410.42
1195.37
1098.29
1169.57
1833.57
1879.87
2086.18
2141.77
2189.77
2388.33
2310.15
2542.69
2415.25
2835.11
3005.01
2825.89
2329.44
2305.64
2458.65
3190.12
3784.23
3626.88
3294.08
3245.26
3597.92
4260.41
4111.99
3682.73
3426.45
3455.24
3315.26
3593.41
3369.14
3271.99
3229.6
3186.77
2976.85
3078.91
3079.99
2722.95
2883.21
2908.24
2025.58
1865.11
1606.04
1487.34
1688.32
2007.12
1982.93
1973.44
1945.82
1895.25
1941.41
1856.43
1592.74
1966.29
1816.47
2432.89
2612.89
2852.93
2829.02
2969.83
3097.92
3266.62
3290.68
3617.29
4002.88
4215.21
4366.59
3547.35
4286.46
4341.74
4326.76
3774.81
4351.63
3830.49
3865.83
4129.54
4290.59
4550.53
4397.08
4715.64
4938.61
5062.44
5110.86
5457.82
5672.7
5944.87
6304.53
6335.56
6407.52
6607.13
6646.55
6642.27
6826.61
6701.36
6742.97
6833.42
7093.42
7630.26
7380.32
7331.73
6894.23
6729.53
7009.56
7404.61
7742.53
6672.69
6529.99
6508.21
6623.01
6586.01
6627.43
6661.44
6814.76
7041.27
7083.49
7170.7
7458.99
7832.22
7222.08
7245.13
7136.1
7060.6
6526.62
6839.59
6710.4
6763.38
6919.59
6979.81
7152.88
7489.2
7106.01
7500.79
7046.57
7086.86
7252.4
7213.44
7137.03
6742.89
6923.41
7035.76
7630.71
7573.26
7532.9
7227.96
7268.06
6923.6
6470.74
7773.31
6947.06
7816.44
7927.49
7840.31
7830.35
7918.53
7773.92
8035.2
7877.19
8039.45
7866.52
7838.22
7906.6
8001.57
7993.09
8069.81
8043.71
8059.65
8256.28
8144.02
8098.16
8465.77
8516.02
8724.13
8738.72
8084.88
8144.16
7575.15
6964.01
6693.83
6446.31
6588.28
6593.8
6543.39
6712.21
6721.08
6864.87
7198.85
7739.86
6872.97
7276.63
6554.04
6495.15
6785.94
6749.28
6861.31
7312.85
7341.65
7677.73
7641.77
7736.07
7670.37
7703.1
7227.45
7197.5
6890.94
6734.99
6514.72
6398.77
6209.71
6206.24
6061.8
6223.37
5715.92
5298.72
5799.24
5930.17
5989.27
5860.99
6015.3
5783.15
6165.35
5219.08
5228.84
5308.52
5408.52
5572.09
6245.18
5984.26
6197.84
6312.03
6369.28
6430.58
6318.61
6181.06
5300.24
