1529.65
1856.43
1653.95
1593.6
1098.29
1386.25
1518.55
1879.87
1688.32
1570.2
1592.74
1448.49
1895.25
2310.15
2189.77
1846.9
1235.3
1425.16
1253.61
1406.59
1169.57
1396.1
1201.92
1221.11
1395.79
1363.32
1321.26
1410.42
1288.11
1410.33
1447.05
1333.71
1125.16
1195.37
1070.06
1115.78
1080.37
1050.04
1058.14
1050.98
1024.55
1008.64
1038.07
1105.06
1500.1
1435.88
1321.26
997.5
1125.06
1564.47
1562.65
2025.58
2135.27
1992.46
2305.64
2141.77
2086.18
1941.41
1816.47
1966.29
2007.12
1865.11
1973.44
1809.54
2092.0
2329.44
1967.28
1484.46
1433.11
1386.31
1470.53
1833.57
1974.69
2194.84
2415.25
2721.78
2542.69
1982.93
2458.65
1487.34
1606.04
1964.31
1535.65
2388.33
2686.52
2852.93
3005.01
2976.85
3229.6
3290.68
3271.99
3186.77
3294.08
4002.88
3784.23
3865.83
4215.21
3830.49
3426.45
3315.26
2969.83
2722.95
3455.24
2584.21
2795.3
2825.89
2088.95
1945.82
1669.13
1439.05
1416.09
1787.25
2137.59
2143.52
2432.89
2612.89
2835.11
3079.99
2883.21
3369.14
3266.62
3774.81
3593.41
4111.99
3547.35
3190.12
3078.91
2908.24
2829.02
3097.92
3245.26
3617.29
3682.73
3597.92
3626.88
4260.41
4129.54
4286.46
4290.59
4326.76
4341.74
4351.63
4366.59
4397.08
4550.53
4715.64
5219.08
5228.84
5298.72
5308.52
5799.24
5572.09
5715.92
6470.74
5457.82
6588.28
6554.04
6623.01
6661.44
6607.13
6710.4
6864.87
6839.59
6923.41
7035.76
7227.45
7532.9
6646.55
6642.27
6586.01
6672.69
6734.99
6833.42
6729.53
7213.44
7404.61
7245.13
7500.79
7380.32
7222.08
7866.52
7268.06
7677.73
7773.31
7197.5
7041.27
6785.94
6890.94
6749.28
6861.31
7227.96
6964.01
7136.1
7060.6
7093.42
7341.65
7276.63
7918.53
7670.37
7830.35
7312.85
7331.73
6979.81
6701.36
6742.97
6627.43
6529.99
6335.56
6304.53
6398.77
6763.38
7489.2
7993.09
8069.81
8059.65
7840.31
7877.19
7641.77
7630.26
7703.1
7742.53
7838.22
7573.26
7927.49
7575.15
7816.44
7736.07
8035.2
8043.71
8039.45
7198.85
7906.6
8098.16
8738.72
8724.13
8516.02
8144.16
8144.02
8084.88
8465.77
8256.28
8001.57
7832.22
7252.4
7170.7
7106.01
7137.03
6826.61
6721.08
6814.76
7009.56
7152.88
7458.99
7739.86
7630.71
7773.92
7086.86
7046.57
7083.49
6742.89
6872.97
6947.06
6923.6
6894.23
6919.59
6712.21
6693.83
5860.99
6209.71
6181.06
5944.87
6015.3
5408.52
5062.44
5110.86
5300.24
6165.35
6407.52
6430.58
6508.21
6526.62
6061.8
6245.18
6197.84
6446.31
6514.72
6312.03
5989.27
6206.24
5930.17
6318.61
6593.8
6543.39
5984.26
5783.15
5672.7
6495.15
6369.28
6223.37
4938.61
