2189.77
2852.93
2007.12
1816.47
1201.92
1221.11
1416.09
1570.2
1535.65
1484.46
1435.88
1425.16
1363.32
1448.49
1529.65
1787.25
1833.57
1941.41
1809.54
1606.04
1562.65
1688.32
1487.34
1439.05
1447.05
1333.71
1080.37
1008.64
1050.98
1395.79
1518.55
1396.1
1105.06
1058.14
997.5
1038.07
1024.55
1098.29
1253.61
1386.31
1125.06
1050.04
1115.78
1321.26
1846.9
1410.42
1288.11
1070.06
1125.16
1433.11
1865.11
1856.43
2829.02
1592.74
1966.29
1653.95
1321.26
1169.57
1386.25
1235.3
1564.47
1593.6
1410.33
1406.59
1195.37
1470.53
1500.1
1669.13
2025.58
1895.25
1982.93
2310.15
2432.89
3005.01
3079.99
2542.69
3186.77
2976.85
2721.78
2969.83
1973.44
3229.6
2722.95
2137.59
2458.65
1992.46
1945.82
2141.77
2415.25
2883.21
2825.89
2686.52
2612.89
2795.3
2388.33
2584.21
2835.11
2194.84
2305.64
2086.18
2088.95
2092.0
1967.28
2135.27
1964.31
2143.52
1879.87
1974.69
2329.44
2908.24
3078.91
3290.68
3271.99
3245.26
3190.12
3266.62
3097.92
3315.26
3626.88
3294.08
3597.92
3369.14
3426.45
3455.24
3593.41
3547.35
3617.29
3682.73
3774.81
3784.23
4286.46
4290.59
4260.41
3830.49
4111.99
4129.54
4002.88
3865.83
4215.21
4351.63
4341.74
4326.76
4550.53
4366.59
4397.08
4715.64
4938.61
5110.86
5219.08
5298.72
5308.52
5408.52
5228.84
5062.44
5300.24
5457.82
5572.09
6335.56
6785.94
7041.27
7086.86
6923.41
6623.01
6407.52
5984.26
6061.8
6543.39
6181.06
6209.71
6223.37
6304.53
5989.27
6508.21
6554.04
6627.43
6894.23
6814.76
7093.42
7152.88
7575.15
7222.08
7832.22
7773.92
7927.49
7703.1
8001.57
8035.2
8069.81
8144.02
8084.88
8724.13
8465.77
8098.16
8043.71
7630.26
7380.32
7458.99
7918.53
7670.37
8256.28
7252.4
7245.13
7213.44
7083.49
6749.28
7009.56
7060.6
7170.7
7198.85
7268.06
7331.73
7816.44
7742.53
7500.79
7630.71
7830.35
8059.65
8738.72
8516.02
7993.09
8144.16
7677.73
7404.61
7866.52
7739.86
7736.07
7489.2
7573.26
7312.85
8039.45
7773.31
7840.31
7838.22
7877.19
7641.77
7532.9
7341.65
7106.01
7276.63
7227.96
7906.6
7197.5
6979.81
6588.28
6197.84
6165.35
5930.17
5672.7
5783.15
5799.24
6245.18
6661.44
6672.69
6839.59
7227.45
6890.94
6923.6
6964.01
6864.87
6947.06
7136.1
7046.57
6729.53
6872.97
6742.97
6833.42
6742.89
6763.38
6701.36
6712.21
6526.62
6495.15
6514.72
6470.74
6430.58
6369.28
6398.77
6529.99
6446.31
6693.83
6861.31
6721.08
6642.27
6586.01
6607.13
6318.61
5944.87
6312.03
5860.99
5715.92
6015.3
6826.61
7035.76
6710.4
6734.99
6593.8
6646.55
6919.59
7137.03
6206.24
