2612.89
2025.58
1416.09
1833.57
1564.47
1447.05
1396.1
1410.42
1386.31
1288.11
1363.32
1386.25
1395.79
1433.11
1535.65
1879.87
1973.44
2088.95
1941.41
1500.1
1410.33
1125.16
1321.26
1221.11
1235.3
1195.37
1201.92
1058.14
1008.64
1050.98
1038.07
1050.04
1080.37
1070.06
997.5
1115.78
1125.06
1024.55
1321.26
1169.57
1105.06
1098.29
1253.61
1333.71
1439.05
1448.49
1487.34
1406.59
1435.88
1593.6
2135.27
1653.95
2092.0
1809.54
1974.69
1967.28
1787.25
1562.65
1518.55
1425.16
1846.9
1966.29
1669.13
1592.74
1570.2
1816.47
1856.43
1484.46
1606.04
1529.65
1470.53
1688.32
1982.93
2143.52
2722.95
2908.24
3005.01
2976.85
2310.15
2189.77
2194.84
2305.64
2329.44
2432.89
2829.02
3186.77
3315.26
3271.99
3290.68
3455.24
3597.92
3784.23
4129.54
3774.81
3617.29
4002.88
3547.35
3229.6
3190.12
2542.69
2086.18
1865.11
2584.21
1992.46
2141.77
2795.3
1895.25
1945.82
1964.31
2007.12
2137.59
2388.33
2458.65
3097.92
2969.83
3079.99
2835.11
2721.78
3078.91
2825.89
2852.93
2415.25
2686.52
2883.21
3266.62
3245.26
3294.08
3369.14
3426.45
3626.88
4111.99
4215.21
4351.63
3830.49
4290.59
4341.74
4326.76
4260.41
3593.41
3682.73
4286.46
3865.83
4366.59
4397.08
4550.53
4715.64
5110.86
4938.61
5228.84
5219.08
5298.72
5300.24
5408.52
5062.44
5308.52
5672.7
6197.84
6398.77
6223.37
5860.99
6015.3
6712.21
6763.38
6839.59
6245.18
6661.44
6623.01
6335.56
6508.21
5984.26
6729.53
6642.27
7041.27
6861.31
6947.06
6919.59
7136.1
8001.57
7838.22
7458.99
7198.85
7245.13
7489.2
7830.35
7877.19
7742.53
7677.73
7773.31
7227.96
7341.65
7227.45
7268.06
7500.79
7641.77
7532.9
7137.03
7035.76
7093.42
7060.6
7630.71
7630.26
7331.73
7152.88
6864.87
6923.41
6964.01
7197.5
7222.08
7380.32
7736.07
7832.22
8035.2
8043.71
8724.13
8738.72
8516.02
8098.16
8069.81
8084.88
7739.86
7906.6
7670.37
7918.53
7993.09
8465.77
8256.28
8059.65
8144.16
7927.49
8144.02
7866.52
7773.92
7252.4
7575.15
7573.26
7816.44
8039.45
7840.31
7703.1
7404.61
7312.85
7276.63
7170.7
6814.76
6701.36
6181.06
5799.24
5572.09
5715.92
5457.82
6693.83
6890.94
7213.44
7106.01
6826.61
6586.01
6593.8
6749.28
6979.81
7083.49
7086.86
6923.6
7009.56
7046.57
6894.23
6833.42
6872.97
6785.94
6627.43
6495.15
6165.35
5783.15
6607.13
5930.17
6554.04
6721.08
6543.39
6514.72
6209.71
6446.31
6529.99
6470.74
5944.87
6206.24
6430.58
6312.03
6369.28
6061.8
6318.61
5989.27
6407.52
6742.89
6526.62
6742.97
6710.4
6646.55
6672.69
6304.53
6588.28
6734.99
