1895.25
2088.95
1500.1
1435.88
1447.05
1529.65
1564.47
1879.87
1833.57
1964.31
1967.28
1669.13
1787.25
1570.2
1321.26
1395.79
1386.31
1288.11
1363.32
1484.46
1070.06
1653.95
1115.78
1406.59
1416.09
1688.32
1816.47
1439.05
1201.92
1098.29
1050.04
1125.06
1125.16
1050.98
1038.07
1024.55
997.5
1008.64
1058.14
1080.37
1169.57
1105.06
1235.3
1195.37
1321.26
1333.71
1448.49
1487.34
1856.43
1966.29
2007.12
2025.58
2086.18
1973.44
1992.46
1982.93
1941.41
1945.82
1592.74
1425.16
1386.25
1221.11
1253.61
1433.11
1410.42
1593.6
1535.65
1562.65
1470.53
1396.1
1410.33
1518.55
1606.04
1809.54
1846.9
1865.11
1974.69
2092.0
2135.27
2194.84
2189.77
2137.59
2542.69
2976.85
3455.24
3190.12
3271.99
2829.02
2721.78
3266.62
2415.25
2883.21
2612.89
3005.01
3078.91
3229.6
3784.23
3774.81
3593.41
3597.92
2722.95
3097.92
2686.52
3426.45
3626.88
3547.35
2852.93
2388.33
2305.64
2143.52
2329.44
2310.15
2432.89
2835.11
3315.26
2825.89
2458.65
2969.83
3079.99
2141.77
3290.68
3186.77
3245.26
3617.29
3294.08
3369.14
2584.21
2908.24
2795.3
3682.73
3830.49
3865.83
4002.88
4260.41
4111.99
4129.54
4215.21
4286.46
4290.59
4351.63
4326.76
4341.74
4366.59
4397.08
4715.64
4550.53
4938.61
5062.44
5110.86
5219.08
5300.24
5308.52
5408.52
5228.84
5783.15
5944.87
6407.52
6672.69
6919.59
6763.38
6890.94
6508.21
6398.77
6312.03
6223.37
6318.61
6165.35
5715.92
5457.82
5572.09
5799.24
6245.18
5984.26
5860.99
6729.53
6586.01
6543.39
7227.96
7086.86
7213.44
7500.79
7331.73
7312.85
7575.15
7276.63
7458.99
7703.1
7877.19
7906.6
7773.92
7918.53
7677.73
7838.22
7840.31
7866.52
8035.2
8059.65
8084.88
8098.16
8144.16
8001.57
8043.71
7830.35
7739.86
7106.01
7630.71
7152.88
7341.65
7532.9
7736.07
7773.31
7927.49
7993.09
8039.45
8144.02
8256.28
8724.13
8738.72
8516.02
8465.77
8069.81
7816.44
7380.32
6872.97
7227.45
6742.97
6712.21
7093.42
6826.61
6979.81
6947.06
7060.6
7268.06
7404.61
7630.26
7670.37
7046.57
6964.01
7009.56
7245.13
7742.53
7832.22
7222.08
6061.8
5930.17
7170.7
7641.77
6894.23
6369.28
5989.27
6721.08
6833.42
6661.44
6861.31
6742.89
6785.94
7136.1
6710.4
6864.87
6701.36
6839.59
7041.27
7489.2
7035.76
7573.26
7252.4
7137.03
6470.74
6627.43
6206.24
5672.7
6015.3
6209.71
6304.53
6495.15
6430.58
6197.84
6693.83
6642.27
6181.06
6593.8
6446.31
6734.99
7197.5
7198.85
7083.49
6588.28
6814.76
6749.28
6607.13
6646.55
6923.6
6923.41
6526.62
6623.01
6335.56
6529.99
6554.04
6514.72
5298.72
