2721.78
2795.3
2189.77
1982.93
1833.57
1529.65
1562.65
1416.09
1448.49
1606.04
1564.47
1425.16
1816.47
1484.46
1395.79
1518.55
1253.61
1433.11
1487.34
1288.11
1470.53
1195.37
1105.06
1386.31
1169.57
1115.78
1410.33
1333.71
1653.95
1221.11
1321.26
1024.55
997.5
1008.64
1038.07
1098.29
1050.98
1050.04
1058.14
1321.26
1125.16
1201.92
1363.32
1406.59
1080.37
1125.06
1386.25
1396.1
1235.3
1865.11
1856.43
1846.9
2086.18
1964.31
2329.44
2458.65
2584.21
2852.93
2722.95
2137.59
1973.44
1945.82
1592.74
1435.88
1410.42
1439.05
1447.05
1669.13
1787.25
1570.2
1500.1
1593.6
1070.06
1688.32
1535.65
1809.54
1941.41
1879.87
1966.29
2310.15
1974.69
2686.52
2612.89
2825.89
3229.6
3271.99
3190.12
3186.77
3079.99
3078.91
3294.08
3290.68
3245.26
3005.01
3315.26
2908.24
3369.14
3097.92
3266.62
2542.69
2432.89
2143.52
2092.0
2415.25
2141.77
2025.58
2135.27
1895.25
2088.95
1992.46
1967.28
2007.12
2194.84
2388.33
2829.02
2969.83
2835.11
2976.85
2883.21
2305.64
3426.45
3593.41
3682.73
3597.92
3547.35
3455.24
3626.88
3617.29
3774.81
3784.23
4366.59
4715.64
5062.44
4351.63
4290.59
3865.83
4002.88
3830.49
4111.99
4260.41
4326.76
4286.46
4215.21
4550.53
4938.61
4341.74
4397.08
5110.86
5298.72
5300.24
5228.84
5308.52
4129.54
5219.08
5408.52
6470.74
6165.35
5984.26
6508.21
6627.43
6839.59
6919.59
6710.4
6833.42
6543.39
6588.28
6398.77
6245.18
5715.92
5572.09
5944.87
5860.99
6181.06
6623.01
6742.89
7060.6
7227.45
7641.77
7739.86
8724.13
8043.71
8516.02
8738.72
8465.77
8256.28
8144.16
8144.02
8069.81
7877.19
7630.71
7773.92
7312.85
7227.96
6964.01
7009.56
7170.7
7245.13
7838.22
7532.9
7832.22
7993.09
7736.07
7630.26
7268.06
7136.1
7093.42
7816.44
7573.26
8001.57
7222.08
7046.57
7500.79
7866.52
7670.37
7927.49
7703.1
7742.53
8059.65
8035.2
7830.35
7918.53
7252.4
7083.49
6861.31
6646.55
6407.52
6642.27
7152.88
7773.31
8098.16
8084.88
7906.6
7404.61
7137.03
7035.76
7197.5
7458.99
7677.73
8039.45
7840.31
7489.2
7380.32
7198.85
6749.28
6446.31
7276.63
6872.97
6947.06
6712.21
6526.62
6206.24
6197.84
6586.01
6672.69
6894.23
6923.41
6763.38
7041.27
7213.44
7086.86
7341.65
7575.15
7331.73
7106.01
6864.87
6890.94
6430.58
6701.36
6369.28
6312.03
6015.3
6495.15
6304.53
6209.71
6335.56
6923.6
6979.81
6826.61
6593.8
6734.99
6529.99
6607.13
6742.97
6785.94
6814.76
6514.72
5930.17
5783.15
5799.24
5457.82
5672.7
5989.27
6318.61
6223.37
6554.04
6661.44
6721.08
6693.83
6729.53
6061.8
