2310.15
2086.18
1967.28
1221.11
1333.71
1396.1
1410.33
1363.32
1386.31
1447.05
1410.42
1406.59
1518.55
1470.53
1593.6
1669.13
1688.32
1570.2
1816.47
1448.49
1941.41
1564.47
1487.34
1529.65
1592.74
1865.11
1787.25
1416.09
1321.26
1321.26
1288.11
1169.57
1253.61
1050.98
1115.78
1125.06
1201.92
1038.07
1195.37
1098.29
1070.06
1008.64
1024.55
997.5
1050.04
1058.14
1125.16
1235.3
1386.25
1895.25
1484.46
1080.37
1105.06
1395.79
2143.52
1435.88
1966.29
1846.9
1945.82
1856.43
1562.65
1439.05
1535.65
1425.16
1433.11
1500.1
1879.87
1653.95
1964.31
1809.54
1833.57
1974.69
2795.3
2969.83
2686.52
2092.0
2542.69
3079.99
2908.24
2088.95
1992.46
2612.89
1606.04
3369.14
2025.58
2825.89
2584.21
2721.78
2829.02
3245.26
3455.24
3315.26
3597.92
3593.41
3774.81
3547.35
3266.62
3190.12
3271.99
3229.6
2883.21
3005.01
2189.77
2329.44
2194.84
2141.77
2135.27
1982.93
2007.12
1973.44
3078.91
3097.92
2722.95
3186.77
2432.89
2852.93
2388.33
2458.65
2305.64
2976.85
3294.08
2415.25
2835.11
2137.59
3426.45
3290.68
3617.29
3626.88
3682.73
3830.49
4111.99
4002.88
4129.54
3784.23
3865.83
4215.21
4260.41
4286.46
4290.59
4326.76
4397.08
4550.53
5062.44
4715.64
4938.61
5110.86
5228.84
5219.08
4366.59
4341.74
4351.63
5308.52
5300.24
5715.92
5984.26
6312.03
6554.04
6833.42
7083.49
7041.27
7222.08
7227.96
7213.44
7046.57
6742.89
6701.36
6763.38
6369.28
6623.01
6245.18
6181.06
6165.35
6588.28
7093.42
7227.45
6826.61
6729.53
6894.23
7198.85
7312.85
7268.06
7276.63
7489.2
7840.31
7458.99
7918.53
7838.22
7906.6
7816.44
7830.35
7575.15
7137.03
7060.6
6839.59
6923.6
7152.88
7331.73
7677.73
8098.16
8084.88
8001.57
7252.4
6734.99
6514.72
6593.8
7170.7
6872.97
7532.9
7500.79
7404.61
7736.07
7641.77
7630.71
7573.26
7739.86
7877.19
8144.16
8465.77
8724.13
8738.72
8144.02
8516.02
8043.71
7832.22
7773.31
7630.26
7927.49
8039.45
7703.1
7866.52
8035.2
8069.81
8256.28
8059.65
7993.09
7773.92
7742.53
7380.32
7670.37
7106.01
7341.65
7136.1
7197.5
6398.77
5944.87
5989.27
5457.82
5298.72
5408.52
5672.7
5572.09
6407.52
6318.61
6304.53
6061.8
6015.3
6470.74
6693.83
6947.06
6721.08
6785.94
6923.41
6861.31
7086.86
7009.56
6979.81
7035.76
6864.87
6964.01
6710.4
6446.31
6526.62
6529.99
6430.58
6508.21
6661.44
6646.55
6814.76
6919.59
7245.13
6890.94
6607.13
6206.24
6335.56
6197.84
6209.71
5783.15
5799.24
6223.37
5930.17
6586.01
6742.97
6749.28
6712.21
6672.69
6642.27
6627.43
6495.15
6543.39
5860.99
