2825.89
2584.21
1410.33
1529.65
1865.11
1833.57
1787.25
2092.0
2458.65
2194.84
1846.9
1564.47
1435.88
1433.11
1410.42
1484.46
1439.05
1396.1
1386.31
1288.11
1221.11
1195.37
1125.16
1058.14
1115.78
1105.06
1321.26
1253.61
1363.32
1518.55
1235.3
1592.74
1386.25
1321.26
1080.37
1050.98
1050.04
1070.06
997.5
1038.07
1201.92
1024.55
1008.64
1098.29
1125.06
1169.57
1406.59
1333.71
1447.05
1470.53
1688.32
1895.25
2305.64
1941.41
1945.82
2025.58
1964.31
2086.18
1982.93
1816.47
1669.13
1606.04
1487.34
1425.16
1416.09
1593.6
1395.79
1500.1
1562.65
1448.49
1535.65
1653.95
1570.2
1809.54
2388.33
1992.46
2432.89
2137.59
2686.52
2612.89
1966.29
2007.12
1879.87
2722.95
3229.6
3097.92
3271.99
3290.68
3315.26
3865.83
3597.92
2883.21
2908.24
2976.85
3294.08
3186.77
3455.24
3190.12
3078.91
2852.93
2542.69
2415.25
1967.28
2329.44
2088.95
2795.3
2135.27
2310.15
1856.43
1973.44
1974.69
2189.77
2141.77
2143.52
2721.78
2829.02
2835.11
2969.83
3079.99
3005.01
3626.88
3369.14
3245.26
3426.45
3266.62
3547.35
3682.73
3593.41
3830.49
3774.81
3617.29
4215.21
3784.23
4002.88
4129.54
4260.41
4286.46
4397.08
4351.63
4326.76
4290.59
4111.99
4341.74
4366.59
4715.64
5062.44
5298.72
5219.08
4550.53
5110.86
4938.61
5228.84
5300.24
5308.52
5408.52
5457.82
5944.87
6407.52
6607.13
6470.74
6369.28
5715.92
5989.27
5860.99
6015.3
6209.71
6335.56
6312.03
6495.15
6165.35
6514.72
6661.44
6814.76
6894.23
6947.06
7046.57
7170.7
7213.44
7227.96
7245.13
7458.99
7630.71
7677.73
7866.52
7993.09
7927.49
7773.92
7816.44
7404.61
7641.77
7703.1
7276.63
7198.85
7222.08
7500.79
8035.2
7736.07
7136.1
7093.42
7832.22
8001.57
7877.19
7670.37
7573.26
7341.65
7532.9
7630.26
7838.22
7918.53
8059.65
8084.88
8724.13
8256.28
8516.02
8738.72
8144.02
8098.16
8465.77
8043.71
7840.31
7773.31
7742.53
7489.2
7380.32
7227.45
7197.5
7083.49
7152.88
7106.01
7331.73
7086.86
7575.15
7906.6
7739.86
8144.16
8069.81
8039.45
7830.35
7312.85
7060.6
6979.81
6721.08
6554.04
6181.06
5783.15
5930.17
5799.24
5672.7
6197.84
5572.09
7035.76
7268.06
7137.03
7041.27
6833.42
6693.83
6672.69
6593.8
7252.4
7009.56
6701.36
6749.28
6729.53
6742.97
6763.38
6923.6
6627.43
6526.62
6304.53
6245.18
5984.26
6061.8
6430.58
6206.24
6646.55
6529.99
6734.99
6890.94
6964.01
6919.59
6923.41
6872.97
6839.59
6826.61
6588.28
6623.01
6586.01
6864.87
6710.4
6861.31
6785.94
6742.89
6712.21
6642.27
6508.21
6543.39
6446.31
6223.37
6398.77
6318.61
