1529.65
2007.12
1669.13
1406.59
1115.78
1321.26
1448.49
1435.88
2415.25
1941.41
1856.43
1518.55
1562.65
1816.47
1964.31
1564.47
1967.28
1895.25
1787.25
1945.82
1688.32
1487.34
1447.05
1386.25
1410.33
1500.1
1570.2
1535.65
1484.46
1439.05
1433.11
1253.61
1201.92
1098.29
1070.06
1195.37
1080.37
1050.04
1050.98
1038.07
1024.55
1008.64
1105.06
997.5
1125.16
1058.14
1221.11
1125.06
1169.57
1363.32
1386.31
1235.3
1425.16
1396.1
1833.57
1846.9
1966.29
1592.74
1809.54
1653.95
1593.6
1606.04
1470.53
1416.09
1333.71
1288.11
1321.26
1395.79
1410.42
1879.87
1865.11
2458.65
2686.52
2829.02
2852.93
2883.21
3097.92
3245.26
3079.99
2825.89
2388.33
1974.69
2135.27
2722.95
2976.85
3005.01
3369.14
3271.99
3593.41
4290.59
3830.49
3426.45
3294.08
3315.26
3229.6
3190.12
3290.68
3078.91
2969.83
2908.24
2795.3
2721.78
2305.64
2612.89
2584.21
2542.69
2025.58
2088.95
2086.18
1973.44
2137.59
1982.93
2143.52
1992.46
2141.77
2329.44
2310.15
2092.0
2194.84
2189.77
2835.11
2432.89
3186.77
3266.62
3547.35
3455.24
3774.81
3682.73
4351.63
4002.88
4397.08
4341.74
4286.46
3617.29
3784.23
3865.83
3597.92
3626.88
4129.54
4260.41
4111.99
4326.76
4366.59
4215.21
4550.53
4715.64
5110.86
4938.61
5062.44
5219.08
5228.84
5298.72
5300.24
5308.52
5572.09
6165.35
6245.18
6554.04
6646.55
6627.43
6839.59
6623.01
6593.8
6729.53
6785.94
7312.85
7630.71
7331.73
7222.08
7136.1
6979.81
6872.97
6864.87
7245.13
7093.42
7341.65
7137.03
7046.57
7086.86
6947.06
6701.36
7152.88
7041.27
7227.45
6826.61
7009.56
7458.99
7197.5
6964.01
7573.26
7489.2
7575.15
7736.07
7742.53
7877.19
7830.35
7773.92
8001.57
7703.1
7739.86
7641.77
7532.9
7227.96
6894.23
6919.59
7035.76
6923.6
7198.85
7380.32
7170.7
7213.44
7252.4
7276.63
7268.06
7404.61
7500.79
7670.37
7773.31
7832.22
7816.44
7918.53
7838.22
7993.09
8039.45
7866.52
7677.73
7906.6
7927.49
8035.2
8059.65
8084.88
8069.81
8043.71
8144.02
8144.16
8465.77
8516.02
8256.28
8738.72
8724.13
8098.16
7840.31
7630.26
6588.28
6890.94
7083.49
6710.4
6529.99
6209.71
6061.8
6335.56
6495.15
6543.39
6430.58
6312.03
6407.52
6181.06
6223.37
6304.53
6197.84
6734.99
6861.31
6923.41
7106.01
7060.6
6742.97
6833.42
6586.01
6607.13
6693.83
6526.62
6749.28
6763.38
6369.28
6672.69
6712.21
6514.72
6642.27
6508.21
6318.61
6206.24
5672.7
6015.3
5989.27
5783.15
5944.87
5408.52
5457.82
5715.92
5799.24
6446.31
6742.89
6814.76
6721.08
6470.74
5860.99
5930.17
6398.77
6661.44
5984.26
