1787.25
1879.87
1439.05
1487.34
1606.04
1470.53
1535.65
1435.88
1653.95
1833.57
1846.9
1809.54
1410.42
1416.09
1363.32
1125.06
1201.92
1425.16
1396.1
1221.11
1253.61
1125.16
1195.37
1115.78
1288.11
1448.49
1447.05
1593.6
1816.47
1562.65
1395.79
1406.59
1333.71
1386.25
1080.37
1169.57
1098.29
1058.14
1050.98
1038.07
1024.55
997.5
1008.64
1050.04
1070.06
1105.06
1321.26
1235.3
1321.26
1433.11
1592.74
1484.46
1974.69
1518.55
1992.46
2189.77
2137.59
1865.11
1500.1
1410.33
1386.31
1564.47
2025.58
2721.78
3078.91
3245.26
1945.82
1570.2
1529.65
1856.43
1895.25
1973.44
2329.44
2829.02
2825.89
2612.89
2388.33
2415.25
2310.15
2088.95
2135.27
2092.0
1941.41
1964.31
2305.64
2007.12
2143.52
2542.69
2969.83
3097.92
3190.12
3266.62
3229.6
2908.24
3186.77
3271.99
3079.99
2686.52
2432.89
1967.28
1669.13
1688.32
2086.18
2458.65
2795.3
3426.45
3369.14
3593.41
3597.92
3547.35
3315.26
3294.08
3005.01
2976.85
2852.93
2835.11
2141.77
1982.93
1966.29
2584.21
2194.84
2722.95
3290.68
2883.21
3455.24
3617.29
3626.88
3682.73
3784.23
4002.88
3865.83
3774.81
4290.59
5110.86
4715.64
5062.44
4260.41
4326.76
4286.46
4215.21
4111.99
3830.49
4129.54
4351.63
4397.08
4341.74
4550.53
4366.59
4938.61
5219.08
5228.84
5298.72
5308.52
5300.24
5672.7
5799.24
6209.71
6627.43
6646.55
6470.74
6642.27
6529.99
6335.56
6245.18
6181.06
6588.28
6763.38
5989.27
6061.8
6514.72
6947.06
6861.31
6814.76
6712.21
6721.08
6693.83
6749.28
7227.96
7312.85
7670.37
7380.32
7532.9
7222.08
7736.07
7906.6
8256.28
7993.09
8144.16
7641.77
8059.65
7830.35
7677.73
7742.53
7573.26
7500.79
7838.22
7918.53
8738.72
7832.22
8043.71
7739.86
7458.99
7268.06
7137.03
7093.42
7086.86
7046.57
7197.5
7041.27
6964.01
6864.87
7866.52
7489.2
8084.88
8069.81
7816.44
8001.57
7840.31
7773.31
7630.26
7575.15
7252.4
7245.13
7341.65
7877.19
7276.63
7630.71
7773.92
8035.2
8465.77
8724.13
8098.16
8516.02
8144.02
7927.49
8039.45
7703.1
7227.45
7404.61
7060.6
7331.73
7152.88
6919.59
6407.52
6165.35
5984.26
6206.24
5457.82
5715.92
5408.52
5572.09
5944.87
6015.3
5930.17
6223.37
6508.21
6543.39
7035.76
7106.01
7198.85
7083.49
6923.41
6833.42
6894.23
6734.99
7170.7
7213.44
7136.1
6979.81
6742.97
6661.44
6729.53
6710.4
6701.36
6890.94
6923.6
7009.56
6872.97
6312.03
5860.99
5783.15
6398.77
6586.01
6785.94
6430.58
6304.53
6318.61
6495.15
6446.31
6369.28
6672.69
6607.13
6554.04
6526.62
6593.8
6623.01
6826.61
6742.89
6839.59
6197.84
