2415.25
2612.89
2135.27
3229.6
2908.24
2388.33
2969.83
1406.59
1816.47
1606.04
1592.74
1433.11
1321.26
1410.42
1941.41
1653.95
1410.33
1833.57
1425.16
1487.34
1363.32
1115.78
1058.14
1169.57
1080.37
1195.37
1221.11
1125.16
1125.06
1098.29
1050.98
1038.07
1008.64
1024.55
997.5
1050.04
1070.06
1105.06
1235.3
1288.11
1253.61
1201.92
1333.71
1321.26
1416.09
1447.05
1562.65
1787.25
1964.31
1846.9
2007.12
1945.82
1570.2
1484.46
1593.6
1529.65
1966.29
1669.13
1967.28
2092.0
2310.15
2086.18
2137.59
1435.88
1395.79
1386.25
1386.31
1470.53
1439.05
1500.1
1879.87
1974.69
1688.32
1865.11
1518.55
1396.1
1856.43
2088.95
1973.44
2141.77
2143.52
1982.93
2189.77
2329.44
3190.12
3294.08
3774.81
3547.35
3426.45
3455.24
3617.29
3079.99
3266.62
3597.92
3369.14
3626.88
3290.68
2721.78
2584.21
2722.95
2825.89
2852.93
2194.84
2432.89
2542.69
2458.65
1992.46
1895.25
1809.54
1535.65
1448.49
1564.47
2025.58
2305.64
2686.52
2795.3
2829.02
3271.99
2883.21
2835.11
3186.77
2976.85
3245.26
3682.73
3865.83
3784.23
4286.46
4290.59
4129.54
4111.99
3830.49
3593.41
3078.91
3097.92
3005.01
3315.26
4002.88
4341.74
4326.76
5298.72
4715.64
5110.86
4397.08
4351.63
4215.21
4550.53
4938.61
5219.08
4366.59
4260.41
5062.44
5228.84
5572.09
5783.15
5672.7
5799.24
6661.44
6623.01
6826.61
6646.55
6894.23
6729.53
6593.8
6446.31
6398.77
6312.03
6061.8
6206.24
6015.3
5944.87
6181.06
6335.56
6543.39
6693.83
6872.97
7041.27
7500.79
7630.71
7670.37
7736.07
7840.31
7838.22
8039.45
8465.77
8144.02
7877.19
8084.88
7816.44
7197.5
7035.76
7213.44
7227.45
7458.99
7086.86
7046.57
6839.59
6749.28
7380.32
7252.4
7630.26
7489.2
7137.03
7152.88
7268.06
7009.56
7227.96
7341.65
7312.85
7573.26
7993.09
7532.9
7830.35
7742.53
7918.53
7703.1
7832.22
7773.92
8256.28
8738.72
8098.16
8043.71
7927.49
7641.77
7773.31
7677.73
6814.76
7106.01
6923.6
7083.49
7170.7
7404.61
7575.15
7866.52
8001.57
8035.2
7906.6
8059.65
8069.81
8516.02
8724.13
8144.16
7739.86
6923.41
6430.58
6318.61
6369.28
6407.52
6209.71
6470.74
5989.27
6627.43
6861.31
6947.06
7060.6
7245.13
7136.1
7222.08
6919.59
6763.38
6701.36
6979.81
6712.21
6710.4
6526.62
6588.28
6721.08
6734.99
6495.15
6514.72
6508.21
6304.53
5860.99
5984.26
5457.82
5930.17
6223.37
6529.99
6833.42
7093.42
7331.73
7276.63
7198.85
6964.01
6890.94
6864.87
6742.97
6554.04
6672.69
6785.94
6607.13
6586.01
6642.27
6742.89
6197.84
5308.52
5408.52
6165.35
5715.92
6245.18
5300.24
