2141.77
2458.65
2584.21
2721.78
1592.74
1288.11
1410.33
1484.46
1564.47
1865.11
1447.05
1416.09
1396.1
1433.11
1487.34
2135.27
1945.82
1895.25
1964.31
1363.32
1406.59
1425.16
1386.31
1386.25
1321.26
1221.11
1395.79
1080.37
1125.06
1253.61
1115.78
1070.06
1105.06
1098.29
1024.55
997.5
1333.71
1008.64
1050.98
1125.16
1195.37
1050.04
1058.14
1321.26
1038.07
1235.3
1169.57
1201.92
1410.42
1448.49
1653.95
1570.2
1500.1
1439.05
1982.93
1992.46
2137.59
1879.87
1846.9
1470.53
1816.47
1856.43
1669.13
1518.55
1593.6
1688.32
1787.25
1606.04
1535.65
1562.65
1529.65
1435.88
2194.84
2310.15
2143.52
2612.89
2388.33
2722.95
1967.28
2092.0
1941.41
2088.95
1974.69
2542.69
3005.01
2415.25
2835.11
2829.02
2852.93
2825.89
3245.26
3079.99
2883.21
3290.68
3315.26
3426.45
3617.29
3294.08
3186.77
3626.88
3547.35
3593.41
3271.99
2969.83
2329.44
2025.58
2189.77
2432.89
2976.85
2908.24
2305.64
2007.12
1973.44
2795.3
3097.92
3774.81
3078.91
3369.14
2686.52
1809.54
1966.29
1833.57
2086.18
3190.12
3266.62
3229.6
3455.24
3597.92
3682.73
3784.23
4111.99
4260.41
4129.54
3830.49
3865.83
4002.88
4215.21
4290.59
4341.74
4326.76
4351.63
4286.46
4366.59
4397.08
4715.64
5298.72
5219.08
5300.24
5228.84
4550.53
4938.61
5062.44
5110.86
5308.52
5984.26
6526.62
6839.59
6712.21
7106.01
6826.61
7046.57
6923.41
6923.6
6861.31
6642.27
6710.4
6543.39
5783.15
5672.7
5799.24
6181.06
6529.99
6693.83
6734.99
7041.27
6894.23
6964.01
6919.59
7009.56
7136.1
7060.6
7213.44
7245.13
7404.61
7489.2
7222.08
7197.5
7312.85
7252.4
7830.35
8035.2
7630.71
7739.86
7832.22
7630.26
8256.28
8069.81
8724.13
8516.02
8738.72
8465.77
8098.16
7866.52
7773.92
7227.96
7268.06
7573.26
8059.65
8084.88
8043.71
7152.88
7380.32
7532.9
7677.73
7927.49
8039.45
8144.16
8144.02
7906.6
7918.53
7742.53
7736.07
7993.09
8001.57
7840.31
7341.65
7170.7
7198.85
7458.99
7877.19
7703.1
7838.22
7816.44
7670.37
7331.73
7773.31
7641.77
7500.79
7227.45
7575.15
7276.63
7035.76
6763.38
6446.31
6015.3
6061.8
6508.21
5408.52
5457.82
5572.09
5860.99
6398.77
6514.72
6335.56
6407.52
6206.24
6209.71
6430.58
6749.28
6646.55
7137.03
7083.49
6947.06
6833.42
6701.36
6814.76
6742.97
6729.53
6672.69
6607.13
6661.44
6623.01
6165.35
6742.89
5930.17
7093.42
6979.81
6864.87
6495.15
6586.01
5944.87
5989.27
6369.28
6197.84
6245.18
6223.37
6318.61
6627.43
6721.08
6312.03
6304.53
6554.04
6470.74
6588.28
6785.94
6890.94
7086.86
6872.97
6593.8
5715.92
