1439.05
1895.25
1941.41
1833.57
1529.65
1169.57
1235.3
1406.59
1410.33
1487.34
1448.49
1386.25
1562.65
1606.04
1570.2
1688.32
1973.44
1992.46
2088.95
2086.18
1964.31
1653.95
1535.65
1856.43
1518.55
1433.11
1500.1
1195.37
1038.07
1050.04
1008.64
1024.55
997.5
1058.14
1050.98
1221.11
1321.26
1416.09
1288.11
1125.06
1321.26
1125.16
1253.61
1395.79
1410.42
1363.32
1115.78
1105.06
1070.06
1080.37
1201.92
1333.71
1447.05
1846.9
1974.69
2135.27
2025.58
1816.47
1470.53
1593.6
1787.25
1592.74
1945.82
1386.31
1425.16
1809.54
1098.29
1435.88
1564.47
1484.46
1396.1
1966.29
2007.12
2194.84
2388.33
2542.69
2686.52
2969.83
2976.85
2612.89
3097.92
2835.11
3078.91
3186.77
3315.26
3229.6
3369.14
3294.08
3547.35
4002.88
4215.21
3774.81
3597.92
3426.45
3593.41
3830.49
4290.59
4111.99
4341.74
3626.88
3245.26
3190.12
2829.02
2329.44
2310.15
2137.59
1982.93
1865.11
1669.13
1967.28
1879.87
2092.0
2189.77
2143.52
2141.77
2908.24
2415.25
2432.89
2584.21
2458.65
2722.95
2721.78
2825.89
3079.99
2852.93
2883.21
2305.64
2795.3
3005.01
3271.99
3784.23
4351.63
4260.41
4326.76
4129.54
4286.46
3266.62
3865.83
3682.73
3290.68
3455.24
3617.29
4366.59
4715.64
4397.08
4550.53
4938.61
5110.86
5062.44
5228.84
5219.08
5300.24
5308.52
5572.09
5930.17
6245.18
6446.31
6588.28
6543.39
6693.83
6826.61
6763.38
6607.13
6015.3
6223.37
6814.76
7136.1
6785.94
6864.87
6646.55
6627.43
6712.21
6514.72
6586.01
7312.85
6979.81
7703.1
7575.15
7573.26
7404.61
7268.06
7198.85
7197.5
7227.96
7739.86
7252.4
7458.99
7331.73
7222.08
7086.86
7035.76
6894.23
6729.53
6661.44
6749.28
7046.57
7227.45
7927.49
8738.72
8516.02
8098.16
7742.53
7341.65
7152.88
7276.63
7380.32
7670.37
7532.9
7213.44
7106.01
7137.03
7489.2
7993.09
8144.02
8059.65
7906.6
8084.88
8039.45
8144.16
7918.53
7500.79
7838.22
7630.71
7677.73
7816.44
7630.26
7245.13
8035.2
7866.52
8724.13
7641.77
8256.28
7877.19
8001.57
7773.92
8465.77
7773.31
7736.07
7830.35
8043.71
8069.81
7840.31
7832.22
7009.56
7083.49
7170.7
7093.42
6919.59
6721.08
6890.94
6526.62
6672.69
6470.74
6529.99
6508.21
6642.27
6833.42
6923.41
6872.97
6742.89
6734.99
6839.59
6923.6
6964.01
7060.6
7041.27
6947.06
6593.8
6369.28
6181.06
5408.52
5984.26
5860.99
5298.72
5715.92
5944.87
5989.27
6165.35
6335.56
6209.71
6710.4
6554.04
6742.97
6861.31
6495.15
6407.52
6197.84
5783.15
5799.24
5672.7
6304.53
6061.8
6312.03
6206.24
6318.61
6430.58
6701.36
6623.01
6398.77
5457.82
