1592.74
1487.34
1447.05
1856.43
1386.25
1253.61
1433.11
1406.59
1070.06
1105.06
1098.29
1386.31
1787.25
1966.29
1967.28
1964.31
1816.47
1688.32
1439.05
1669.13
1564.47
1833.57
1809.54
1895.25
1879.87
1974.69
1945.82
1653.95
1416.09
1333.71
1410.42
1080.37
1115.78
1050.04
1008.64
1125.16
1321.26
1125.06
1050.98
997.5
1038.07
1024.55
1169.57
1235.3
1435.88
1395.79
1865.11
1321.26
1484.46
1593.6
1570.2
1562.65
1201.92
1529.65
1425.16
1606.04
1535.65
1396.1
1221.11
1195.37
1288.11
1058.14
1470.53
1363.32
1410.33
1500.1
1518.55
1448.49
1846.9
1973.44
1941.41
2025.58
2329.44
2305.64
2612.89
2007.12
2432.89
2310.15
2458.65
2137.59
2194.84
2388.33
2143.52
2584.21
3186.77
2908.24
2976.85
3593.41
3626.88
3547.35
3774.81
3294.08
3097.92
3455.24
3266.62
3190.12
3005.01
2835.11
2092.0
2135.27
1992.46
2088.95
2189.77
2722.95
2795.3
2542.69
2415.25
2086.18
2141.77
1982.93
2829.02
2686.52
3271.99
3369.14
3426.45
3245.26
2969.83
2852.93
3229.6
3079.99
2825.89
2721.78
2883.21
3078.91
3315.26
3617.29
3290.68
3597.92
3682.73
3830.49
3784.23
4002.88
3865.83
4111.99
4326.76
4341.74
4290.59
4129.54
4286.46
4215.21
4260.41
4351.63
4366.59
4397.08
4938.61
4550.53
5110.86
5062.44
5219.08
5300.24
5672.7
5298.72
5572.09
5408.52
5715.92
6015.3
6061.8
5989.27
6165.35
6312.03
6529.99
6526.62
6495.15
6642.27
6223.37
6693.83
6661.44
5308.52
4715.64
5228.84
5944.87
6446.31
6734.99
6763.38
6861.31
6864.87
6814.76
6890.94
7086.86
6923.6
7137.03
7197.5
7670.37
7830.35
8059.65
8039.45
8035.2
8043.71
7532.9
7404.61
7641.77
7773.31
7838.22
7630.26
7573.26
7500.79
7677.73
8144.02
7877.19
7927.49
7816.44
7736.07
7245.13
7312.85
7268.06
7458.99
7630.71
7866.52
7832.22
7906.6
7918.53
8001.57
8144.16
8098.16
8069.81
8256.28
8516.02
8724.13
8738.72
8465.77
8084.88
7993.09
7840.31
7773.92
7703.1
7252.4
7341.65
7489.2
7739.86
7742.53
7276.63
7331.73
7227.45
7380.32
7227.96
7575.15
7222.08
7198.85
7213.44
7152.88
7170.7
7106.01
6894.23
6209.71
5984.26
5930.17
5799.24
5457.82
5860.99
5783.15
6335.56
6586.01
6543.39
6627.43
6742.89
6607.13
6712.21
6508.21
6623.01
6245.18
6742.97
6749.28
7041.27
7060.6
6923.41
6826.61
7136.1
6554.04
6729.53
6721.08
6407.52
6588.28
7093.42
6398.77
6646.55
6785.94
6710.4
7009.56
6872.97
7083.49
6964.01
6947.06
6979.81
7035.76
7046.57
6839.59
6318.61
6206.24
6304.53
6181.06
6514.72
6833.42
6701.36
6369.28
6470.74
6430.58
6919.59
6593.8
6672.69
6197.84
