1535.65
2137.59
1787.25
1856.43
1433.11
1395.79
1518.55
1592.74
1562.65
1669.13
1865.11
1386.31
1846.9
1945.82
2086.18
1967.28
1809.54
1816.47
1484.46
1410.42
1425.16
1396.1
1406.59
1410.33
1435.88
1447.05
1529.65
1439.05
1416.09
1386.25
1333.71
1201.92
1098.29
1125.06
1321.26
1363.32
1288.11
1115.78
1253.61
997.5
1080.37
1050.04
1070.06
1050.98
1321.26
1038.07
1105.06
1125.16
1221.11
1008.64
1058.14
1024.55
1169.57
1195.37
1235.3
1470.53
1606.04
1448.49
1973.44
1833.57
1570.2
1487.34
1895.25
1564.47
1593.6
2025.58
1688.32
1966.29
2007.12
1974.69
1653.95
2310.15
2143.52
2194.84
2415.25
2584.21
2835.11
3294.08
3290.68
3005.01
2908.24
2542.69
2825.89
2795.3
2883.21
3190.12
3426.45
2722.95
3774.81
3455.24
3369.14
3617.29
3784.23
3593.41
3271.99
3626.88
3229.6
3097.92
2976.85
2969.83
2852.93
3245.26
2686.52
2458.65
2135.27
1982.93
1879.87
2092.0
2329.44
2141.77
1964.31
1500.1
1992.46
1941.41
2088.95
2305.64
2388.33
2189.77
2432.89
2721.78
2612.89
2829.02
3266.62
3547.35
3186.77
3078.91
3315.26
3079.99
3597.92
3830.49
4215.21
4002.88
4111.99
3682.73
3865.83
4129.54
4286.46
4260.41
4341.74
4351.63
4290.59
4326.76
4366.59
4397.08
4715.64
4550.53
5062.44
4938.61
5110.86
5219.08
5298.72
5228.84
5300.24
5308.52
5783.15
5860.99
6245.18
6661.44
6864.87
6749.28
6979.81
6763.38
6693.83
6646.55
6508.21
6712.21
6623.01
6209.71
6312.03
6181.06
6470.74
6607.13
6495.15
6642.27
6785.94
6839.59
7170.7
7227.96
7106.01
7341.65
7773.92
7742.53
7918.53
8039.45
7532.9
7331.73
7093.42
7197.5
6894.23
6964.01
7009.56
6923.6
7227.45
7137.03
7312.85
7276.63
7222.08
7489.2
7736.07
7816.44
7739.86
7641.77
7500.79
7060.6
7152.88
7213.44
7670.37
7677.73
7773.31
7404.61
7268.06
7575.15
7630.71
7866.52
8144.16
8465.77
8724.13
8738.72
8516.02
8256.28
8069.81
8043.71
7877.19
7993.09
8144.02
7832.22
7840.31
8059.65
8001.57
7906.6
7630.26
7136.1
7458.99
7573.26
7703.1
7838.22
8098.16
7927.49
8084.88
8035.2
7830.35
7252.4
6919.59
6814.76
6833.42
6586.01
6861.31
6197.84
6015.3
6165.35
6721.08
6947.06
6588.28
5672.7
5408.52
6223.37
6710.4
6742.89
6872.97
7035.76
7198.85
7046.57
7086.86
6826.61
6729.53
6923.41
6734.99
6672.69
6701.36
6526.62
6335.56
6061.8
5930.17
5457.82
5715.92
5572.09
5944.87
6543.39
6446.31
6742.97
7041.27
7083.49
7245.13
7380.32
6890.94
6593.8
6304.53
6369.28
5984.26
6430.58
6554.04
6627.43
6529.99
6398.77
6407.52
6318.61
6514.72
6206.24
5989.27
5799.24
