1895.25
2584.21
1974.69
1967.28
1856.43
1518.55
1448.49
1425.16
1410.42
1396.1
1321.26
1195.37
1435.88
1386.25
1470.53
1846.9
1535.65
1669.13
1592.74
1484.46
1562.65
1406.59
1606.04
1816.47
1487.34
1363.32
1688.32
1201.92
1221.11
1333.71
1433.11
1235.3
1321.26
1125.16
1253.61
1395.79
1410.33
1386.31
1288.11
1447.05
1169.57
1105.06
1058.14
1038.07
1050.04
1008.64
1024.55
997.5
1050.98
1070.06
1125.06
1115.78
1098.29
1080.37
1439.05
1416.09
1941.41
1529.65
1500.1
1564.47
1787.25
1865.11
1809.54
1653.95
1593.6
1973.44
1570.2
1879.87
1964.31
1833.57
1945.82
2007.12
1992.46
2835.11
2722.95
2976.85
3190.12
2908.24
2829.02
2825.89
3005.01
2388.33
2025.58
2305.64
2092.0
2189.77
2612.89
2432.89
1966.29
3186.77
3078.91
3315.26
3426.45
3830.49
4290.59
4286.46
3784.23
3455.24
3294.08
2542.69
2143.52
2686.52
2141.77
2088.95
1982.93
2458.65
2310.15
2795.3
2721.78
2969.83
2329.44
2194.84
2137.59
2086.18
2135.27
2415.25
2883.21
3266.62
3079.99
3229.6
2852.93
3245.26
3097.92
3290.68
3369.14
3271.99
3547.35
3597.92
3865.83
3774.81
4129.54
4260.41
4111.99
3593.41
3626.88
3682.73
4215.21
4341.74
4397.08
4326.76
4002.88
3617.29
4351.63
4550.53
4366.59
4715.64
4938.61
5110.86
5457.82
5062.44
5228.84
5715.92
5860.99
6407.52
6554.04
6672.69
6623.01
6446.31
6165.35
6209.71
6526.62
6514.72
6304.53
5930.17
5298.72
6181.06
5783.15
6061.8
5799.24
6369.28
6593.8
6642.27
6712.21
6607.13
6742.97
6785.94
6763.38
7009.56
6979.81
6872.97
6923.41
6861.31
7046.57
7152.88
7573.26
7816.44
7830.35
7906.6
7458.99
7703.1
7276.63
7489.2
7742.53
7312.85
7341.65
7404.61
7500.79
7832.22
7993.09
8516.02
8144.02
8098.16
7739.86
7630.26
7197.5
7060.6
7380.32
7252.4
7773.31
7268.06
7575.15
7245.13
7677.73
7736.07
7840.31
7866.52
8144.16
8724.13
8738.72
7927.49
7641.77
7227.96
7227.45
8465.77
8043.71
8035.2
7532.9
7630.71
8084.88
8256.28
8069.81
8039.45
8059.65
7918.53
7222.08
7136.1
6864.87
6833.42
6894.23
7041.27
6964.01
6890.94
6839.59
6586.01
6646.55
6710.4
5944.87
5672.7
5308.52
5219.08
5300.24
5408.52
5989.27
5984.26
6627.43
6430.58
6693.83
6742.89
6826.61
6923.6
7083.49
7086.86
7106.01
7093.42
7137.03
7670.37
7213.44
8001.57
7838.22
7877.19
7035.76
6919.59
6543.39
6398.77
6749.28
7170.7
7773.92
7331.73
7198.85
6947.06
6729.53
6588.28
6197.84
6318.61
6312.03
6495.15
6223.37
6015.3
6206.24
6529.99
6721.08
6814.76
6734.99
6701.36
6508.21
6470.74
6245.18
6335.56
6661.44
5572.09
