1945.82
1964.31
1787.25
1433.11
1321.26
1570.2
1895.25
2137.59
1484.46
1195.37
1169.57
1386.31
1535.65
1809.54
1966.29
1973.44
2007.12
1941.41
1593.6
1396.1
1500.1
1846.9
1688.32
1321.26
1008.64
1050.98
1125.16
1562.65
1816.47
1856.43
1470.53
1058.14
1653.95
1080.37
1201.92
1105.06
1038.07
997.5
1024.55
1050.04
1070.06
1098.29
1333.71
1518.55
1386.25
1221.11
1288.11
1115.78
1363.32
1448.49
1416.09
1235.3
1125.06
1253.61
1406.59
1529.65
1447.05
1410.42
1425.16
1435.88
1487.34
1669.13
1439.05
1395.79
1606.04
1564.47
1410.33
1592.74
1865.11
1833.57
1879.87
2025.58
2189.77
2795.3
2686.52
2612.89
2088.95
2135.27
1967.28
2141.77
2432.89
1974.69
2143.52
2329.44
2458.65
3186.77
3369.14
3547.35
3426.45
3455.24
3266.62
3245.26
2908.24
2852.93
2584.21
3079.99
3078.91
2969.83
2721.78
2194.84
2092.0
2086.18
3005.01
1982.93
2722.95
2310.15
1992.46
2388.33
2305.64
2542.69
2415.25
2835.11
2883.21
3229.6
3294.08
2976.85
2825.89
2829.02
3190.12
3097.92
3290.68
3315.26
3271.99
3593.41
3597.92
3617.29
3626.88
3830.49
4002.88
4260.41
3784.23
3865.83
3774.81
3682.73
4215.21
4111.99
4341.74
4326.76
4366.59
4938.61
4550.53
4351.63
4286.46
4397.08
4290.59
4129.54
5219.08
4715.64
5110.86
5062.44
5298.72
5228.84
5300.24
5308.52
5715.92
5944.87
5799.24
6165.35
6206.24
6312.03
6304.53
6430.58
6335.56
6209.71
5984.26
6593.8
6729.53
6742.89
6814.76
6742.97
6749.28
6734.99
6710.4
6923.6
6919.59
7041.27
7093.42
7331.73
7677.73
7840.31
7906.6
7918.53
7866.52
7816.44
7742.53
7222.08
7268.06
7086.86
7009.56
7197.5
7083.49
7152.88
7198.85
7170.7
7380.32
7703.1
7736.07
7832.22
7227.96
7993.09
7773.92
7830.35
7630.71
7641.77
7500.79
7739.86
7877.19
8035.2
8069.81
8039.45
8043.71
8144.02
8001.57
8084.88
8144.16
8059.65
8724.13
8516.02
8738.72
8465.77
8256.28
8098.16
7927.49
7838.22
7773.31
7670.37
7575.15
7532.9
7312.85
7489.2
7035.76
7227.45
7213.44
7341.65
7245.13
7630.26
7458.99
7136.1
7276.63
6839.59
6923.41
6826.61
6627.43
6223.37
5672.7
5860.99
5457.82
5783.15
6197.84
5572.09
5989.27
5930.17
6407.52
6061.8
6554.04
6318.61
6508.21
6543.39
6833.42
6864.87
6890.94
6894.23
6872.97
7106.01
7252.4
7404.61
7573.26
7137.03
6964.01
6979.81
7060.6
6947.06
6785.94
6693.83
6763.38
7046.57
6721.08
6861.31
6607.13
6672.69
6661.44
6642.27
6586.01
6514.72
6623.01
6701.36
6646.55
6526.62
6588.28
6446.31
6495.15
6529.99
6369.28
6245.18
5408.52
6015.3
6398.77
6470.74
6712.21
6181.06
