1484.46
1974.69
1865.11
1973.44
1562.65
1669.13
1941.41
1846.9
1879.87
1535.65
1386.25
1253.61
1410.33
1433.11
1410.42
1333.71
1169.57
1221.11
1070.06
1080.37
1288.11
1125.16
1195.37
1386.31
1395.79
1529.65
1447.05
1416.09
1500.1
1570.2
1564.47
1321.26
1201.92
1115.78
1058.14
1125.06
1038.07
997.5
1024.55
1008.64
1050.04
1050.98
1098.29
1105.06
1235.3
1321.26
1396.1
1435.88
1448.49
1964.31
1945.82
1856.43
1967.28
1992.46
1982.93
2143.52
2007.12
1518.55
1816.47
1425.16
1470.53
1895.25
1787.25
1363.32
1653.95
1439.05
1487.34
1592.74
1688.32
1593.6
1406.59
1809.54
1606.04
1833.57
1966.29
2025.58
2086.18
2883.21
2458.65
2305.64
2835.11
2088.95
2432.89
2976.85
2194.84
3078.91
3190.12
2612.89
3097.92
2969.83
2908.24
3229.6
3079.99
3290.68
3626.88
3455.24
3547.35
3294.08
3245.26
3266.62
2825.89
2584.21
2722.95
2829.02
2137.59
2795.3
2135.27
2092.0
2189.77
2310.15
2388.33
2721.78
2329.44
2415.25
2542.69
2686.52
2141.77
2852.93
3005.01
3315.26
3186.77
3774.81
3617.29
3682.73
3426.45
3593.41
3271.99
3369.14
3597.92
3784.23
3830.49
4715.64
4351.63
4215.21
3865.83
4938.61
4397.08
4341.74
5062.44
5110.86
4290.59
4002.88
4129.54
4550.53
5298.72
5300.24
5308.52
5219.08
4260.41
4286.46
4326.76
4111.99
4366.59
5228.84
5408.52
5457.82
5715.92
6495.15
7009.56
7198.85
7276.63
7227.96
7035.76
7213.44
7137.03
7245.13
7046.57
6593.8
6318.61
5860.99
5783.15
5930.17
5944.87
6015.3
6514.72
6586.01
7086.86
7331.73
7170.7
7136.1
6923.6
6734.99
6721.08
6890.94
6947.06
7106.01
7268.06
7532.9
7575.15
7918.53
8043.71
8084.88
8098.16
7866.52
7832.22
7641.77
7677.73
8144.16
7630.26
8059.65
7736.07
7341.65
7197.5
6763.38
6646.55
6919.59
6872.97
7222.08
7404.61
7739.86
7742.53
8001.57
7816.44
7927.49
8256.28
8465.77
8738.72
8724.13
8516.02
7773.31
7380.32
7906.6
8039.45
8144.02
8035.2
7252.4
7312.85
7630.71
7489.2
7993.09
7877.19
7838.22
7773.92
7703.1
7573.26
8069.81
7458.99
7830.35
7840.31
7670.37
7500.79
7227.45
7152.88
6529.99
6814.76
6729.53
6864.87
6526.62
6197.84
5672.7
7041.27
6923.41
7093.42
6894.23
7083.49
7060.6
6979.81
6749.28
6964.01
6543.39
6304.53
6165.35
6607.13
5799.24
6245.18
6470.74
6588.28
6693.83
6623.01
6554.04
6398.77
6312.03
6223.37
5984.26
6407.52
6661.44
6742.89
6826.61
6672.69
6742.97
6861.31
6642.27
6785.94
6839.59
6627.43
6430.58
6061.8
6181.06
6508.21
6209.71
6369.28
6335.56
6712.21
5989.27
6206.24
6446.31
6701.36
6833.42
6710.4
5572.09
