2086.18
2189.77
1974.69
1593.6
1500.1
1288.11
1992.46
1982.93
1973.44
1966.29
1964.31
1895.25
1941.41
2143.52
2088.95
2141.77
1562.65
2092.0
1653.95
1816.47
1606.04
1535.65
1395.79
1448.49
1080.37
1487.34
1484.46
1386.31
1115.78
1098.29
997.5
1008.64
1070.06
1050.98
1253.61
1363.32
1201.92
1125.06
1105.06
1050.04
1058.14
1038.07
1195.37
1321.26
1396.1
1529.65
1564.47
1410.33
1410.42
1592.74
1221.11
1125.16
1235.3
1024.55
1333.71
1425.16
1433.11
1447.05
1439.05
1865.11
1833.57
1435.88
1416.09
1386.25
1518.55
1787.25
1688.32
1570.2
1470.53
1169.57
1321.26
1406.59
1809.54
2007.12
2137.59
2194.84
2432.89
2329.44
2722.95
2829.02
2883.21
2969.83
2835.11
2612.89
2825.89
2908.24
3266.62
3593.41
4002.88
3617.29
3426.45
3271.99
3290.68
3294.08
3245.26
3455.24
3597.92
3079.99
3186.77
2976.85
2584.21
2721.78
2542.69
2686.52
2415.25
2458.65
2305.64
2025.58
1967.28
1856.43
1669.13
1846.9
1879.87
1945.82
2135.27
2388.33
2310.15
2795.3
3005.01
3315.26
3547.35
3784.23
3369.14
3830.49
3229.6
3097.92
3190.12
2852.93
3078.91
3865.83
3626.88
4111.99
3682.73
3774.81
4129.54
4366.59
4351.63
4341.74
4215.21
4290.59
4286.46
4326.76
4260.41
4397.08
4550.53
5110.86
4938.61
4715.64
5228.84
5062.44
5219.08
5300.24
5408.52
5308.52
5572.09
5672.7
5930.17
5984.26
6335.56
6514.72
6947.06
6923.41
7083.49
6749.28
6181.06
6223.37
6826.61
6312.03
5715.92
5298.72
5457.82
6061.8
6712.21
7197.5
7268.06
7252.4
7213.44
7137.03
7046.57
7136.1
6890.94
7152.88
7093.42
7009.56
7106.01
7227.45
7532.9
7830.35
7816.44
7404.61
7198.85
6742.97
7641.77
8035.2
8069.81
7877.19
7927.49
8039.45
8144.02
8144.16
8098.16
8043.71
7993.09
7773.92
7840.31
7773.31
7703.1
7866.52
7838.22
7736.07
7677.73
7906.6
7742.53
7918.53
8001.57
8059.65
8465.77
8738.72
8516.02
8724.13
8256.28
8084.88
7739.86
7832.22
7670.37
7312.85
7341.65
7380.32
7489.2
7630.71
7575.15
7573.26
7630.26
7458.99
7331.73
7500.79
7276.63
7245.13
7227.96
7222.08
7170.7
7041.27
6729.53
6369.28
6318.61
6554.04
5783.15
6627.43
5799.24
6165.35
6398.77
6979.81
6693.83
6763.38
6526.62
6407.52
6245.18
6470.74
6710.4
6446.31
6785.94
6672.69
6734.99
6529.99
6814.76
6661.44
6919.59
7035.76
7086.86
6839.59
6593.8
6304.53
6495.15
6430.58
6833.42
6642.27
6508.21
6623.01
6646.55
6923.6
6861.31
7060.6
6964.01
6894.23
6872.97
6864.87
6742.89
6701.36
6721.08
6543.39
6586.01
6588.28
6607.13
6197.84
5989.27
6015.3
6209.71
5860.99
6206.24
5944.87
