1787.25
2829.02
2088.95
1945.82
1816.47
1562.65
1973.44
1833.57
1416.09
1321.26
1080.37
1098.29
1195.37
1395.79
1410.42
1484.46
1470.53
1879.87
1941.41
1966.29
1564.47
1846.9
1809.54
1688.32
1253.61
1447.05
1115.78
997.5
1008.64
1050.98
1024.55
1038.07
1058.14
1050.04
1105.06
1333.71
1386.31
1321.26
1235.3
1221.11
1169.57
1070.06
1125.06
1410.33
1396.1
1386.25
1201.92
1125.16
1288.11
1363.32
1500.1
1435.88
1535.65
1570.2
1974.69
2092.0
1967.28
1529.65
1487.34
1518.55
1606.04
2388.33
2722.95
2458.65
2825.89
2721.78
2612.89
2141.77
2025.58
1964.31
1653.95
1856.43
2194.84
2329.44
2189.77
2086.18
1982.93
2432.89
2143.52
2310.15
2007.12
2542.69
2883.21
2908.24
2415.25
1439.05
1448.49
2137.59
2835.11
2584.21
2135.27
2795.3
2976.85
3078.91
3426.45
3626.88
4326.76
4002.88
3290.68
3005.01
2686.52
1992.46
1865.11
1669.13
1592.74
1895.25
1406.59
1593.6
1433.11
1425.16
2305.64
2852.93
2969.83
3315.26
3079.99
3617.29
3245.26
3294.08
3271.99
3186.77
3097.92
3190.12
3547.35
3597.92
4111.99
3593.41
4286.46
3784.23
4366.59
4550.53
4938.61
4397.08
4351.63
3830.49
4129.54
4215.21
3682.73
3865.83
4290.59
3455.24
3774.81
3369.14
3229.6
3266.62
4260.41
4341.74
4715.64
5062.44
5219.08
5228.84
5298.72
5308.52
5300.24
5110.86
5408.52
5457.82
5572.09
5984.26
6701.36
6833.42
7046.57
6734.99
6839.59
6588.28
5989.27
6015.3
6529.99
5799.24
6181.06
6223.37
6607.13
6593.8
6721.08
7035.76
7106.01
7268.06
7137.03
7331.73
7404.61
7816.44
7458.99
8069.81
7677.73
7993.09
7838.22
8043.71
7840.31
8084.88
7927.49
8098.16
8035.2
7877.19
8465.77
7906.6
8144.16
7832.22
7573.26
7670.37
7222.08
7227.45
7041.27
7083.49
7093.42
7170.7
7380.32
7341.65
7227.96
7641.77
7575.15
7739.86
8039.45
8516.02
8144.02
8001.57
7918.53
8256.28
8724.13
8738.72
7866.52
8059.65
7703.1
7489.2
7136.1
7630.71
7773.31
7312.85
7742.53
7630.26
7830.35
7773.92
7500.79
7276.63
7736.07
7252.4
7245.13
7532.9
7198.85
7152.88
7213.44
7086.86
7197.5
7060.6
6894.23
6742.97
6661.44
6861.31
6749.28
6623.01
6627.43
6206.24
5944.87
6712.21
5672.7
6165.35
6407.52
6508.21
6693.83
6554.04
6470.74
6197.84
6446.31
6369.28
6742.89
6304.53
6514.72
6526.62
6642.27
6586.01
6543.39
6430.58
6398.77
6335.56
6495.15
6318.61
6672.69
6890.94
6979.81
6864.87
6729.53
6785.94
6872.97
6923.6
6923.41
6947.06
6964.01
7009.56
6763.38
6646.55
6312.03
6209.71
6710.4
6919.59
6814.76
5860.99
5715.92
5783.15
6061.8
6245.18
6826.61
5930.17
