1879.87
1809.54
1856.43
1410.42
1410.33
1416.09
1518.55
1562.65
1846.9
1974.69
1992.46
1653.95
1973.44
1535.65
1592.74
1288.11
1321.26
1395.79
1221.11
1487.34
1593.6
1024.55
997.5
1008.64
1070.06
1500.1
1964.31
1363.32
1982.93
1435.88
1321.26
1253.61
1080.37
1058.14
1050.98
1125.16
1115.78
1050.04
1098.29
1396.1
1386.25
1169.57
1333.71
1125.06
1201.92
1105.06
1038.07
1195.37
1235.3
1470.53
1484.46
1688.32
1433.11
1447.05
1669.13
1833.57
1945.82
1570.2
1529.65
1439.05
1406.59
1386.31
1425.16
1448.49
1564.47
1967.28
1816.47
2086.18
1606.04
1966.29
2305.64
2584.21
2835.11
2795.3
2329.44
2007.12
2092.0
2194.84
2088.95
1865.11
1787.25
1895.25
2143.52
2686.52
3078.91
2852.93
3186.77
3229.6
3190.12
3593.41
3266.62
3369.14
3426.45
3547.35
3626.88
3774.81
3617.29
3455.24
3097.92
3079.99
1941.41
2189.77
2025.58
2135.27
2141.77
2542.69
2829.02
2458.65
2612.89
2137.59
2388.33
2722.95
2310.15
2432.89
2908.24
2825.89
2415.25
2976.85
2721.78
2883.21
2969.83
3245.26
3290.68
3271.99
3005.01
3294.08
3315.26
3597.92
3682.73
3830.49
4290.59
4550.53
4351.63
4341.74
4111.99
4260.41
4366.59
3784.23
3865.83
4129.54
4326.76
4286.46
4215.21
4002.88
4397.08
4715.64
5110.86
4938.61
5219.08
5062.44
5298.72
5228.84
5300.24
5308.52
5408.52
5457.82
5944.87
6312.03
6729.53
7009.56
6712.21
7106.01
6646.55
6864.87
6872.97
7035.76
7041.27
6923.6
6223.37
6642.27
6495.15
6693.83
6814.76
6826.61
6749.28
6890.94
6923.41
7086.86
7227.45
7245.13
7197.5
7198.85
7060.6
7222.08
7227.96
7341.65
7575.15
7773.31
7641.77
7742.53
7927.49
7993.09
8465.77
8098.16
7573.26
7816.44
7500.79
8516.02
8059.65
8738.72
8724.13
8069.81
7840.31
8001.57
7703.1
7489.2
7458.99
7213.44
7532.9
7380.32
7630.71
7830.35
7906.6
7866.52
8039.45
7877.19
8084.88
8256.28
8144.16
7736.07
7838.22
7331.73
7630.26
7252.4
7268.06
7137.03
7312.85
7677.73
8035.2
8144.02
8043.71
7918.53
7832.22
7773.92
7739.86
7670.37
7404.61
7136.1
7276.63
7152.88
7170.7
7083.49
6979.81
6627.43
6607.13
6833.42
6543.39
6369.28
6398.77
5572.09
6470.74
6209.71
5715.92
5799.24
6015.3
5783.15
5989.27
5984.26
6446.31
6206.24
6318.61
6335.56
6181.06
6304.53
5860.99
6197.84
6588.28
6514.72
6526.62
6554.04
6508.21
6742.89
6894.23
6947.06
6623.01
7093.42
6245.18
6721.08
6734.99
6964.01
6839.59
6742.97
6701.36
6710.4
6407.52
6165.35
5930.17
6061.8
6529.99
6430.58
6672.69
6861.31
7046.57
6593.8
6586.01
6661.44
6763.38
6919.59
6785.94
5672.7
