2722.95
2542.69
1809.54
1221.11
1406.59
1288.11
1500.1
1879.87
1974.69
1966.29
1448.49
1416.09
1846.9
1973.44
1941.41
1487.34
1433.11
1606.04
1787.25
1856.43
1964.31
1895.25
1564.47
1439.05
1396.1
1447.05
1562.65
1570.2
1816.47
1688.32
1518.55
1425.16
1333.71
1195.37
1050.98
1115.78
1098.29
1105.06
1080.37
1070.06
1125.06
1125.16
1038.07
1201.92
1024.55
1058.14
1050.04
1169.57
1321.26
1669.13
1253.61
1008.64
997.5
1363.32
1529.65
1470.53
1395.79
1484.46
1410.42
1435.88
1410.33
1386.31
1386.25
1235.3
1321.26
1592.74
1593.6
1992.46
2086.18
1945.82
2025.58
2305.64
2189.77
2458.65
2795.3
2908.24
2976.85
3097.92
3186.77
2852.93
2883.21
2686.52
2388.33
2721.78
3245.26
2969.83
3290.68
3315.26
3271.99
3455.24
3426.45
3597.92
3593.41
3547.35
3626.88
3294.08
3369.14
3266.62
3190.12
3079.99
2835.11
3005.01
3078.91
2612.89
2584.21
2415.25
2825.89
2329.44
2310.15
1833.57
2007.12
2092.0
2194.84
2143.52
2135.27
1982.93
1653.95
1535.65
2088.95
1865.11
1967.28
2141.77
2137.59
2432.89
2829.02
3229.6
3617.29
3682.73
4215.21
4111.99
3830.49
3865.83
3774.81
3784.23
4002.88
4129.54
4260.41
4286.46
4290.59
4366.59
5228.84
4351.63
4397.08
5219.08
5062.44
5300.24
5298.72
4938.61
4326.76
4341.74
4550.53
5110.86
4715.64
5308.52
5572.09
6398.77
6627.43
7093.42
7276.63
7500.79
7136.1
7046.57
6181.06
6304.53
6206.24
6919.59
7086.86
6661.44
6526.62
6693.83
6508.21
6839.59
6734.99
7106.01
7197.5
7083.49
7009.56
6749.28
6623.01
6543.39
6369.28
6495.15
6335.56
6586.01
6785.94
6607.13
7041.27
6923.6
6923.41
6763.38
7331.73
7341.65
7739.86
7927.49
7906.6
7736.07
7575.15
7773.92
7742.53
7877.19
7866.52
7703.1
7573.26
7227.45
7312.85
7268.06
7532.9
8069.81
8144.16
8084.88
8059.65
7918.53
8043.71
7773.31
7832.22
7630.26
7840.31
8098.16
8516.02
8144.02
8738.72
8724.13
8465.77
8256.28
8035.2
7458.99
7227.96
7222.08
7380.32
7641.77
7404.61
8039.45
7677.73
8001.57
7830.35
7993.09
7630.71
7816.44
7670.37
7838.22
7489.2
7252.4
6742.97
6470.74
6223.37
6430.58
6245.18
6318.61
5715.92
5989.27
6554.04
6864.87
6742.89
6872.97
7035.76
6890.94
6814.76
6826.61
6833.42
6642.27
7060.6
6947.06
6861.31
6721.08
6672.69
7152.88
7170.7
7213.44
7198.85
6979.81
6710.4
6964.01
6729.53
6646.55
6701.36
6894.23
6514.72
6529.99
6015.3
6061.8
5799.24
5457.82
5408.52
5783.15
5672.7
5930.17
5860.99
6197.84
6407.52
6165.35
7245.13
6712.21
7137.03
6588.28
6312.03
5984.26
5944.87
6209.71
6593.8
6446.31
