1816.47
2194.84
2189.77
2092.0
1535.65
1879.87
2137.59
2310.15
2141.77
1967.28
1562.65
1448.49
1447.05
2007.12
1470.53
1529.65
1570.2
1439.05
1966.29
1846.9
1941.41
1564.47
1395.79
1098.29
1038.07
1008.64
1024.55
997.5
1050.04
1058.14
1070.06
1080.37
1235.3
1050.98
1125.06
1115.78
1195.37
1321.26
1105.06
1169.57
1386.25
1125.16
1321.26
1363.32
1288.11
1221.11
1253.61
1201.92
1333.71
1435.88
1865.11
1653.95
1974.69
1945.82
1833.57
1856.43
1992.46
1410.42
1386.31
1396.1
1416.09
1410.33
1688.32
1593.6
1809.54
2086.18
1973.44
1787.25
1669.13
1895.25
2143.52
2686.52
2458.65
2388.33
2305.64
1500.1
2088.95
2612.89
2542.69
1982.93
1406.59
1433.11
1592.74
2825.89
2976.85
2852.93
2415.25
2432.89
2722.95
2883.21
3229.6
3097.92
3593.41
3865.83
3774.81
3290.68
3245.26
3005.01
2969.83
2835.11
2584.21
2329.44
1964.31
2025.58
1487.34
1484.46
1425.16
1518.55
1606.04
2135.27
2795.3
2721.78
2829.02
3079.99
2908.24
3294.08
3078.91
3190.12
3271.99
3186.77
3266.62
3315.26
3369.14
3626.88
4129.54
4111.99
3784.23
4341.74
4351.63
4397.08
4550.53
5062.44
3617.29
3426.45
4002.88
4260.41
3682.73
3597.92
3455.24
3547.35
4290.59
4215.21
4326.76
3830.49
4286.46
4366.59
4715.64
4938.61
5110.86
5219.08
5457.82
5228.84
5298.72
5408.52
5572.09
5715.92
5860.99
5984.26
6335.56
6318.61
6398.77
6470.74
5989.27
5799.24
5300.24
5672.7
5783.15
5308.52
6061.8
6245.18
6543.39
6701.36
6839.59
6861.31
7041.27
7035.76
6894.23
6979.81
6923.41
7198.85
7500.79
7906.6
8724.13
8738.72
8144.02
7816.44
7840.31
8084.88
7877.19
8098.16
8516.02
8256.28
7927.49
7670.37
7227.96
7213.44
7252.4
7736.07
8035.2
7993.09
7276.63
8144.16
7575.15
7489.2
7341.65
7404.61
7532.9
7312.85
7152.88
7918.53
7197.5
7573.26
7838.22
7630.71
8043.71
7832.22
8465.77
8069.81
8039.45
8059.65
8001.57
7739.86
7641.77
7630.26
7677.73
7773.92
7268.06
7458.99
7331.73
7742.53
7703.1
7773.31
7830.35
7866.52
7245.13
7380.32
7137.03
7083.49
7222.08
7106.01
7093.42
6864.87
6729.53
6627.43
6495.15
6508.21
6514.72
6197.84
6304.53
6554.04
6710.4
6742.89
6749.28
6742.97
6872.97
6734.99
6814.76
6785.94
6833.42
6923.6
7136.1
7086.86
7227.45
7060.6
6919.59
7170.7
6947.06
6890.94
7046.57
7009.56
6763.38
6964.01
6826.61
6646.55
6642.27
6672.69
6607.13
6721.08
6586.01
6712.21
6693.83
6661.44
6588.28
6623.01
6369.28
6209.71
6206.24
6165.35
6446.31
6407.52
6593.8
6529.99
6526.62
6181.06
5930.17
5944.87
6223.37
6430.58
6312.03
6015.3
