2086.18
1945.82
1592.74
1562.65
1201.92
1098.29
1410.33
1487.34
1564.47
1865.11
1816.47
1669.13
1518.55
1809.54
1500.1
1606.04
1593.6
1535.65
1406.59
1439.05
1416.09
1321.26
1235.3
1169.57
1221.11
1288.11
1410.42
1333.71
1386.31
1386.25
1395.79
1195.37
1070.06
1008.64
997.5
1050.04
1038.07
1125.16
1080.37
1105.06
1321.26
1024.55
1050.98
1125.06
1115.78
1058.14
1363.32
1253.61
1433.11
1447.05
1484.46
1396.1
1435.88
1448.49
1570.2
1470.53
1787.25
1529.65
1425.16
1653.95
2092.0
2189.77
2835.11
2825.89
2795.3
2686.52
2329.44
1964.31
1846.9
1833.57
1688.32
1879.87
1966.29
1992.46
2135.27
2025.58
2137.59
2584.21
2432.89
1895.25
2141.77
1941.41
1967.28
2088.95
2194.84
2007.12
1856.43
1974.69
2143.52
2542.69
2721.78
2722.95
1973.44
2883.21
3079.99
3005.01
3626.88
3455.24
3617.29
3426.45
3315.26
3097.92
3078.91
2969.83
2908.24
3186.77
2976.85
2829.02
2612.89
2310.15
2305.64
2415.25
1982.93
2458.65
2388.33
2852.93
3245.26
3369.14
3682.73
3597.92
3271.99
3266.62
3190.12
3229.6
3290.68
3294.08
3547.35
3593.41
3774.81
3784.23
3865.83
4260.41
4111.99
4286.46
4366.59
4397.08
4215.21
4002.88
3830.49
4326.76
4550.53
4341.74
4290.59
4351.63
4938.61
4129.54
5219.08
5062.44
4715.64
5110.86
5298.72
5228.84
5300.24
5408.52
5308.52
5572.09
5860.99
6430.58
6627.43
6672.69
6721.08
6586.01
6514.72
6588.28
6061.8
5989.27
5944.87
5930.17
6245.18
6398.77
6839.59
6785.94
7009.56
6923.6
7083.49
7268.06
7458.99
7106.01
8059.65
7575.15
7276.63
7670.37
7245.13
7227.45
7213.44
7152.88
7137.03
7093.42
6864.87
6964.01
7252.4
7630.26
7773.31
7866.52
7641.77
7312.85
7677.73
7918.53
7739.86
8039.45
7832.22
7489.2
7630.71
7198.85
7086.86
6947.06
6923.41
6894.23
6979.81
7197.5
7227.96
7170.7
7573.26
7993.09
8084.88
8144.16
8256.28
8098.16
8035.2
7830.35
7736.07
7840.31
7703.1
7838.22
7906.6
7331.73
7742.53
7773.92
7927.49
8144.02
8043.71
8465.77
8724.13
8738.72
8069.81
8516.02
8001.57
7877.19
7404.61
7046.57
6861.31
6661.44
6335.56
5672.7
5715.92
5457.82
5799.24
5783.15
6206.24
6369.28
6872.97
6763.38
6642.27
6015.3
6165.35
6407.52
6646.55
6742.89
6826.61
6833.42
7035.76
6919.59
7041.27
7060.6
7136.1
7500.79
7816.44
7341.65
7380.32
7532.9
6814.76
6890.94
7222.08
6729.53
6543.39
6312.03
6318.61
6593.8
6607.13
6529.99
6710.4
6197.84
6701.36
6749.28
6712.21
6446.31
6181.06
6623.01
6495.15
6508.21
6693.83
6742.97
6734.99
6554.04
6223.37
5984.26
6209.71
6304.53
6526.62
6470.74
