1895.25
1809.54
1562.65
1966.29
1606.04
1425.16
1535.65
1833.57
1447.05
1386.25
1386.31
1070.06
1406.59
1410.42
1439.05
1416.09
1396.1
1433.11
1448.49
1487.34
1967.28
1570.2
1865.11
1688.32
1879.87
1484.46
1787.25
1395.79
1410.33
1435.88
1253.61
1105.06
1125.06
997.5
1024.55
1115.78
1195.37
1050.98
1058.14
1008.64
1038.07
1125.16
1363.32
1333.71
1235.3
1201.92
1321.26
1288.11
1169.57
1080.37
1098.29
1221.11
1050.04
1321.26
1470.53
1500.1
1669.13
1529.65
1518.55
1564.47
2137.59
1982.93
2135.27
2007.12
1816.47
1653.95
1592.74
1846.9
1856.43
1941.41
1593.6
1964.31
1945.82
2086.18
2305.64
2542.69
2612.89
2795.3
2415.25
2329.44
2194.84
2189.77
2310.15
2432.89
2829.02
2852.93
3229.6
3315.26
3294.08
3455.24
3097.92
2883.21
3186.77
2721.78
3593.41
2969.83
2976.85
2835.11
3005.01
3271.99
3079.99
3290.68
3245.26
3190.12
3266.62
2686.52
2388.33
2141.77
2092.0
1973.44
2088.95
1974.69
1992.46
2025.58
2722.95
2143.52
2458.65
2584.21
2825.89
2908.24
3078.91
3369.14
3426.45
3597.92
3784.23
3547.35
3774.81
3617.29
4002.88
4215.21
4129.54
4111.99
3830.49
3626.88
3865.83
3682.73
4260.41
4286.46
4326.76
4290.59
4341.74
4351.63
4366.59
4397.08
4938.61
5308.52
5228.84
5300.24
5298.72
4550.53
4715.64
5062.44
5219.08
5110.86
5457.82
5984.26
6209.71
6495.15
6593.8
6693.83
6734.99
6749.28
6923.41
6890.94
6446.31
7197.5
6729.53
6710.4
6529.99
6586.01
6430.58
6407.52
6318.61
6369.28
6607.13
6742.89
6861.31
6964.01
6979.81
7086.86
6919.59
7227.45
7213.44
7227.96
7136.1
6923.6
7060.6
6872.97
6864.87
6826.61
6947.06
7137.03
7035.76
7106.01
7245.13
7630.26
7993.09
8098.16
8724.13
8738.72
8516.02
8059.65
7573.26
7773.31
7742.53
7816.44
7703.1
7773.92
8035.2
7918.53
8001.57
7670.37
7532.9
7252.4
7331.73
7838.22
8465.77
7840.31
8144.16
7906.6
8039.45
8069.81
8256.28
8144.02
8084.88
7866.52
7489.2
7630.71
7736.07
7927.49
7877.19
7677.73
7641.77
7341.65
7268.06
7830.35
7380.32
7575.15
7832.22
7739.86
7458.99
7198.85
7009.56
6646.55
6742.97
6701.36
6623.01
6312.03
6245.18
5799.24
5944.87
5989.27
5715.92
5672.7
6197.84
6061.8
6398.77
6304.53
5783.15
5860.99
6721.08
7500.79
8043.71
7404.61
6839.59
7093.42
7312.85
7152.88
7083.49
7170.7
6508.21
6588.28
6712.21
6661.44
6526.62
7276.63
7046.57
7222.08
7041.27
6894.23
6785.94
6763.38
6672.69
6642.27
6335.56
6470.74
5572.09
6015.3
6554.04
6181.06
6543.39
6223.37
6165.35
5930.17
6206.24
6514.72
6814.76
6833.42
6627.43
5408.52
