2141.77
2088.95
1879.87
1688.32
1386.31
1201.92
1406.59
1484.46
1562.65
1592.74
1448.49
1487.34
1529.65
1606.04
1809.54
1856.43
1973.44
1992.46
1982.93
2612.89
1941.41
1669.13
1410.42
1395.79
1098.29
1321.26
1221.11
1386.25
1425.16
1435.88
1439.05
1416.09
1321.26
1410.33
1396.1
1333.71
1253.61
1115.78
1080.37
1038.07
1050.04
1008.64
997.5
1024.55
1050.98
1070.06
1105.06
1125.16
1195.37
1518.55
1564.47
1470.53
1447.05
1235.3
1169.57
1288.11
1363.32
1058.14
1125.06
1433.11
1787.25
1833.57
1846.9
1500.1
1570.2
1535.65
1895.25
2007.12
2310.15
1974.69
2189.77
2584.21
2432.89
2458.65
2829.02
2825.89
2542.69
3186.77
3245.26
3078.91
2976.85
2883.21
2852.93
3079.99
3266.62
3190.12
3597.92
3290.68
3774.81
4215.21
3626.88
3593.41
3455.24
3830.49
4260.41
4111.99
4129.54
4002.88
3547.35
3271.99
3005.01
2795.3
2137.59
1945.82
1967.28
1964.31
1966.29
1865.11
1653.95
1593.6
1816.47
2025.58
2305.64
2722.95
2415.25
2969.83
2329.44
2388.33
2194.84
2908.24
2092.0
2135.27
2143.52
2086.18
2721.78
3229.6
3426.45
3682.73
3865.83
3617.29
3315.26
3294.08
2686.52
2835.11
3097.92
3369.14
3784.23
4286.46
4326.76
4290.59
4366.59
4341.74
4351.63
4397.08
4550.53
4715.64
5062.44
5219.08
4938.61
5298.72
5300.24
5672.7
6304.53
6430.58
6407.52
6814.76
6826.61
6964.01
7086.86
7046.57
6979.81
6742.97
6245.18
5944.87
5457.82
5408.52
5572.09
5228.84
5799.24
5860.99
6398.77
6495.15
6588.28
6514.72
6661.44
6749.28
6872.97
7009.56
7245.13
7041.27
7197.5
7170.7
7331.73
7838.22
7773.92
7866.52
7906.6
7736.07
7152.88
6785.94
6864.87
7222.08
7703.1
7341.65
7312.85
7404.61
7137.03
7918.53
7500.79
7742.53
7993.09
7739.86
7677.73
7380.32
7276.63
7268.06
7227.96
7227.45
7458.99
7252.4
7489.2
7575.15
7630.26
7773.31
7816.44
8084.88
8724.13
8465.77
8516.02
8738.72
8144.02
8144.16
8043.71
8098.16
8035.2
8001.57
7641.77
7927.49
8069.81
8039.45
7532.9
8256.28
7573.26
7840.31
7830.35
8059.65
7877.19
7832.22
7630.71
7670.37
7198.85
7060.6
7106.01
6015.3
6508.21
6526.62
6543.39
5930.17
5783.15
5984.26
6710.4
6839.59
7083.49
7213.44
6742.89
6947.06
6642.27
6529.99
6890.94
6721.08
7035.76
7136.1
7093.42
6894.23
6923.6
6763.38
6861.31
6693.83
6712.21
6923.41
6729.53
6833.42
6919.59
6586.01
6607.13
6701.36
6627.43
6593.8
6734.99
6554.04
6646.55
6181.06
6470.74
6446.31
6209.71
6312.03
6206.24
6197.84
6061.8
6165.35
6318.61
6623.01
6672.69
6335.56
5308.52
5110.86
5715.92
5989.27
6223.37
6369.28
