2908.24
2458.65
1500.1
1856.43
2612.89
1570.2
1439.05
1396.1
1470.53
1518.55
1535.65
1562.65
1688.32
1833.57
2088.95
1879.87
1669.13
1787.25
1606.04
1941.41
1945.82
1653.95
1448.49
1321.26
1070.06
1105.06
1395.79
1038.07
1221.11
1098.29
1125.06
1125.16
1235.3
1201.92
1363.32
1416.09
1410.42
1386.31
1288.11
1195.37
1169.57
1058.14
1050.04
997.5
1008.64
1080.37
1050.98
1024.55
1115.78
1253.61
1435.88
1447.05
1433.11
1410.33
1386.25
1333.71
1487.34
1321.26
1406.59
1425.16
1484.46
1967.28
2092.0
2086.18
1592.74
1564.47
1529.65
1846.9
1593.6
1816.47
1964.31
2007.12
1982.93
2135.27
1974.69
2025.58
1992.46
2795.3
2432.89
2686.52
2388.33
2329.44
2584.21
2852.93
3079.99
2825.89
3190.12
2722.95
2976.85
3369.14
3426.45
3245.26
3315.26
3547.35
3774.81
3830.49
3682.73
3593.41
3290.68
2835.11
2310.15
2542.69
2305.64
2189.77
2137.59
2141.77
1895.25
1973.44
1809.54
1865.11
1966.29
2143.52
2194.84
2415.25
2721.78
2829.02
2969.83
3078.91
3097.92
2883.21
3617.29
3005.01
3229.6
3186.77
3271.99
3266.62
3455.24
3294.08
3597.92
3626.88
3865.83
4290.59
4260.41
4002.88
4111.99
3784.23
4215.21
4286.46
4129.54
4326.76
4397.08
4341.74
4366.59
4351.63
4550.53
4715.64
5062.44
5110.86
5219.08
4938.61
5228.84
5308.52
5408.52
5298.72
5300.24
5672.7
5930.17
6197.84
6529.99
6514.72
6495.15
6407.52
6245.18
6165.35
6061.8
6318.61
6206.24
5989.27
6312.03
6554.04
6526.62
6785.94
6749.28
6923.6
6742.89
7035.76
6872.97
6894.23
6919.59
7137.03
7106.01
7830.35
7773.31
8001.57
7703.1
7380.32
7227.96
7312.85
7268.06
7276.63
7532.9
7252.4
7816.44
7198.85
7677.73
7918.53
7341.65
8084.88
8035.2
8256.28
8516.02
8724.13
8738.72
8465.77
8098.16
8039.45
7877.19
7739.86
7670.37
7641.77
7630.71
7866.52
7993.09
8144.02
8144.16
8069.81
8043.71
8059.65
7927.49
7840.31
7773.92
7906.6
7838.22
7832.22
7742.53
7736.07
7500.79
7170.7
7489.2
7575.15
7458.99
7573.26
7630.26
7404.61
7197.5
7083.49
7086.86
7046.57
7331.73
7136.1
6861.31
6335.56
6209.71
6181.06
5984.26
6398.77
6588.28
6642.27
6369.28
5860.99
6430.58
6826.61
6627.43
6763.38
6734.99
6623.01
6814.76
7060.6
7245.13
7093.42
7213.44
7222.08
7227.45
6923.41
6964.01
6864.87
6839.59
6742.97
6701.36
6721.08
6661.44
6586.01
6304.53
5799.24
5572.09
5783.15
5715.92
6223.37
6508.21
6710.4
6979.81
7152.88
6947.06
7009.56
6607.13
6015.3
5457.82
5944.87
6446.31
6693.83
6833.42
7041.27
6890.94
6729.53
6593.8
6712.21
6543.39
6470.74
6672.69
6646.55
