2141.77
2721.78
2432.89
2189.77
1967.28
2088.95
2143.52
2025.58
1447.05
2007.12
1333.71
1410.42
1435.88
1593.6
1846.9
1865.11
1535.65
1562.65
1879.87
1321.26
1406.59
1115.78
1098.29
1058.14
1024.55
1050.04
1050.98
1105.06
1169.57
1221.11
1195.37
1363.32
1425.16
1386.25
1321.26
1288.11
1395.79
1235.3
1386.31
1125.16
1080.37
1008.64
997.5
1070.06
1038.07
1396.1
1500.1
1416.09
1518.55
1448.49
1410.33
1125.06
1201.92
1253.61
1833.57
1964.31
1895.25
1529.65
1470.53
1787.25
1809.54
2086.18
1982.93
1606.04
1973.44
1669.13
1564.47
1487.34
1439.05
1433.11
1484.46
1653.95
1992.46
2305.64
1945.82
2194.84
2584.21
3005.01
3079.99
3186.77
2329.44
2825.89
2542.69
2829.02
2976.85
3097.92
3190.12
3271.99
3455.24
3865.83
4290.59
4326.76
4550.53
4397.08
4366.59
4215.21
3597.92
3294.08
3229.6
2612.89
2092.0
1941.41
1816.47
1856.43
1592.74
1570.2
1688.32
1966.29
1974.69
2137.59
2458.65
2388.33
2310.15
2415.25
2135.27
2686.52
2795.3
2722.95
2908.24
2852.93
2883.21
2969.83
3245.26
3315.26
3682.73
3626.88
3369.14
2835.11
3078.91
3593.41
4260.41
3426.45
3266.62
3290.68
3547.35
3784.23
3830.49
4129.54
3774.81
4111.99
4002.88
3617.29
4286.46
4341.74
4351.63
4715.64
5062.44
4938.61
5110.86
5219.08
5228.84
5300.24
6181.06
5989.27
6672.69
6407.52
6749.28
6964.01
6721.08
6661.44
6627.43
6729.53
6543.39
6304.53
6015.3
6197.84
6642.27
6508.21
6514.72
6588.28
6861.31
6209.71
6529.99
6923.41
6206.24
6712.21
6814.76
6890.94
7060.6
7152.88
7197.5
7198.85
7736.07
7458.99
7268.06
7532.9
7630.71
7573.26
6872.97
7380.32
6864.87
6919.59
6979.81
7083.49
7222.08
7276.63
7630.26
8069.81
7866.52
8035.2
8059.65
7773.31
7703.1
7404.61
7213.44
7227.96
7341.65
8039.45
7993.09
7918.53
7575.15
7816.44
7773.92
7877.19
8144.02
8256.28
8738.72
8516.02
8043.71
7670.37
7677.73
7641.77
7742.53
7927.49
8001.57
7832.22
7830.35
8084.88
8144.16
8465.77
8724.13
8098.16
7840.31
7489.2
7170.7
7136.1
7137.03
7245.13
7252.4
7906.6
7838.22
7739.86
7312.85
7041.27
6742.97
6923.6
6833.42
5783.15
7046.57
5944.87
6335.56
6526.62
6607.13
6470.74
6785.94
6710.4
6593.8
6826.61
7106.01
7227.45
7331.73
7500.79
7086.86
7093.42
7009.56
7035.76
6947.06
6894.23
6839.59
6701.36
6734.99
6495.15
6646.55
6312.03
6369.28
6742.89
6623.01
6763.38
6245.18
6398.77
6061.8
6446.31
6430.58
6318.61
6223.37
6165.35
5930.17
5799.24
5715.92
5457.82
5672.7
5860.99
5308.52
5572.09
5408.52
5984.26
6554.04
6693.83
6586.01
5298.72
