2007.12
2025.58
1941.41
1865.11
1396.1
1386.25
1439.05
1564.47
1448.49
1470.53
1169.57
1024.55
1080.37
1201.92
1321.26
1333.71
1235.3
1288.11
1115.78
1070.06
1105.06
1410.33
1416.09
1363.32
1879.87
1945.82
1966.29
1518.55
1410.42
1484.46
1833.57
1487.34
1433.11
1964.31
1221.11
1593.6
1570.2
1058.14
1125.16
1038.07
1050.04
1125.06
1529.65
1787.25
1856.43
1447.05
1321.26
997.5
1562.65
1098.29
1500.1
1395.79
1967.28
1895.25
1669.13
1653.95
1535.65
1816.47
1435.88
1406.59
1606.04
1386.31
1425.16
1592.74
1688.32
1974.69
1809.54
1195.37
1050.98
1253.61
1008.64
1846.9
1982.93
1992.46
2086.18
2092.0
2135.27
2143.52
2305.64
2388.33
2189.77
2329.44
1973.44
2194.84
2542.69
2141.77
2584.21
2612.89
2722.95
2825.89
2829.02
2721.78
2908.24
2969.83
3097.92
3005.01
3229.6
3290.68
3626.88
3784.23
3455.24
3774.81
3617.29
3271.99
2795.3
3078.91
2458.65
2432.89
2310.15
2088.95
2137.59
2415.25
2686.52
3186.77
3547.35
3426.45
3597.92
3079.99
2883.21
2852.93
2835.11
2976.85
3294.08
3245.26
3315.26
3190.12
3593.41
3266.62
3369.14
5219.08
4129.54
5110.86
5062.44
4351.63
4715.64
4938.61
4290.59
4326.76
4286.46
4111.99
4397.08
3682.73
3830.49
3865.83
4002.88
4260.41
4341.74
4550.53
4215.21
4366.59
5228.84
5298.72
5300.24
5308.52
5408.52
5457.82
5799.24
5989.27
6015.3
5984.26
5930.17
5672.7
5572.09
5860.99
6181.06
6398.77
6785.94
6693.83
6526.62
6430.58
6627.43
6826.61
6923.6
6872.97
6964.01
7137.03
7136.1
7276.63
7083.49
7035.76
7009.56
7046.57
7060.6
7197.5
6923.41
7093.42
7227.45
7222.08
7331.73
7670.37
7838.22
7736.07
7830.35
7993.09
7918.53
8059.65
8084.88
8738.72
8144.02
8256.28
8043.71
8035.2
7866.52
7341.65
7500.79
7573.26
7227.96
7742.53
7630.71
7380.32
7832.22
7877.19
8069.81
8465.77
8724.13
8001.57
8144.16
8516.02
7840.31
7927.49
7816.44
7703.1
7213.44
7404.61
7630.26
7312.85
7245.13
7532.9
7773.31
7677.73
7489.2
7575.15
7641.77
7739.86
7458.99
7268.06
7170.7
6947.06
6979.81
6890.94
6814.76
6508.21
6165.35
5944.87
6197.84
6543.39
6839.59
6304.53
5715.92
5783.15
6721.08
7198.85
7041.27
6861.31
6749.28
6763.38
6369.28
6312.03
6729.53
6209.71
6495.15
6894.23
7106.01
7252.4
7773.92
8098.16
8039.45
7906.6
7152.88
7086.86
6710.4
6646.55
6742.89
6701.36
6742.97
6607.13
6642.27
6712.21
6335.56
6588.28
6593.8
6407.52
6586.01
6734.99
6223.37
6470.74
6206.24
6318.61
6623.01
6529.99
6672.69
6919.59
6833.42
6864.87
6661.44
6554.04
6514.72
6446.31
6245.18
6061.8
