1787.25
1964.31
1856.43
1833.57
1653.95
1396.1
1484.46
1500.1
1195.37
1363.32
1410.42
1321.26
1570.2
1992.46
1669.13
1941.41
1487.34
1470.53
1406.59
1253.61
1201.92
1333.71
1288.11
1562.65
1973.44
1433.11
1395.79
1235.3
1593.6
2686.52
1967.28
1895.25
1846.9
1688.32
1879.87
1425.16
1535.65
1125.16
1070.06
1024.55
1058.14
997.5
1008.64
1038.07
1050.04
1050.98
1080.37
1098.29
1105.06
1125.06
1115.78
1221.11
1169.57
1321.26
1386.25
1447.05
1439.05
1410.33
1435.88
1416.09
1865.11
1966.29
1809.54
1974.69
2305.64
2721.78
1592.74
2194.84
1518.55
1386.31
1529.65
1448.49
1606.04
2025.58
2795.3
3266.62
3455.24
3593.41
2976.85
2584.21
2329.44
2086.18
2458.65
2432.89
2722.95
3005.01
3097.92
3597.92
3626.88
3617.29
3229.6
3078.91
2612.89
2908.24
3271.99
3426.45
3290.68
3315.26
2969.83
2883.21
2143.52
2189.77
2088.95
2825.89
2829.02
3079.99
2835.11
2135.27
2542.69
2092.0
2137.59
1982.93
1816.47
1564.47
1945.82
2141.77
2388.33
2310.15
2415.25
2007.12
2852.93
3245.26
3294.08
3369.14
3186.77
3190.12
3547.35
3682.73
3774.81
4002.88
4260.41
4326.76
4351.63
4341.74
4286.46
4366.59
3865.83
3830.49
4215.21
4111.99
4129.54
3784.23
4290.59
4397.08
4550.53
5110.86
5219.08
4938.61
4715.64
5062.44
5298.72
5228.84
5572.09
5457.82
5984.26
6206.24
6514.72
6623.01
6642.27
6701.36
6814.76
7009.56
7136.1
7086.86
6826.61
6894.23
6734.99
6526.62
6223.37
6245.18
6312.03
6627.43
6742.89
6923.41
7227.96
7152.88
7170.7
7630.71
6864.87
7489.2
7227.45
7106.01
7252.4
7268.06
7245.13
7532.9
7573.26
6923.6
7041.27
6947.06
7198.85
7222.08
7641.77
7677.73
7331.73
7866.52
7838.22
8043.71
8035.2
7993.09
7742.53
8001.57
7773.92
7877.19
7312.85
7137.03
7197.5
8039.45
8465.77
8144.16
7380.32
7404.61
8084.88
8724.13
8144.02
8516.02
8738.72
8256.28
8069.81
7832.22
7773.31
7213.44
7575.15
7500.79
7703.1
7341.65
7816.44
7739.86
7670.37
7840.31
7736.07
8059.65
8098.16
7630.26
7830.35
7927.49
7918.53
7906.6
7458.99
7276.63
7083.49
6742.97
6508.21
6209.71
5930.17
5799.24
5944.87
5308.52
5300.24
5672.7
5715.92
5783.15
5860.99
5989.27
6304.53
6061.8
6586.01
6407.52
6749.28
6919.59
6979.81
6861.31
6890.94
6543.39
6721.08
6833.42
6964.01
7093.42
7035.76
6839.59
7060.6
6763.38
6661.44
7046.57
6430.58
6712.21
6729.53
6607.13
6165.35
6588.28
6398.77
6446.31
6495.15
6785.94
6369.28
6335.56
6197.84
6181.06
6529.99
6646.55
6672.69
6710.4
6554.04
6015.3
6470.74
6693.83
6593.8
6872.97
6318.61
5408.52
