1974.69
2310.15
1856.43
1386.25
1395.79
1363.32
1529.65
1425.16
1846.9
1966.29
1562.65
1410.33
1416.09
1606.04
1593.6
1564.47
1653.95
1879.87
1570.2
1833.57
1945.82
1964.31
1941.41
1470.53
1235.3
1321.26
1195.37
1288.11
1688.32
1410.42
1500.1
1321.26
1201.92
1105.06
1038.07
1058.14
1008.64
997.5
1024.55
1115.78
1080.37
1050.98
1098.29
1050.04
1221.11
1070.06
1125.06
1125.16
1169.57
1333.71
1518.55
1386.31
1439.05
1253.61
1396.1
1669.13
1973.44
1447.05
1787.25
1448.49
1435.88
1433.11
1592.74
1484.46
1535.65
1406.59
1809.54
1895.25
1487.34
1967.28
1865.11
2088.95
2388.33
2686.52
2584.21
2795.3
2542.69
2722.95
2825.89
2141.77
2432.89
1992.46
2086.18
2305.64
2612.89
2835.11
3005.01
2908.24
3186.77
3079.99
2969.83
2976.85
3097.92
3593.41
3626.88
3682.73
3597.92
3617.29
3315.26
3455.24
3547.35
3426.45
3271.99
3190.12
2883.21
2415.25
2143.52
2007.12
2092.0
2137.59
2025.58
1982.93
1816.47
2135.27
2329.44
2194.84
2189.77
2721.78
2458.65
3245.26
3294.08
3266.62
3229.6
2829.02
2852.93
3078.91
3290.68
3369.14
3774.81
3830.49
4129.54
4215.21
4002.88
3784.23
3865.83
4111.99
4260.41
4290.59
4286.46
4341.74
4326.76
4351.63
4715.64
4366.59
4938.61
5298.72
5219.08
5110.86
5062.44
5308.52
5989.27
6165.35
6318.61
5944.87
4550.53
4397.08
5799.24
6712.21
6312.03
5930.17
6642.27
6245.18
5860.99
6209.71
6015.3
6661.44
6785.94
6526.62
6206.24
6181.06
6430.58
6369.28
6693.83
6586.01
6407.52
6446.31
6593.8
7009.56
7227.45
7677.73
7840.31
7742.53
7703.1
7245.13
7035.76
6872.97
6814.76
7046.57
7083.49
7573.26
7532.9
7500.79
7641.77
7670.37
7630.26
8144.16
8039.45
8516.02
8144.02
8465.77
8043.71
7630.71
7331.73
6919.59
6763.38
6923.41
6923.6
7093.42
7341.65
7276.63
7458.99
7918.53
7380.32
7736.07
8059.65
7739.86
8256.28
8738.72
8098.16
8724.13
8084.88
7838.22
7816.44
7927.49
8001.57
8035.2
7877.19
7906.6
7993.09
7866.52
7773.31
7830.35
7832.22
7773.92
7312.85
8069.81
7404.61
7213.44
7489.2
7136.1
7152.88
7041.27
6864.87
6495.15
6061.8
5457.82
5572.09
5408.52
5228.84
5300.24
5715.92
5984.26
6304.53
6223.37
6514.72
6623.01
6894.23
7198.85
7575.15
7170.7
7268.06
7222.08
7197.5
7106.01
7227.96
7252.4
6839.59
6826.61
6729.53
6721.08
6672.69
6979.81
6861.31
6197.84
6543.39
6749.28
7086.86
7137.03
7060.6
6947.06
6890.94
6964.01
6833.42
6646.55
6398.77
6335.56
6554.04
6470.74
6588.28
6627.43
6710.4
6742.89
6734.99
6701.36
6607.13
6508.21
5672.7
6742.97
6529.99
5783.15
