1564.47
1964.31
1945.82
2584.21
2143.52
2194.84
1865.11
1816.47
1846.9
1669.13
1484.46
1070.06
997.5
1050.04
1363.32
1425.16
1386.25
1518.55
1201.92
1448.49
1592.74
1125.06
1221.11
1098.29
1080.37
1288.11
1333.71
1410.33
1435.88
1500.1
1606.04
1653.95
1562.65
1570.2
1470.53
1593.6
1529.65
1386.31
1406.59
1253.61
1024.55
1050.98
1038.07
1008.64
1058.14
1115.78
1321.26
1235.3
1169.57
1395.79
1439.05
1396.1
1487.34
1416.09
1410.42
1433.11
1321.26
1105.06
1195.37
1125.16
1447.05
1535.65
1787.25
2092.0
2310.15
2088.95
1973.44
1992.46
2007.12
1879.87
1833.57
2025.58
2189.77
2542.69
2829.02
1982.93
2458.65
2825.89
2795.3
2086.18
1895.25
1809.54
1856.43
1966.29
2432.89
2388.33
2612.89
3078.91
3229.6
3315.26
3455.24
3271.99
3294.08
3593.41
3682.73
3597.92
3784.23
3426.45
3266.62
3079.99
2976.85
2969.83
2852.93
3097.92
2883.21
2908.24
1967.28
1941.41
2141.77
1688.32
2135.27
3005.01
2721.78
2137.59
1974.69
2722.95
2329.44
2305.64
2415.25
2686.52
2835.11
3190.12
3186.77
3245.26
3290.68
3369.14
3547.35
3865.83
4111.99
4129.54
4366.59
4260.41
3830.49
3617.29
3626.88
4002.88
3774.81
4341.74
4290.59
4215.21
4286.46
4351.63
4550.53
4326.76
5110.86
5228.84
5300.24
4938.61
4715.64
4397.08
5062.44
5219.08
5298.72
5457.82
5860.99
6165.35
6209.71
6335.56
6588.28
6446.31
6646.55
6729.53
6245.18
6197.84
6661.44
6312.03
6734.99
6223.37
6529.99
6742.97
6623.01
6861.31
7046.57
6593.8
6979.81
6947.06
6919.59
6864.87
7276.63
7170.7
7060.6
7041.27
7093.42
7106.01
6721.08
6839.59
6923.41
6833.42
7009.56
6894.23
7136.1
7245.13
7252.4
7532.9
7573.26
7641.77
7630.26
7773.92
7773.31
8516.02
7877.19
7918.53
8001.57
7840.31
7677.73
8043.71
7742.53
8059.65
8144.16
8465.77
8098.16
7866.52
8084.88
7906.6
8035.2
8069.81
8738.72
8144.02
7927.49
7670.37
7341.65
7268.06
7198.85
7227.45
7222.08
7152.88
7137.03
7575.15
7489.2
8256.28
7838.22
7830.35
8724.13
7816.44
7703.1
8039.45
7993.09
7832.22
7739.86
7736.07
7458.99
6742.89
6712.21
6318.61
6526.62
6407.52
6514.72
5944.87
5930.17
5715.92
5984.26
6398.77
6642.27
6181.06
6015.3
5572.09
6430.58
6710.4
6607.13
6508.21
6763.38
6627.43
6749.28
6814.76
6872.97
6890.94
7312.85
7197.5
7083.49
6923.6
7086.86
7213.44
7500.79
7331.73
7380.32
7630.71
7404.61
7227.96
6964.01
6701.36
6586.01
6206.24
6061.8
5989.27
5783.15
5308.52
5408.52
5799.24
6304.53
6369.28
6672.69
6554.04
6543.39
6470.74
6693.83
6826.61
7035.76
6785.94
6495.15
5672.7
