2305.64
2329.44
2135.27
2415.25
1484.46
1593.6
1448.49
1433.11
1333.71
1386.31
1410.33
1439.05
1653.95
1879.87
1973.44
1816.47
1564.47
1833.57
1500.1
1396.1
1447.05
1235.3
1195.37
1115.78
1221.11
1201.92
1253.61
1080.37
1386.25
1562.65
1856.43
1435.88
1470.53
1406.59
1050.04
1058.14
997.5
1024.55
1070.06
1105.06
1098.29
1169.57
1038.07
1008.64
1125.16
1050.98
1321.26
1395.79
1363.32
1518.55
1809.54
1416.09
1288.11
1125.06
1487.34
1982.93
2086.18
1606.04
1321.26
1410.42
1865.11
1974.69
2007.12
1787.25
1895.25
1592.74
1688.32
1529.65
1570.2
1535.65
1425.16
2137.59
1945.82
2432.89
2883.21
2722.95
2795.3
2835.11
2612.89
2189.77
2092.0
2141.77
2310.15
2852.93
3097.92
3190.12
3245.26
3315.26
3774.81
4002.88
3626.88
3547.35
3593.41
3597.92
4260.41
4215.21
4129.54
3426.45
3186.77
3079.99
2825.89
2542.69
2458.65
2388.33
2143.52
2194.84
1964.31
2088.95
1992.46
1669.13
1967.28
1846.9
1941.41
1966.29
2025.58
2829.02
2584.21
2908.24
3078.91
2721.78
2686.52
3005.01
2969.83
3290.68
3294.08
3271.99
4286.46
3682.73
4326.76
4366.59
4341.74
3830.49
3266.62
2976.85
3229.6
3617.29
3784.23
4111.99
3455.24
3369.14
3865.83
4290.59
4351.63
4397.08
4550.53
4715.64
5219.08
5298.72
5110.86
4938.61
5062.44
5228.84
5672.7
5408.52
6398.77
5989.27
5799.24
6245.18
5930.17
6197.84
6335.56
6529.99
6588.28
6430.58
6015.3
6206.24
6181.06
5308.52
5715.92
5300.24
6165.35
6593.8
6701.36
7136.1
7137.03
7312.85
7573.26
7840.31
7866.52
7630.26
7641.77
7736.07
7993.09
7404.61
7197.5
7093.42
7046.57
7086.86
6872.97
6923.6
7035.76
7170.7
7227.45
7532.9
7703.1
7927.49
7830.35
8001.57
7838.22
7832.22
7677.73
7906.6
7877.19
7742.53
7489.2
7670.37
7222.08
7276.63
7575.15
7341.65
7380.32
7773.92
8043.71
8098.16
8516.02
8738.72
8724.13
8465.77
8144.02
7773.31
8035.2
8084.88
8059.65
8256.28
8144.16
8069.81
8039.45
7739.86
7816.44
7268.06
7198.85
7227.96
7630.71
7500.79
7213.44
7918.53
7252.4
7245.13
7331.73
7458.99
7106.01
7083.49
7152.88
6742.89
6672.69
6312.03
6304.53
5572.09
5860.99
5783.15
6543.39
6864.87
7041.27
6979.81
6919.59
6861.31
6749.28
6710.4
6964.01
6923.41
6947.06
7060.6
6890.94
6646.55
6642.27
6470.74
6693.83
6623.01
6369.28
6661.44
6061.8
6526.62
6223.37
6209.71
6627.43
6734.99
6721.08
6729.53
5457.82
6814.76
6586.01
6763.38
6894.23
6839.59
6785.94
6712.21
5944.87
6446.31
6495.15
6318.61
6554.04
6508.21
6607.13
6407.52
5984.26
6514.72
6826.61
6833.42
7009.56
6742.97
