1470.53
1974.69
1973.44
1967.28
1865.11
1593.6
2007.12
1564.47
1787.25
1439.05
1500.1
1416.09
1964.31
2025.58
1992.46
1856.43
1966.29
1688.32
1410.42
1125.06
1235.3
1487.34
1570.2
1606.04
1484.46
1846.9
1396.1
1115.78
1653.95
1816.47
1562.65
1386.31
1425.16
1333.71
1435.88
1321.26
1201.92
1070.06
1098.29
1008.64
1050.98
1024.55
1080.37
997.5
1195.37
1050.04
1058.14
1038.07
1169.57
1592.74
1895.25
1395.79
1253.61
1221.11
1363.32
1809.54
1535.65
1433.11
1386.25
1447.05
1448.49
1518.55
1529.65
1879.87
1410.33
1406.59
1288.11
1125.16
1105.06
1833.57
1321.26
1945.82
1941.41
2086.18
2141.77
2584.21
2305.64
2835.11
3617.29
2908.24
3190.12
3547.35
3626.88
3426.45
3682.73
3294.08
3266.62
3005.01
3229.6
3369.14
3245.26
3597.92
3593.41
3455.24
2976.85
3186.77
3078.91
3079.99
2542.69
2329.44
2388.33
2310.15
2722.95
3290.68
2969.83
2883.21
2432.89
2143.52
2137.59
1669.13
2092.0
1982.93
2088.95
2135.27
2189.77
2194.84
2612.89
2458.65
2686.52
3097.92
2415.25
2721.78
2829.02
2825.89
2795.3
2852.93
3271.99
3315.26
3774.81
3865.83
4111.99
3830.49
4002.88
3784.23
4129.54
4550.53
4215.21
4938.61
4341.74
4351.63
4290.59
4326.76
4260.41
4286.46
4397.08
4366.59
4715.64
5062.44
5110.86
5298.72
5308.52
5219.08
5228.84
5300.24
5457.82
5944.87
6245.18
6407.52
6693.83
6586.01
6672.69
6543.39
6529.99
6661.44
6304.53
6197.84
5989.27
5799.24
5408.52
6335.56
5984.26
6223.37
6607.13
6785.94
6470.74
6890.94
6894.23
7136.1
7137.03
7197.5
7170.7
7252.4
7380.32
7573.26
7331.73
7641.77
7575.15
7630.71
7532.9
7489.2
7670.37
7773.92
7832.22
7739.86
7866.52
7840.31
8001.57
8144.02
7742.53
8098.16
8059.65
8043.71
7830.35
7245.13
7227.45
7816.44
8035.2
7993.09
7877.19
7838.22
7736.07
7906.6
7918.53
8069.81
8256.28
8465.77
8724.13
8738.72
8516.02
8144.16
8084.88
8039.45
7927.49
7773.31
7500.79
7086.86
7041.27
7060.6
7404.61
7703.1
7677.73
7222.08
7213.44
7268.06
7227.96
7341.65
7312.85
7083.49
7106.01
6947.06
6864.87
6763.38
6623.01
6206.24
6061.8
5930.17
5715.92
5572.09
5672.7
5783.15
6495.15
6721.08
6734.99
6729.53
6826.61
6742.89
6712.21
6923.6
7046.57
7035.76
6923.41
6839.59
6964.01
7093.42
7198.85
7458.99
7630.26
7276.63
7152.88
7009.56
6872.97
6861.31
6814.76
6398.77
6588.28
6833.42
6554.04
6627.43
6526.62
6514.72
6446.31
6646.55
6318.61
6508.21
6015.3
6312.03
6209.71
6369.28
6430.58
6165.35
6181.06
6701.36
6593.8
6710.4
6749.28
6642.27
6979.81
6919.59
6742.97
5860.99
