3369.14
2795.3
1846.9
1606.04
1484.46
1410.42
1406.59
1235.3
1395.79
1448.49
2025.58
1982.93
1856.43
1833.57
1439.05
1288.11
1050.98
1221.11
1386.25
1570.2
1321.26
1070.06
1008.64
997.5
1024.55
1125.16
1098.29
1038.07
1050.04
1195.37
1386.31
1363.32
1529.65
1967.28
1396.1
1879.87
1653.95
1416.09
1253.61
1125.06
1169.57
1058.14
1080.37
1105.06
1115.78
1201.92
1333.71
1410.33
1433.11
1562.65
1945.82
1500.1
1593.6
1435.88
1688.32
1941.41
2007.12
1669.13
1518.55
1321.26
1447.05
1470.53
1535.65
1865.11
1592.74
1809.54
1973.44
1992.46
1964.31
1895.25
1816.47
2088.95
2137.59
2310.15
2415.25
2722.95
2976.85
2825.89
2329.44
2194.84
2092.0
1966.29
2141.77
2086.18
2189.77
2143.52
2829.02
3290.68
2969.83
2721.78
2686.52
2908.24
2305.64
2835.11
3294.08
3455.24
3597.92
3593.41
3547.35
3315.26
2388.33
3190.12
3078.91
3005.01
3097.92
3245.26
2612.89
2135.27
1787.25
1425.16
1487.34
1564.47
1974.69
3229.6
2432.89
3266.62
3271.99
3186.77
3079.99
2584.21
2542.69
2852.93
2458.65
2883.21
3426.45
3682.73
3774.81
3617.29
3626.88
3830.49
4341.74
4326.76
4397.08
4215.21
3784.23
4002.88
3865.83
4111.99
4286.46
4290.59
4260.41
4129.54
4938.61
4366.59
4351.63
4715.64
4550.53
5062.44
5228.84
5219.08
5110.86
5308.52
5457.82
5300.24
5989.27
5944.87
5984.26
6529.99
6588.28
6710.4
6826.61
6749.28
6729.53
6763.38
6742.89
6661.44
6446.31
6318.61
6312.03
6398.77
6369.28
6470.74
6646.55
6693.83
6607.13
6593.8
6890.94
6623.01
6672.69
6923.41
6864.87
7222.08
7312.85
7742.53
7927.49
7703.1
7838.22
8256.28
8035.2
7245.13
6785.94
6712.21
6919.59
7252.4
7739.86
8144.16
7866.52
8098.16
8043.71
7832.22
7404.61
7575.15
7773.92
7670.37
7641.77
7458.99
7630.71
7227.96
7489.2
7573.26
7630.26
7906.6
7877.19
7993.09
8084.88
7500.79
7106.01
8144.02
7677.73
8001.57
8039.45
7830.35
7736.07
7380.32
7532.9
7227.45
6872.97
7213.44
6964.01
7197.5
7268.06
7840.31
8516.02
8738.72
8465.77
8724.13
8059.65
7773.31
8069.81
7918.53
7341.65
6814.76
6304.53
5783.15
6015.3
6554.04
6734.99
5672.7
5408.52
6061.8
6543.39
7083.49
6642.27
6430.58
7816.44
7331.73
7093.42
7137.03
7046.57
6861.31
6839.59
6833.42
7035.76
6923.6
7060.6
7041.27
6947.06
6586.01
6514.72
6407.52
5860.99
5799.24
6165.35
6206.24
6181.06
6223.37
6508.21
6627.43
7136.1
7086.86
7198.85
7170.7
7276.63
7152.88
6979.81
7009.56
6894.23
6721.08
6701.36
6742.97
6526.62
6197.84
6335.56
6209.71
5572.09
5715.92
6245.18
6495.15
5298.72
5930.17
