2088.95
2086.18
1879.87
2007.12
1974.69
1833.57
1809.54
1433.11
1098.29
1447.05
997.5
1115.78
1470.53
1606.04
1435.88
1787.25
1856.43
1865.11
1966.29
1669.13
1982.93
1941.41
1439.05
1125.16
1125.06
1253.61
1321.26
1333.71
1386.25
1395.79
1396.1
1529.65
1653.95
1562.65
1406.59
1416.09
1169.57
1008.64
1058.14
1050.04
1050.98
1024.55
1105.06
1363.32
1386.31
1321.26
1288.11
1195.37
1070.06
1080.37
1221.11
1038.07
1235.3
1201.92
1487.34
1518.55
1593.6
1410.42
1410.33
1564.47
1425.16
1500.1
1592.74
1570.2
1448.49
1895.25
1945.82
1535.65
1484.46
1688.32
1816.47
2025.58
2432.89
2721.78
2908.24
2852.93
2829.02
3229.6
3079.99
2835.11
2143.52
2795.3
2388.33
2976.85
3190.12
3294.08
3593.41
3682.73
3617.29
3369.14
3315.26
3290.68
3271.99
3830.49
4111.99
3547.35
4129.54
3455.24
3186.77
3005.01
2584.21
2612.89
2189.77
2194.84
2137.59
2305.64
2135.27
1967.28
1973.44
1846.9
1964.31
1992.46
2092.0
2415.25
2883.21
2686.52
2141.77
2329.44
2542.69
2310.15
2825.89
2458.65
2722.95
2969.83
3078.91
3097.92
3245.26
3266.62
3426.45
3784.23
3626.88
4002.88
3774.81
3597.92
3865.83
4286.46
4260.41
4290.59
4366.59
4326.76
4715.64
4351.63
4341.74
4215.21
4938.61
4397.08
5062.44
5219.08
4550.53
5110.86
5228.84
5308.52
6015.3
5984.26
6209.71
6508.21
6554.04
6514.72
6593.8
6369.28
6721.08
6407.52
6763.38
6642.27
6710.4
6979.81
6861.31
6839.59
6919.59
6495.15
5930.17
6890.94
6729.53
6607.13
6712.21
6646.55
6826.61
6894.23
7009.56
7198.85
7276.63
7489.2
7742.53
8084.88
7630.71
7341.65
7197.5
7093.42
7041.27
6964.01
7035.76
7137.03
7380.32
7703.1
8039.45
8059.65
7573.26
7877.19
7630.26
7739.86
7252.4
7268.06
7312.85
7575.15
7331.73
8035.2
7773.31
7773.92
7816.44
7641.77
8144.02
8043.71
8724.13
8516.02
8738.72
8069.81
8256.28
8001.57
7993.09
8098.16
7832.22
8144.16
7500.79
7213.44
7222.08
7830.35
8465.77
7918.53
7458.99
7677.73
7736.07
7838.22
7906.6
7927.49
7866.52
7840.31
7670.37
7532.9
7404.61
7245.13
7227.96
7106.01
6693.83
5672.7
5298.72
5715.92
6864.87
6470.74
5408.52
5457.82
6318.61
6165.35
6833.42
6672.69
6661.44
6446.31
6749.28
6923.41
7152.88
7083.49
7136.1
7170.7
7227.45
7086.86
7060.6
7046.57
6872.97
6742.89
6588.28
6398.77
5572.09
5799.24
5860.99
6206.24
6245.18
6304.53
6543.39
6586.01
6526.62
6742.97
6814.76
6312.03
6181.06
5944.87
6061.8
5989.27
5300.24
5783.15
6335.56
6223.37
6785.94
6947.06
6701.36
6623.01
6529.99
6627.43
6923.6
6734.99
6430.58
6197.84
