1846.9
1865.11
1688.32
1966.29
1425.16
1529.65
1562.65
1410.33
1105.06
1098.29
997.5
1195.37
1564.47
1964.31
1992.46
1945.82
1669.13
1973.44
2086.18
1967.28
1653.95
1435.88
1221.11
1169.57
1396.1
1470.53
1448.49
1333.71
1321.26
1406.59
1447.05
1410.42
1592.74
1125.16
1115.78
1386.25
1235.3
1201.92
1058.14
1038.07
1080.37
1070.06
1050.04
1024.55
1050.98
1008.64
1363.32
1125.06
1253.61
1288.11
1416.09
1395.79
1321.26
1386.31
1439.05
1487.34
1809.54
1570.2
1535.65
1606.04
1518.55
1433.11
1484.46
1500.1
1593.6
1982.93
1941.41
1787.25
1816.47
1895.25
1879.87
1974.69
2388.33
2722.95
2194.84
2829.02
2329.44
2542.69
2883.21
2825.89
2852.93
2795.3
2305.64
2612.89
2908.24
2969.83
2721.78
3784.23
3266.62
3626.88
3597.92
3271.99
3186.77
3097.92
3547.35
3290.68
3617.29
3369.14
3005.01
3190.12
2835.11
2432.89
2415.25
2686.52
2584.21
2310.15
2025.58
2143.52
1833.57
1856.43
2007.12
2088.95
2137.59
2189.77
2141.77
2092.0
2135.27
2458.65
2976.85
3229.6
3245.26
3593.41
3294.08
3426.45
3079.99
3078.91
3455.24
3315.26
3774.81
4326.76
4351.63
4397.08
4341.74
4111.99
3865.83
3830.49
3682.73
4215.21
4260.41
4002.88
4286.46
4129.54
4290.59
4366.59
4550.53
4938.61
5062.44
5110.86
5219.08
4715.64
5228.84
5298.72
5300.24
5930.17
5672.7
6312.03
5715.92
5783.15
5457.82
5408.52
5572.09
5799.24
6015.3
6335.56
6430.58
6588.28
6721.08
6508.21
6586.01
6742.97
6890.94
6979.81
7060.6
6833.42
7136.1
7093.42
7197.5
7312.85
7227.45
7341.65
7227.96
7222.08
7276.63
6826.61
7046.57
7009.56
6894.23
7152.88
6923.41
6839.59
6864.87
7041.27
7170.7
7245.13
7331.73
7532.9
8001.57
8059.65
8144.16
8738.72
8098.16
8516.02
7877.19
8069.81
8039.45
7993.09
7840.31
7630.26
7458.99
7573.26
7404.61
7380.32
7742.53
7268.06
7832.22
7838.22
8144.02
8465.77
8724.13
8256.28
8084.88
8035.2
7773.92
7816.44
7500.79
7703.1
7677.73
7918.53
8043.71
7927.49
7739.86
7736.07
7670.37
7906.6
7773.31
7866.52
7641.77
7830.35
7575.15
7630.71
7489.2
6964.01
6729.53
6318.61
6209.71
6061.8
6206.24
5984.26
6398.77
6529.99
6701.36
6919.59
7035.76
6623.01
6749.28
6646.55
6627.43
6710.4
6712.21
6742.89
7198.85
7086.86
7106.01
6693.83
5860.99
6304.53
7137.03
7252.4
6947.06
6734.99
6407.52
6661.44
6514.72
6446.31
6470.74
6543.39
6554.04
6607.13
6872.97
7083.49
6923.6
7213.44
6861.31
6814.76
6785.94
6763.38
6165.35
5944.87
6526.62
5308.52
6245.18
6369.28
5989.27
6197.84
6181.06
6495.15
6672.69
6642.27
6593.8
6223.37
