1592.74
2007.12
1856.43
1669.13
1416.09
1410.33
1321.26
1288.11
1221.11
1439.05
1570.2
1562.65
1470.53
1865.11
1966.29
1816.47
1564.47
1518.55
1333.71
1080.37
1058.14
1050.98
1024.55
1070.06
1125.16
1195.37
1235.3
1105.06
1253.61
1386.25
1386.31
1363.32
1448.49
1433.11
1125.06
1447.05
1321.26
1169.57
1406.59
1396.1
1410.42
1395.79
1098.29
1115.78
1038.07
997.5
1008.64
1050.04
1201.92
1435.88
1500.1
1484.46
1535.65
1425.16
1593.6
1833.57
1787.25
1653.95
1529.65
1487.34
1606.04
1809.54
1879.87
1688.32
1982.93
2141.77
1973.44
2092.0
1967.28
1941.41
1846.9
2135.27
3005.01
3455.24
3597.92
3426.45
3266.62
2852.93
2143.52
1895.25
1945.82
1974.69
1964.31
2542.69
2310.15
2305.64
2189.77
1992.46
2025.58
2088.95
2086.18
2137.59
2584.21
2883.21
2829.02
2795.3
3229.6
2388.33
2721.78
2722.95
2329.44
2458.65
2194.84
2686.52
2908.24
3315.26
2969.83
3245.26
3079.99
2612.89
2415.25
2835.11
2432.89
2825.89
3097.92
3271.99
3186.77
3190.12
2976.85
3078.91
3290.68
3547.35
3682.73
3774.81
3294.08
3626.88
3369.14
3593.41
3617.29
3830.49
5062.44
5228.84
4550.53
4215.21
4326.76
4938.61
4715.64
4366.59
4260.41
4111.99
4129.54
3784.23
3865.83
4002.88
4286.46
4341.74
4397.08
4351.63
4290.59
5110.86
5219.08
5298.72
5300.24
5408.52
5457.82
5308.52
5715.92
5984.26
6335.56
6209.71
6734.99
6721.08
6712.21
6923.41
6742.97
6661.44
6742.89
6693.83
6642.27
6245.18
6223.37
6369.28
6623.01
6839.59
7009.56
6919.59
6979.81
7677.73
7703.1
7773.31
7830.35
7500.79
7341.65
7252.4
7268.06
7245.13
7380.32
7670.37
7573.26
7152.88
7093.42
7137.03
6833.42
6729.53
6864.87
7041.27
7106.01
7641.77
7918.53
8465.77
8043.71
8144.02
7832.22
7276.63
7222.08
7736.07
7331.73
7489.2
7575.15
7458.99
7739.86
7816.44
7838.22
7906.6
8059.65
8256.28
8724.13
8738.72
8516.02
8084.88
7840.31
8001.57
7866.52
8035.2
7993.09
7773.92
7404.61
7630.26
7213.44
7630.71
7170.7
7877.19
8069.81
7927.49
8144.16
8098.16
8039.45
7532.9
7227.45
7060.6
6923.6
6861.31
6947.06
6508.21
6593.8
6495.15
6181.06
5930.17
5783.15
5572.09
6015.3
6430.58
6529.99
6470.74
6318.61
6407.52
6701.36
6749.28
7742.53
6646.55
7197.5
6785.94
7035.76
6964.01
6894.23
7198.85
7312.85
7136.1
6872.97
7227.96
6554.04
6814.76
6586.01
6312.03
6710.4
6672.69
6826.61
6627.43
6526.62
6588.28
6607.13
6763.38
7046.57
7086.86
7083.49
6890.94
6514.72
6061.8
5944.87
5799.24
5860.99
6165.35
6197.84
6398.77
5989.27
6206.24
6446.31
6304.53
6543.39
5672.7
