1593.6
1833.57
1879.87
1992.46
1856.43
1518.55
1416.09
1484.46
1606.04
1966.29
1895.25
1564.47
1535.65
1425.16
1321.26
1363.32
1333.71
1435.88
1439.05
1448.49
1410.42
1235.3
1288.11
1125.06
1201.92
1396.1
1406.59
1410.33
1253.61
1386.31
1169.57
1386.25
1321.26
1221.11
1080.37
1105.06
1070.06
997.5
1008.64
1050.98
1058.14
1024.55
1038.07
1098.29
1115.78
1050.04
1195.37
1395.79
1125.16
1447.05
1433.11
1487.34
1653.95
1500.1
2584.21
2542.69
2189.77
1529.65
1562.65
1846.9
1967.28
2432.89
1974.69
2310.15
1688.32
2086.18
1865.11
1787.25
1669.13
1941.41
1982.93
2092.0
2135.27
2686.52
2329.44
2194.84
2143.52
2458.65
2795.3
2388.33
2141.77
1809.54
1470.53
1570.2
1592.74
1945.82
1964.31
1816.47
2137.59
2025.58
2415.25
2088.95
2305.64
2721.78
2612.89
2722.95
2852.93
3005.01
2825.89
2969.83
2835.11
3190.12
3186.77
3078.91
3079.99
3271.99
3266.62
3315.26
2883.21
2007.12
1973.44
2908.24
3290.68
3229.6
2829.02
2976.85
3097.92
3245.26
3294.08
3369.14
3455.24
3426.45
3617.29
3593.41
3597.92
3547.35
3830.49
4002.88
3784.23
5228.84
4938.61
5110.86
4397.08
4351.63
4366.59
4260.41
4111.99
4215.21
3682.73
3865.83
3774.81
3626.88
4129.54
4286.46
4550.53
5062.44
4715.64
4290.59
5408.52
4326.76
4341.74
5298.72
5219.08
5300.24
5308.52
5457.82
5572.09
5672.7
6197.84
6304.53
6588.28
6446.31
6223.37
6061.8
5860.99
6470.74
6742.89
6734.99
6701.36
6710.4
6826.61
6661.44
6646.55
6312.03
6586.01
6749.28
7035.76
7906.6
8098.16
8256.28
8516.02
7866.52
7630.26
8465.77
8001.57
8724.13
8144.02
8738.72
7927.49
7641.77
7742.53
7677.73
7838.22
7573.26
7380.32
7532.9
7773.92
8059.65
8084.88
8144.16
8035.2
7773.31
7736.07
7197.5
7046.57
7198.85
7009.56
7170.7
7041.27
6979.81
6919.59
7227.45
6947.06
7222.08
7500.79
7060.6
7252.4
7703.1
7993.09
7877.19
7276.63
7245.13
7106.01
7341.65
7227.96
7136.1
7268.06
7830.35
7331.73
8039.45
7575.15
7489.2
7670.37
7816.44
7832.22
8043.71
7840.31
7404.61
7312.85
7093.42
7086.86
6894.23
6833.42
6607.13
6514.72
6554.04
6369.28
5783.15
5984.26
5715.92
6245.18
6398.77
6642.27
6627.43
6814.76
6861.31
6890.94
6964.01
7137.03
7152.88
7083.49
7458.99
7213.44
7630.71
7739.86
7918.53
8069.81
6923.6
6923.41
6729.53
6529.99
6335.56
6508.21
6165.35
6526.62
6407.52
6543.39
6712.21
6742.97
6763.38
6864.87
6872.97
6839.59
6785.94
6721.08
6693.83
6593.8
6318.61
6181.06
5930.17
5799.24
5989.27
6206.24
6495.15
6015.3
6623.01
6672.69
6430.58
6209.71
5944.87
