3245.26
2829.02
1439.05
1169.57
1410.33
1592.74
1688.32
1535.65
1669.13
1816.47
1562.65
1363.32
1386.31
1435.88
1470.53
1593.6
1447.05
1425.16
1395.79
1396.1
1416.09
1253.61
1080.37
1433.11
1606.04
1846.9
1564.47
1058.14
1024.55
1487.34
1518.55
1386.25
1105.06
1115.78
1125.16
1201.92
1235.3
1098.29
1125.06
1406.59
1050.98
1195.37
1321.26
1321.26
1333.71
1448.49
1221.11
1070.06
1038.07
1008.64
997.5
1050.04
1288.11
1410.42
1653.95
1529.65
1833.57
1570.2
1500.1
1484.46
1895.25
2025.58
2432.89
2795.3
2458.65
2415.25
2194.84
2143.52
2329.44
2086.18
2310.15
3229.6
3005.01
3266.62
3271.99
3315.26
3369.14
3097.92
2883.21
2686.52
2141.77
1967.28
1865.11
1879.87
1973.44
1787.25
1982.93
2137.59
2135.27
2388.33
2908.24
2612.89
3186.77
3078.91
2976.85
3294.08
3455.24
2969.83
3290.68
2835.11
2722.95
2305.64
2092.0
1974.69
2088.95
2542.69
1992.46
2007.12
1966.29
1856.43
1809.54
1941.41
1945.82
1964.31
2189.77
2584.21
2721.78
2852.93
2825.89
3079.99
3190.12
3547.35
3426.45
3617.29
3682.73
3626.88
3774.81
3597.92
3593.41
4286.46
3830.49
4260.41
4290.59
4129.54
3784.23
4111.99
3865.83
4326.76
4002.88
4215.21
4341.74
4351.63
4366.59
4550.53
4397.08
4715.64
4938.61
5110.86
5228.84
5062.44
5408.52
5300.24
5219.08
5457.82
5298.72
5308.52
5783.15
6015.3
6446.31
6543.39
6627.43
6508.21
6607.13
6586.01
6588.28
6872.97
6814.76
6923.41
6919.59
6861.31
7035.76
7083.49
7197.5
6964.01
7816.44
7222.08
7630.71
7838.22
7575.15
7276.63
7170.7
7213.44
7106.01
7046.57
6894.23
6742.97
6833.42
6742.89
6729.53
6749.28
6890.94
6710.4
7252.4
7152.88
7268.06
7341.65
7198.85
7331.73
7641.77
7739.86
7677.73
7573.26
7093.42
7086.86
7500.79
7227.45
7489.2
7380.32
7458.99
7630.26
7532.9
7703.1
7773.92
7736.07
7670.37
7773.31
8059.65
8256.28
8043.71
7918.53
7906.6
7830.35
7832.22
8098.16
7877.19
8001.57
7866.52
7927.49
8039.45
8084.88
7742.53
8738.72
7840.31
8465.77
8724.13
8144.16
8035.2
7993.09
8069.81
8516.02
8144.02
7312.85
6923.6
6693.83
6335.56
6839.59
6165.35
6398.77
6206.24
5672.7
5715.92
5860.99
5989.27
6061.8
6430.58
6646.55
6826.61
6947.06
7041.27
6864.87
6979.81
7137.03
7404.61
7227.96
7245.13
7136.1
7009.56
7060.6
6785.94
6734.99
6312.03
6245.18
6209.71
6197.84
6318.61
6529.99
6593.8
6495.15
6721.08
6672.69
6623.01
6661.44
6712.21
6763.38
6701.36
6514.72
6642.27
5944.87
6181.06
5572.09
5799.24
6223.37
6554.04
6369.28
5930.17
5984.26
6407.52
6526.62
6470.74
6304.53
