1787.25
1500.1
1221.11
1562.65
1425.16
1447.05
1964.31
1535.65
1816.47
1529.65
1593.6
1688.32
1865.11
1941.41
1470.53
1606.04
1395.79
1410.42
1386.25
1058.14
1050.04
1070.06
1080.37
1406.59
1487.34
1439.05
1518.55
1484.46
1333.71
1386.31
1321.26
1125.06
1105.06
1253.61
1288.11
1169.57
1235.3
1321.26
1125.16
1195.37
1115.78
1038.07
1024.55
997.5
1008.64
1050.98
1098.29
1201.92
1363.32
1416.09
1396.1
1435.88
1433.11
1410.33
1653.95
1448.49
1809.54
1846.9
1856.43
1879.87
2025.58
1974.69
2189.77
2329.44
2584.21
2825.89
2835.11
2721.78
3005.01
3245.26
2883.21
3229.6
2852.93
3078.91
3097.92
2722.95
2795.3
2310.15
2432.89
2143.52
2137.59
2686.52
1973.44
2088.95
2612.89
2542.69
3079.99
3271.99
3190.12
2969.83
3369.14
3315.26
3426.45
3593.41
3455.24
3290.68
3294.08
2976.85
2829.02
2415.25
2135.27
2007.12
1966.29
1982.93
2086.18
2092.0
1895.25
1592.74
1570.2
1564.47
1669.13
1833.57
1945.82
1967.28
2141.77
2305.64
1992.46
2388.33
2194.84
2458.65
2908.24
3186.77
3266.62
3617.29
3597.92
3682.73
4260.41
4366.59
4550.53
4326.76
4129.54
4215.21
4286.46
4341.74
4397.08
4290.59
3865.83
3774.81
3830.49
4111.99
3784.23
3547.35
3626.88
4002.88
4351.63
4715.64
5110.86
4938.61
5062.44
5219.08
5300.24
5298.72
5228.84
5308.52
5799.24
6312.03
6495.15
6710.4
6890.94
6742.97
7060.6
7136.1
7041.27
6839.59
6470.74
6749.28
6701.36
6061.8
6197.84
5860.99
6206.24
6514.72
6693.83
6894.23
6979.81
6814.76
7086.86
7046.57
7152.88
7245.13
7380.32
7532.9
7276.63
7489.2
7736.07
7773.31
7742.53
7832.22
7312.85
7575.15
7703.1
7877.19
8039.45
7670.37
7331.73
7840.31
7268.06
7573.26
7227.45
7198.85
6923.41
7137.03
6947.06
7009.56
6861.31
6864.87
7170.7
7252.4
7500.79
7641.77
7213.44
7630.71
7773.92
8059.65
8465.77
8098.16
8144.16
8738.72
8724.13
8256.28
8043.71
7677.73
7341.65
7222.08
7227.96
8144.02
7404.61
7866.52
7816.44
7993.09
8001.57
8035.2
8069.81
8516.02
7630.26
7906.6
7927.49
7830.35
7739.86
7918.53
8084.88
7838.22
7458.99
7197.5
6763.38
6923.6
7035.76
6734.99
7093.42
6785.94
6529.99
6872.97
6919.59
6508.21
6729.53
6446.31
5984.26
5783.15
6245.18
6430.58
6623.01
6586.01
6712.21
6369.28
6398.77
6646.55
7106.01
7083.49
6543.39
6554.04
6826.61
6833.42
6964.01
6661.44
6642.27
6672.69
6721.08
6593.8
6526.62
6407.52
6015.3
5989.27
6165.35
5408.52
5944.87
5457.82
5572.09
5672.7
5930.17
5715.92
6223.37
6181.06
6335.56
6742.89
6607.13
6627.43
6588.28
6318.61
6304.53
6209.71
