2025.58
1992.46
1606.04
1833.57
1439.05
1410.33
1386.25
1470.53
1592.74
1487.34
1787.25
1562.65
1846.9
1945.82
1669.13
2007.12
1435.88
1396.1
1321.26
1253.61
1386.31
1425.16
1363.32
1321.26
1333.71
1535.65
1966.29
1564.47
1416.09
1201.92
1235.3
1125.16
1115.78
1058.14
1050.04
1080.37
1008.64
1038.07
997.5
1024.55
1050.98
1070.06
1098.29
1125.06
1195.37
1105.06
1395.79
1169.57
1221.11
1406.59
1447.05
1518.55
1967.28
1973.44
2088.95
2194.84
2141.77
1974.69
1982.93
1865.11
1879.87
1895.25
1964.31
1809.54
1816.47
1570.2
1529.65
1500.1
1433.11
1448.49
1288.11
1410.42
1484.46
1593.6
1688.32
1653.95
1856.43
2086.18
2329.44
2686.52
2883.21
3078.91
3005.01
3455.24
3682.73
3597.92
3369.14
3079.99
2829.02
2189.77
2388.33
2137.59
1941.41
3245.26
3186.77
2976.85
2969.83
2415.25
2143.52
2092.0
2135.27
2721.78
2908.24
2825.89
2612.89
3626.88
2852.93
2835.11
2584.21
2542.69
2305.64
2310.15
2432.89
2458.65
2722.95
3294.08
3229.6
3315.26
3190.12
3271.99
3290.68
3266.62
2795.3
3097.92
3426.45
3593.41
3830.49
4341.74
3774.81
3547.35
3617.29
3865.83
4938.61
3784.23
4002.88
5110.86
4351.63
5062.44
4550.53
4366.59
4260.41
4111.99
4326.76
4129.54
4290.59
4397.08
5228.84
5219.08
4286.46
4215.21
4715.64
5298.72
5300.24
5408.52
5308.52
5457.82
5783.15
5984.26
6318.61
6526.62
6701.36
6514.72
6586.01
6495.15
6206.24
6181.06
5930.17
5799.24
5672.7
5572.09
5715.92
6369.28
6749.28
6923.41
7136.1
7035.76
6710.4
7093.42
7086.86
7198.85
7227.96
7331.73
7458.99
7918.53
7993.09
7906.6
7840.31
7773.31
7677.73
7739.86
7830.35
7838.22
8035.2
8059.65
8098.16
8738.72
8084.88
8256.28
8144.16
8724.13
8465.77
8043.71
8039.45
7736.07
7312.85
7630.26
7532.9
7380.32
7573.26
7404.61
7742.53
7670.37
7641.77
7877.19
8069.81
7773.92
8144.02
8516.02
8001.57
7866.52
7489.2
7268.06
7222.08
7197.5
7106.01
7009.56
6593.8
6964.01
6833.42
7083.49
7152.88
7245.13
7832.22
7703.1
7816.44
7927.49
7341.65
7630.71
7500.79
7276.63
7575.15
7252.4
7227.45
6763.38
6947.06
6894.23
7041.27
6864.87
6693.83
6554.04
6672.69
6923.6
7060.6
6979.81
6872.97
6890.94
6712.21
6734.99
7170.7
6642.27
6861.31
6826.61
7213.44
6742.89
7046.57
7137.03
6729.53
6919.59
6814.76
6646.55
6407.52
6446.31
6588.28
6508.21
6470.74
6721.08
6785.94
6742.97
6839.59
6627.43
6661.44
5989.27
6209.71
6335.56
6529.99
6543.39
6623.01
6197.84
6607.13
6223.37
6061.8
6245.18
5860.99
6015.3
5944.87
6165.35
6312.03
6304.53
6430.58
6398.77
