1992.46
2686.52
2329.44
2584.21
2305.64
1833.57
1562.65
1386.31
1253.61
1201.92
1321.26
1535.65
1809.54
1967.28
1846.9
1669.13
1470.53
1593.6
1518.55
1487.34
1447.05
1288.11
1235.3
1105.06
1080.37
1115.78
1221.11
1008.64
1024.55
997.5
1050.04
1050.98
1038.07
1058.14
1070.06
1125.16
1169.57
1125.06
1098.29
1195.37
1333.71
1410.33
1484.46
1433.11
1416.09
1395.79
1363.32
1321.26
1396.1
1606.04
1439.05
1435.88
1787.25
1570.2
1816.47
1964.31
2135.27
1879.87
1945.82
2092.0
2189.77
1653.95
2086.18
1856.43
1410.42
1448.49
1386.25
1564.47
1425.16
1406.59
1500.1
1982.93
2088.95
2795.3
2969.83
2141.77
2143.52
2825.89
2721.78
2908.24
2722.95
3079.99
2388.33
2432.89
2829.02
2835.11
2612.89
2458.65
2976.85
3097.92
2542.69
2852.93
3005.01
3190.12
3266.62
3245.26
3426.45
2883.21
2415.25
2194.84
1529.65
1865.11
1688.32
1974.69
2007.12
2137.59
1941.41
1966.29
1895.25
1592.74
1973.44
2025.58
2310.15
3078.91
3186.77
3547.35
3455.24
3593.41
3774.81
3682.73
3369.14
3229.6
3271.99
3290.68
3315.26
3294.08
3597.92
3617.29
3626.88
4002.88
4286.46
4129.54
4215.21
4111.99
3830.49
3784.23
3865.83
4290.59
4326.76
4341.74
4366.59
4260.41
4397.08
4351.63
4550.53
4715.64
5228.84
5219.08
5572.09
5672.7
6245.18
6623.01
5984.26
6839.59
6508.21
6607.13
6543.39
6407.52
6529.99
6586.01
6446.31
5799.24
5298.72
5110.86
5457.82
6593.8
6979.81
6526.62
5062.44
5300.24
5944.87
6369.28
6223.37
6470.74
6661.44
6894.23
6923.41
7252.4
7227.45
7222.08
7198.85
7573.26
7877.19
8039.45
8084.88
8516.02
8724.13
8069.81
7742.53
7773.92
7866.52
7170.7
7677.73
7906.6
7816.44
8059.65
8256.28
8738.72
8465.77
8144.16
8001.57
8144.02
7532.9
7197.5
7137.03
7106.01
7060.6
7703.1
7500.79
7136.1
7152.88
7245.13
7773.31
7276.63
7736.07
7458.99
7840.31
7993.09
7927.49
7489.2
7331.73
7086.86
7046.57
7832.22
7575.15
7009.56
6923.6
7213.44
7641.77
8035.2
7830.35
7838.22
7918.53
7670.37
7227.96
7630.26
7380.32
7341.65
7739.86
7630.71
7268.06
7312.85
7035.76
6763.38
6861.31
6964.01
7083.49
6554.04
6642.27
6165.35
6335.56
6693.83
6947.06
6712.21
6826.61
6742.97
6729.53
6742.89
6749.28
6514.72
6588.28
6398.77
6721.08
7041.27
7404.61
8098.16
8043.71
7093.42
6833.42
6181.06
4938.61
5408.52
5308.52
5783.15
6312.03
6814.76
6672.69
6919.59
6701.36
6864.87
6872.97
6785.94
6890.94
6710.4
6318.61
6015.3
5989.27
5860.99
5715.92
6304.53
6495.15
6209.71
6206.24
6430.58
6061.8
6627.43
6734.99
6646.55
6197.84
5930.17
