1945.82
2310.15
2092.0
1447.05
1518.55
1386.25
1487.34
1484.46
1592.74
1606.04
1669.13
1593.6
1809.54
1833.57
1941.41
1895.25
1816.47
1562.65
1653.95
1435.88
1570.2
1406.59
1363.32
1125.06
1201.92
1395.79
1448.49
1410.33
1500.1
1846.9
1433.11
1439.05
1396.1
1038.07
1070.06
1125.16
1253.61
1235.3
1058.14
1169.57
1115.78
1050.98
1195.37
1333.71
1321.26
1221.11
1288.11
1050.04
1024.55
1105.06
1080.37
997.5
1098.29
1008.64
1321.26
1529.65
1470.53
1416.09
1386.31
1535.65
1787.25
2007.12
1967.28
1964.31
1856.43
1974.69
1992.46
1564.47
2542.69
2025.58
2584.21
2795.3
2825.89
3078.91
2969.83
3005.01
3245.26
3455.24
2883.21
2686.52
1688.32
1410.42
1425.16
1966.29
2612.89
2829.02
3079.99
2908.24
2852.93
3190.12
3229.6
2721.78
3266.62
3626.88
3426.45
3682.73
3597.92
3617.29
3593.41
3294.08
2976.85
2722.95
2305.64
2432.89
2388.33
2458.65
2189.77
2135.27
2086.18
1982.93
1865.11
1973.44
1879.87
2088.95
2194.84
2143.52
2141.77
2137.59
2329.44
2415.25
2835.11
3186.77
3369.14
3271.99
3097.92
3290.68
3547.35
3784.23
3865.83
4341.74
4715.64
4550.53
4215.21
3315.26
3774.81
4286.46
4938.61
4260.41
4111.99
3830.49
4129.54
4002.88
4290.59
4351.63
4326.76
4366.59
5062.44
4397.08
5110.86
5219.08
5228.84
5408.52
5308.52
5799.24
5457.82
6223.37
6430.58
7341.65
7575.15
7500.79
7573.26
7677.73
7641.77
7739.86
7086.86
7380.32
7268.06
7331.73
7276.63
6861.31
6826.61
6712.21
7170.7
6964.01
6979.81
7197.5
6894.23
7532.9
7009.56
7630.71
7404.61
7670.37
7703.1
7736.07
7458.99
7106.01
7060.6
6721.08
6607.13
6623.01
6672.69
6872.97
6642.27
7093.42
6923.41
7227.45
6947.06
7222.08
6734.99
7137.03
6407.52
6529.99
6335.56
6181.06
6446.31
6554.04
6742.97
6661.44
6919.59
7136.1
7227.96
7489.2
7816.44
7742.53
7927.49
7866.52
8516.02
8256.28
8069.81
8035.2
8098.16
7877.19
7838.22
8144.16
8001.57
8039.45
8059.65
8724.13
8465.77
8084.88
7906.6
7832.22
7773.31
7840.31
7993.09
8043.71
8738.72
7918.53
8144.02
7830.35
7773.92
7630.26
7245.13
6693.83
6646.55
6864.87
6785.94
6701.36
6742.89
6593.8
6814.76
6839.59
6749.28
6588.28
6729.53
6710.4
6923.6
7312.85
7252.4
7198.85
7152.88
7213.44
7083.49
6763.38
6543.39
7046.57
6495.15
7041.27
6586.01
7035.76
6526.62
6890.94
6470.74
6312.03
6015.3
5984.26
5783.15
5989.27
6318.61
6508.21
6627.43
6514.72
6206.24
6165.35
5672.7
5298.72
5300.24
5572.09
5715.92
5930.17
5944.87
6398.77
6304.53
6369.28
6061.8
6197.84
6245.18
6209.71
6833.42
5860.99
