1487.34
2415.25
1967.28
1653.95
1435.88
1535.65
1856.43
1406.59
1416.09
1221.11
1253.61
1386.31
1439.05
1895.25
1945.82
1809.54
2086.18
2458.65
2092.0
1992.46
1500.1
1396.1
1195.37
1080.37
1058.14
1070.06
1008.64
1050.04
1038.07
1098.29
1050.98
1115.78
1235.3
1386.25
1024.55
1470.53
1363.32
1321.26
1125.16
1105.06
1321.26
1125.06
997.5
1169.57
1288.11
1447.05
1570.2
2137.59
1879.87
2135.27
1865.11
1846.9
1941.41
1787.25
1669.13
2852.93
2305.64
2141.77
2194.84
2025.58
2329.44
1982.93
1833.57
1966.29
1529.65
1484.46
1448.49
1425.16
1410.33
1333.71
1201.92
1395.79
1410.42
1518.55
2432.89
1973.44
2388.33
2825.89
2584.21
2542.69
2189.77
1816.47
2310.15
1964.31
2722.95
2795.3
2829.02
2969.83
3190.12
3245.26
3369.14
3426.45
3597.92
4111.99
3830.49
3865.83
3617.29
3266.62
3271.99
2883.21
2143.52
2088.95
1688.32
1592.74
1562.65
1606.04
1974.69
1433.11
1593.6
1564.47
2007.12
2612.89
2721.78
2835.11
3005.01
2908.24
2686.52
3078.91
2976.85
3290.68
3186.77
3079.99
3229.6
3294.08
3097.92
3455.24
3315.26
3547.35
3593.41
4129.54
4326.76
4260.41
4215.21
4290.59
4366.59
4550.53
4351.63
4286.46
3784.23
3626.88
3774.81
3682.73
4002.88
4341.74
4397.08
4715.64
5110.86
4938.61
5062.44
5228.84
5219.08
5298.72
5300.24
5308.52
5457.82
5408.52
5572.09
6015.3
5860.99
6209.71
6181.06
6061.8
6165.35
6514.72
6470.74
6734.99
6729.53
6627.43
6672.69
6861.31
6979.81
6872.97
7060.6
7009.56
7041.27
7035.76
7106.01
7046.57
7213.44
7222.08
7630.71
7573.26
7341.65
7830.35
7742.53
7736.07
8465.77
8069.81
7641.77
7170.7
7086.86
7227.45
7312.85
7677.73
7380.32
7197.5
7331.73
7840.31
7866.52
8256.28
7927.49
7773.92
7816.44
7630.26
7906.6
7832.22
7575.15
8039.45
8001.57
7458.99
7670.37
7532.9
7489.2
7739.86
8084.88
8144.02
8738.72
8724.13
8516.02
8098.16
8043.71
7838.22
7245.13
7500.79
7268.06
7703.1
7918.53
8144.16
7773.31
7993.09
7404.61
8059.65
7877.19
8035.2
7252.4
7276.63
7198.85
6919.59
7137.03
7093.42
6964.01
6890.94
6607.13
6312.03
6407.52
5989.27
6223.37
5783.15
5799.24
5944.87
6430.58
6554.04
6369.28
5984.26
6318.61
5930.17
5672.7
6197.84
6642.27
6749.28
7152.88
7227.96
7136.1
6742.97
6398.77
6864.87
7083.49
6923.41
6894.23
6593.8
6529.99
6712.21
6693.83
6701.36
6661.44
6646.55
6742.89
6710.4
6785.94
6814.76
6826.61
6763.38
6839.59
6923.6
6947.06
6721.08
6543.39
6508.21
6446.31
6495.15
6588.28
6206.24
6586.01
6304.53
6245.18
6335.56
6526.62
6623.01
6833.42
5715.92
