1816.47
1966.29
2086.18
2194.84
2143.52
1592.74
1518.55
1253.61
1396.1
1125.16
1447.05
1125.06
1529.65
1410.33
1562.65
1410.42
1669.13
1386.31
1570.2
1487.34
1809.54
1435.88
1484.46
1865.11
1833.57
1395.79
1973.44
1416.09
1406.59
1500.1
1470.53
1564.47
1535.65
1221.11
1235.3
1070.06
1024.55
997.5
1008.64
1038.07
1058.14
1080.37
1098.29
1050.04
1050.98
1105.06
1115.78
1195.37
1321.26
1846.9
1856.43
1688.32
1653.95
1787.25
1964.31
1982.93
1967.28
1606.04
1363.32
1201.92
1425.16
1433.11
1448.49
1333.71
1288.11
1321.26
1169.57
1386.25
1439.05
1945.82
2092.0
2835.11
3097.92
3005.01
2542.69
2135.27
1974.69
2088.95
2007.12
2189.77
2137.59
2329.44
2584.21
2612.89
3315.26
3290.68
3682.73
3455.24
3784.23
3626.88
3617.29
3426.45
3597.92
3593.41
3547.35
3294.08
3266.62
2458.65
2825.89
2415.25
2432.89
2795.3
2686.52
2722.95
2388.33
1992.46
1941.41
1593.6
1879.87
1895.25
2025.58
2141.77
2305.64
2310.15
2829.02
2976.85
2883.21
3078.91
2969.83
2908.24
2721.78
2852.93
3245.26
3079.99
3271.99
3190.12
3229.6
3186.77
3369.14
4260.41
4397.08
4550.53
4366.59
3774.81
3830.49
4290.59
4341.74
4111.99
4002.88
4129.54
4215.21
3865.83
4286.46
4326.76
4351.63
4715.64
5062.44
4938.61
5219.08
5110.86
5228.84
5298.72
5300.24
5308.52
5408.52
5457.82
5572.09
5672.7
5715.92
5930.17
6430.58
6526.62
6672.69
6749.28
6245.18
6470.74
6661.44
6701.36
6729.53
6872.97
6814.76
7035.76
7093.42
7046.57
7009.56
6919.59
6721.08
6894.23
7083.49
7213.44
7312.85
7816.44
8039.45
8001.57
7331.73
7380.32
7573.26
7458.99
7245.13
7703.1
7918.53
7739.86
7832.22
7840.31
7252.4
7222.08
7198.85
7268.06
7227.45
7575.15
7341.65
7641.77
7736.07
7197.5
7276.63
7489.2
7532.9
7670.37
7906.6
7927.49
8084.88
8059.65
8724.13
8144.16
8144.02
8069.81
8516.02
8738.72
8465.77
8098.16
8256.28
7838.22
7993.09
8043.71
8035.2
7500.79
7773.92
7677.73
7404.61
7830.35
7630.26
7773.31
7866.52
7877.19
7742.53
7630.71
7227.96
7137.03
7152.88
7170.7
7136.1
7086.86
6826.61
6335.56
5984.26
6197.84
6318.61
5989.27
6369.28
6543.39
6734.99
6861.31
6642.27
6495.15
6206.24
6015.3
6165.35
6529.99
6061.8
6223.37
6627.43
6508.21
6607.13
6839.59
6593.8
6742.89
6398.77
6947.06
6446.31
6712.21
6864.87
7041.27
6833.42
6785.94
6586.01
6890.94
6623.01
6710.4
6588.28
6554.04
6646.55
6514.72
6304.53
6407.52
5944.87
5783.15
5860.99
5799.24
6181.06
6312.03
6763.38
6693.83
6979.81
6964.01
7060.6
6923.6
7106.01
6923.41
6742.97
6209.71
