1856.43
2310.15
2388.33
2137.59
1945.82
1470.53
1487.34
1363.32
1448.49
1484.46
1606.04
2007.12
1992.46
1809.54
1688.32
2141.77
2194.84
1833.57
1500.1
1518.55
1439.05
1410.42
1416.09
1396.1
1406.59
1333.71
1435.88
1221.11
1050.98
1058.14
1050.04
1098.29
1070.06
1105.06
1235.3
1253.61
1125.16
1038.07
1080.37
997.5
1008.64
1024.55
1125.06
1169.57
1288.11
1115.78
1386.25
1321.26
1386.31
1535.65
1570.2
1410.33
1895.25
1879.87
1966.29
1982.93
1974.69
1593.6
1447.05
1321.26
1395.79
1201.92
1195.37
1433.11
1425.16
1592.74
1653.95
1816.47
1669.13
1941.41
1529.65
2092.0
2088.95
2135.27
2415.25
2143.52
2329.44
2612.89
2721.78
2686.52
2584.21
2458.65
2432.89
2883.21
2825.89
3079.99
3186.77
3190.12
3266.62
3290.68
3626.88
3426.45
3597.92
4215.21
4326.76
4002.88
3617.29
3455.24
3005.01
2835.11
1964.31
2086.18
1846.9
1787.25
1562.65
1967.28
1564.47
1865.11
2025.58
1973.44
2189.77
2305.64
2542.69
2908.24
2722.95
3097.92
2976.85
2852.93
3078.91
2829.02
2795.3
2969.83
3229.6
3245.26
3294.08
3271.99
3369.14
3315.26
4129.54
4366.59
4290.59
4351.63
4286.46
3784.23
3774.81
4111.99
3593.41
3865.83
3682.73
3830.49
4341.74
3547.35
4260.41
4397.08
4938.61
4715.64
5298.72
5062.44
4550.53
5219.08
5228.84
5110.86
5300.24
5457.82
6206.24
5944.87
6369.28
6398.77
6529.99
6693.83
6749.28
6710.4
6661.44
6623.01
5989.27
6304.53
6061.8
5408.52
5572.09
5783.15
6470.74
6814.76
6872.97
7227.96
7198.85
7331.73
6890.94
6864.87
6554.04
6586.01
6721.08
6964.01
7404.61
7742.53
7866.52
7830.35
7573.26
7816.44
7630.26
7341.65
7670.37
7312.85
7252.4
7046.57
7170.7
6919.59
7093.42
7060.6
7083.49
7268.06
7213.44
7136.1
7245.13
7458.99
7489.2
7575.15
7736.07
7840.31
7380.32
7677.73
7532.9
7641.77
7773.31
7838.22
8098.16
8084.88
8516.02
8738.72
8724.13
8256.28
8059.65
7927.49
7832.22
7918.53
8001.57
8039.45
7993.09
8069.81
8144.16
8465.77
8144.02
8043.71
7906.6
7739.86
7877.19
8035.2
7773.92
7703.1
7630.71
7500.79
7276.63
7035.76
6763.38
6430.58
6588.28
6826.61
6593.8
5715.92
5308.52
5672.7
6209.71
6508.21
6407.52
6543.39
6223.37
6335.56
6526.62
6607.13
6734.99
6839.59
6923.41
7041.27
7009.56
6894.23
6979.81
7106.01
7227.45
7137.03
7152.88
7086.86
6923.6
6947.06
7197.5
6861.31
6785.94
7222.08
6646.55
6833.42
6642.27
6712.21
6627.43
6742.89
6742.97
6701.36
6245.18
5984.26
5930.17
5860.99
6181.06
6015.3
6312.03
6514.72
6165.35
6446.31
6197.84
6318.61
6672.69
6729.53
6495.15
5799.24
