1982.93
2189.77
2092.0
1941.41
1564.47
1593.6
1688.32
1669.13
1653.95
1470.53
1967.28
1416.09
1809.54
1973.44
1945.82
1406.59
1500.1
1570.2
1447.05
1396.1
1592.74
1425.16
1125.16
1529.65
1395.79
1435.88
1856.43
1535.65
1410.42
1115.78
1050.04
997.5
1008.64
1024.55
1050.98
1105.06
1058.14
1321.26
1169.57
1080.37
1333.71
1038.07
1410.33
1433.11
1562.65
1606.04
1484.46
1487.34
1321.26
1288.11
1448.49
1195.37
1070.06
1098.29
1253.61
1201.92
1386.31
1125.06
1386.25
1846.9
1439.05
1895.25
1518.55
1363.32
1235.3
1787.25
1221.11
1816.47
1879.87
2542.69
2432.89
2825.89
2415.25
2458.65
2305.64
1992.46
2086.18
2388.33
2137.59
2584.21
2194.84
2329.44
2088.95
2141.77
2612.89
2722.95
3005.01
3097.92
3245.26
3547.35
3426.45
3315.26
3455.24
3271.99
3266.62
3784.23
3774.81
3294.08
2829.02
2883.21
2835.11
3078.91
2852.93
2908.24
2976.85
2795.3
2310.15
2143.52
2007.12
1833.57
2135.27
1966.29
1964.31
1974.69
1865.11
2025.58
2686.52
2721.78
3190.12
3186.77
3079.99
2969.83
3229.6
3369.14
3290.68
3597.92
3682.73
3593.41
3617.29
3626.88
3830.49
4111.99
4215.21
4260.41
4129.54
3865.83
4002.88
4286.46
4351.63
4550.53
4397.08
4326.76
4290.59
4366.59
4341.74
4715.64
4938.61
5062.44
5110.86
5228.84
5300.24
5308.52
5408.52
5572.09
5989.27
6318.61
6407.52
6623.01
6872.97
6979.81
7093.42
6964.01
6495.15
6245.18
6206.24
6588.28
6470.74
5944.87
5799.24
6181.06
6627.43
6734.99
6693.83
6763.38
6814.76
6864.87
6923.6
7086.86
7041.27
7197.5
7198.85
7532.9
7331.73
7677.73
7227.45
7573.26
7106.01
7227.96
7046.57
7152.88
7630.71
7773.31
7703.1
7380.32
7670.37
8098.16
7838.22
8043.71
8738.72
8465.77
7906.6
8059.65
7877.19
7404.61
7341.65
7252.4
7630.26
7742.53
7816.44
7641.77
7830.35
7866.52
8084.88
7918.53
7927.49
7993.09
8256.28
8516.02
8724.13
8069.81
8035.2
7773.92
7500.79
7312.85
7137.03
6947.06
7035.76
7736.07
8144.02
8144.16
8039.45
8001.57
7832.22
7489.2
7009.56
7222.08
7060.6
6721.08
7840.31
6839.59
7245.13
6593.8
6061.8
5783.15
5219.08
5457.82
5672.7
5298.72
5715.92
5930.17
5860.99
6661.44
6785.94
6742.89
7083.49
7170.7
7268.06
7739.86
7575.15
7458.99
7276.63
7213.44
7136.1
6919.59
6833.42
6890.94
6607.13
6508.21
6369.28
6554.04
6642.27
6749.28
6742.97
6446.31
6223.37
6586.01
6015.3
6197.84
6430.58
6701.36
6712.21
6304.53
6209.71
6398.77
6165.35
6335.56
6312.03
6526.62
6529.99
6710.4
6861.31
6894.23
6826.61
6729.53
6543.39
6514.72
6646.55
6923.41
6672.69
5984.26
