2388.33
2432.89
1816.47
1895.25
1865.11
1809.54
1487.34
1833.57
1593.6
1395.79
1529.65
1564.47
1653.95
1669.13
1570.2
1500.1
1235.3
1105.06
1070.06
1221.11
1406.59
1115.78
1008.64
1058.14
997.5
1024.55
1435.88
1253.61
1562.65
1941.41
1846.9
1787.25
1416.09
1201.92
1386.31
1288.11
1195.37
1321.26
1321.26
1169.57
1050.04
1050.98
1125.16
1386.25
1447.05
1518.55
1363.32
1080.37
1333.71
1410.42
1879.87
1535.65
1433.11
1125.06
1410.33
1484.46
1425.16
1470.53
2007.12
1592.74
2329.44
2088.95
2025.58
1688.32
1396.1
1448.49
1098.29
1038.07
1439.05
1606.04
1967.28
2612.89
2795.3
2852.93
2415.25
1992.46
2092.0
2458.65
2883.21
3290.68
2969.83
2194.84
2137.59
1974.69
2143.52
2135.27
2721.78
2835.11
3315.26
3597.92
3617.29
3547.35
3369.14
3079.99
3190.12
2976.85
3186.77
3005.01
3294.08
3245.26
2829.02
3593.41
3271.99
2722.95
2584.21
3078.91
1973.44
2086.18
2310.15
1945.82
1964.31
1966.29
1856.43
1982.93
2141.77
2542.69
2908.24
3097.92
3229.6
2825.89
2305.64
2189.77
2686.52
3266.62
3455.24
3426.45
3626.88
3784.23
4351.63
4397.08
4550.53
4111.99
4260.41
4129.54
4215.21
4290.59
4326.76
4366.59
4286.46
3830.49
3865.83
3774.81
3682.73
4002.88
4341.74
4715.64
5062.44
4938.61
5110.86
5228.84
5308.52
5408.52
5300.24
5219.08
5298.72
5457.82
6223.37
6398.77
6710.4
7086.86
7009.56
6734.99
6508.21
6312.03
6446.31
6529.99
6763.38
6661.44
6165.35
6495.15
6839.59
6749.28
6607.13
6335.56
6712.21
6826.61
6872.97
7041.27
7197.5
7170.7
7276.63
7380.32
7641.77
7816.44
7866.52
7927.49
7993.09
7312.85
7046.57
6923.41
7060.6
6979.81
7136.1
7252.4
7404.61
7489.2
8069.81
8256.28
8039.45
7773.92
7227.45
7093.42
6861.31
6785.94
6919.59
6833.42
7083.49
7630.71
7532.9
7268.06
7227.96
7245.13
7918.53
7906.6
8144.16
8144.02
8724.13
8738.72
8465.77
8516.02
8043.71
8084.88
8001.57
7832.22
7670.37
6923.6
6864.87
7458.99
7152.88
8035.2
7838.22
7739.86
7575.15
7703.1
7840.31
7773.31
7736.07
7742.53
8059.65
7630.26
7341.65
7222.08
6701.36
6209.71
6369.28
5984.26
5989.27
5572.09
5799.24
5715.92
5944.87
6245.18
6526.62
6627.43
6742.89
6742.97
6964.01
7331.73
7877.19
7137.03
8098.16
7830.35
7573.26
7677.73
7500.79
7213.44
7198.85
6729.53
6672.69
6514.72
6015.3
6430.58
6407.52
6206.24
6588.28
6623.01
6543.39
6593.8
6646.55
6693.83
6814.76
6890.94
7106.01
7035.76
6947.06
6894.23
6642.27
6586.01
6181.06
5783.15
6197.84
6470.74
6721.08
6554.04
6318.61
5860.99
5672.7
5930.17
6061.8
6304.53
