1856.43
2025.58
1895.25
1865.11
1562.65
1447.05
1816.47
1833.57
1518.55
1416.09
1564.47
1321.26
1406.59
1425.16
1395.79
1363.32
1448.49
1396.1
1439.05
1500.1
1410.42
1169.57
1321.26
1410.33
1201.92
1653.95
1487.34
1386.25
1235.3
1125.06
1070.06
1024.55
1105.06
1080.37
1221.11
1433.11
1058.14
1288.11
1050.04
997.5
1008.64
1038.07
1050.98
1125.16
1253.61
1098.29
1115.78
1195.37
1333.71
1386.31
1593.6
1535.65
1470.53
1484.46
1606.04
1592.74
1688.32
1529.65
1435.88
1570.2
1669.13
1809.54
1846.9
1941.41
2088.95
2135.27
2189.77
2137.59
1982.93
2722.95
2143.52
2584.21
2458.65
2612.89
2141.77
2305.64
2415.25
2721.78
2835.11
2007.12
1974.69
1879.87
1966.29
1973.44
1945.82
1967.28
2092.0
1787.25
2194.84
2542.69
2969.83
3229.6
3547.35
3784.23
3617.29
3078.91
2883.21
3294.08
3290.68
2976.85
2329.44
2086.18
1964.31
1992.46
2432.89
2829.02
2686.52
2908.24
2852.93
2310.15
2825.89
2388.33
2795.3
3245.26
3005.01
3266.62
3190.12
3097.92
3079.99
3186.77
3271.99
3369.14
3593.41
3865.83
4397.08
4129.54
4260.41
4002.88
4215.21
4351.63
4326.76
4111.99
3426.45
3315.26
3626.88
4290.59
3830.49
3455.24
3597.92
3774.81
4286.46
3682.73
4341.74
4366.59
4550.53
4715.64
4938.61
5062.44
5219.08
5110.86
5298.72
5228.84
5300.24
5308.52
5408.52
5783.15
6398.77
6514.72
6721.08
6646.55
6693.83
6508.21
6223.37
6304.53
5930.17
5457.82
6470.74
5572.09
5799.24
5860.99
6197.84
6627.43
6833.42
6734.99
7106.01
7083.49
7170.7
7489.2
6979.81
7009.56
7227.45
7137.03
7458.99
7677.73
7739.86
7830.35
8035.2
8098.16
8039.45
7993.09
8465.77
8144.02
7927.49
7832.22
7742.53
7816.44
7773.92
8001.57
7840.31
7866.52
7532.9
7641.77
7268.06
7152.88
7380.32
7670.37
7703.1
7245.13
6923.6
7213.44
7060.6
7136.1
7222.08
7276.63
7404.61
7331.73
7773.31
7918.53
7838.22
7877.19
7312.85
7630.71
7227.96
7093.42
7041.27
7197.5
7630.26
8043.71
8724.13
8516.02
8144.16
8069.81
8059.65
8738.72
8256.28
8084.88
7575.15
7736.07
7906.6
7341.65
7573.26
6964.01
6785.94
6407.52
6710.4
6446.31
6430.58
6181.06
6061.8
5989.27
6318.61
6543.39
6588.28
6526.62
6661.44
6593.8
6672.69
6742.89
6763.38
6749.28
6826.61
6607.13
7086.86
6814.76
6919.59
7252.4
7500.79
6890.94
7046.57
7198.85
6742.97
6894.23
7035.76
6861.31
6923.41
6872.97
6947.06
6729.53
6701.36
6554.04
6335.56
6312.03
6245.18
6165.35
6369.28
6209.71
5984.26
5715.92
5944.87
5672.7
6206.24
6586.01
6623.01
6495.15
6529.99
6712.21
6864.87
6839.59
6642.27
6015.3
