2835.11
2908.24
1846.9
2721.7799999999997
1833.5700000000002
1487.34
1433.1100000000001
1879.87
1809.54
1535.65
1425.16
1333.71
1410.33
1396.1
1447.05
1470.53
1416.09
1435.88
1201.92
1098.29
997.5
1008.64
1038.07
1050.04
1024.55
1115.78
1606.04
1169.57
1288.1100000000001
1945.8200000000002
1105.06
1321.26
1080.37
1050.98
1058.14
1070.06
1395.79
1321.26
1410.42
1564.47
1406.59
1439.05
1221.1100000000001
1448.49
1518.55
1253.6100000000001
1484.46
1125.06
1386.31
1235.3
1195.37
1125.16
1386.25
1363.32
1500.1
1816.47
1653.95
1688.3200000000002
1592.74
1570.2
1562.65
1529.65
1669.13
2007.12
2141.77
2829.02
2612.89
2305.64
1973.44
1593.6
1865.1100000000001
2088.95
2310.15
2825.89
2458.65
1982.9299999999998
2135.27
2194.84
2542.69
2137.59
1992.46
1895.25
1974.69
1967.28
2432.89
2722.95
3005.01
3078.91
2883.21
3315.26
3190.12
3097.92
3271.99
3290.68
3784.23
3626.88
3547.35
3426.45
3266.62
2976.85
2852.93
2686.52
2329.44
2388.33
2584.21
2415.25
1964.31
2092.0
2025.58
1856.4299999999998
1787.25
2086.18
1966.29
2143.52
1941.4099999999999
2189.77
2795.3
2969.83
3079.99
3597.92
3229.6
3593.41
3369.14
3245.26
3186.77
3294.08
3455.24
3830.49
4129.54
4397.08
4341.74
4215.21
3774.81
3865.83
3682.73
4002.88
3617.29
4111.99
4286.46
4260.41
4351.63
4366.59
4550.53
5062.44
4715.64
4938.61
4326.76
4290.59
5110.86
5219.08
5228.84
5298.72
5308.52
5300.24
5715.92
5860.99
6181.06
6369.28
6543.39
6814.76
6721.08
6607.13
6642.27
6470.74
6446.31
6514.72
6209.71
6061.8
5984.26
5672.7
6197.84
6245.18
6749.28
6586.01
7268.06
7227.96
7341.65
7213.44
7573.26
7838.22
7832.22
7877.1900000000005
8001.57
7918.53
7830.35
7866.52
7458.99
7739.86
7630.26
7575.15
7489.2
7331.73
7222.08
7198.85
6919.59
7041.27
7060.6
7312.85
7380.32
7152.88
7137.03
7500.79
6947.0599999999995
7245.13
7197.5
7252.4
7093.42
6872.97
6839.59
6923.6
7677.73
8059.65
8084.88
8098.16
8144.16
8256.28
8516.02
8738.72
8724.13
8465.77
8043.71
7227.45
7106.01
7170.7
7404.61
7773.3099999999995
7993.09
8144.02
8069.81
7927.49
7703.1
7532.9
7736.07
8035.2
8039.45
7906.6
7083.49
7670.37
7641.77
7773.92
7840.3099999999995
7816.4400000000005
7086.86
5799.24
6223.37
6335.56
6833.42
6206.24
6701.36
6312.03
6407.52
6526.62
5930.17
6165.35
6430.58
6508.21
7009.56
7136.1
6923.41
7035.76
6890.9400000000005
6627.43
6529.99
6588.28
6693.83
6729.53
6742.89
6304.53
6495.15
6964.01
7630.71
7276.63
6894.23
6661.4400000000005
6672.6900000000005
6593.8
6623.01
6742.97
6861.3099999999995
6785.9400000000005
6864.87
6826.61
6710.4
6318.61
6015.3
5944.87
5408.52
5783.15
5572.09
5989.27
6712.21
7046.57
7742.53
6979.8099999999995
6398.77
6734.99
6554.04
6646.55
6763.38
5457.82
