2143.52
2305.64
2025.58
1992.46
1833.57
1856.43
1982.93
1606.04
1500.1
1592.74
1395.79
1125.06
1038.07
1050.98
1425.16
1593.6
1879.87
1484.46
1201.92
1169.57
1363.32
1386.25
1470.53
1435.88
1562.65
1809.54
1865.11
1973.44
1416.09
1964.31
1688.32
1535.65
1125.16
1115.78
1008.64
1080.37
1487.34
1518.55
1396.1
997.5
1024.55
1098.29
1235.3
1321.26
1050.04
1070.06
1105.06
1058.14
1321.26
1333.71
1410.33
1529.65
1564.47
1195.37
1433.11
1448.49
1669.13
1787.25
1439.05
1410.42
1386.31
1253.61
1288.11
1221.11
1406.59
1447.05
1653.95
1945.82
1816.47
1966.29
1974.69
2007.12
2189.77
2969.83
2825.89
2310.15
2194.84
2458.65
3005.01
2829.02
2795.3
3097.92
2432.89
2686.52
3597.92
2542.69
3229.6
3245.26
3290.68
3426.45
3266.62
2612.89
3186.77
3294.08
3369.14
3455.24
3271.99
3190.12
2883.21
2721.78
2415.25
2584.21
2722.95
3079.99
2852.93
2835.11
2137.59
2141.77
2088.95
1967.28
1941.41
1846.9
1570.2
1895.25
2092.0
2329.44
2086.18
2976.85
2388.33
2135.27
2908.24
3078.91
3315.26
3682.73
3774.81
3626.88
3617.29
3547.35
3593.41
3784.23
3830.49
4290.59
4002.88
3865.83
4260.41
4341.74
4351.63
4550.53
4366.59
4397.08
4286.46
4129.54
4111.99
4215.21
4326.76
4715.64
4938.61
5228.84
5308.52
5062.44
5783.15
5110.86
5219.08
5298.72
5572.09
6197.84
6398.77
6529.99
6712.21
6607.13
6627.43
6514.72
6508.21
6430.58
6335.56
6304.53
6312.03
5930.17
6209.71
6061.8
6407.52
6543.39
6586.01
6646.55
6785.94
6814.76
6826.61
7222.08
7137.03
7252.4
7198.85
7268.06
7227.45
7213.44
7060.6
7035.76
6964.01
6919.59
6923.41
6923.6
7312.85
7245.13
7341.65
7832.22
7630.71
7877.19
7816.44
7838.22
8035.2
8039.45
8059.65
8144.02
7906.6
7380.32
7993.09
7866.52
7197.5
7742.53
7152.88
7670.37
7276.63
7739.86
7736.07
7641.77
8098.16
8084.88
8724.13
8738.72
8256.28
8516.02
8465.77
8069.81
7927.49
8144.16
7840.31
7773.92
7630.26
7575.15
7830.35
8001.57
7703.1
8043.71
7677.73
7458.99
7773.31
7500.79
7532.9
7404.61
7227.96
7041.27
6894.23
6742.89
6495.15
5799.24
5408.52
6015.3
6181.06
5715.92
6223.37
5944.87
6526.62
6593.8
6642.27
6588.28
6661.44
6710.4
6742.97
6833.42
6763.38
6729.53
6890.94
7136.1
7086.86
7009.56
7046.57
7083.49
7093.42
7331.73
7918.53
7489.2
7573.26
7106.01
7170.7
6861.31
6839.59
6872.97
6672.69
6749.28
6470.74
6701.36
6318.61
6165.35
6206.24
6245.18
5989.27
5860.99
5300.24
5457.82
5672.7
5984.26
6369.28
6554.04
6693.83
6721.08
6623.01
6864.87
6734.99
6947.06
6979.81
6446.31
