1484.46
1964.31
1833.57
1966.29
1535.65
1125.16
1235.3
1425.16
1593.6
1470.53
1439.05
1433.11
1487.34
1500.1
1518.55
1564.47
1982.93
1562.65
1973.44
1787.25
1809.54
1253.61
1406.59
1395.79
1363.32
1386.25
1221.11
1125.06
1592.74
1895.25
1653.95
1448.49
1098.29
1008.64
1024.55
1169.57
1435.88
1321.26
1396.1
1333.71
1288.11
1050.98
1195.37
1058.14
1050.04
1038.07
1070.06
1080.37
997.5
1410.33
1201.92
1105.06
1321.26
1115.78
1386.31
1529.65
1941.41
1416.09
1570.2
1865.11
1688.32
1669.13
1447.05
1410.42
1606.04
1879.87
1856.43
1974.69
1816.47
1945.82
1967.28
2092.0
2722.95
3005.01
3190.12
3369.14
3245.26
3186.77
2825.89
2388.33
2415.25
2721.78
2612.89
2883.21
2584.21
2305.64
2835.11
2329.44
3079.99
3290.68
3294.08
3315.26
3547.35
3784.23
4129.54
3830.49
3597.92
3593.41
3426.45
3271.99
2976.85
2852.93
2458.65
2137.59
2135.27
2086.18
1992.46
1846.9
2007.12
2025.58
2088.95
2189.77
2194.84
2310.15
2143.52
2141.77
2542.69
2686.52
2432.89
2795.3
2969.83
2908.24
3266.62
3229.6
3078.91
3097.92
2829.02
3455.24
4290.59
4215.21
4260.41
4002.88
3865.83
3617.29
3682.73
3774.81
4111.99
3626.88
4286.46
4341.74
4326.76
4351.63
4366.59
4397.08
4550.53
4715.64
5298.72
5572.09
5228.84
5408.52
5219.08
5062.44
5110.86
4938.61
5457.82
5930.17
5944.87
6526.62
6661.44
6369.28
6514.72
6712.21
6430.58
6646.55
6407.52
6672.69
6627.43
6586.01
6529.99
6890.94
6919.59
7060.6
6872.97
6693.83
6861.31
6923.6
6749.28
7035.76
6742.97
6979.81
7041.27
6894.23
6814.76
6964.01
6721.08
7009.56
7197.5
7489.2
7630.26
7630.71
7703.1
7830.35
7677.73
7276.63
7152.88
7736.07
7312.85
7877.19
7993.09
8084.88
7816.44
7641.77
7227.96
7137.03
7093.42
7198.85
7245.13
7500.79
7670.37
7252.4
7170.7
7268.06
7136.1
7404.61
8001.57
7742.53
8724.13
8738.72
8516.02
8256.28
8144.16
8144.02
8069.81
8059.65
7906.6
7739.86
7573.26
8035.2
8098.16
8465.77
8043.71
8039.45
7918.53
7832.22
7773.92
7773.31
7866.52
7927.49
7838.22
7575.15
7341.65
6826.61
6508.21
6223.37
6398.77
6607.13
6165.35
5860.99
5783.15
5300.24
6197.84
5989.27
6729.53
6593.8
6623.01
6742.89
6833.42
6947.06
7106.01
7213.44
7458.99
7840.31
7532.9
7222.08
6923.41
6864.87
6710.4
6642.27
6318.61
6209.71
5715.92
5984.26
5799.24
5672.7
6206.24
6495.15
6335.56
6763.38
6701.36
7083.49
7227.45
7331.73
7086.86
7380.32
7046.57
6839.59
6588.28
6312.03
6304.53
6061.8
6015.3
6245.18
6543.39
6446.31
6554.04
6734.99
6785.94
6470.74
6181.06
5308.52
