1787.25
2137.59
1967.28
1879.87
1570.2
1816.47
1964.31
1669.13
1333.71
1115.78
1195.37
1653.95
2189.77
2825.89
2135.27
1856.43
1973.44
2143.52
2141.77
1974.69
1846.9
1484.46
1529.65
1562.65
1865.11
2086.18
2025.58
1470.53
1593.6
1321.26
1125.16
1098.29
1050.98
997.5
1038.07
1024.55
1008.64
1050.04
1070.06
1125.06
1080.37
1058.14
1221.11
1386.25
1447.05
1395.79
1235.3
1410.42
1201.92
1406.59
2007.12
1288.11
1321.26
1169.57
1487.34
1439.05
1592.74
1363.32
1435.88
1105.06
1253.61
1416.09
1396.1
1448.49
1386.31
1833.57
1500.1
1518.55
1410.33
1433.11
1425.16
1535.65
1606.04
1966.29
1945.82
1992.46
2088.95
2388.33
2305.64
2584.21
2612.89
2829.02
2432.89
2721.78
3005.01
2795.3
2908.24
2976.85
3186.77
3290.68
3271.99
3426.45
3626.88
3774.81
3593.41
3784.23
3315.26
3294.08
3229.6
2852.93
3097.92
3079.99
3078.91
3190.12
2969.83
2415.25
2092.0
1982.93
1941.41
1564.47
1809.54
1895.25
1688.32
2722.95
2458.65
2686.52
2542.69
2194.84
2329.44
2310.15
2835.11
2883.21
3245.26
3369.14
3455.24
3617.29
3830.49
3547.35
4215.21
4002.88
3865.83
4111.99
4129.54
3266.62
3682.73
3597.92
4260.41
4366.59
4341.74
4397.08
4351.63
4286.46
4290.59
4326.76
4550.53
4715.64
4938.61
5062.44
5298.72
5219.08
5300.24
5228.84
5110.86
5308.52
5572.09
5672.7
5799.24
6206.24
6529.99
6627.43
6430.58
6407.52
5984.26
5715.92
5457.82
5783.15
6015.3
6209.71
5408.52
5860.99
6223.37
6165.35
6398.77
6554.04
6495.15
6861.31
6872.97
7222.08
7341.65
7630.26
7458.99
7670.37
7404.61
7736.07
7573.26
7500.79
7677.73
7575.15
7532.9
7641.77
7703.1
7773.92
7838.22
7830.35
7877.19
8059.65
7906.6
8256.28
8144.02
8738.72
8465.77
8098.16
8039.45
7918.53
8069.81
7927.49
8001.57
7840.31
7816.44
7739.86
7773.31
7866.52
7993.09
8035.2
8144.16
8084.88
8516.02
8724.13
8043.71
7832.22
7742.53
7268.06
7380.32
7252.4
7227.96
7276.63
7312.85
7489.2
7630.71
7331.73
7035.76
7046.57
6979.81
7106.01
7083.49
6894.23
7152.88
7041.27
7060.6
6947.06
6833.42
6826.61
6642.27
6245.18
6623.01
6839.59
6181.06
6446.31
6318.61
6312.03
6593.8
6785.94
6919.59
6814.76
7086.86
7136.1
7245.13
7227.45
7197.5
7170.7
7137.03
7213.44
7093.42
6964.01
6923.41
7009.56
6749.28
6923.6
6742.97
6864.87
6693.83
6646.55
6710.4
6742.89
6890.94
7198.85
6672.69
6763.38
6588.28
6607.13
6729.53
6661.44
6508.21
6369.28
6304.53
6197.84
6335.56
5989.27
5944.87
6061.8
6526.62
6712.21
6721.08
6470.74
6514.72
6586.01
6543.39
6701.36
6734.99
5930.17
