1941.41
1992.46
2025.58
2432.89
1592.74
1425.16
1115.78
1080.37
1050.98
1070.06
1333.71
1410.33
1787.25
1833.57
2137.59
2088.95
1974.69
1945.82
1865.11
1669.13
1879.87
1593.6
1406.59
1396.1
1125.16
1447.05
1570.2
1500.1
1435.88
1321.26
1484.46
1410.42
1487.34
1169.57
1253.61
1288.11
1416.09
1386.31
1363.32
1395.79
1221.11
1098.29
1105.06
997.5
1008.64
1024.55
1038.07
1050.04
1058.14
1201.92
1125.06
1433.11
1235.3
1195.37
1518.55
1321.26
1653.95
1439.05
1564.47
1448.49
1470.53
1535.65
1529.65
1386.25
1562.65
1688.32
1606.04
1816.47
1846.9
2007.12
1856.43
1973.44
2143.52
2388.33
2310.15
2141.77
2135.27
1982.93
2415.25
1895.25
1967.28
1964.31
1809.54
2086.18
1966.29
2092.0
2189.77
2305.64
2825.89
3547.35
3597.92
3186.77
3097.92
3229.6
3078.91
3369.14
2976.85
2721.78
2722.95
2835.11
3079.99
3190.12
2795.3
3005.01
2969.83
2852.93
3245.26
2194.84
2458.65
2329.44
2542.69
2686.52
2612.89
2584.21
2883.21
2829.02
2908.24
3266.62
3294.08
3593.41
3682.73
3271.99
3455.24
3315.26
3290.68
3617.29
4286.46
4351.63
4129.54
3426.45
3626.88
4550.53
5110.86
4366.59
4715.64
4215.21
5219.08
4260.41
4290.59
4326.76
4111.99
3830.49
4002.88
3865.83
3774.81
3784.23
4341.74
4397.08
5062.44
4938.61
5298.72
5308.52
5408.52
5300.24
5572.09
5783.15
5860.99
6430.58
6721.08
6304.53
5944.87
6165.35
6197.84
6642.27
6446.31
6470.74
6607.13
6593.8
6223.37
6646.55
6710.4
6923.6
7035.76
6861.31
6814.76
6734.99
6763.38
6872.97
7046.57
7041.27
7106.01
7137.03
7268.06
7252.4
7736.07
7458.99
7227.45
7500.79
7404.61
7630.26
7276.63
7136.1
7009.56
6890.94
7170.7
7532.9
7341.65
8035.2
8043.71
8516.02
8144.16
8144.02
7918.53
7832.22
7906.6
8039.45
8069.81
7773.92
8059.65
7840.31
7830.35
7866.52
7742.53
7677.73
7773.31
8001.57
8465.77
8724.13
8738.72
8256.28
8084.88
8098.16
7993.09
7816.44
7838.22
7703.1
7670.37
7575.15
7630.71
7573.26
7222.08
7227.96
7331.73
7312.85
7093.42
7380.32
7489.2
7739.86
7877.19
7927.49
7641.77
6586.01
6749.28
5715.92
5228.84
5457.82
5672.7
5799.24
5984.26
6061.8
6407.52
6508.21
6693.83
6335.56
6742.89
6318.61
6894.23
6923.41
7086.86
6979.81
6839.59
6833.42
7060.6
7083.49
7197.5
7152.88
7198.85
7245.13
6826.61
7213.44
6864.87
6543.39
6712.21
6729.53
6554.04
6919.59
6529.99
6312.03
6209.71
6398.77
6514.72
6588.28
6661.44
6964.01
6947.06
6785.94
6701.36
6627.43
6623.01
6526.62
6369.28
6245.18
5989.27
6015.3
6206.24
6672.69
6742.97
6181.06
6495.15
5930.17
