1967.28
1669.13
1115.78
1592.74
1487.34
1333.71
1201.92
1386.25
1433.11
1809.54
1439.05
1395.79
1570.2
1816.47
1447.05
1406.59
1098.29
1125.06
1410.42
1363.32
1484.46
1562.65
1535.65
1564.47
1653.95
1856.43
1846.9
1879.87
1833.57
1865.11
1593.6
1321.26
1235.3
1080.37
1050.98
1024.55
1321.26
997.5
1008.64
1288.11
1038.07
1105.06
1169.57
1195.37
1125.16
1058.14
1050.04
1070.06
1253.61
1435.88
1688.32
1974.69
2092.0
1895.25
2143.52
2088.95
1941.41
1448.49
1425.16
1221.11
1500.1
1529.65
1787.25
1518.55
1386.31
1410.33
1416.09
1396.1
1470.53
1982.93
1964.31
2458.65
2976.85
3079.99
2825.89
3190.12
2852.93
3097.92
2835.11
2432.89
2305.64
2415.25
2795.3
2829.02
2584.21
2310.15
2388.33
2612.89
2908.24
3547.35
3626.88
3245.26
3426.45
3774.81
3455.24
3369.14
3290.68
3186.77
2969.83
2883.21
2721.78
2542.69
2722.95
2686.52
2329.44
2189.77
1992.46
2007.12
2025.58
2135.27
2086.18
2141.77
1606.04
1945.82
1973.44
1966.29
2137.59
2194.84
3005.01
3266.62
3593.41
3617.29
3315.26
3229.6
3271.99
3078.91
3294.08
3597.92
3682.73
4129.54
4260.41
4286.46
4290.59
4002.88
4111.99
3865.83
4341.74
3784.23
4215.21
3830.49
4397.08
4366.59
4326.76
4550.53
4351.63
4715.64
5110.86
5228.84
4938.61
5062.44
5300.24
5308.52
5457.82
5219.08
5298.72
5408.52
5572.09
5930.17
6430.58
6593.8
6672.69
6763.38
6710.4
6861.31
6742.89
6864.87
6833.42
6749.28
6742.97
6734.99
6839.59
6947.06
7106.01
6923.41
7083.49
7086.86
6979.81
7380.32
7227.96
7670.37
7630.26
7276.63
7489.2
7222.08
7041.27
6894.23
6919.59
7137.03
7252.4
7736.07
7773.92
7830.35
7331.73
7404.61
7500.79
7573.26
7532.9
7630.71
7703.1
7739.86
7641.77
7458.99
7198.85
7197.5
7170.7
7152.88
7213.44
7341.65
7677.73
7866.52
7993.09
8069.81
8043.71
8084.88
8144.02
8465.77
8724.13
8516.02
8738.72
8256.28
8144.16
8098.16
8039.45
8035.2
7877.19
7816.44
7742.53
7927.49
7918.53
7906.6
7838.22
7840.31
8001.57
8059.65
7832.22
7773.31
7575.15
7268.06
7227.45
7245.13
7312.85
7136.1
7035.76
6514.72
6245.18
6165.35
6061.8
5944.87
5715.92
5672.7
5799.24
6209.71
6508.21
5989.27
6642.27
6312.03
6729.53
7093.42
7046.57
6627.43
6923.6
6964.01
7060.6
6826.61
6446.31
6661.44
6586.01
6407.52
6304.53
6701.36
6712.21
6785.94
6721.08
6554.04
6369.28
6526.62
6607.13
6646.55
6318.61
6588.28
6398.77
6495.15
6335.56
6206.24
6181.06
6223.37
6015.3
5783.15
6197.84
5984.26
6470.74
7009.56
6543.39
6623.01
6529.99
6814.76
6890.94
6872.97
6693.83
5860.99
