2829.02
3078.91
1564.47
1964.31
1992.46
2458.65
1974.69
1570.2
1535.65
1856.43
1809.54
1386.31
1125.06
1221.11
1410.33
1406.59
1321.26
1169.57
1201.92
1195.37
1050.98
997.5
1008.64
1070.06
1125.16
1386.25
1439.05
1484.46
1592.74
1593.6
1606.04
1448.49
1500.1
1416.09
1235.3
1253.61
1080.37
1050.04
1115.78
1038.07
1024.55
1058.14
1105.06
1098.29
1333.71
1529.65
1321.26
1433.11
1396.1
1518.55
1562.65
1470.53
1410.42
1447.05
1395.79
1363.32
1487.34
1288.11
1425.16
1435.88
1688.32
1653.95
1787.25
1669.13
1895.25
2143.52
2722.95
2721.78
2194.84
2329.44
2088.95
2612.89
2795.3
2135.27
2137.59
2686.52
2415.25
2305.64
1865.11
1816.47
1973.44
1966.29
2025.58
2092.0
1945.82
2189.77
2141.77
1833.57
1941.41
2432.89
3097.92
3626.88
3617.29
3774.81
3547.35
3266.62
3315.26
3290.68
2852.93
2969.83
2835.11
3005.01
2310.15
2976.85
2825.89
2908.24
2388.33
2542.69
1982.93
2007.12
2086.18
1846.9
1967.28
1879.87
2584.21
2883.21
3079.99
3245.26
3186.77
3294.08
3229.6
3271.99
3190.12
3426.45
3682.73
3455.24
3369.14
3865.83
3784.23
4129.54
4290.59
4326.76
4397.08
4550.53
5062.44
4351.63
4341.74
4715.64
5110.86
4286.46
3597.92
3593.41
3830.49
4111.99
4215.21
4002.88
4260.41
5298.72
5457.82
5308.52
5408.52
5219.08
4938.61
4366.59
5228.84
5300.24
5672.7
6015.3
6398.77
6588.28
6864.87
6729.53
6586.01
6672.69
6430.58
6693.83
6861.31
6833.42
6734.99
6721.08
6701.36
7093.42
6947.06
6742.97
7086.86
7830.35
7331.73
7222.08
8144.02
7227.45
7866.52
7773.31
7630.71
7458.99
7009.56
6872.97
7060.6
6964.01
7227.96
7380.32
7677.73
7906.6
7877.19
7816.44
7532.9
7137.03
7106.01
7773.92
7035.76
7198.85
6919.59
6814.76
6763.38
6593.8
6646.55
6890.94
7041.27
7404.61
7742.53
7703.1
7500.79
7832.22
7993.09
8144.16
8256.28
8516.02
8738.72
8724.13
8465.77
8039.45
7245.13
6923.6
6979.81
7573.26
7670.37
7630.26
7575.15
7736.07
8001.57
8069.81
7840.31
8035.2
8043.71
8059.65
8084.88
8098.16
7918.53
7276.63
7838.22
7927.49
7489.2
7152.88
6335.56
5799.24
5944.87
6165.35
6369.28
5860.99
5715.92
5783.15
6245.18
6061.8
6206.24
6710.4
6839.59
6526.62
6785.94
6623.01
6923.41
6749.28
7170.7
7083.49
7136.1
7252.4
7197.5
7268.06
7341.65
7312.85
7739.86
7641.77
6894.23
7213.44
6826.61
6607.13
6554.04
6642.27
6508.21
6627.43
6495.15
6446.31
6318.61
6181.06
6529.99
6712.21
6470.74
7046.57
6312.03
6543.39
6407.52
5930.17
6514.72
6742.89
6661.44
5984.26
5989.27
6304.53
6209.71
6223.37
6197.84
5572.09
