1562.65
1945.82
1833.57
1895.25
1518.55
1395.79
1529.65
1435.88
1363.32
1425.16
1410.33
1333.71
1410.42
1653.95
1487.34
1535.65
1448.49
1447.05
1484.46
1439.05
1470.53
1288.11
1201.92
1125.16
1115.78
1396.1
1386.31
1221.11
1195.37
1169.57
1253.61
1406.59
1433.11
1416.09
1321.26
1321.26
1235.3
1098.29
1058.14
1024.55
1125.06
1070.06
1038.07
1050.04
1008.64
997.5
1080.37
1105.06
1050.98
1386.25
1500.1
1570.2
1787.25
1669.13
1879.87
1967.28
1973.44
1688.32
1846.9
2086.18
2310.15
2189.77
2025.58
1865.11
1809.54
1606.04
1592.74
1564.47
1593.6
1856.43
1941.41
1966.29
1982.93
2137.59
2143.52
2612.89
3079.99
3426.45
3294.08
2722.95
2305.64
2584.21
2135.27
2194.84
2795.3
2007.12
2542.69
2852.93
2883.21
2969.83
3005.01
3190.12
3078.91
3266.62
3369.14
3271.99
3547.35
3593.41
3186.77
3315.26
2976.85
3097.92
2432.89
1992.46
1816.47
1964.31
2088.95
2141.77
2829.02
1974.69
2415.25
2388.33
2329.44
2825.89
2092.0
2686.52
2721.78
2835.11
2908.24
3245.26
2458.65
3229.6
3290.68
3455.24
3597.92
3626.88
3617.29
3784.23
3774.81
4002.88
4286.46
4326.76
4397.08
4129.54
4215.21
3865.83
3682.73
3830.49
4351.63
4341.74
4290.59
4111.99
4260.41
4366.59
4938.61
5062.44
5308.52
5408.52
5298.72
4550.53
5228.84
4715.64
5110.86
5219.08
5300.24
5672.7
6015.3
6529.99
6826.61
6588.28
6526.62
5930.17
5799.24
6369.28
6245.18
6712.21
6742.97
6514.72
6407.52
6223.37
6181.06
6209.71
6627.43
6672.69
6923.6
7170.7
7245.13
7136.1
7093.42
6947.06
7137.03
7106.01
7630.71
7773.31
7838.22
7840.31
7927.49
8144.16
8144.02
7877.19
7739.86
7575.15
6890.94
7532.9
7046.57
7227.96
7276.63
7630.26
7312.85
7380.32
7083.49
7035.76
7009.56
6919.59
6979.81
7060.6
7198.85
7331.73
7489.2
7222.08
7041.27
7197.5
7404.61
7816.44
7993.09
8084.88
8516.02
8738.72
8724.13
8256.28
8001.57
8059.65
7906.6
7918.53
7736.07
7573.26
7500.79
7152.88
7677.73
8069.81
7341.65
7703.1
7641.77
7458.99
7670.37
7866.52
7773.92
7832.22
8098.16
8035.2
7252.4
6721.08
6304.53
6318.61
6593.8
6607.13
6446.31
5715.92
5572.09
5457.82
6061.8
6197.84
6430.58
6206.24
6646.55
6508.21
6642.27
6833.42
6894.23
7086.86
7268.06
7227.45
8043.71
8039.45
7830.35
8465.77
7742.53
7213.44
6964.01
6923.41
6693.83
6785.94
6861.31
6398.77
6710.4
6872.97
6734.99
6749.28
6495.15
6701.36
6814.76
6839.59
6729.53
6864.87
6661.44
6586.01
6165.35
5860.99
5944.87
5783.15
5984.26
6470.74
6335.56
6312.03
6554.04
6763.38
6742.89
6623.01
6543.39
5989.27
