2194.84
2686.52
2086.18
2141.77
2092.0
1941.41
1964.31
1816.47
1592.74
1564.47
1321.26
1288.11
1487.34
1416.09
1333.71
1529.65
1410.42
1606.04
1433.11
1386.31
1201.92
1253.61
1098.29
1125.06
1058.14
997.5
1024.55
1050.98
1125.16
1865.11
1518.55
1439.05
1447.05
1363.32
1038.07
1070.06
1008.64
1050.04
1105.06
1115.78
1169.57
1195.37
1221.11
1080.37
1321.26
1406.59
1470.53
1235.3
1396.1
1435.88
1688.32
1410.33
1425.16
1395.79
1448.49
1500.1
1787.25
1570.2
1593.6
1973.44
1974.69
1833.57
1982.93
1879.87
1386.25
1535.65
1484.46
1562.65
1856.43
1809.54
2088.95
1945.82
2388.33
2542.69
3186.77
2415.25
2969.83
2835.11
2135.27
1992.46
1846.9
1967.28
1669.13
1653.95
1895.25
2305.64
2829.02
3245.26
3290.68
3617.29
3593.41
3266.62
3229.6
2722.95
2852.93
2908.24
3190.12
3078.91
2825.89
2432.89
2007.12
1966.29
2189.77
3369.14
3079.99
2795.3
2025.58
2137.59
2143.52
2310.15
2458.65
2721.78
2329.44
2612.89
3005.01
3097.92
2883.21
2584.21
2976.85
3315.26
3455.24
3294.08
3271.99
3426.45
3547.35
3597.92
3626.88
3830.49
3774.81
4215.21
4351.63
4366.59
4550.53
4260.41
4326.76
4341.74
4129.54
4002.88
3682.73
3784.23
4111.99
3865.83
4286.46
4290.59
4715.64
4397.08
4938.61
5062.44
5219.08
5110.86
5298.72
5408.52
5228.84
5308.52
5300.24
5799.24
6209.71
6430.58
5930.17
5860.99
6369.28
6593.8
6693.83
6508.21
6495.15
6470.74
6642.27
6335.56
6304.53
5989.27
6588.28
6721.08
6710.4
6661.44
6729.53
6839.59
6979.81
7739.86
7877.19
8098.16
8043.71
7532.9
7927.49
8144.02
7222.08
7458.99
6872.97
6833.42
7060.6
7213.44
7670.37
7500.79
7641.77
7832.22
7993.09
8035.2
8039.45
8724.13
8256.28
8738.72
8465.77
7830.35
7227.45
6734.99
6749.28
6763.38
7093.42
7341.65
7404.61
7773.92
7840.31
7838.22
8144.16
7906.6
8069.81
7918.53
7816.44
8516.02
8084.88
8001.57
7866.52
7703.1
7268.06
7489.2
7041.27
6947.06
6923.41
7312.85
7197.5
8059.65
7742.53
7630.71
7573.26
7736.07
7245.13
7575.15
7677.73
7252.4
7773.31
7630.26
7380.32
7170.7
7136.1
6526.62
6181.06
6206.24
5783.15
5572.09
5715.92
5457.82
6165.35
6623.01
6627.43
6646.55
6529.99
6543.39
6785.94
6894.23
7035.76
7106.01
7331.73
7227.96
7198.85
7086.86
7009.56
7276.63
7137.03
6964.01
6890.94
6814.76
6742.97
6701.36
6672.69
5984.26
6245.18
6446.31
6607.13
6554.04
6318.61
6223.37
6586.01
5944.87
6312.03
6398.77
6061.8
6015.3
5672.7
6407.52
6514.72
6742.89
6919.59
7152.88
6923.6
6826.61
6712.21
6864.87
7083.49
7046.57
6861.31
6197.84
