1606.04
1448.49
1416.09
1653.95
1833.57
1447.05
1410.33
1386.31
1406.59
1363.32
1386.25
1425.16
1433.11
1484.46
1562.65
1487.34
1518.55
1592.74
1992.46
1973.44
1564.47
1439.05
1195.37
1125.06
1050.98
1070.06
1080.37
1235.3
1321.26
1333.71
1058.14
1024.55
997.5
1008.64
1050.04
1105.06
1288.11
1169.57
1321.26
1395.79
1396.1
1201.92
1098.29
1253.61
1038.07
1221.11
1115.78
1125.16
1410.42
1470.53
1570.2
1500.1
1529.65
1435.88
1809.54
1964.31
2088.95
2721.78
2086.18
2432.89
2883.21
2908.24
2852.93
2612.89
2542.69
2143.52
2137.59
1982.93
1787.25
1856.43
1945.82
1974.69
2189.77
2458.65
2415.25
2310.15
2329.44
2795.3
2686.52
2305.64
2007.12
1966.29
1967.28
1865.11
2388.33
1941.41
2135.27
2584.21
2829.02
2976.85
3186.77
3245.26
3315.26
3830.49
3547.35
3617.29
3626.88
3455.24
3290.68
3005.01
2835.11
2194.84
2025.58
1879.87
1688.32
1816.47
1593.6
1535.65
1846.9
1669.13
1895.25
2092.0
2141.77
2722.95
2969.83
3271.99
3078.91
3266.62
3294.08
3097.92
3079.99
3229.6
2825.89
3865.83
3190.12
3426.45
3593.41
4129.54
4260.41
4341.74
4351.63
4366.59
4326.76
4215.21
3774.81
4286.46
3682.73
3369.14
4002.88
3784.23
3597.92
4111.99
4290.59
4397.08
4550.53
4715.64
4938.61
5219.08
5062.44
5110.86
5228.84
5300.24
5672.7
5298.72
6223.37
5984.26
6335.56
6593.8
6209.71
6430.58
6312.03
6197.84
5572.09
5457.82
5408.52
5989.27
6304.53
5944.87
6245.18
6206.24
6543.39
6646.55
6826.61
6712.21
6872.97
6923.6
7106.01
6919.59
7222.08
7137.03
7489.2
7458.99
7500.79
7380.32
7927.49
7227.96
7877.19
7816.44
7773.31
7993.09
8059.65
7641.77
7276.63
7046.57
6947.06
7312.85
6964.01
7197.5
7670.37
7532.9
7404.61
7136.1
7245.13
7083.49
7268.06
7739.86
7677.73
7630.26
7341.65
7152.88
7227.45
7742.53
7630.71
8516.02
8724.13
7198.85
8039.45
8144.16
7773.92
7866.52
7832.22
7830.35
7838.22
8465.77
8035.2
7840.31
7252.4
8256.28
8069.81
8738.72
8084.88
8144.02
8043.71
8098.16
7575.15
7703.1
7170.7
7573.26
8001.57
7736.07
7906.6
7918.53
7086.86
6923.41
6833.42
6814.76
6861.31
6742.89
6839.59
6642.27
6446.31
7041.27
6693.83
6165.35
6554.04
5715.92
6015.3
6407.52
6661.44
6672.69
6495.15
6721.08
7035.76
6763.38
6734.99
6890.94
6864.87
7009.56
6894.23
6729.53
6742.97
6710.4
6470.74
5860.99
5308.52
6061.8
6514.72
6701.36
6607.13
6749.28
7093.42
7213.44
7331.73
7060.6
6979.81
6785.94
6627.43
6398.77
6318.61
5783.15
6369.28
6526.62
6508.21
5930.17
6181.06
6586.01
6529.99
6588.28
6623.01
5799.24
