2329.44
2432.89
1470.53
1447.05
1879.87
1833.57
1895.25
1653.95
1816.47
1865.11
2007.12
1809.54
1945.82
2388.33
2092.0
2137.59
1439.05
1386.25
1195.37
1406.59
1363.32
1333.71
1386.31
1941.41
1529.65
1966.29
1992.46
1856.43
2143.52
1974.69
1518.55
1435.88
1321.26
1201.92
1115.78
1098.29
1038.07
1050.98
1058.14
1070.06
1050.04
1008.64
1024.55
997.5
1105.06
1080.37
1321.26
1169.57
1288.11
1425.16
1564.47
1433.11
1487.34
1396.1
1410.42
1484.46
1562.65
1500.1
1221.11
1235.3
1410.33
1416.09
1125.16
1253.61
1395.79
1125.06
1535.65
1787.25
1669.13
1967.28
1606.04
2086.18
2189.77
2305.64
2415.25
2584.21
2825.89
2976.85
3078.91
2835.11
2722.95
2908.24
3005.01
3079.99
3190.12
2969.83
3186.77
3271.99
3290.68
3369.14
3547.35
3617.29
3455.24
3626.88
4111.99
3774.81
4002.88
3865.83
3593.41
3315.26
2883.21
2721.78
2458.65
2829.02
2025.58
2795.3
1448.49
1592.74
1593.6
1973.44
2194.84
2088.95
1982.93
2135.27
1964.31
1846.9
1688.32
1570.2
2310.15
2141.77
2612.89
2542.69
2686.52
2852.93
3229.6
3266.62
3245.26
3097.92
3294.08
3426.45
3597.92
4129.54
3784.23
3830.49
3682.73
4286.46
4215.21
4260.41
4341.74
4290.59
4351.63
4366.59
4397.08
4326.76
4715.64
4550.53
5219.08
5110.86
4938.61
5062.44
5228.84
5298.72
5308.52
5300.24
5408.52
5572.09
6165.35
6627.43
6742.89
6826.61
7152.88
7035.76
7083.49
6923.6
6734.99
6749.28
7009.56
6672.69
6693.83
6742.97
6642.27
6861.31
7046.57
7213.44
6890.94
7331.73
7093.42
7245.13
7197.5
7106.01
6923.41
7041.27
7086.86
7170.7
7252.4
7227.96
7500.79
7739.86
8084.88
7830.35
8035.2
7816.44
7573.26
7276.63
7532.9
7404.61
7575.15
7773.31
7670.37
7993.09
7773.92
7703.1
7312.85
7198.85
7227.45
7742.53
7736.07
7918.53
7927.49
7866.52
7906.6
7832.22
7838.22
8001.57
8144.16
8465.77
8738.72
8724.13
8516.02
8256.28
8098.16
7641.77
7060.6
6964.01
6919.59
7136.1
7222.08
7380.32
7840.31
8039.45
8069.81
8059.65
8144.02
7877.19
7630.26
8043.71
7630.71
7458.99
7677.73
7489.2
7137.03
6864.87
6646.55
6593.8
6529.99
6554.04
6588.28
6543.39
6430.58
5989.27
6223.37
6607.13
6710.4
6814.76
6712.21
5457.82
5715.92
6833.42
7268.06
6894.23
6839.59
6979.81
7341.65
6947.06
6872.97
6763.38
6785.94
6586.01
6312.03
6369.28
6181.06
6526.62
6721.08
6407.52
6508.21
6495.15
6398.77
6245.18
5944.87
5783.15
5799.24
6015.3
6197.84
5984.26
5930.17
6446.31
5672.7
6206.24
6209.71
6318.61
6514.72
6729.53
6623.01
6335.56
6061.8
6304.53
6661.44
6701.36
6470.74
5860.99
